#peak 	 	#time 
-999.998806	 	0.000000
-999.998904	 	6.666667
-999.998875	 	13.333333
-999.999013	 	20.000000
-999.999467	 	26.666667
-999.999528	 	33.333333
-999.999117	 	40.000000
-999.999669	 	46.666667
-999.999873	 	53.333333
-999.999984	 	60.000000
-1000.000000	 	66.666667
-1000.000000	 	73.333333
-1000.000000	 	80.000000
-1000.000000	 	86.666667
35092.726470	 	93.333333
-999.998724	 	100.000000
-999.998730	 	106.666667
-999.998740	 	113.333333
-999.998739	 	120.000000
-999.998724	 	126.666667
-999.998730	 	133.333333
-999.998724	 	140.000000
-999.998736	 	146.666667
-999.998721	 	153.333333
-999.998728	 	160.000000
-999.998721	 	166.666667
-999.998721	 	173.333333
-999.998720	 	180.000000
-999.998720	 	186.666667
-999.998390	 	193.333333
4026.645533	 	200.000000
2526.850277	 	206.666667
-883.666073	 	213.333333
-971.278660	 	220.000000
-939.596184	 	226.666667
-620.545475	 	233.333333
110.438643	 	240.000000
414.155113	 	246.666667
323.300375	 	253.333333
-138.347992	 	260.000000
-215.078335	 	266.666667
-121.684712	 	273.333333
-12.256082	 	280.000000
69.607647	 	286.666667
160.135501	 	293.333333
210.608910	 	300.000000
-167.992168	 	306.666667
-301.316957	 	313.333333
-208.022780	 	320.000000
144.568976	 	326.666667
109.746598	 	333.333333
-134.147127	 	340.000000
34.970187	 	346.666667
20.010795	 	353.333333
-61.647815	 	360.000000
188.968161	 	366.666667
-138.542249	 	373.333333
-53.505574	 	380.000000
-75.449228	 	386.666667
-136.748160	 	393.333333
147.138525	 	400.000000
207.635762	 	406.666667
-127.023064	 	413.333333
-157.953008	 	420.000000
23.626270	 	426.666667
139.629153	 	433.333333
193.567905	 	440.000000
-174.080626	 	446.666667
-36.310093	 	453.333333
-159.178350	 	460.000000
-28.372328	 	466.666667
271.165820	 	473.333333
181.111245	 	480.000000
-130.564787	 	486.666667
-185.098380	 	493.333333
35.235085	 	500.000000
40.777211	 	506.666667
86.385386	 	513.333333
-20.526475	 	520.000000
28.464779	 	526.666667
63.696522	 	533.333333
-94.865127	 	540.000000
-2.074218	 	546.666667
-39.032655	 	553.333333
72.340192	 	560.000000
94.015507	 	566.666667
158.183082	 	573.333333
-147.638118	 	580.000000
-14.835955	 	586.666667
-92.861292	 	593.333333
89.586647	 	600.000000
17.864396	 	606.666667
-70.577452	 	613.333333
26.066230	 	620.000000
-1.614862	 	626.666667
36.298766	 	633.333333
-21.137364	 	640.000000
-22.919472	 	646.666667
194.725932	 	653.333333
-20.094692	 	660.000000
-33.784189	 	666.666667
-134.222584	 	673.333333
49.964728	 	680.000000
128.094283	 	686.666667
-34.037973	 	693.333333
-95.723034	 	700.000000
48.034883	 	706.666667
-31.488498	 	713.333333
138.828680	 	720.000000
-23.100925	 	726.666667
-16.218634	 	733.333333
-10.449185	 	740.000000
-68.226421	 	746.666667
18.632503	 	753.333333
134.301536	 	760.000000
7.624893	 	766.666667
-50.620930	 	773.333333
-117.452278	 	780.000000
44.477746	 	786.666667
40.643196	 	793.333333
94.637105	 	800.000000
-11.938938	 	806.666667
-82.830179	 	813.333333
-0.308061	 	820.000000
56.808224	 	826.666667
53.759638	 	833.333333
76.922134	 	840.000000
-125.155343	 	846.666667
-24.088685	 	853.333333
28.371626	 	860.000000
14.126846	 	866.666667
-21.879703	 	873.333333
39.114317	 	880.000000
53.306705	 	886.666667
8.187957	 	893.333333
-69.302594	 	900.000000
-18.092130	 	906.666667
43.318201	 	913.333333
69.658050	 	920.000000
-56.461968	 	926.666667
58.469619	 	933.333333
44.394667	 	940.000000
-45.578396	 	946.666667
-81.164011	 	953.333333
-46.234145	 	960.000000
66.498347	 	966.666667
88.227759	 	973.333333
25.033157	 	980.000000
-20.628977	 	986.666667
-80.377432	 	993.333333
52.554719	 	1000.000000
23.298555	 	1006.666667
-22.568205	 	1013.333333
-24.663473	 	1020.000000
-7.189408	 	1026.666667
48.227184	 	1033.333333
92.296853	 	1040.000000
-36.567315	 	1046.666667
0.950857	 	1053.333333
-57.039933	 	1060.000000
-63.025930	 	1066.666667
101.637957	 	1073.333333
32.198346	 	1080.000000
49.338761	 	1086.666667
-60.506775	 	1093.333333
-60.350726	 	1100.000000
50.463488	 	1106.666667
52.667382	 	1113.333333
-29.930675	 	1120.000000
35.134963	 	1126.666667
-42.959310	 	1133.333333
30.619825	 	1140.000000
12.480911	 	1146.666667
1.621233	 	1153.333333
-14.280049	 	1160.000000
24.617481	 	1166.666667
-52.855076	 	1173.333333
26.082280	 	1180.000000
55.294563	 	1186.666667
19.804446	 	1193.333333
-10.658675	 	1200.000000
2.997264	 	1206.666667
-34.927632	 	1213.333333
-2.068271	 	1220.000000
32.939394	 	1226.666667
31.763019	 	1233.333333
30.181075	 	1240.000000
-39.778454	 	1246.666667
-3.484297	 	1253.333333
2.108531	 	1260.000000
10.676969	 	1266.666667
6.787520	 	1273.333333
24.514172	 	1280.000000
-2.754345	 	1286.666667
-5.289779	 	1293.333333
20.239660	 	1300.000000
15.169967	 	1306.666667
6.066214	 	1313.333333
-4.787103	 	1320.000000
-13.736623	 	1326.666667
10.388768	 	1333.333333
-1.996781	 	1340.000000
26.786886	 	1346.666667
5.188220	 	1353.333333
1.816811	 	1360.000000
-4.105962	 	1366.666667
13.780108	 	1373.333333
-11.998192	 	1380.000000
17.915112	 	1386.666667
5.539509	 	1393.333333
25.670463	 	1400.000000
-2.093733	 	1406.666667
-11.560434	 	1413.333333
8.659207	 	1420.000000
13.312566	 	1426.666667
7.348996	 	1433.333333
-20.673648	 	1440.000000
11.256690	 	1446.666667
23.310763	 	1453.333333
10.454723	 	1460.000000
29.076911	 	1466.666667
2.863662	 	1473.333333
-23.206806	 	1480.000000
7.765326	 	1486.666667
-36.020407	 	1493.333333
36.331768	 	1500.000000
20.575037	 	1506.666667
13.147078	 	1513.333333
-18.921393	 	1520.000000
2.732372	 	1526.666667
33.634473	 	1533.333333
9.934162	 	1540.000000
-34.415112	 	1546.666667
1.988571	 	1553.333333
-6.054973	 	1560.000000
15.780937	 	1566.666667
44.691694	 	1573.333333
11.569394	 	1580.000000
-25.656070	 	1586.666667
-6.029362	 	1593.333333
-11.182332	 	1600.000000
29.702943	 	1606.666667
12.550429	 	1613.333333
8.816909	 	1620.000000
-3.888670	 	1626.666667
2.696968	 	1633.333333
-5.062723	 	1640.000000
0.710853	 	1646.666667
41.277351	 	1653.333333
-12.014773	 	1660.000000
-16.358672	 	1666.666667
-0.722128	 	1673.333333
1.036309	 	1680.000000
17.198335	 	1686.666667
23.676921	 	1693.333333
7.318594	 	1700.000000
-2.432135	 	1706.666667
-2.014017	 	1713.333333
-27.593716	 	1720.000000
33.459073	 	1726.666667
24.292580	 	1733.333333
-17.693119	 	1740.000000
8.740005	 	1746.666667
-2.817057	 	1753.333333
-8.960893	 	1760.000000
26.576699	 	1766.666667
27.372503	 	1773.333333
-17.158288	 	1780.000000
-3.546942	 	1786.666667
0.245989	 	1793.333333
8.014605	 	1800.000000
5.416869	 	1806.666667
-7.180340	 	1813.333333
42.144073	 	1820.000000
25.930238	 	1826.666667
-20.545677	 	1833.333333
-10.713440	 	1840.000000
-9.447445	 	1846.666667
-7.089597	 	1853.333333
32.344521	 	1860.000000
8.047668	 	1866.666667
25.349443	 	1873.333333
6.639293	 	1880.000000
-31.709113	 	1886.666667
-24.681221	 	1893.333333
60.667342	 	1900.000000
-1.647581	 	1906.666667
4.067567	 	1913.333333
-4.002888	 	1920.000000
8.708798	 	1926.666667
-5.363169	 	1933.333333
15.711562	 	1940.000000
4.978075	 	1946.666667
44.255090	 	1953.333333
2.556975	 	1960.000000
-36.523614	 	1966.666667
-11.683762	 	1973.333333
39.497026	 	1980.000000
7.517913	 	1986.666667
-22.309609	 	1993.333333
-18.506701	 	2000.000000
37.750936	 	2006.666667
46.325189	 	2013.333333
1.620094	 	2020.000000
-46.868661	 	2026.666667
35.564584	 	2033.333333
4.608102	 	2040.000000
2.792288	 	2046.666667
-6.982610	 	2053.333333
-1.121477	 	2060.000000
16.704839	 	2066.666667
14.282934	 	2073.333333
5.673826	 	2080.000000
22.969191	 	2086.666667
-10.850081	 	2093.333333
0.198569	 	2100.000000
-10.928959	 	2106.666667
-1.149557	 	2113.333333
12.138745	 	2120.000000
29.423231	 	2126.666667
10.762691	 	2133.333333
6.594673	 	2140.000000
-32.453237	 	2146.666667
-10.409620	 	2153.333333
5.795516	 	2160.000000
48.649201	 	2166.666667
36.228519	 	2173.333333
-15.426057	 	2180.000000
-42.993542	 	2186.666667
-21.171213	 	2193.333333
22.278956	 	2200.000000
62.949350	 	2206.666667
13.903685	 	2213.333333
-29.675064	 	2220.000000
-8.953020	 	2226.666667
16.048057	 	2233.333333
4.688625	 	2240.000000
34.334928	 	2246.666667
24.194608	 	2253.333333
-32.828219	 	2260.000000
-24.387651	 	2266.666667
11.054728	 	2273.333333
23.235301	 	2280.000000
18.415055	 	2286.666667
-9.300572	 	2293.333333
1.004791	 	2300.000000
24.225007	 	2306.666667
3.824000	 	2313.333333
-15.572629	 	2320.000000
12.526282	 	2326.666667
5.480474	 	2333.333333
-17.170934	 	2340.000000
7.533189	 	2346.666667
20.517441	 	2353.333333
28.961106	 	2360.000000
-12.907456	 	2366.666667
-17.801593	 	2373.333333
-21.727449	 	2380.000000
32.289651	 	2386.666667
30.888366	 	2393.333333
9.214514	 	2400.000000
-9.008328	 	2406.666667
4.367463	 	2413.333333
-1.544474	 	2420.000000
1.351837	 	2426.666667
1.925223	 	2433.333333
1.298892	 	2440.000000
-5.710260	 	2446.666667
63.772527	 	2453.333333
-7.004810	 	2460.000000
-58.456322	 	2466.666667
0.905850	 	2473.333333
55.023409	 	2480.000000
11.175940	 	2486.666667
11.637178	 	2493.333333
-39.787360	 	2500.000000
-31.923730	 	2506.666667
45.131581	 	2513.333333
81.456539	 	2520.000000
-39.558440	 	2526.666667
-30.823097	 	2533.333333
-17.583387	 	2540.000000
50.857148	 	2546.666667
15.975625	 	2553.333333
-13.207587	 	2560.000000
-19.087736	 	2566.666667
31.197854	 	2573.333333
15.441585	 	2580.000000
3.487320	 	2586.666667
-33.171060	 	2593.333333
-8.381115	 	2600.000000
47.375493	 	2606.666667
11.795392	 	2613.333333
18.937721	 	2620.000000
29.855518	 	2626.666667
-17.608094	 	2633.333333
-18.844987	 	2640.000000
-38.956257	 	2646.666667
31.173357	 	2653.333333
8.294920	 	2660.000000
20.819746	 	2666.666667
11.735819	 	2673.333333
-10.584872	 	2680.000000
-20.108785	 	2686.666667
35.160010	 	2693.333333
-25.682606	 	2700.000000
13.343443	 	2706.666667
5.573703	 	2713.333333
50.240840	 	2720.000000
-2.681363	 	2726.666667
-33.102999	 	2733.333333
-14.636066	 	2740.000000
18.002775	 	2746.666667
18.091535	 	2753.333333
54.170174	 	2760.000000
-37.508335	 	2766.666667
-26.262662	 	2773.333333
12.251106	 	2780.000000
49.849295	 	2786.666667
-18.130171	 	2793.333333
-21.417622	 	2800.000000
25.588551	 	2806.666667
45.986252	 	2813.333333
-53.060662	 	2820.000000
-19.769737	 	2826.666667
39.489149	 	2833.333333
44.045590	 	2840.000000
-23.527943	 	2846.666667
14.381235	 	2853.333333
-9.708102	 	2860.000000
-27.796688	 	2866.666667
14.112494	 	2873.333333
63.329489	 	2880.000000
34.863743	 	2886.666667
-44.841195	 	2893.333333
-27.801499	 	2900.000000
37.232781	 	2906.666667
-5.421097	 	2913.333333
4.712450	 	2920.000000
41.085712	 	2926.666667
-5.341654	 	2933.333333
-26.042453	 	2940.000000
0.245689	 	2946.666667
31.006551	 	2953.333333
54.149432	 	2960.000000
-20.970055	 	2966.666667
-19.218332	 	2973.333333
8.934795	 	2980.000000
28.399807	 	2986.666667
9.258255	 	2993.333333
-25.222961	 	3000.000000
21.080968	 	3006.666667
19.380120	 	3013.333333
-7.047036	 	3020.000000
7.820002	 	3026.666667
8.898289	 	3033.333333
-17.237001	 	3040.000000
5.082022	 	3046.666667
36.067743	 	3053.333333
26.941419	 	3060.000000
-27.972733	 	3066.666667
-26.095986	 	3073.333333
4.651048	 	3080.000000
7.934132	 	3086.666667
17.730771	 	3093.333333
54.338692	 	3100.000000
39.980983	 	3106.666667
-24.087892	 	3113.333333
-62.543256	 	3120.000000
-39.372930	 	3126.666667
-21.032141	 	3133.333333
68.811473	 	3140.000000
275.158427	 	3146.666667
302.196453	 	3153.333333
107.880671	 	3160.000000
20.625755	 	3166.666667
-74.478166	 	3173.333333
-159.499850	 	3180.000000
36.752206	 	3186.666667
1199.901625	 	3193.333333
5489.916690	 	3200.000000
11378.141937	 	3206.666667
5938.539782	 	3213.333333
1573.306996	 	3220.000000
885.308482	 	3226.666667
1868.289538	 	3233.333333
4019.649195	 	3240.000000
6066.592964	 	3246.666667
6296.718825	 	3253.333333
5472.176049	 	3260.000000
5044.899633	 	3266.666667
5677.775737	 	3273.333333
5931.549934	 	3280.000000
6326.396609	 	3286.666667
6390.194311	 	3293.333333
6407.932601	 	3300.000000
6303.539277	 	3306.666667
6089.195128	 	3313.333333
6075.979767	 	3320.000000
6608.319973	 	3326.666667
6472.818188	 	3333.333333
6161.381485	 	3340.000000
6116.767807	 	3346.666667
5869.623864	 	3353.333333
5665.012832	 	3360.000000
6086.579399	 	3366.666667
6398.713527	 	3373.333333
5799.340171	 	3380.000000
5432.449571	 	3386.666667
5347.665276	 	3393.333333
4990.006656	 	3400.000000
4925.358352	 	3406.666667
4891.956960	 	3413.333333
4484.560584	 	3420.000000
4515.837762	 	3426.666667
4299.132862	 	3433.333333
3911.224712	 	3440.000000
4024.582657	 	3446.666667
4077.504902	 	3453.333333
3743.787830	 	3460.000000
3647.339256	 	3466.666667
3782.722372	 	3473.333333
3615.051924	 	3480.000000
3443.627903	 	3486.666667
3329.286344	 	3493.333333
3306.091497	 	3500.000000
3332.828975	 	3506.666667
3327.305234	 	3513.333333
3093.484696	 	3520.000000
2985.755906	 	3526.666667
2894.466866	 	3533.333333
2854.443485	 	3540.000000
2797.008007	 	3546.666667
2793.976829	 	3553.333333
2662.891120	 	3560.000000
2621.492604	 	3566.666667
2435.229519	 	3573.333333
2475.286476	 	3580.000000
2601.302002	 	3586.666667
2531.379485	 	3593.333333
2338.700842	 	3600.000000
2407.911968	 	3606.666667
2406.565917	 	3613.333333
2435.250542	 	3620.000000
2291.164518	 	3626.666667
2162.359222	 	3633.333333
2254.468719	 	3640.000000
2314.512428	 	3646.666667
2132.788480	 	3653.333333
1982.278228	 	3660.000000
1970.099149	 	3666.666667
2222.304270	 	3673.333333
2268.087595	 	3680.000000
2030.872257	 	3686.666667
1820.513349	 	3693.333333
1764.442935	 	3700.000000
1953.320422	 	3706.666667
2089.702288	 	3713.333333
1977.301946	 	3720.000000
1780.055859	 	3726.666667
1771.061846	 	3733.333333
1842.914751	 	3740.000000
1857.384047	 	3746.666667
1708.592478	 	3753.333333
1698.367169	 	3760.000000
1714.726058	 	3766.666667
1771.366697	 	3773.333333
1695.795477	 	3780.000000
1529.997810	 	3786.666667
1444.921528	 	3793.333333
1526.553707	 	3800.000000
1647.975682	 	3806.666667
1674.712456	 	3813.333333
1573.207812	 	3820.000000
1415.148104	 	3826.666667
1501.353156	 	3833.333333
1524.123919	 	3840.000000
1419.144515	 	3846.666667
1395.586209	 	3853.333333
1350.277052	 	3860.000000
1386.914957	 	3866.666667
1457.848907	 	3873.333333
1401.513914	 	3880.000000
1262.347922	 	3886.666667
1234.901504	 	3893.333333
1271.498813	 	3900.000000
1329.691923	 	3906.666667
1327.480912	 	3913.333333
1283.516890	 	3920.000000
1169.087557	 	3926.666667
1187.282569	 	3933.333333
1172.652099	 	3940.000000
1190.719116	 	3946.666667
1175.347705	 	3953.333333
1159.615928	 	3960.000000
1151.247393	 	3966.666667
1104.625568	 	3973.333333
1069.477353	 	3980.000000
1128.572132	 	3986.666667
1093.835771	 	3993.333333
1072.429372	 	4000.000000
1006.284537	 	4006.666667
1001.682917	 	4013.333333
1024.551087	 	4020.000000
1075.843589	 	4026.666667
992.965191	 	4033.333333
973.836513	 	4040.000000
934.518393	 	4046.666667
891.430298	 	4053.333333
907.282627	 	4060.000000
967.354390	 	4066.666667
911.949842	 	4073.333333
926.822222	 	4080.000000
880.650427	 	4086.666667
860.649251	 	4093.333333
874.352989	 	4100.000000
803.317299	 	4106.666667
843.474315	 	4113.333333
858.704955	 	4120.000000
773.393310	 	4126.666667
807.757897	 	4133.333333
812.356016	 	4140.000000
775.835640	 	4146.666667
779.912680	 	4153.333333
765.232653	 	4160.000000
754.546767	 	4166.666667
735.725753	 	4173.333333
693.151309	 	4180.000000
738.110512	 	4186.666667
783.452358	 	4193.333333
754.795254	 	4200.000000
712.323316	 	4206.666667
671.124161	 	4213.333333
660.844286	 	4220.000000
625.050163	 	4226.666667
678.351455	 	4233.333333
658.804124	 	4240.000000
698.185540	 	4246.666667
665.128872	 	4253.333333
558.359418	 	4260.000000
622.237727	 	4266.666667
628.082586	 	4273.333333
577.995325	 	4280.000000
657.295030	 	4286.666667
607.625937	 	4293.333333
598.386901	 	4300.000000
563.026803	 	4306.666667
530.070805	 	4313.333333
558.593746	 	4320.000000
656.559380	 	4326.666667
524.151248	 	4333.333333
556.437786	 	4340.000000
486.977199	 	4346.666667
503.155911	 	4353.333333
590.188855	 	4360.000000
547.126102	 	4366.666667
529.277346	 	4373.333333
491.430103	 	4380.000000
504.694843	 	4386.666667
490.981405	 	4393.333333
502.004151	 	4400.000000
485.433826	 	4406.666667
467.600826	 	4413.333333
468.165041	 	4420.000000
432.740154	 	4426.666667
522.724031	 	4433.333333
422.398696	 	4440.000000
423.549679	 	4446.666667
433.044104	 	4453.333333
476.630782	 	4460.000000
448.383883	 	4466.666667
373.053168	 	4473.333333
388.287042	 	4480.000000
410.645435	 	4486.666667
464.855884	 	4493.333333
422.997014	 	4500.000000
383.897203	 	4506.666667
353.945981	 	4513.333333
375.269158	 	4520.000000
397.294365	 	4526.666667
423.074798	 	4533.333333
387.324170	 	4540.000000
339.765646	 	4546.666667
359.286267	 	4553.333333
311.786107	 	4560.000000
322.475114	 	4566.666667
409.001709	 	4573.333333
310.195074	 	4580.000000
413.343351	 	4586.666667
324.193648	 	4593.333333
342.402776	 	4600.000000
294.318590	 	4606.666667
308.154622	 	4613.333333
277.850440	 	4620.000000
395.014960	 	4626.666667
333.709325	 	4633.333333
267.353567	 	4640.000000
337.459583	 	4646.666667
311.220345	 	4653.333333
313.389333	 	4660.000000
263.858433	 	4666.666667
276.510679	 	4673.333333
471.403429	 	4680.000000
145.400832	 	4686.666667
234.770616	 	4693.333333
316.054648	 	4700.000000
171.930580	 	4706.666667
523.551407	 	4713.333333
261.693467	 	4720.000000
23.439173	 	4726.666667
294.579955	 	4733.333333
395.712824	 	4740.000000
130.473246	 	4746.666667
424.385870	 	4753.333333
168.843267	 	4760.000000
270.837201	 	4766.666667
265.960538	 	4773.333333
100.403506	 	4780.000000
441.459093	 	4786.666667
281.384455	 	4793.333333
134.073731	 	4800.000000
155.658459	 	4806.666667
157.492395	 	4813.333333
486.293790	 	4820.000000
179.996838	 	4826.666667
164.353747	 	4833.333333
184.213719	 	4840.000000
225.067267	 	4846.666667
167.016624	 	4853.333333
361.751773	 	4860.000000
128.229800	 	4866.666667
228.276082	 	4873.333333
168.281812	 	4880.000000
181.628498	 	4886.666667
296.212310	 	4893.333333
140.652380	 	4900.000000
264.076523	 	4906.666667
82.905812	 	4913.333333
36.376857	 	4920.000000
533.400344	 	4926.666667
17.564294	 	4933.333333
62.686419	 	4940.000000
387.461416	 	4946.666667
-1.076857	 	4953.333333
234.154518	 	4960.000000
366.632936	 	4966.666667
8.935232	 	4973.333333
187.522447	 	4980.000000
67.444205	 	4986.666667
81.267197	 	4993.333333
445.649557	 	5000.000000
149.975267	 	5006.666667
90.337449	 	5013.333333
167.727073	 	5020.000000
58.043111	 	5026.666667
350.416886	 	5033.333333
120.122615	 	5040.000000
-6.101165	 	5046.666667
312.722963	 	5053.333333
55.170076	 	5060.000000
139.403659	 	5066.666667
308.151717	 	5073.333333
87.108959	 	5080.000000
122.323644	 	5086.666667
136.025010	 	5093.333333
103.108254	 	5100.000000
168.889748	 	5106.666667
214.170096	 	5113.333333
61.096270	 	5120.000000
117.705859	 	5126.666667
160.759699	 	5133.333333
185.872844	 	5140.000000
79.313770	 	5146.666667
118.311376	 	5153.333333
128.598953	 	5160.000000
123.214716	 	5166.666667
135.769708	 	5173.333333
101.259125	 	5180.000000
138.804553	 	5186.666667
184.350335	 	5193.333333
26.432566	 	5200.000000
162.198941	 	5206.666667
90.790346	 	5213.333333
106.251742	 	5220.000000
165.113951	 	5226.666667
98.315293	 	5233.333333
136.104089	 	5240.000000
137.552221	 	5246.666667
1.241801	 	5253.333333
139.562536	 	5260.000000
182.465133	 	5266.666667
75.392607	 	5273.333333
111.928822	 	5280.000000
61.918218	 	5286.666667
38.323045	 	5293.333333
231.474735	 	5300.000000
104.057744	 	5306.666667
60.430521	 	5313.333333
96.804148	 	5320.000000
57.095559	 	5326.666667
143.019531	 	5333.333333
135.160526	 	5340.000000
69.294231	 	5346.666667
93.805970	 	5353.333333
89.940704	 	5360.000000
90.390111	 	5366.666667
130.610730	 	5373.333333
78.821825	 	5380.000000
49.895220	 	5386.666667
109.094524	 	5393.333333
78.308126	 	5400.000000
92.134529	 	5406.666667
115.620230	 	5413.333333
41.336670	 	5420.000000
69.738258	 	5426.666667
128.093462	 	5433.333333
88.539593	 	5440.000000
89.701538	 	5446.666667
76.249184	 	5453.333333
23.248679	 	5460.000000
101.337035	 	5466.666667
73.538061	 	5473.333333
118.529082	 	5480.000000
111.848864	 	5486.666667
32.041543	 	5493.333333
20.377651	 	5500.000000
71.981306	 	5506.666667
78.818667	 	5513.333333
126.057218	 	5520.000000
84.815516	 	5526.666667
81.449702	 	5533.333333
61.507701	 	5540.000000
36.840322	 	5546.666667
55.518246	 	5553.333333
102.989259	 	5560.000000
103.106601	 	5566.666667
70.440282	 	5573.333333
13.320860	 	5580.000000
72.341787	 	5586.666667
98.641014	 	5593.333333
76.835334	 	5600.000000
45.576071	 	5606.666667
57.398030	 	5613.333333
89.583382	 	5620.000000
56.293698	 	5626.666667
41.341318	 	5633.333333
84.105842	 	5640.000000
65.948514	 	5646.666667
41.549393	 	5653.333333
72.891834	 	5660.000000
22.778131	 	5666.666667
95.546203	 	5673.333333
82.722251	 	5680.000000
30.138491	 	5686.666667
72.367647	 	5693.333333
57.778192	 	5700.000000
12.726250	 	5706.666667
78.320743	 	5713.333333
62.818637	 	5720.000000
55.317114	 	5726.666667
56.976376	 	5733.333333
13.664423	 	5740.000000
59.879906	 	5746.666667
102.430445	 	5753.333333
53.405110	 	5760.000000
42.695132	 	5766.666667
28.981406	 	5773.333333
32.426618	 	5780.000000
83.460230	 	5786.666667
60.760517	 	5793.333333
14.495324	 	5800.000000
78.978371	 	5806.666667
27.600321	 	5813.333333
52.110147	 	5820.000000
31.510393	 	5826.666667
61.735120	 	5833.333333
41.142500	 	5840.000000
55.574448	 	5846.666667
46.288155	 	5853.333333
45.167042	 	5860.000000
37.412579	 	5866.666667
50.056628	 	5873.333333
28.226827	 	5880.000000
42.382620	 	5886.666667
57.098538	 	5893.333333
20.427815	 	5900.000000
43.431318	 	5906.666667
81.060852	 	5913.333333
23.159699	 	5920.000000
27.808807	 	5926.666667
33.867685	 	5933.333333
30.962128	 	5940.000000
53.377765	 	5946.666667
40.884622	 	5953.333333
53.813981	 	5960.000000
21.772920	 	5966.666667
18.451164	 	5973.333333
41.160691	 	5980.000000
44.110266	 	5986.666667
31.926128	 	5993.333333
47.298196	 	6000.000000
28.432404	 	6006.666667
20.611937	 	6013.333333
23.283480	 	6020.000000
33.752516	 	6026.666667
53.775584	 	6033.333333
31.881973	 	6040.000000
34.895744	 	6046.666667
35.608045	 	6053.333333
16.431462	 	6060.000000
18.823586	 	6066.666667
44.833062	 	6073.333333
47.647597	 	6080.000000
54.806278	 	6086.666667
29.409977	 	6093.333333
47.264443	 	6100.000000
13.176146	 	6106.666667
23.495751	 	6113.333333
25.806132	 	6120.000000
67.548938	 	6126.666667
53.444149	 	6133.333333
-13.635945	 	6140.000000
7.690784	 	6146.666667
35.973521	 	6153.333333
68.298664	 	6160.000000
32.017575	 	6166.666667
8.868718	 	6173.333333
2.358042	 	6180.000000
42.033502	 	6186.666667
20.546375	 	6193.333333
50.169390	 	6200.000000
40.730389	 	6206.666667
22.507931	 	6213.333333
-4.545792	 	6220.000000
24.922842	 	6226.666667
19.096311	 	6233.333333
43.510021	 	6240.000000
53.142683	 	6246.666667
33.368426	 	6253.333333
14.081141	 	6260.000000
25.283221	 	6266.666667
6.750587	 	6273.333333
7.078094	 	6280.000000
11.848142	 	6286.666667
65.785890	 	6293.333333
29.851078	 	6300.000000
17.930716	 	6306.666667
7.322122	 	6313.333333
20.045343	 	6320.000000
32.093802	 	6326.666667
28.266626	 	6333.333333
14.845149	 	6340.000000
48.595235	 	6346.666667
41.833555	 	6353.333333
27.484321	 	6360.000000
-39.154158	 	6366.666667
25.095980	 	6373.333333
55.226015	 	6380.000000
24.056110	 	6386.666667
20.005570	 	6393.333333
62.995558	 	6400.000000
6.498418	 	6406.666667
3.335287	 	6413.333333
-2.540249	 	6420.000000
50.426678	 	6426.666667
29.025425	 	6433.333333
33.904583	 	6440.000000
21.217288	 	6446.666667
40.425104	 	6453.333333
-2.659119	 	6460.000000
17.754500	 	6466.666667
7.988210	 	6473.333333
22.652303	 	6480.000000
-10.761089	 	6486.666667
71.319059	 	6493.333333
36.609024	 	6500.000000
8.717480	 	6506.666667
-6.949787	 	6513.333333
21.074026	 	6520.000000
20.079161	 	6526.666667
18.858353	 	6533.333333
-9.892059	 	6540.000000
42.659212	 	6546.666667
33.278673	 	6553.333333
20.274216	 	6560.000000
-4.676681	 	6566.666667
27.675965	 	6573.333333
52.418804	 	6580.000000
22.831805	 	6586.666667
-16.031154	 	6593.333333
2.529364	 	6600.000000
5.262814	 	6606.666667
21.837433	 	6613.333333
-6.760779	 	6620.000000
65.422870	 	6626.666667
59.828911	 	6633.333333
19.940678	 	6640.000000
-14.484690	 	6646.666667
1.979451	 	6653.333333
-7.873898	 	6660.000000
37.391535	 	6666.666667
56.796358	 	6673.333333
35.049277	 	6680.000000
-15.842319	 	6686.666667
-29.516255	 	6693.333333
26.663446	 	6700.000000
34.739204	 	6706.666667
73.913575	 	6713.333333
11.889867	 	6720.000000
-47.406972	 	6726.666667
28.318058	 	6733.333333
33.733184	 	6740.000000
16.962639	 	6746.666667
11.038063	 	6753.333333
16.672492	 	6760.000000
26.252730	 	6766.666667
38.467479	 	6773.333333
8.544082	 	6780.000000
-6.374486	 	6786.666667
-5.879822	 	6793.333333
32.699015	 	6800.000000
33.478301	 	6806.666667
16.993399	 	6813.333333
42.683760	 	6820.000000
15.403461	 	6826.666667
1.609217	 	6833.333333
6.839869	 	6840.000000
16.189599	 	6846.666667
6.550320	 	6853.333333
18.014973	 	6860.000000
27.078289	 	6866.666667
45.495880	 	6873.333333
3.604615	 	6880.000000
2.775892	 	6886.666667
-11.152688	 	6893.333333
-0.274461	 	6900.000000
44.984213	 	6906.666667
40.035925	 	6913.333333
33.198483	 	6920.000000
-30.873335	 	6926.666667
-42.843105	 	6933.333333
50.638628	 	6940.000000
41.780934	 	6946.666667
33.690734	 	6953.333333
26.476239	 	6960.000000
-40.000879	 	6966.666667
-4.431467	 	6973.333333
46.324355	 	6980.000000
5.597431	 	6986.666667
17.331681	 	6993.333333
30.223899	 	7000.000000
-1.711814	 	7006.666667
20.625442	 	7013.333333
-5.565671	 	7020.000000
10.933238	 	7026.666667
9.020522	 	7033.333333
14.833558	 	7040.000000
22.342345	 	7046.666667
18.896280	 	7053.333333
-24.618985	 	7060.000000
0.939282	 	7066.666667
25.101954	 	7073.333333
9.289656	 	7080.000000
19.529638	 	7086.666667
-5.845421	 	7093.333333
41.690175	 	7100.000000
-12.473734	 	7106.666667
-2.080676	 	7113.333333
-2.244430	 	7120.000000
17.796244	 	7126.666667
10.764220	 	7133.333333
13.820830	 	7140.000000
28.430698	 	7146.666667
-0.895126	 	7153.333333
0.433214	 	7160.000000
19.569301	 	7166.666667
27.113433	 	7173.333333
-11.578363	 	7180.000000
-10.495744	 	7186.666667
0.884752	 	7193.333333
33.300437	 	7200.000000
17.149183	 	7206.666667
-8.823915	 	7213.333333
8.162454	 	7220.000000
33.918256	 	7226.666667
21.275486	 	7233.333333
-19.948960	 	7240.000000
-23.737417	 	7246.666667
22.923281	 	7253.333333
24.627395	 	7260.000000
18.484015	 	7266.666667
-8.356322	 	7273.333333
-2.351620	 	7280.000000
50.672174	 	7286.666667
51.903854	 	7293.333333
32.083551	 	7300.000000
-49.287761	 	7306.666667
-11.567094	 	7313.333333
34.343949	 	7320.000000
11.540263	 	7326.666667
-13.237821	 	7333.333333
3.665914	 	7340.000000
22.853436	 	7346.666667
64.108463	 	7353.333333
-13.247930	 	7360.000000
-35.697280	 	7366.666667
5.785165	 	7373.333333
6.165506	 	7380.000000
0.836709	 	7386.666667
39.492911	 	7393.333333
30.432352	 	7400.000000
4.682138	 	7406.666667
-0.960865	 	7413.333333
10.538145	 	7420.000000
12.897317	 	7426.666667
-4.544920	 	7433.333333
-4.475422	 	7440.000000
1.914352	 	7446.666667
50.489822	 	7453.333333
-2.862897	 	7460.000000
-1.380105	 	7466.666667
8.223307	 	7473.333333
-45.554548	 	7480.000000
35.834493	 	7486.666667
47.859831	 	7493.333333
10.350289	 	7500.000000
-8.560767	 	7506.666667
-13.340528	 	7513.333333
12.638248	 	7520.000000
48.401253	 	7526.666667
-6.595684	 	7533.333333
-12.001493	 	7540.000000
3.623170	 	7546.666667
18.868595	 	7553.333333
23.261278	 	7560.000000
18.765988	 	7566.666667
5.191883	 	7573.333333
-9.995751	 	7580.000000
-23.466561	 	7586.666667
37.650385	 	7593.333333
40.132833	 	7600.000000
33.944978	 	7606.666667
-44.411521	 	7613.333333
-4.406813	 	7620.000000
38.988576	 	7626.666667
18.545468	 	7633.333333
-43.531901	 	7640.000000
-4.126101	 	7646.666667
11.144878	 	7653.333333
71.221569	 	7660.000000
-9.373114	 	7666.666667
-13.031837	 	7673.333333
-8.793355	 	7680.000000
35.770752	 	7686.666667
-25.515712	 	7693.333333
13.006775	 	7700.000000
1.634629	 	7706.666667
1.709008	 	7713.333333
-9.170640	 	7720.000000
16.544162	 	7726.666667
-16.766662	 	7733.333333
35.297321	 	7740.000000
3.507314	 	7746.666667
14.702977	 	7753.333333
-17.182904	 	7760.000000
8.550978	 	7766.666667
-16.164581	 	7773.333333
32.624061	 	7780.000000
5.991926	 	7786.666667
5.915190	 	7793.333333
10.974421	 	7800.000000
22.420589	 	7806.666667
-11.746459	 	7813.333333
-22.953639	 	7820.000000
15.543397	 	7826.666667
28.142635	 	7833.333333
-7.937782	 	7840.000000
-7.419323	 	7846.666667
22.733785	 	7853.333333
-4.514876	 	7860.000000
-12.586938	 	7866.666667
24.010334	 	7873.333333
14.362740	 	7880.000000
-10.429148	 	7886.666667
-0.646752	 	7893.333333
-21.410403	 	7900.000000
6.420462	 	7906.666667
38.148769	 	7913.333333
19.847337	 	7920.000000
1.163111	 	7926.666667
-14.828013	 	7933.333333
-7.106121	 	7940.000000
6.307726	 	7946.666667
42.178151	 	7953.333333
-30.400762	 	7960.000000
-27.763726	 	7966.666667
26.851085	 	7973.333333
28.303205	 	7980.000000
6.742596	 	7986.666667
-17.477888	 	7993.333333
-13.130806	 	8000.000000
14.870561	 	8006.666667
-19.328824	 	8013.333333
-13.569210	 	8020.000000
44.889028	 	8026.666667
-6.298354	 	8033.333333
7.791284	 	8040.000000
17.581860	 	8046.666667
-17.050728	 	8053.333333
-6.118508	 	8060.000000
19.684622	 	8066.666667
21.125985	 	8073.333333
4.997349	 	8080.000000
-24.318503	 	8086.666667
9.186234	 	8093.333333
6.226503	 	8100.000000
12.250276	 	8106.666667
18.427532	 	8113.333333
-9.989985	 	8120.000000
-7.810161	 	8126.666667
-1.153739	 	8133.333333
-12.995513	 	8140.000000
13.194562	 	8146.666667
33.380058	 	8153.333333
0.144971	 	8160.000000
-35.903753	 	8166.666667
5.927544	 	8173.333333
24.523327	 	8180.000000
-5.869460	 	8186.666667
-28.266190	 	8193.333333
25.068338	 	8200.000000
2.087021	 	8206.666667
28.447044	 	8213.333333
0.291022	 	8220.000000
-45.463143	 	8226.666667
3.858302	 	8233.333333
16.018646	 	8240.000000
22.270252	 	8246.666667
-1.849051	 	8253.333333
-4.382441	 	8260.000000
-17.849623	 	8266.666667
7.994378	 	8273.333333
-1.379704	 	8280.000000
20.546518	 	8286.666667
4.353821	 	8293.333333
10.468065	 	8300.000000
14.743841	 	8306.666667
-15.580807	 	8313.333333
-18.808840	 	8320.000000
2.809026	 	8326.666667
-22.457534	 	8333.333333
19.548032	 	8340.000000
12.177306	 	8346.666667
-2.330174	 	8353.333333
12.560912	 	8360.000000
4.698531	 	8366.666667
-5.259953	 	8373.333333
1.142739	 	8380.000000
-22.448541	 	8386.666667
42.411127	 	8393.333333
25.152025	 	8400.000000
-15.705224	 	8406.666667
-29.954735	 	8413.333333
-7.117963	 	8420.000000
24.330796	 	8426.666667
51.053315	 	8433.333333
-19.095831	 	8440.000000
-20.870678	 	8446.666667
4.790007	 	8453.333333
-5.106417	 	8460.000000
11.786189	 	8466.666667
9.454285	 	8473.333333
14.721795	 	8480.000000
-3.988674	 	8486.666667
0.603242	 	8493.333333
-34.561176	 	8500.000000
-0.673505	 	8506.666667
17.476029	 	8513.333333
26.641445	 	8520.000000
7.878347	 	8526.666667
-30.771568	 	8533.333333
2.178582	 	8540.000000
23.951421	 	8546.666667
-13.198729	 	8553.333333
-1.821741	 	8560.000000
0.166731	 	8566.666667
-2.400720	 	8573.333333
14.506694	 	8580.000000
26.533750	 	8586.666667
-17.937978	 	8593.333333
-4.561536	 	8600.000000
5.660109	 	8606.666667
5.804280	 	8613.333333
4.637382	 	8620.000000
18.812192	 	8626.666667
4.473384	 	8633.333333
2.054929	 	8640.000000
1.182748	 	8646.666667
-8.491461	 	8653.333333
21.184351	 	8660.000000
-32.911490	 	8666.666667
3.387478	 	8673.333333
26.228891	 	8680.000000
-6.915445	 	8686.666667
-15.280952	 	8693.333333
16.774431	 	8700.000000
-21.285498	 	8706.666667
29.406009	 	8713.333333
14.565406	 	8720.000000
-21.723111	 	8726.666667
9.635403	 	8733.333333
-5.270986	 	8740.000000
-23.716719	 	8746.666667
13.653409	 	8753.333333
30.866863	 	8760.000000
9.981297	 	8766.666667
28.317894	 	8773.333333
-35.238050	 	8780.000000
-26.832650	 	8786.666667
-8.656454	 	8793.333333
-5.917628	 	8800.000000
45.820342	 	8806.666667
-4.981976	 	8813.333333
-5.932843	 	8820.000000
10.197644	 	8826.666667
-0.488082	 	8833.333333
-47.952849	 	8840.000000
51.760258	 	8846.666667
-12.844862	 	8853.333333
-8.179537	 	8860.000000
14.652669	 	8866.666667
26.744685	 	8873.333333
-5.453943	 	8880.000000
-17.363506	 	8886.666667
-35.413857	 	8893.333333
-1.112500	 	8900.000000
24.814362	 	8906.666667
-2.084689	 	8913.333333
11.277799	 	8920.000000
13.795187	 	8926.666667
-17.288598	 	8933.333333
14.798525	 	8940.000000
-5.813893	 	8946.666667
-22.870980	 	8953.333333
18.892039	 	8960.000000
-14.318038	 	8966.666667
16.791726	 	8973.333333
14.337955	 	8980.000000
-12.636923	 	8986.666667
21.533041	 	8993.333333
23.297176	 	9000.000000
-21.915178	 	9006.666667
-4.372758	 	9013.333333
-31.194842	 	9020.000000
-23.618521	 	9026.666667
49.959314	 	9033.333333
44.208427	 	9040.000000
17.858085	 	9046.666667
-4.317410	 	9053.333333
-32.981710	 	9060.000000
-5.632522	 	9066.666667
23.518370	 	9073.333333
5.248339	 	9080.000000
-6.762950	 	9086.666667
-8.041987	 	9093.333333
16.791375	 	9100.000000
2.739525	 	9106.666667
16.995778	 	9113.333333
-29.406446	 	9120.000000
19.329610	 	9126.666667
-37.409889	 	9133.333333
6.755897	 	9140.000000
18.846314	 	9146.666667
27.055828	 	9153.333333
3.425075	 	9160.000000
-12.663934	 	9166.666667
-45.459772	 	9173.333333
-4.151592	 	9180.000000
21.983133	 	9186.666667
28.642580	 	9193.333333
-13.748128	 	9200.000000
-13.451666	 	9206.666667
-23.533949	 	9213.333333
21.507453	 	9220.000000
14.557324	 	9226.666667
-12.436753	 	9233.333333
-2.642166	 	9240.000000
23.387679	 	9246.666667
-1.628800	 	9253.333333
22.527231	 	9260.000000
-38.796501	 	9266.666667
2.266800	 	9273.333333
-7.184831	 	9280.000000
-18.733844	 	9286.666667
28.921900	 	9293.333333
17.836795	 	9300.000000
-21.614292	 	9306.666667
21.899762	 	9313.333333
-12.409883	 	9320.000000
1.291443	 	9326.666667
-2.932128	 	9333.333333
3.180286	 	9340.000000
9.109917	 	9346.666667
21.510031	 	9353.333333
-12.340725	 	9360.000000
-4.081738	 	9366.666667
3.951622	 	9373.333333
6.918516	 	9380.000000
-9.136657	 	9386.666667
-2.958935	 	9393.333333
-3.543481	 	9400.000000
-9.163344	 	9406.666667
-2.187890	 	9413.333333
8.292457	 	9420.000000
5.085224	 	9426.666667
7.848675	 	9433.333333
-3.440756	 	9440.000000
-1.412782	 	9446.666667
-14.287143	 	9453.333333
7.039448	 	9460.000000
12.411569	 	9466.666667
-4.795153	 	9473.333333
-14.364556	 	9480.000000
16.571988	 	9486.666667
-10.589348	 	9493.333333
-12.415384	 	9500.000000
-32.307370	 	9506.666667
17.949597	 	9513.333333
17.723268	 	9520.000000
41.524316	 	9526.666667
-28.101406	 	9533.333333
-7.884552	 	9540.000000
-59.813022	 	9546.666667
26.280860	 	9553.333333
29.182639	 	9560.000000
34.001598	 	9566.666667
-14.462341	 	9573.333333
-8.721636	 	9580.000000
-61.460544	 	9586.666667
17.000552	 	9593.333333
-5.216197	 	9600.000000
19.797476	 	9606.666667
16.896543	 	9613.333333
8.707590	 	9620.000000
-33.546376	 	9626.666667
13.735504	 	9633.333333
-6.584669	 	9640.000000
17.587239	 	9646.666667
-25.953682	 	9653.333333
16.009538	 	9660.000000
-1.534422	 	9666.666667
20.084199	 	9673.333333
13.827456	 	9680.000000
-14.696379	 	9686.666667
-40.625153	 	9693.333333
-13.599982	 	9700.000000
-0.961359	 	9706.666667
38.272174	 	9713.333333
5.940308	 	9720.000000
-7.008249	 	9726.666667
-14.724250	 	9733.333333
28.384007	 	9740.000000
-0.231488	 	9746.666667
-24.513215	 	9753.333333
-37.473840	 	9760.000000
65.783366	 	9766.666667
2.798424	 	9773.333333
-14.729039	 	9780.000000
-34.606230	 	9786.666667
-0.251863	 	9793.333333
27.801017	 	9800.000000
14.645804	 	9806.666667
-38.265563	 	9813.333333
25.161434	 	9820.000000
10.561238	 	9826.666667
-3.113807	 	9833.333333
1.542401	 	9840.000000
-26.577435	 	9846.666667
-14.632007	 	9853.333333
40.692602	 	9860.000000
3.301342	 	9866.666667
-0.227827	 	9873.333333
-13.856306	 	9880.000000
-24.850501	 	9886.666667
-12.062118	 	9893.333333
25.008221	 	9900.000000
16.505307	 	9906.666667
11.424305	 	9913.333333
-48.494897	 	9920.000000
-16.828343	 	9926.666667
36.564444	 	9933.333333
20.977631	 	9940.000000
-23.441514	 	9946.666667
-3.945577	 	9953.333333
-9.735071	 	9960.000000
20.884963	 	9966.666667
7.061296	 	9973.333333
-32.387111	 	9980.000000
4.415206	 	9986.666667
8.019316	 	9993.333333
-3.537260	 	10000.000000
-1.714579	 	10006.666667
2.644544	 	10013.333333
24.125325	 	10020.000000
-17.108951	 	10026.666667
-28.827454	 	10033.333333
-11.613340	 	10040.000000
-4.929156	 	10046.666667
26.784555	 	10053.333333
27.547742	 	10060.000000
-30.773861	 	10066.666667
-25.281770	 	10073.333333
-3.975012	 	10080.000000
3.306331	 	10086.666667
30.482405	 	10093.333333
26.151286	 	10100.000000
-0.815438	 	10106.666667
-37.666332	 	10113.333333
-12.999999	 	10120.000000
-3.645586	 	10126.666667
0.398959	 	10133.333333
0.865018	 	10140.000000
11.042673	 	10146.666667
16.172465	 	10153.333333
-23.590531	 	10160.000000
-19.352978	 	10166.666667
9.048289	 	10173.333333
20.553209	 	10180.000000
9.675334	 	10186.666667
-21.588393	 	10193.333333
-27.869959	 	10200.000000
9.254723	 	10206.666667
-6.559541	 	10213.333333
-6.916763	 	10220.000000
3.802392	 	10226.666667
-6.032818	 	10233.333333
13.035493	 	10240.000000
6.260860	 	10246.666667
-5.085580	 	10253.333333
-17.210180	 	10260.000000
10.100308	 	10266.666667
-5.162103	 	10273.333333
16.815640	 	10280.000000
-19.209898	 	10286.666667
-26.189638	 	10293.333333
22.350750	 	10300.000000
6.123730	 	10306.666667
-18.445107	 	10313.333333
1.531710	 	10320.000000
4.207596	 	10326.666667
-16.088826	 	10333.333333
-6.919952	 	10340.000000
6.887458	 	10346.666667
12.673273	 	10353.333333
23.142183	 	10360.000000
-39.521701	 	10366.666667
-10.970832	 	10373.333333
2.302388	 	10380.000000
3.788296	 	10386.666667
3.009185	 	10393.333333
-9.256021	 	10400.000000
1.389762	 	10406.666667
12.833559	 	10413.333333
2.626949	 	10420.000000
-6.634255	 	10426.666667
-17.857376	 	10433.333333
-1.320204	 	10440.000000
1.412654	 	10446.666667
15.355908	 	10453.333333
-21.090754	 	10460.000000
3.647984	 	10466.666667
4.568828	 	10473.333333
33.517212	 	10480.000000
-27.434675	 	10486.666667
-19.695184	 	10493.333333
-28.418760	 	10500.000000
27.897770	 	10506.666667
18.071888	 	10513.333333
10.385624	 	10520.000000
-21.962288	 	10526.666667
-8.565891	 	10533.333333
-21.950052	 	10540.000000
-7.185585	 	10546.666667
18.132068	 	10553.333333
2.709175	 	10560.000000
-9.553100	 	10566.666667
12.976651	 	10573.333333
-7.713900	 	10580.000000
-7.359760	 	10586.666667
-1.675619	 	10593.333333
-26.357833	 	10600.000000
29.998654	 	10606.666667
17.604846	 	10613.333333
12.550263	 	10620.000000
-19.269313	 	10626.666667
-18.484186	 	10633.333333
-18.588740	 	10640.000000
14.454459	 	10646.666667
2.432311	 	10653.333333
13.361576	 	10660.000000
-0.688490	 	10666.666667
-14.676533	 	10673.333333
-27.825283	 	10680.000000
3.096667	 	10686.666667
7.607515	 	10693.333333
12.718491	 	10700.000000
4.741898	 	10706.666667
-10.882044	 	10713.333333
-27.860783	 	10720.000000
23.154421	 	10726.666667
3.883111	 	10733.333333
32.991826	 	10740.000000
-13.881202	 	10746.666667
-21.243831	 	10753.333333
-19.651205	 	10760.000000
-25.569152	 	10766.666667
18.077527	 	10773.333333
35.481180	 	10780.000000
-3.723721	 	10786.666667
-35.529390	 	10793.333333
-33.816326	 	10800.000000
57.450376	 	10806.666667
0.128990	 	10813.333333
6.271663	 	10820.000000
-24.117399	 	10826.666667
0.124603	 	10833.333333
27.254405	 	10840.000000
9.552678	 	10846.666667
-56.377548	 	10853.333333
17.397435	 	10860.000000
14.791289	 	10866.666667
-28.822404	 	10873.333333
28.827449	 	10880.000000
-22.464951	 	10886.666667
-16.222322	 	10893.333333
0.378733	 	10900.000000
10.323696	 	10906.666667
15.633008	 	10913.333333
-19.151452	 	10920.000000
-30.472344	 	10926.666667
-3.212458	 	10933.333333
10.293916	 	10940.000000
16.090974	 	10946.666667
-12.718995	 	10953.333333
-8.605086	 	10960.000000
-10.357870	 	10966.666667
-14.752713	 	10973.333333
12.562706	 	10980.000000
1.979138	 	10986.666667
-2.491253	 	10993.333333
13.982096	 	11000.000000
-29.008777	 	11006.666667
-17.309151	 	11013.333333
41.639949	 	11020.000000
5.020990	 	11026.666667
-24.134555	 	11033.333333
-8.148517	 	11040.000000
-38.087793	 	11046.666667
18.101976	 	11053.333333
14.528746	 	11060.000000
-9.336278	 	11066.666667
13.143032	 	11073.333333
8.982319	 	11080.000000
-29.276528	 	11086.666667
-3.010125	 	11093.333333
-19.324577	 	11100.000000
1.759058	 	11106.666667
11.134569	 	11113.333333
19.237135	 	11120.000000
1.055853	 	11126.666667
5.093450	 	11133.333333
-26.706787	 	11140.000000
-6.496680	 	11146.666667
-31.544249	 	11153.333333
9.747604	 	11160.000000
15.550789	 	11166.666667
22.004389	 	11173.333333
-4.590834	 	11180.000000
8.005347	 	11186.666667
-11.016240	 	11193.333333
-8.610324	 	11200.000000
-9.791203	 	11206.666667
-28.848568	 	11213.333333
-13.036840	 	11220.000000
42.474671	 	11226.666667
17.696615	 	11233.333333
-12.283000	 	11240.000000
-27.900269	 	11246.666667
-30.592556	 	11253.333333
10.414363	 	11260.000000
22.061660	 	11266.666667
-12.968788	 	11273.333333
-23.177401	 	11280.000000
-3.993937	 	11286.666667
-2.285936	 	11293.333333
28.178800	 	11300.000000
25.989437	 	11306.666667
-29.070711	 	11313.333333
-31.877633	 	11320.000000
-10.916044	 	11326.666667
-0.739188	 	11333.333333
23.452308	 	11340.000000
3.106170	 	11346.666667
-13.754430	 	11353.333333
-5.829706	 	11360.000000
45.647852	 	11366.666667
-54.557113	 	11373.333333
-32.456999	 	11380.000000
-5.772138	 	11386.666667
30.291309	 	11393.333333
5.201359	 	11400.000000
7.138056	 	11406.666667
-8.544171	 	11413.333333
1.901062	 	11420.000000
-42.542227	 	11426.666667
21.769905	 	11433.333333
-2.262915	 	11440.000000
19.494809	 	11446.666667
-14.766102	 	11453.333333
-20.902990	 	11460.000000
8.058461	 	11466.666667
34.054805	 	11473.333333
-18.875127	 	11480.000000
-15.926507	 	11486.666667
-2.740446	 	11493.333333
11.188298	 	11500.000000
0.296440	 	11506.666667
17.157742	 	11513.333333
-2.172747	 	11520.000000
-15.095322	 	11526.666667
-4.288094	 	11533.333333
-9.455147	 	11540.000000
2.762881	 	11546.666667
-4.074554	 	11553.333333
-6.924310	 	11560.000000
-1.748410	 	11566.666667
5.925085	 	11573.333333
-26.687655	 	11580.000000
7.477142	 	11586.666667
0.752903	 	11593.333333
-2.819948	 	11600.000000
9.609173	 	11606.666667
-9.726770	 	11613.333333
2.608467	 	11620.000000
9.921428	 	11626.666667
-19.304124	 	11633.333333
-13.324477	 	11640.000000
7.531910	 	11646.666667
-14.809339	 	11653.333333
26.460543	 	11660.000000
-16.958211	 	11666.666667
-27.537534	 	11673.333333
29.810565	 	11680.000000
-9.187468	 	11686.666667
-16.204158	 	11693.333333
35.102757	 	11700.000000
-26.389968	 	11706.666667
-6.017001	 	11713.333333
-18.816452	 	11720.000000
13.237530	 	11726.666667
-4.280421	 	11733.333333
20.019794	 	11740.000000
-2.610482	 	11746.666667
-23.452965	 	11753.333333
-37.143562	 	11760.000000
-4.932310	 	11766.666667
25.388539	 	11773.333333
52.289966	 	11780.000000
-37.807300	 	11786.666667
-17.261928	 	11793.333333
13.285082	 	11800.000000
27.867267	 	11806.666667
-28.628022	 	11813.333333
-17.801579	 	11820.000000
13.089296	 	11826.666667
52.258832	 	11833.333333
-27.434587	 	11840.000000
-60.910378	 	11846.666667
23.920114	 	11853.333333
-21.206305	 	11860.000000
37.794178	 	11866.666667
55.788142	 	11873.333333
-37.105394	 	11880.000000
15.410936	 	11886.666667
-58.465094	 	11893.333333
5.415734	 	11900.000000
-8.588679	 	11906.666667
-1.939967	 	11913.333333
43.203261	 	11920.000000
26.582983	 	11926.666667
-51.925188	 	11933.333333
-31.567632	 	11940.000000
-7.752731	 	11946.666667
-25.360408	 	11953.333333
62.960268	 	11960.000000
-15.580591	 	11966.666667
28.458341	 	11973.333333
-34.241294	 	11980.000000
-12.847192	 	11986.666667
-19.604342	 	11993.333333
-26.525932	 	12000.000000
47.511982	 	12006.666667
36.359408	 	12013.333333
-3.244236	 	12020.000000
-66.169518	 	12026.666667
6.517859	 	12033.333333
16.144590	 	12040.000000
-21.748289	 	12046.666667
-14.909671	 	12053.333333
43.368163	 	12060.000000
37.828041	 	12066.666667
-96.944541	 	12073.333333
92.848559	 	12080.000000
-93.084953	 	12086.666667
19.987360	 	12093.333333
60.720365	 	12100.000000
41.901837	 	12106.666667
-131.899036	 	12113.333333
-85.637480	 	12120.000000
109.360553	 	12126.666667
68.378236	 	12133.333333
110.334593	 	12140.000000
-170.269470	 	12146.666667
-14.883313	 	12153.333333
-96.919589	 	12160.000000
-11.626741	 	12166.666667
158.869218	 	12173.333333
132.990116	 	12180.000000
-194.282823	 	12186.666667
23.188236	 	12193.333333
-67.066911	 	12200.000000
83.512762	 	12206.666667
44.631729	 	12213.333333
-140.838502	 	12220.000000
34.242047	 	12226.666667
-40.492559	 	12233.333333
-39.391829	 	12240.000000
232.184377	 	12246.666667
-182.640548	 	12253.333333
339.722784	 	12260.000000
-256.310077	 	12266.666667
-227.756207	 	12273.333333
33.168337	 	12280.000000
-193.960472	 	12286.666667
730.002387	 	12293.333333
5.906288	 	12300.000000
-321.878060	 	12306.666667
-483.633153	 	12313.333333
563.424502	 	12320.000000
-368.411949	 	12326.666667
102.655361	 	12333.333333
191.766890	 	12340.000000
197.960610	 	12346.666667
-360.734589	 	12353.333333
190.526468	 	12360.000000
-420.542760	 	12366.666667
514.773644	 	12373.333333
-57.463836	 	12380.000000
-372.864162	 	12386.666667
-72.469094	 	12393.333333
454.021467	 	12400.000000
204.013740	 	12406.666667
-117.372920	 	12413.333333
-664.364222	 	12420.000000
44.357100	 	12426.666667
466.594798	 	12433.333333
-525.039465	 	12440.000000
1270.301155	 	12446.666667
-576.511393	 	12453.333333
-584.752931	 	12460.000000
-273.852442	 	12466.666667
574.335950	 	12473.333333
408.561092	 	12480.000000
-238.724969	 	12486.666667
-763.358932	 	12493.333333
562.109262	 	12500.000000
66.075323	 	12506.666667
249.579036	 	12513.333333
71.147175	 	12520.000000
-434.887994	 	12526.666667
-350.589609	 	12533.333333
-202.669122	 	12540.000000
746.000039	 	12546.666667
225.547145	 	12553.333333
-820.859584	 	12560.000000
1160.130554	 	12566.666667
-605.772400	 	12573.333333
-501.291262	 	12580.000000
-677.851368	 	12586.666667
1497.487821	 	12593.333333
104.460083	 	12600.000000
-522.247143	 	12606.666667
-333.745566	 	12613.333333
667.748734	 	12620.000000
-378.364930	 	12626.666667
-363.160185	 	12633.333333
-890.422124	 	12640.000000
2189.436715	 	12646.666667
-218.599096	 	12653.333333
-622.289588	 	12660.000000
-515.524147	 	12666.666667
-662.690596	 	12673.333333
1420.142143	 	12680.000000
519.832006	 	12686.666667
-686.331942	 	12693.333333
-352.258167	 	12700.000000
-695.566190	 	12706.666667
748.523578	 	12713.333333
237.580317	 	12720.000000
592.432889	 	12726.666667
-736.810210	 	12733.333333
-802.119849	 	12740.000000
1285.728093	 	12746.666667
-479.227646	 	12753.333333
-557.509901	 	12760.000000
1107.361394	 	12766.666667
-907.228592	 	12773.333333
807.509869	 	12780.000000
-841.290545	 	12786.666667
76.913985	 	12793.333333
1066.418764	 	12800.000000
-681.336486	 	12806.666667
-888.312600	 	12813.333333
504.054917	 	12820.000000
-205.335295	 	12826.666667
1730.355806	 	12833.333333
-918.926626	 	12840.000000
-594.058737	 	12846.666667
218.666902	 	12853.333333
-624.846304	 	12860.000000
1204.814837	 	12866.666667
-801.051910	 	12873.333333
330.866899	 	12880.000000
552.320297	 	12886.666667
-980.123934	 	12893.333333
-408.980942	 	12900.000000
-979.205932	 	12906.666667
3494.819843	 	12913.333333
-760.251532	 	12920.000000
-699.863620	 	12926.666667
-620.947452	 	12933.333333
-235.430162	 	12940.000000
-796.553936	 	12946.666667
2220.578966	 	12953.333333
-266.025077	 	12960.000000
-856.965969	 	12966.666667
694.949067	 	12973.333333
-701.330608	 	12980.000000
493.320960	 	12986.666667
-984.811601	 	12993.333333
-264.137169	 	13000.000000
2803.386366	 	13006.666667
-907.458162	 	13013.333333
-986.002313	 	13020.000000
-967.857860	 	13026.666667
902.258858	 	13033.333333
-982.572849	 	13040.000000
2650.968209	 	13046.666667
-403.279891	 	13053.333333
-839.516305	 	13060.000000
-987.299393	 	13066.666667
-648.542142	 	13073.333333
3185.758561	 	13080.000000
-974.866070	 	13086.666667
-994.988084	 	13093.333333
-233.330091	 	13100.000000
-86.575046	 	13106.666667
-996.769821	 	13113.333333
3488.783473	 	13120.000000
-989.782417	 	13126.666667
-937.910453	 	13133.333333
-662.446289	 	13140.000000
-967.810115	 	13146.666667
3308.968584	 	13153.333333
-797.683413	 	13160.000000
-993.052188	 	13166.666667
-956.461088	 	13173.333333
-639.248895	 	13180.000000
3592.923573	 	13186.666667
-999.217750	 	13193.333333
-999.952825	 	13200.000000
-999.803229	 	13206.666667
-999.994821	 	13213.333333
-995.080039	 	13220.000000
5204.075798	 	13226.666667
1739.452544	 	13233.333333
-999.998720	 	13240.000000
-999.998720	 	13246.666667
-999.998721	 	13253.333333
-999.998728	 	13260.000000
-999.998736	 	13266.666667
-999.998739	 	13273.333333
-999.998725	 	13280.000000
-999.998742	 	13286.666667
-999.998769	 	13293.333333
-999.998791	 	13300.000000
-999.998868	 	13306.666667
-999.998900	 	13313.333333
-999.998810	 	13320.000000
-999.998892	 	13326.666667
