#peak 	 	#time 
-999.998985	 	0.000000
-999.999011	 	6.666667
-999.999366	 	13.333333
-999.999178	 	20.000000
-999.999093	 	26.666667
-999.999396	 	33.333333
-999.999292	 	40.000000
-999.999819	 	46.666667
-999.999062	 	53.333333
-999.999514	 	60.000000
-1000.000000	 	66.666667
-1000.000000	 	73.333333
-1000.000000	 	80.000000
-1000.000000	 	86.666667
-1000.000000	 	93.333333
34481.642580	 	100.000000
-999.998807	 	106.666667
-999.998824	 	113.333333
-999.998824	 	120.000000
-999.998809	 	126.666667
-999.998830	 	133.333333
-999.998823	 	140.000000
-999.998802	 	146.666667
-999.998804	 	153.333333
-999.998806	 	160.000000
-999.998805	 	166.666667
-999.998803	 	173.333333
-999.998801	 	180.000000
-999.998803	 	186.666667
-999.998802	 	193.333333
-999.998801	 	200.000000
-999.944968	 	206.666667
4670.433981	 	213.333333
785.114550	 	220.000000
-723.355676	 	226.666667
-703.572000	 	233.333333
-201.746601	 	240.000000
137.243109	 	246.666667
-2.358631	 	253.333333
49.895015	 	260.000000
-390.216445	 	266.666667
-235.343950	 	273.333333
573.057281	 	280.000000
73.834644	 	286.666667
-189.605536	 	293.333333
-45.659757	 	300.000000
-47.998317	 	306.666667
213.869523	 	313.333333
-60.811410	 	320.000000
-228.480653	 	326.666667
-92.907939	 	333.333333
-27.528267	 	340.000000
92.730067	 	346.666667
211.850797	 	353.333333
97.384055	 	360.000000
-241.704864	 	366.666667
-316.281627	 	373.333333
356.414591	 	380.000000
225.918602	 	386.666667
-241.341213	 	393.333333
-176.435969	 	400.000000
-86.219874	 	406.666667
175.628171	 	413.333333
136.771935	 	420.000000
-126.605354	 	426.666667
152.590300	 	433.333333
-30.877093	 	440.000000
-111.752851	 	446.666667
-5.155147	 	453.333333
-5.525951	 	460.000000
171.451699	 	466.666667
59.795966	 	473.333333
-108.215158	 	480.000000
152.722490	 	486.666667
-74.286202	 	493.333333
-53.763356	 	500.000000
73.109965	 	506.666667
-16.070444	 	513.333333
27.358295	 	520.000000
60.116772	 	526.666667
37.565771	 	533.333333
-188.200091	 	540.000000
-182.443499	 	546.666667
69.708438	 	553.333333
165.108659	 	560.000000
266.954775	 	566.666667
24.557802	 	573.333333
-269.284579	 	580.000000
-1.868213	 	586.666667
-47.186330	 	593.333333
141.092102	 	600.000000
188.644898	 	606.666667
-143.528527	 	613.333333
-252.319338	 	620.000000
-50.708543	 	626.666667
116.657256	 	633.333333
316.935118	 	640.000000
51.522739	 	646.666667
-91.904483	 	653.333333
-234.632591	 	660.000000
-48.210234	 	666.666667
-7.076913	 	673.333333
67.978038	 	680.000000
47.621262	 	686.666667
161.609955	 	693.333333
8.166522	 	700.000000
-63.744550	 	706.666667
-202.039002	 	713.333333
39.993810	 	720.000000
104.928278	 	726.666667
83.321266	 	733.333333
-71.483808	 	740.000000
-14.671759	 	746.666667
22.822999	 	753.333333
-15.565638	 	760.000000
-53.523412	 	766.666667
71.634551	 	773.333333
-59.712865	 	780.000000
14.934897	 	786.666667
74.496505	 	793.333333
-32.328121	 	800.000000
7.660154	 	806.666667
33.777661	 	813.333333
-17.885250	 	820.000000
-22.455897	 	826.666667
-59.816869	 	833.333333
113.130220	 	840.000000
95.756344	 	846.666667
-125.226771	 	853.333333
-101.035955	 	860.000000
53.658511	 	866.666667
120.030367	 	873.333333
40.217314	 	880.000000
-87.708421	 	886.666667
-7.792187	 	893.333333
-38.493856	 	900.000000
-43.136907	 	906.666667
93.757337	 	913.333333
113.849749	 	920.000000
14.219592	 	926.666667
-131.561252	 	933.333333
-85.440954	 	940.000000
35.836429	 	946.666667
65.681775	 	953.333333
101.503958	 	960.000000
-8.558859	 	966.666667
-110.987993	 	973.333333
7.396567	 	980.000000
67.810001	 	986.666667
35.586732	 	993.333333
-69.784876	 	1000.000000
-58.335952	 	1006.666667
49.808462	 	1013.333333
72.411855	 	1020.000000
19.254186	 	1026.666667
-29.940905	 	1033.333333
-35.477237	 	1040.000000
-17.236586	 	1046.666667
-30.253110	 	1053.333333
47.224688	 	1060.000000
85.894642	 	1066.666667
-7.125161	 	1073.333333
-55.261075	 	1080.000000
-25.410826	 	1086.666667
4.261489	 	1093.333333
32.850786	 	1100.000000
35.497723	 	1106.666667
3.991716	 	1113.333333
-9.825616	 	1120.000000
-22.433274	 	1126.666667
14.897467	 	1133.333333
5.432126	 	1140.000000
-27.811769	 	1146.666667
14.827332	 	1153.333333
23.857417	 	1160.000000
7.227066	 	1166.666667
-3.652341	 	1173.333333
-1.128884	 	1180.000000
25.359865	 	1186.666667
2.590036	 	1193.333333
-40.312065	 	1200.000000
-6.221549	 	1206.666667
26.075117	 	1213.333333
19.656615	 	1220.000000
13.368740	 	1226.666667
-6.921438	 	1233.333333
3.360073	 	1240.000000
0.178538	 	1246.666667
-22.934895	 	1253.333333
6.034361	 	1260.000000
21.977188	 	1266.666667
28.401759	 	1273.333333
19.811083	 	1280.000000
-39.034339	 	1286.666667
-18.630997	 	1293.333333
12.080283	 	1300.000000
13.903271	 	1306.666667
14.859361	 	1313.333333
-18.126294	 	1320.000000
-3.582685	 	1326.666667
32.055416	 	1333.333333
11.312774	 	1340.000000
-7.660268	 	1346.666667
-24.862972	 	1353.333333
8.205874	 	1360.000000
18.673689	 	1366.666667
12.033166	 	1373.333333
-0.534599	 	1380.000000
-16.632998	 	1386.666667
9.962627	 	1393.333333
30.368584	 	1400.000000
-12.619663	 	1406.666667
-7.752926	 	1413.333333
10.960223	 	1420.000000
3.050149	 	1426.666667
10.075731	 	1433.333333
-20.119259	 	1440.000000
2.973140	 	1446.666667
19.411715	 	1453.333333
12.870115	 	1460.000000
-4.507969	 	1466.666667
8.180039	 	1473.333333
-5.321841	 	1480.000000
-9.684588	 	1486.666667
-2.563154	 	1493.333333
29.456908	 	1500.000000
-1.787471	 	1506.666667
0.825843	 	1513.333333
7.730324	 	1520.000000
7.279706	 	1526.666667
-5.101777	 	1533.333333
3.280607	 	1540.000000
-8.968979	 	1546.666667
22.174520	 	1553.333333
-1.997783	 	1560.000000
7.225797	 	1566.666667
-14.530917	 	1573.333333
-5.798476	 	1580.000000
12.733414	 	1586.666667
18.474477	 	1593.333333
14.834866	 	1600.000000
9.043820	 	1606.666667
-36.822471	 	1613.333333
15.515113	 	1620.000000
0.837839	 	1626.666667
-1.580121	 	1633.333333
8.864860	 	1640.000000
27.199314	 	1646.666667
-5.218441	 	1653.333333
-16.620411	 	1660.000000
-1.254350	 	1666.666667
17.056217	 	1673.333333
1.059247	 	1680.000000
5.648443	 	1686.666667
-10.038899	 	1693.333333
17.452677	 	1700.000000
9.997216	 	1706.666667
-32.729186	 	1713.333333
3.190767	 	1720.000000
30.844744	 	1726.666667
3.081436	 	1733.333333
-3.128214	 	1740.000000
-0.125635	 	1746.666667
11.901003	 	1753.333333
8.966023	 	1760.000000
-15.403259	 	1766.666667
-5.439713	 	1773.333333
6.267972	 	1780.000000
-3.038144	 	1786.666667
13.409567	 	1793.333333
40.144580	 	1800.000000
3.555534	 	1806.666667
-21.854483	 	1813.333333
-16.464742	 	1820.000000
11.176292	 	1826.666667
19.163075	 	1833.333333
-5.444224	 	1840.000000
-24.596826	 	1846.666667
23.770488	 	1853.333333
32.838549	 	1860.000000
-10.540698	 	1866.666667
-12.197844	 	1873.333333
7.637635	 	1880.000000
6.817467	 	1886.666667
19.260859	 	1893.333333
2.391157	 	1900.000000
-7.296978	 	1906.666667
-13.715951	 	1913.333333
-7.981844	 	1920.000000
20.305906	 	1926.666667
27.270694	 	1933.333333
10.015237	 	1940.000000
-20.378999	 	1946.666667
-10.911958	 	1953.333333
14.287519	 	1960.000000
10.533809	 	1966.666667
21.787753	 	1973.333333
-3.451138	 	1980.000000
-24.639327	 	1986.666667
3.620002	 	1993.333333
1.282839	 	2000.000000
24.654488	 	2006.666667
32.811635	 	2013.333333
-0.463771	 	2020.000000
-12.219023	 	2026.666667
-26.477129	 	2033.333333
-9.517978	 	2040.000000
29.330049	 	2046.666667
15.745928	 	2053.333333
14.038346	 	2060.000000
7.761747	 	2066.666667
-3.575841	 	2073.333333
-22.036765	 	2080.000000
2.445703	 	2086.666667
25.870348	 	2093.333333
6.242256	 	2100.000000
-11.957629	 	2106.666667
-7.752020	 	2113.333333
-3.063821	 	2120.000000
6.206984	 	2126.666667
3.374380	 	2133.333333
27.247754	 	2140.000000
15.643829	 	2146.666667
-17.053160	 	2153.333333
-25.430480	 	2160.000000
-2.983048	 	2166.666667
25.045240	 	2173.333333
41.589490	 	2180.000000
-17.134987	 	2186.666667
-12.972876	 	2193.333333
-1.052608	 	2200.000000
4.892053	 	2206.666667
8.107968	 	2213.333333
4.866337	 	2220.000000
-0.633302	 	2226.666667
24.631745	 	2233.333333
6.761492	 	2240.000000
-3.980689	 	2246.666667
-20.842685	 	2253.333333
2.136175	 	2260.000000
25.737230	 	2266.666667
13.336595	 	2273.333333
-18.382713	 	2280.000000
-13.806616	 	2286.666667
-6.838479	 	2293.333333
34.803651	 	2300.000000
25.211300	 	2306.666667
8.349595	 	2313.333333
3.291337	 	2320.000000
-16.529755	 	2326.666667
-16.056540	 	2333.333333
24.653279	 	2340.000000
10.149278	 	2346.666667
-2.601635	 	2353.333333
-8.830520	 	2360.000000
5.806423	 	2366.666667
18.100954	 	2373.333333
14.534477	 	2380.000000
-8.053111	 	2386.666667
-23.359765	 	2393.333333
-2.284534	 	2400.000000
19.208297	 	2406.666667
15.796293	 	2413.333333
7.327977	 	2420.000000
-10.130577	 	2426.666667
-2.829767	 	2433.333333
26.230831	 	2440.000000
3.505740	 	2446.666667
-17.965150	 	2453.333333
13.663449	 	2460.000000
32.051283	 	2466.666667
8.333595	 	2473.333333
-27.126576	 	2480.000000
-8.696469	 	2486.666667
23.765281	 	2493.333333
14.106589	 	2500.000000
-6.380141	 	2506.666667
4.366300	 	2513.333333
-9.437411	 	2520.000000
2.067388	 	2526.666667
19.588777	 	2533.333333
18.140775	 	2540.000000
-9.213316	 	2546.666667
-2.498412	 	2553.333333
0.968105	 	2560.000000
8.518533	 	2566.666667
0.292641	 	2573.333333
-7.202598	 	2580.000000
12.735748	 	2586.666667
8.925577	 	2593.333333
-15.392718	 	2600.000000
10.346635	 	2606.666667
31.923438	 	2613.333333
-18.639144	 	2620.000000
-17.012507	 	2626.666667
19.669767	 	2633.333333
-2.026317	 	2640.000000
7.600408	 	2646.666667
20.319016	 	2653.333333
12.431637	 	2660.000000
-29.071605	 	2666.666667
-31.299516	 	2673.333333
27.121172	 	2680.000000
54.436484	 	2686.666667
-9.295803	 	2693.333333
-20.262741	 	2700.000000
7.191912	 	2706.666667
10.584786	 	2713.333333
-11.616311	 	2720.000000
3.426127	 	2726.666667
21.812312	 	2733.333333
1.869636	 	2740.000000
-24.594557	 	2746.666667
13.853820	 	2753.333333
14.945464	 	2760.000000
9.469171	 	2766.666667
12.735456	 	2773.333333
-8.846459	 	2780.000000
4.903218	 	2786.666667
7.207120	 	2793.333333
-22.599785	 	2800.000000
-5.504416	 	2806.666667
26.391580	 	2813.333333
18.911532	 	2820.000000
-13.942060	 	2826.666667
1.405226	 	2833.333333
-14.798616	 	2840.000000
15.503453	 	2846.666667
30.690280	 	2853.333333
-9.952063	 	2860.000000
-23.611897	 	2866.666667
11.873079	 	2873.333333
15.601289	 	2880.000000
9.930106	 	2886.666667
-16.188210	 	2893.333333
6.455100	 	2900.000000
13.420543	 	2906.666667
10.825947	 	2913.333333
-28.700469	 	2920.000000
-2.050285	 	2926.666667
30.445775	 	2933.333333
26.073980	 	2940.000000
-21.579310	 	2946.666667
-28.957253	 	2953.333333
-6.279561	 	2960.000000
46.904632	 	2966.666667
-0.168755	 	2973.333333
1.684378	 	2980.000000
13.589226	 	2986.666667
-18.676430	 	2993.333333
-8.702516	 	3000.000000
27.105922	 	3006.666667
8.052009	 	3013.333333
-1.048750	 	3020.000000
-8.536238	 	3026.666667
-1.112445	 	3033.333333
21.195646	 	3040.000000
33.439694	 	3046.666667
-7.245112	 	3053.333333
-31.898472	 	3060.000000
-2.548372	 	3066.666667
13.680867	 	3073.333333
22.641224	 	3080.000000
-2.091457	 	3086.666667
-22.100102	 	3093.333333
7.761762	 	3100.000000
18.464795	 	3106.666667
21.918945	 	3113.333333
12.032049	 	3120.000000
-9.601512	 	3126.666667
-31.986544	 	3133.333333
-21.256783	 	3140.000000
43.579561	 	3146.666667
127.991456	 	3153.333333
130.230922	 	3160.000000
102.524198	 	3166.666667
92.594458	 	3173.333333
80.166833	 	3180.000000
174.523499	 	3186.666667
698.796387	 	3193.333333
1695.819538	 	3200.000000
2378.562485	 	3206.666667
2035.177147	 	3213.333333
1567.374074	 	3220.000000
1703.270690	 	3226.666667
2506.839486	 	3233.333333
3308.973830	 	3240.000000
3578.622925	 	3246.666667
3659.422177	 	3253.333333
3919.000974	 	3260.000000
4363.902911	 	3266.666667
4663.897486	 	3273.333333
4536.483405	 	3280.000000
4561.966586	 	3286.666667
4860.090132	 	3293.333333
4863.429272	 	3300.000000
4931.854076	 	3306.666667
4922.265054	 	3313.333333
4718.827727	 	3320.000000
4671.585176	 	3326.666667
4772.613766	 	3333.333333
4822.292263	 	3340.000000
4892.950323	 	3346.666667
4554.092474	 	3353.333333
4456.800741	 	3360.000000
4417.328949	 	3366.666667
4161.407097	 	3373.333333
4051.919075	 	3380.000000
4259.113043	 	3386.666667
4038.044779	 	3393.333333
3672.004679	 	3400.000000
3562.139636	 	3406.666667
3596.584990	 	3413.333333
3439.486314	 	3420.000000
3227.598720	 	3426.666667
3072.025339	 	3433.333333
3043.828800	 	3440.000000
2956.636154	 	3446.666667
2823.660386	 	3453.333333
2809.045092	 	3460.000000
2676.078723	 	3466.666667
2447.619059	 	3473.333333
2425.464769	 	3480.000000
2526.956868	 	3486.666667
2446.804135	 	3493.333333
2233.092045	 	3500.000000
2093.186156	 	3506.666667
2063.582352	 	3513.333333
2024.958301	 	3520.000000
2046.056741	 	3526.666667
2017.977332	 	3533.333333
1920.500546	 	3540.000000
1824.815866	 	3546.666667
1795.079933	 	3553.333333
1828.017527	 	3560.000000
1739.792734	 	3566.666667
1627.698732	 	3573.333333
1636.327389	 	3580.000000
1603.805655	 	3586.666667
1527.690209	 	3593.333333
1475.023769	 	3600.000000
1447.189151	 	3606.666667
1511.144876	 	3613.333333
1541.584568	 	3620.000000
1465.104395	 	3626.666667
1341.645234	 	3633.333333
1271.254346	 	3640.000000
1245.238011	 	3646.666667
1312.535029	 	3653.333333
1357.602254	 	3660.000000
1244.735825	 	3666.666667
1105.954135	 	3673.333333
1121.268189	 	3680.000000
1184.326007	 	3686.666667
1226.154724	 	3693.333333
1148.707682	 	3700.000000
1068.322237	 	3706.666667
1087.311500	 	3713.333333
1118.562714	 	3720.000000
1081.863452	 	3726.666667
1057.674098	 	3733.333333
1030.634062	 	3740.000000
1042.921856	 	3746.666667
985.034101	 	3753.333333
908.185128	 	3760.000000
903.218073	 	3766.666667
929.845018	 	3773.333333
923.120608	 	3780.000000
893.543814	 	3786.666667
829.524996	 	3793.333333
847.357451	 	3800.000000
888.706448	 	3806.666667
871.020944	 	3813.333333
773.574102	 	3820.000000
786.891222	 	3826.666667
808.483937	 	3833.333333
803.659645	 	3840.000000
775.907733	 	3846.666667
747.740854	 	3853.333333
727.628155	 	3860.000000
739.401965	 	3866.666667
696.917306	 	3873.333333
680.972222	 	3880.000000
691.782026	 	3886.666667
700.866471	 	3893.333333
698.332408	 	3900.000000
683.881116	 	3906.666667
645.113415	 	3913.333333
609.772356	 	3920.000000
597.624272	 	3926.666667
613.414307	 	3933.333333
630.861180	 	3940.000000
636.992654	 	3946.666667
606.814114	 	3953.333333
568.457881	 	3960.000000
547.372623	 	3966.666667
531.615790	 	3973.333333
560.258374	 	3980.000000
555.220696	 	3986.666667
523.630516	 	3993.333333
543.031180	 	4000.000000
522.823707	 	4006.666667
516.999815	 	4013.333333
489.272050	 	4020.000000
497.911738	 	4026.666667
519.437982	 	4033.333333
513.869303	 	4040.000000
448.580933	 	4046.666667
466.501516	 	4053.333333
471.737361	 	4060.000000
446.990397	 	4066.666667
433.405190	 	4073.333333
488.191776	 	4080.000000
442.920290	 	4086.666667
438.210330	 	4093.333333
402.586775	 	4100.000000
398.755332	 	4106.666667
406.294455	 	4113.333333
409.783382	 	4120.000000
369.541645	 	4126.666667
401.234307	 	4133.333333
412.147737	 	4140.000000
410.197653	 	4146.666667
379.588597	 	4153.333333
372.975540	 	4160.000000
359.473757	 	4166.666667
354.140503	 	4173.333333
350.087088	 	4180.000000
345.986316	 	4186.666667
342.116699	 	4193.333333
314.863977	 	4200.000000
347.593850	 	4206.666667
341.275680	 	4213.333333
340.229754	 	4220.000000
355.613760	 	4226.666667
313.384821	 	4233.333333
266.831786	 	4240.000000
338.635634	 	4246.666667
328.227926	 	4253.333333
308.934775	 	4260.000000
276.259067	 	4266.666667
308.484026	 	4273.333333
291.316369	 	4280.000000
286.049303	 	4286.666667
279.078165	 	4293.333333
297.907432	 	4300.000000
282.912143	 	4306.666667
296.210503	 	4313.333333
272.805986	 	4320.000000
285.359157	 	4326.666667
243.874025	 	4333.333333
259.160388	 	4340.000000
248.821896	 	4346.666667
283.061963	 	4353.333333
268.678221	 	4360.000000
236.507531	 	4366.666667
210.759112	 	4373.333333
242.815353	 	4380.000000
231.502435	 	4386.666667
208.692965	 	4393.333333
265.883277	 	4400.000000
268.272784	 	4406.666667
205.648936	 	4413.333333
219.239948	 	4420.000000
186.485395	 	4426.666667
205.926800	 	4433.333333
243.949870	 	4440.000000
226.953764	 	4446.666667
197.748155	 	4453.333333
205.378766	 	4460.000000
216.786287	 	4466.666667
188.567491	 	4473.333333
172.261305	 	4480.000000
189.597962	 	4486.666667
209.891287	 	4493.333333
228.395079	 	4500.000000
228.299627	 	4506.666667
166.286074	 	4513.333333
128.576385	 	4520.000000
156.033988	 	4526.666667
223.056363	 	4533.333333
185.568764	 	4540.000000
165.480922	 	4546.666667
157.889186	 	4553.333333
161.319187	 	4560.000000
170.689466	 	4566.666667
201.892328	 	4573.333333
148.773958	 	4580.000000
140.394907	 	4586.666667
167.311106	 	4593.333333
174.213914	 	4600.000000
144.409190	 	4606.666667
158.959499	 	4613.333333
106.182774	 	4620.000000
177.921035	 	4626.666667
204.002919	 	4633.333333
140.072792	 	4640.000000
96.232224	 	4646.666667
177.178484	 	4653.333333
99.688639	 	4660.000000
90.059831	 	4666.666667
170.164011	 	4673.333333
208.701235	 	4680.000000
121.295667	 	4686.666667
80.470406	 	4693.333333
146.368282	 	4700.000000
230.802716	 	4706.666667
70.295004	 	4713.333333
51.335317	 	4720.000000
159.894087	 	4726.666667
137.868868	 	4733.333333
121.253119	 	4740.000000
98.140113	 	4746.666667
154.813291	 	4753.333333
167.686737	 	4760.000000
98.577542	 	4766.666667
40.802496	 	4773.333333
160.056356	 	4780.000000
127.358808	 	4786.666667
96.477614	 	4793.333333
109.492404	 	4800.000000
134.294876	 	4806.666667
89.014123	 	4813.333333
153.173763	 	4820.000000
67.787354	 	4826.666667
109.341740	 	4833.333333
113.349824	 	4840.000000
142.636607	 	4846.666667
83.516291	 	4853.333333
117.950720	 	4860.000000
61.426222	 	4866.666667
79.402182	 	4873.333333
90.102927	 	4880.000000
171.783951	 	4886.666667
93.048119	 	4893.333333
73.750883	 	4900.000000
72.382081	 	4906.666667
144.054405	 	4913.333333
78.936955	 	4920.000000
80.174184	 	4926.666667
76.592554	 	4933.333333
101.598611	 	4940.000000
65.582401	 	4946.666667
71.107282	 	4953.333333
114.481046	 	4960.000000
98.505993	 	4966.666667
26.359694	 	4973.333333
49.287663	 	4980.000000
125.463257	 	4986.666667
157.503529	 	4993.333333
38.065999	 	5000.000000
23.813247	 	5006.666667
122.206601	 	5013.333333
118.084401	 	5020.000000
76.641674	 	5026.666667
64.169098	 	5033.333333
65.098374	 	5040.000000
98.384959	 	5046.666667
72.848147	 	5053.333333
12.469858	 	5060.000000
91.086454	 	5066.666667
137.020958	 	5073.333333
58.513094	 	5080.000000
26.951811	 	5086.666667
68.778678	 	5093.333333
124.532564	 	5100.000000
83.067455	 	5106.666667
15.765345	 	5113.333333
64.395545	 	5120.000000
102.419987	 	5126.666667
63.512070	 	5133.333333
43.570211	 	5140.000000
60.137172	 	5146.666667
93.602196	 	5153.333333
61.832784	 	5160.000000
52.429755	 	5166.666667
58.993592	 	5173.333333
55.932694	 	5180.000000
47.645318	 	5186.666667
57.453946	 	5193.333333
55.525191	 	5200.000000
84.813843	 	5206.666667
81.170328	 	5213.333333
60.789053	 	5220.000000
29.163927	 	5226.666667
35.857328	 	5233.333333
67.137328	 	5240.000000
79.981317	 	5246.666667
41.177337	 	5253.333333
59.909451	 	5260.000000
39.079198	 	5266.666667
64.354028	 	5273.333333
49.082844	 	5280.000000
44.358122	 	5286.666667
63.765064	 	5293.333333
76.632590	 	5300.000000
33.979196	 	5306.666667
46.900849	 	5313.333333
39.231750	 	5320.000000
58.707115	 	5326.666667
42.668914	 	5333.333333
48.839899	 	5340.000000
38.684596	 	5346.666667
47.274466	 	5353.333333
58.279664	 	5360.000000
73.932252	 	5366.666667
38.480050	 	5373.333333
23.924170	 	5380.000000
46.592684	 	5386.666667
39.974042	 	5393.333333
48.579913	 	5400.000000
53.003813	 	5406.666667
26.803567	 	5413.333333
34.867207	 	5420.000000
68.912104	 	5426.666667
46.661590	 	5433.333333
44.564716	 	5440.000000
24.752435	 	5446.666667
17.367131	 	5453.333333
41.907774	 	5460.000000
45.954979	 	5466.666667
42.920004	 	5473.333333
61.006611	 	5480.000000
27.576110	 	5486.666667
21.238466	 	5493.333333
26.979913	 	5500.000000
47.978897	 	5506.666667
58.822334	 	5513.333333
45.411566	 	5520.000000
39.357960	 	5526.666667
43.157736	 	5533.333333
8.146035	 	5540.000000
31.824119	 	5546.666667
49.277023	 	5553.333333
51.218596	 	5560.000000
26.496033	 	5566.666667
40.950270	 	5573.333333
40.872702	 	5580.000000
9.743321	 	5586.666667
25.898381	 	5593.333333
42.545936	 	5600.000000
49.605213	 	5606.666667
47.816338	 	5613.333333
29.935047	 	5620.000000
31.226294	 	5626.666667
4.651434	 	5633.333333
20.037582	 	5640.000000
42.902732	 	5646.666667
60.711315	 	5653.333333
46.759991	 	5660.000000
6.788395	 	5666.666667
21.692982	 	5673.333333
48.575444	 	5680.000000
20.046332	 	5686.666667
37.494364	 	5693.333333
38.080326	 	5700.000000
35.526681	 	5706.666667
11.973415	 	5713.333333
29.025999	 	5720.000000
51.031366	 	5726.666667
42.833322	 	5733.333333
23.493084	 	5740.000000
-5.372809	 	5746.666667
18.465383	 	5753.333333
42.272827	 	5760.000000
57.665166	 	5766.666667
29.285129	 	5773.333333
9.732427	 	5780.000000
-0.985491	 	5786.666667
43.858933	 	5793.333333
57.113989	 	5800.000000
51.142851	 	5806.666667
3.135866	 	5813.333333
18.886530	 	5820.000000
23.332166	 	5826.666667
20.075180	 	5833.333333
18.076934	 	5840.000000
56.091717	 	5846.666667
58.716106	 	5853.333333
12.409012	 	5860.000000
-9.717539	 	5866.666667
3.084447	 	5873.333333
13.539238	 	5880.000000
41.762478	 	5886.666667
35.951531	 	5893.333333
15.255255	 	5900.000000
34.098368	 	5906.666667
2.878534	 	5913.333333
7.865678	 	5920.000000
42.840662	 	5926.666667
36.669471	 	5933.333333
19.420655	 	5940.000000
18.500465	 	5946.666667
1.842658	 	5953.333333
19.905920	 	5960.000000
27.273642	 	5966.666667
61.767331	 	5973.333333
15.437146	 	5980.000000
-21.420100	 	5986.666667
-0.467181	 	5993.333333
39.807221	 	6000.000000
38.487379	 	6006.666667
7.879866	 	6013.333333
-9.294113	 	6020.000000
41.197094	 	6026.666667
36.338036	 	6033.333333
8.480674	 	6040.000000
-6.344583	 	6046.666667
27.035504	 	6053.333333
38.322791	 	6060.000000
18.954001	 	6066.666667
7.529764	 	6073.333333
4.079983	 	6080.000000
5.109426	 	6086.666667
30.491531	 	6093.333333
55.627960	 	6100.000000
19.270680	 	6106.666667
-25.684003	 	6113.333333
14.558704	 	6120.000000
49.623181	 	6126.666667
52.215014	 	6133.333333
-2.772105	 	6140.000000
-8.245026	 	6146.666667
29.040797	 	6153.333333
38.386816	 	6160.000000
9.656692	 	6166.666667
7.732592	 	6173.333333
14.322037	 	6180.000000
16.559586	 	6186.666667
5.435428	 	6193.333333
27.240356	 	6200.000000
29.641416	 	6206.666667
18.711553	 	6213.333333
6.830560	 	6220.000000
7.559693	 	6226.666667
24.966234	 	6233.333333
31.208312	 	6240.000000
16.944972	 	6246.666667
9.060439	 	6253.333333
18.119831	 	6260.000000
16.360442	 	6266.666667
-8.695336	 	6273.333333
5.827872	 	6280.000000
42.169068	 	6286.666667
40.001159	 	6293.333333
12.777196	 	6300.000000
-14.183450	 	6306.666667
-7.757318	 	6313.333333
25.093836	 	6320.000000
40.662219	 	6326.666667
-1.523270	 	6333.333333
14.871832	 	6340.000000
4.998704	 	6346.666667
26.919963	 	6353.333333
21.998803	 	6360.000000
23.687962	 	6366.666667
-9.417603	 	6373.333333
4.332815	 	6380.000000
17.978499	 	6386.666667
43.900611	 	6393.333333
4.495866	 	6400.000000
-10.391931	 	6406.666667
-4.956898	 	6413.333333
22.934587	 	6420.000000
42.898707	 	6426.666667
9.888634	 	6433.333333
-10.234425	 	6440.000000
13.714400	 	6446.666667
33.650090	 	6453.333333
21.998186	 	6460.000000
5.638370	 	6466.666667
-20.772671	 	6473.333333
20.906367	 	6480.000000
37.509046	 	6486.666667
29.546386	 	6493.333333
-13.382749	 	6500.000000
-14.531149	 	6506.666667
27.521505	 	6513.333333
32.031845	 	6520.000000
-1.875378	 	6526.666667
11.600459	 	6533.333333
-1.850265	 	6540.000000
18.836663	 	6546.666667
29.155801	 	6553.333333
17.004173	 	6560.000000
3.843919	 	6566.666667
15.032521	 	6573.333333
12.599383	 	6580.000000
4.214370	 	6586.666667
-7.357022	 	6593.333333
7.097854	 	6600.000000
14.632778	 	6606.666667
17.016084	 	6613.333333
6.830708	 	6620.000000
13.931593	 	6626.666667
14.593374	 	6633.333333
5.819670	 	6640.000000
-5.643448	 	6646.666667
22.575896	 	6653.333333
21.770778	 	6660.000000
20.688814	 	6666.666667
-5.964648	 	6673.333333
-10.916125	 	6680.000000
7.058032	 	6686.666667
19.771158	 	6693.333333
21.874798	 	6700.000000
30.434421	 	6706.666667
0.205049	 	6713.333333
5.773121	 	6720.000000
-10.275168	 	6726.666667
4.560297	 	6733.333333
23.243505	 	6740.000000
15.827899	 	6746.666667
-0.635098	 	6753.333333
6.909341	 	6760.000000
11.716456	 	6766.666667
-0.620732	 	6773.333333
4.241954	 	6780.000000
28.749404	 	6786.666667
2.915232	 	6793.333333
-9.507036	 	6800.000000
8.344496	 	6806.666667
38.060772	 	6813.333333
27.582633	 	6820.000000
-7.841406	 	6826.666667
-12.437771	 	6833.333333
-5.469545	 	6840.000000
19.123344	 	6846.666667
16.167904	 	6853.333333
9.913698	 	6860.000000
21.927984	 	6866.666667
5.998049	 	6873.333333
-6.967097	 	6880.000000
-14.819548	 	6886.666667
8.896710	 	6893.333333
34.658332	 	6900.000000
23.518706	 	6906.666667
-2.387580	 	6913.333333
-24.751639	 	6920.000000
-4.126818	 	6926.666667
37.405876	 	6933.333333
36.759039	 	6940.000000
1.133496	 	6946.666667
-22.651591	 	6953.333333
-2.256572	 	6960.000000
23.602191	 	6966.666667
31.721374	 	6973.333333
21.991716	 	6980.000000
-9.833852	 	6986.666667
-0.138415	 	6993.333333
3.589430	 	7000.000000
4.852501	 	7006.666667
25.506713	 	7013.333333
20.338465	 	7020.000000
-5.343357	 	7026.666667
-7.135037	 	7033.333333
5.339132	 	7040.000000
13.142802	 	7046.666667
14.460156	 	7053.333333
3.609680	 	7060.000000
-8.239436	 	7066.666667
24.328573	 	7073.333333
34.642293	 	7080.000000
-10.580270	 	7086.666667
-11.591098	 	7093.333333
-0.322006	 	7100.000000
22.240057	 	7106.666667
11.809631	 	7113.333333
-8.027347	 	7120.000000
11.240726	 	7126.666667
16.226653	 	7133.333333
9.601160	 	7140.000000
5.893422	 	7146.666667
-6.787778	 	7153.333333
5.189942	 	7160.000000
0.153806	 	7166.666667
0.147475	 	7173.333333
29.579292	 	7180.000000
9.724611	 	7186.666667
-4.971969	 	7193.333333
0.190734	 	7200.000000
4.835702	 	7206.666667
4.918620	 	7213.333333
3.780438	 	7220.000000
5.080134	 	7226.666667
2.970980	 	7233.333333
2.762015	 	7240.000000
10.920472	 	7246.666667
7.474266	 	7253.333333
-0.636749	 	7260.000000
4.945827	 	7266.666667
9.505186	 	7273.333333
9.677411	 	7280.000000
4.479948	 	7286.666667
10.795736	 	7293.333333
-14.515047	 	7300.000000
7.008104	 	7306.666667
10.819183	 	7313.333333
11.715328	 	7320.000000
13.139756	 	7326.666667
-14.637233	 	7333.333333
-16.890447	 	7340.000000
23.532804	 	7346.666667
0.190798	 	7353.333333
-1.341966	 	7360.000000
6.505751	 	7366.666667
-0.365044	 	7373.333333
-4.533470	 	7380.000000
-0.760265	 	7386.666667
14.574288	 	7393.333333
25.257655	 	7400.000000
-5.599934	 	7406.666667
-11.096120	 	7413.333333
-8.201984	 	7420.000000
-6.964561	 	7426.666667
5.553166	 	7433.333333
21.890809	 	7440.000000
-9.549129	 	7446.666667
0.657166	 	7453.333333
9.542273	 	7460.000000
6.873719	 	7466.666667
3.349858	 	7473.333333
-8.908455	 	7480.000000
-16.707459	 	7486.666667
5.684330	 	7493.333333
19.456963	 	7500.000000
6.206446	 	7506.666667
15.547489	 	7513.333333
5.430403	 	7520.000000
-18.145004	 	7526.666667
4.366453	 	7533.333333
28.855137	 	7540.000000
14.320075	 	7546.666667
2.198067	 	7553.333333
-17.834328	 	7560.000000
-7.682743	 	7566.666667
21.910939	 	7573.333333
18.165539	 	7580.000000
-23.102200	 	7586.666667
-9.048746	 	7593.333333
15.251506	 	7600.000000
23.180343	 	7606.666667
-6.408109	 	7613.333333
-5.099046	 	7620.000000
-22.446605	 	7626.666667
7.364964	 	7633.333333
7.200089	 	7640.000000
13.501692	 	7646.666667
18.908604	 	7653.333333
8.901739	 	7660.000000
-1.866791	 	7666.666667
11.064992	 	7673.333333
-8.685847	 	7680.000000
-10.120635	 	7686.666667
0.447999	 	7693.333333
22.770948	 	7700.000000
20.938054	 	7706.666667
-0.731258	 	7713.333333
-15.562329	 	7720.000000
11.753648	 	7726.666667
-0.503247	 	7733.333333
-9.234541	 	7740.000000
8.752779	 	7746.666667
13.185415	 	7753.333333
-4.046320	 	7760.000000
-13.562350	 	7766.666667
-17.213473	 	7773.333333
25.911092	 	7780.000000
20.305240	 	7786.666667
25.390959	 	7793.333333
-9.329770	 	7800.000000
-28.616752	 	7806.666667
-6.912097	 	7813.333333
25.573443	 	7820.000000
19.329827	 	7826.666667
-4.072669	 	7833.333333
-26.730153	 	7840.000000
15.156032	 	7846.666667
17.638809	 	7853.333333
-5.617746	 	7860.000000
-10.671802	 	7866.666667
1.190361	 	7873.333333
9.190687	 	7880.000000
-20.598566	 	7886.666667
7.401256	 	7893.333333
32.865119	 	7900.000000
13.519239	 	7906.666667
-7.256334	 	7913.333333
1.617478	 	7920.000000
-9.934164	 	7926.666667
-0.350831	 	7933.333333
-10.220586	 	7940.000000
18.213831	 	7946.666667
20.329528	 	7953.333333
3.234591	 	7960.000000
-18.072047	 	7966.666667
4.906024	 	7973.333333
11.894383	 	7980.000000
5.039925	 	7986.666667
-11.890307	 	7993.333333
13.151186	 	8000.000000
12.042910	 	8006.666667
-4.909105	 	8013.333333
-2.801121	 	8020.000000
10.388465	 	8026.666667
1.666516	 	8033.333333
2.012102	 	8040.000000
-7.835479	 	8046.666667
-1.138808	 	8053.333333
26.450162	 	8060.000000
3.062481	 	8066.666667
-16.547419	 	8073.333333
-3.391310	 	8080.000000
4.893737	 	8086.666667
12.045088	 	8093.333333
5.744660	 	8100.000000
-0.829497	 	8106.666667
6.084817	 	8113.333333
-14.238649	 	8120.000000
-16.603851	 	8126.666667
6.948427	 	8133.333333
19.976715	 	8140.000000
8.797060	 	8146.666667
-6.882984	 	8153.333333
-3.451351	 	8160.000000
8.713223	 	8166.666667
-9.584020	 	8173.333333
-10.507486	 	8180.000000
5.964338	 	8186.666667
22.099437	 	8193.333333
-5.720339	 	8200.000000
4.957145	 	8206.666667
8.558953	 	8213.333333
-13.602218	 	8220.000000
-6.917797	 	8226.666667
3.900425	 	8233.333333
8.074839	 	8240.000000
4.829943	 	8246.666667
-8.791190	 	8253.333333
21.880609	 	8260.000000
1.424842	 	8266.666667
-8.368539	 	8273.333333
-3.302784	 	8280.000000
7.877762	 	8286.666667
2.044052	 	8293.333333
-0.647590	 	8300.000000
4.779406	 	8306.666667
15.403165	 	8313.333333
-9.509604	 	8320.000000
-19.487836	 	8326.666667
19.149924	 	8333.333333
25.091846	 	8340.000000
-8.427306	 	8346.666667
5.362545	 	8353.333333
-12.942885	 	8360.000000
-18.916130	 	8366.666667
2.889208	 	8373.333333
-0.949765	 	8380.000000
15.764271	 	8386.666667
22.171953	 	8393.333333
-8.717050	 	8400.000000
-7.605613	 	8406.666667
-1.976050	 	8413.333333
-1.279695	 	8420.000000
4.654012	 	8426.666667
5.398452	 	8433.333333
-14.312205	 	8440.000000
-14.860169	 	8446.666667
20.222023	 	8453.333333
30.702504	 	8460.000000
0.699936	 	8466.666667
-24.760155	 	8473.333333
-20.832106	 	8480.000000
17.830558	 	8486.666667
19.017435	 	8493.333333
-15.702059	 	8500.000000
-25.659260	 	8506.666667
11.070309	 	8513.333333
31.530525	 	8520.000000
7.497891	 	8526.666667
-16.262124	 	8533.333333
-4.281095	 	8540.000000
-7.454230	 	8546.666667
-8.619043	 	8553.333333
2.583182	 	8560.000000
1.267473	 	8566.666667
5.102249	 	8573.333333
13.078221	 	8580.000000
7.693902	 	8586.666667
-0.378434	 	8593.333333
-6.911190	 	8600.000000
-17.266287	 	8606.666667
-0.371822	 	8613.333333
6.454302	 	8620.000000
11.888647	 	8626.666667
-14.018289	 	8633.333333
-5.500491	 	8640.000000
-7.133795	 	8646.666667
6.677939	 	8653.333333
25.912108	 	8660.000000
15.872754	 	8666.666667
-7.267080	 	8673.333333
-2.463648	 	8680.000000
-29.471677	 	8686.666667
0.783128	 	8693.333333
2.958739	 	8700.000000
24.987477	 	8706.666667
-5.348995	 	8713.333333
-21.888938	 	8720.000000
9.017784	 	8726.666667
27.898943	 	8733.333333
-10.888677	 	8740.000000
-22.621032	 	8746.666667
-12.542446	 	8753.333333
23.894852	 	8760.000000
13.999140	 	8766.666667
4.999693	 	8773.333333
-0.758198	 	8780.000000
-15.182574	 	8786.666667
-22.425590	 	8793.333333
-2.971667	 	8800.000000
21.300469	 	8806.666667
17.598196	 	8813.333333
-25.373484	 	8820.000000
-7.200866	 	8826.666667
4.339093	 	8833.333333
3.936863	 	8840.000000
-7.464908	 	8846.666667
1.845470	 	8853.333333
12.984304	 	8860.000000
12.679865	 	8866.666667
-20.256588	 	8873.333333
-17.211967	 	8880.000000
-28.673706	 	8886.666667
18.194263	 	8893.333333
31.694990	 	8900.000000
3.764888	 	8906.666667
-18.290840	 	8913.333333
-2.296924	 	8920.000000
-6.136625	 	8926.666667
5.737263	 	8933.333333
-1.909917	 	8940.000000
19.299407	 	8946.666667
-11.884138	 	8953.333333
-19.738665	 	8960.000000
1.352732	 	8966.666667
10.931596	 	8973.333333
1.261860	 	8980.000000
1.002250	 	8986.666667
-5.199666	 	8993.333333
10.372826	 	9000.000000
-15.303548	 	9006.666667
14.016702	 	9013.333333
7.731574	 	9020.000000
-31.743734	 	9026.666667
-20.716127	 	9033.333333
37.405441	 	9040.000000
39.236500	 	9046.666667
-0.741356	 	9053.333333
-42.043425	 	9060.000000
-15.080075	 	9066.666667
2.644843	 	9073.333333
21.607030	 	9080.000000
1.910171	 	9086.666667
9.713770	 	9093.333333
-14.914359	 	9100.000000
1.528392	 	9106.666667
8.313384	 	9113.333333
9.794356	 	9120.000000
-16.763989	 	9126.666667
-6.589110	 	9133.333333
4.941116	 	9140.000000
5.284277	 	9146.666667
-18.082553	 	9153.333333
-5.645874	 	9160.000000
0.791403	 	9166.666667
17.493652	 	9173.333333
8.919816	 	9180.000000
-0.397873	 	9186.666667
-14.878659	 	9193.333333
0.886448	 	9200.000000
6.233448	 	9206.666667
3.487504	 	9213.333333
-22.574995	 	9220.000000
-13.857610	 	9226.666667
18.147549	 	9233.333333
17.053739	 	9240.000000
-18.616155	 	9246.666667
-3.449620	 	9253.333333
-4.549246	 	9260.000000
4.867882	 	9266.666667
-11.162830	 	9273.333333
2.627528	 	9280.000000
19.971745	 	9286.666667
1.966471	 	9293.333333
-20.254119	 	9300.000000
-6.012098	 	9306.666667
0.131422	 	9313.333333
-2.611701	 	9320.000000
-4.726301	 	9326.666667
17.961880	 	9333.333333
0.289972	 	9340.000000
-5.855315	 	9346.666667
-5.978556	 	9353.333333
13.261853	 	9360.000000
-5.351959	 	9366.666667
-17.857620	 	9373.333333
-11.852480	 	9380.000000
12.646562	 	9386.666667
23.786466	 	9393.333333
6.767458	 	9400.000000
-30.204630	 	9406.666667
-11.151477	 	9413.333333
4.432475	 	9420.000000
5.183111	 	9426.666667
1.630131	 	9433.333333
-5.139277	 	9440.000000
17.523545	 	9446.666667
-8.621657	 	9453.333333
-22.509391	 	9460.000000
4.727300	 	9466.666667
14.450011	 	9473.333333
12.416489	 	9480.000000
-9.285986	 	9486.666667
-14.477479	 	9493.333333
6.756309	 	9500.000000
-15.397561	 	9506.666667
-10.140970	 	9513.333333
20.741010	 	9520.000000
22.737391	 	9526.666667
-14.922440	 	9533.333333
-11.247773	 	9540.000000
11.103976	 	9546.666667
1.056058	 	9553.333333
-8.238458	 	9560.000000
-15.874636	 	9566.666667
-6.491485	 	9573.333333
19.667127	 	9580.000000
-10.020335	 	9586.666667
-14.860543	 	9593.333333
8.749944	 	9600.000000
4.459085	 	9606.666667
1.570499	 	9613.333333
-15.133406	 	9620.000000
0.895144	 	9626.666667
15.099410	 	9633.333333
-20.159264	 	9640.000000
-18.425477	 	9646.666667
29.964601	 	9653.333333
16.410275	 	9660.000000
-16.940999	 	9666.666667
-21.689877	 	9673.333333
0.077299	 	9680.000000
-6.984446	 	9686.666667
4.244911	 	9693.333333
-0.407924	 	9700.000000
15.529627	 	9706.666667
15.170709	 	9713.333333
-24.320036	 	9720.000000
-30.617217	 	9726.666667
8.523521	 	9733.333333
1.948188	 	9740.000000
25.851327	 	9746.666667
9.210546	 	9753.333333
-23.618445	 	9760.000000
-29.106039	 	9766.666667
-6.260380	 	9773.333333
24.014643	 	9780.000000
16.125485	 	9786.666667
2.149287	 	9793.333333
-0.336121	 	9800.000000
5.623565	 	9806.666667
-12.728644	 	9813.333333
-12.631134	 	9820.000000
6.960259	 	9826.666667
0.665135	 	9833.333333
3.486547	 	9840.000000
14.788838	 	9846.666667
-9.284833	 	9853.333333
-11.966381	 	9860.000000
-9.438669	 	9866.666667
-0.771735	 	9873.333333
7.571578	 	9880.000000
7.490003	 	9886.666667
-5.196806	 	9893.333333
-4.104092	 	9900.000000
1.833628	 	9906.666667
9.917354	 	9913.333333
-12.037312	 	9920.000000
-17.807106	 	9926.666667
-15.474149	 	9933.333333
22.237992	 	9940.000000
26.502019	 	9946.666667
-3.205808	 	9953.333333
-29.429082	 	9960.000000
-23.661943	 	9966.666667
8.693805	 	9973.333333
29.512919	 	9980.000000
1.218877	 	9986.666667
3.093369	 	9993.333333
-8.186672	 	10000.000000
-18.137033	 	10006.666667
-18.737209	 	10013.333333
11.974749	 	10020.000000
18.714346	 	10026.666667
-7.321627	 	10033.333333
-2.219351	 	10040.000000
1.785115	 	10046.666667
-16.353442	 	10053.333333
-3.191220	 	10060.000000
-2.669925	 	10066.666667
5.146645	 	10073.333333
8.822137	 	10080.000000
-19.311616	 	10086.666667
2.870055	 	10093.333333
18.041417	 	10100.000000
-11.039885	 	10106.666667
-12.957757	 	10113.333333
20.248559	 	10120.000000
3.782758	 	10126.666667
-15.160564	 	10133.333333
-26.182804	 	10140.000000
15.010027	 	10146.666667
19.143262	 	10153.333333
-13.144808	 	10160.000000
-9.918233	 	10166.666667
22.909369	 	10173.333333
3.829769	 	10180.000000
-5.632435	 	10186.666667
-20.900563	 	10193.333333
-6.322871	 	10200.000000
25.757073	 	10206.666667
-3.351368	 	10213.333333
-16.493447	 	10220.000000
2.468933	 	10226.666667
-4.872433	 	10233.333333
-18.877529	 	10240.000000
15.669192	 	10246.666667
21.001187	 	10253.333333
-5.044633	 	10260.000000
-10.601790	 	10266.666667
-10.851347	 	10273.333333
-1.138841	 	10280.000000
22.731420	 	10286.666667
-4.051416	 	10293.333333
-14.406594	 	10300.000000
-6.665095	 	10306.666667
17.737824	 	10313.333333
14.480157	 	10320.000000
-24.247928	 	10326.666667
-16.267881	 	10333.333333
11.929554	 	10340.000000
6.140920	 	10346.666667
6.469566	 	10353.333333
-22.754066	 	10360.000000
0.610932	 	10366.666667
5.804724	 	10373.333333
-12.814790	 	10380.000000
-16.953775	 	10386.666667
9.476754	 	10393.333333
14.513867	 	10400.000000
0.266312	 	10406.666667
-17.477471	 	10413.333333
9.880399	 	10420.000000
-23.484293	 	10426.666667
-15.437846	 	10433.333333
22.239567	 	10440.000000
24.158005	 	10446.666667
-2.606668	 	10453.333333
-23.628354	 	10460.000000
-24.740570	 	10466.666667
17.214319	 	10473.333333
4.484004	 	10480.000000
4.785765	 	10486.666667
-8.738486	 	10493.333333
-7.045814	 	10500.000000
-7.051541	 	10506.666667
1.495933	 	10513.333333
-3.116409	 	10520.000000
1.928107	 	10526.666667
2.285198	 	10533.333333
17.163375	 	10540.000000
6.886092	 	10546.666667
-14.909933	 	10553.333333
-27.032567	 	10560.000000
13.538214	 	10566.666667
9.551606	 	10573.333333
-12.954552	 	10580.000000
-12.114730	 	10586.666667
10.039159	 	10593.333333
6.441355	 	10600.000000
0.797170	 	10606.666667
-7.209835	 	10613.333333
8.853472	 	10620.000000
14.913572	 	10626.666667
-1.964777	 	10633.333333
-29.067222	 	10640.000000
6.591990	 	10646.666667
-0.063830	 	10653.333333
-8.483126	 	10660.000000
-7.095463	 	10666.666667
10.114277	 	10673.333333
6.763355	 	10680.000000
-11.018079	 	10686.666667
-26.967582	 	10693.333333
15.752626	 	10700.000000
26.725604	 	10706.666667
-7.693081	 	10713.333333
-30.605600	 	10720.000000
-9.563840	 	10726.666667
11.816202	 	10733.333333
13.256861	 	10740.000000
-4.711136	 	10746.666667
-6.039982	 	10753.333333
12.857663	 	10760.000000
-3.669294	 	10766.666667
-18.903636	 	10773.333333
-3.547984	 	10780.000000
-0.877577	 	10786.666667
4.603088	 	10793.333333
-3.296892	 	10800.000000
-0.548593	 	10806.666667
-4.500003	 	10813.333333
8.908297	 	10820.000000
-1.065692	 	10826.666667
8.194054	 	10833.333333
-18.544827	 	10840.000000
-10.351811	 	10846.666667
10.037271	 	10853.333333
25.428881	 	10860.000000
-6.765763	 	10866.666667
-15.403687	 	10873.333333
-21.877425	 	10880.000000
17.391317	 	10886.666667
13.415450	 	10893.333333
5.526247	 	10900.000000
-28.334557	 	10906.666667
-21.540916	 	10913.333333
17.112419	 	10920.000000
27.269310	 	10926.666667
-4.376974	 	10933.333333
-19.726872	 	10940.000000
3.847902	 	10946.666667
21.968494	 	10953.333333
-4.072664	 	10960.000000
-22.826345	 	10966.666667
-22.155741	 	10973.333333
5.071760	 	10980.000000
14.044089	 	10986.666667
3.062778	 	10993.333333
-1.239642	 	11000.000000
4.722005	 	11006.666667
6.788505	 	11013.333333
-13.454520	 	11020.000000
-2.864281	 	11026.666667
-1.324636	 	11033.333333
-5.087743	 	11040.000000
20.061746	 	11046.666667
3.210212	 	11053.333333
-20.330334	 	11060.000000
-4.384249	 	11066.666667
1.799134	 	11073.333333
3.214372	 	11080.000000
0.543242	 	11086.666667
-3.684043	 	11093.333333
-0.860459	 	11100.000000
1.054394	 	11106.666667
-1.561209	 	11113.333333
3.592442	 	11120.000000
5.456991	 	11126.666667
-6.325712	 	11133.333333
-10.851482	 	11140.000000
-12.601957	 	11146.666667
7.348422	 	11153.333333
2.178452	 	11160.000000
10.630368	 	11166.666667
-2.018148	 	11173.333333
-5.331327	 	11180.000000
-26.437646	 	11186.666667
-0.678990	 	11193.333333
17.977354	 	11200.000000
12.292848	 	11206.666667
-13.396049	 	11213.333333
-5.221502	 	11220.000000
-13.848969	 	11226.666667
15.593950	 	11233.333333
-1.420453	 	11240.000000
-15.355731	 	11246.666667
-9.371753	 	11253.333333
13.658906	 	11260.000000
2.510049	 	11266.666667
-3.589767	 	11273.333333
-13.103365	 	11280.000000
-5.928647	 	11286.666667
2.584940	 	11293.333333
9.878444	 	11300.000000
-18.035640	 	11306.666667
0.847427	 	11313.333333
-14.316811	 	11320.000000
0.011580	 	11326.666667
19.005751	 	11333.333333
19.426526	 	11340.000000
-16.871282	 	11346.666667
-35.518834	 	11353.333333
-9.207459	 	11360.000000
24.843445	 	11366.666667
-11.816946	 	11373.333333
-1.695000	 	11380.000000
-10.436149	 	11386.666667
-3.612390	 	11393.333333
-1.937132	 	11400.000000
20.245711	 	11406.666667
0.396475	 	11413.333333
-21.498723	 	11420.000000
-16.497130	 	11426.666667
3.004098	 	11433.333333
1.513174	 	11440.000000
9.142505	 	11446.666667
-9.668100	 	11453.333333
-0.339336	 	11460.000000
1.466907	 	11466.666667
-13.044685	 	11473.333333
2.960037	 	11480.000000
18.281833	 	11486.666667
-18.568462	 	11493.333333
-19.478631	 	11500.000000
7.876039	 	11506.666667
13.353242	 	11513.333333
-18.800189	 	11520.000000
-26.042826	 	11526.666667
-1.645604	 	11533.333333
29.182706	 	11540.000000
8.347122	 	11546.666667
-1.298147	 	11553.333333
-28.282920	 	11560.000000
-26.019610	 	11566.666667
-4.275134	 	11573.333333
27.701600	 	11580.000000
18.950761	 	11586.666667
-30.262069	 	11593.333333
-27.235361	 	11600.000000
6.974839	 	11606.666667
20.722852	 	11613.333333
18.386838	 	11620.000000
-15.335877	 	11626.666667
-20.623582	 	11633.333333
-11.962059	 	11640.000000
17.923064	 	11646.666667
17.753804	 	11653.333333
-13.011253	 	11660.000000
-58.468611	 	11666.666667
-2.488128	 	11673.333333
35.160293	 	11680.000000
25.940556	 	11686.666667
-30.509218	 	11693.333333
0.986094	 	11700.000000
1.613623	 	11706.666667
-0.736702	 	11713.333333
-38.392423	 	11720.000000
7.590388	 	11726.666667
18.359160	 	11733.333333
14.125860	 	11740.000000
-35.174149	 	11746.666667
6.917525	 	11753.333333
4.458848	 	11760.000000
18.701091	 	11766.666667
-17.650643	 	11773.333333
-13.640232	 	11780.000000
-22.161652	 	11786.666667
19.715203	 	11793.333333
11.133561	 	11800.000000
19.387550	 	11806.666667
-38.708833	 	11813.333333
-14.641479	 	11820.000000
16.714774	 	11826.666667
11.848447	 	11833.333333
-22.221375	 	11840.000000
1.678928	 	11846.666667
-8.691160	 	11853.333333
-13.489006	 	11860.000000
6.540223	 	11866.666667
25.700959	 	11873.333333
-7.105556	 	11880.000000
-38.026245	 	11886.666667
-11.784607	 	11893.333333
24.120369	 	11900.000000
25.375378	 	11906.666667
-10.385321	 	11913.333333
-28.342553	 	11920.000000
-7.250329	 	11926.666667
0.097413	 	11933.333333
26.721402	 	11940.000000
10.867903	 	11946.666667
-86.540173	 	11953.333333
0.819697	 	11960.000000
52.478991	 	11966.666667
72.063039	 	11973.333333
-77.601128	 	11980.000000
-16.707176	 	11986.666667
-4.747844	 	11993.333333
23.780293	 	12000.000000
-3.500338	 	12006.666667
-22.979563	 	12013.333333
2.424567	 	12020.000000
-24.537521	 	12026.666667
62.944556	 	12033.333333
-3.657523	 	12040.000000
-15.581212	 	12046.666667
-42.191043	 	12053.333333
-24.755339	 	12060.000000
14.150423	 	12066.666667
57.290420	 	12073.333333
10.706792	 	12080.000000
-7.132735	 	12086.666667
-80.778347	 	12093.333333
-26.156143	 	12100.000000
13.996655	 	12106.666667
157.919591	 	12113.333333
-35.262285	 	12120.000000
-138.031141	 	12126.666667
-39.779926	 	12133.333333
112.899235	 	12140.000000
-137.740373	 	12146.666667
211.473921	 	12153.333333
-12.886757	 	12160.000000
-45.884113	 	12166.666667
-173.921248	 	12173.333333
38.292941	 	12180.000000
230.137313	 	12186.666667
-97.726104	 	12193.333333
-109.032851	 	12200.000000
-135.056053	 	12206.666667
220.106175	 	12213.333333
122.067643	 	12220.000000
-140.028768	 	12226.666667
-62.309724	 	12233.333333
51.432693	 	12240.000000
-19.478047	 	12246.666667
-25.498614	 	12253.333333
-8.696588	 	12260.000000
108.435213	 	12266.666667
-117.902945	 	12273.333333
103.265516	 	12280.000000
-184.462453	 	12286.666667
149.659943	 	12293.333333
-157.230336	 	12300.000000
335.476196	 	12306.666667
-215.085488	 	12313.333333
-364.213863	 	12320.000000
466.192384	 	12326.666667
73.744169	 	12333.333333
-85.220778	 	12340.000000
-31.427993	 	12346.666667
-353.686134	 	12353.333333
320.691910	 	12360.000000
-353.448316	 	12366.666667
351.924197	 	12373.333333
231.846201	 	12380.000000
-380.813676	 	12386.666667
203.319811	 	12393.333333
176.629488	 	12400.000000
-475.327640	 	12406.666667
-168.016968	 	12413.333333
-37.131953	 	12420.000000
887.004018	 	12426.666667
-107.337573	 	12433.333333
-469.724187	 	12440.000000
-316.092533	 	12446.666667
490.271767	 	12453.333333
-368.932671	 	12460.000000
93.282330	 	12466.666667
606.509748	 	12473.333333
-31.064274	 	12480.000000
-562.239959	 	12486.666667
-784.837690	 	12493.333333
1290.113880	 	12500.000000
-145.769220	 	12506.666667
-27.696448	 	12513.333333
-351.203750	 	12520.000000
-713.452966	 	12526.666667
1308.931046	 	12533.333333
128.001564	 	12540.000000
-326.481043	 	12546.666667
-331.579107	 	12553.333333
-843.480423	 	12560.000000
276.855660	 	12566.666667
1327.521540	 	12573.333333
109.950776	 	12580.000000
-716.959133	 	12586.666667
-710.521325	 	12593.333333
902.240980	 	12600.000000
-639.769320	 	12606.666667
-888.880892	 	12613.333333
2768.440310	 	12620.000000
-963.169839	 	12626.666667
-955.648981	 	12633.333333
-905.330749	 	12640.000000
1954.948189	 	12646.666667
-225.126728	 	12653.333333
-855.885683	 	12660.000000
515.227394	 	12666.666667
95.451009	 	12673.333333
-733.692597	 	12680.000000
831.722697	 	12686.666667
-143.789106	 	12693.333333
-822.421931	 	12700.000000
842.256252	 	12706.666667
354.182867	 	12713.333333
-863.592762	 	12720.000000
651.365957	 	12726.666667
-836.616598	 	12733.333333
614.567941	 	12740.000000
-493.542434	 	12746.666667
481.804232	 	12753.333333
-561.294367	 	12760.000000
1583.108373	 	12766.666667
-980.080494	 	12773.333333
-810.426783	 	12780.000000
-906.002273	 	12786.666667
2571.168671	 	12793.333333
-573.285290	 	12800.000000
-62.632266	 	12806.666667
-477.909853	 	12813.333333
349.881843	 	12820.000000
-795.365963	 	12826.666667
-104.694081	 	12833.333333
-771.917246	 	12840.000000
2183.888593	 	12846.666667
264.748627	 	12853.333333
-155.499494	 	12860.000000
-991.346865	 	12866.666667
-960.160464	 	12873.333333
-916.838687	 	12880.000000
3189.145519	 	12886.666667
-128.627475	 	12893.333333
-998.123788	 	12900.000000
-381.061130	 	12906.666667
-978.440426	 	12913.333333
-999.769019	 	12920.000000
4591.177142	 	12926.666667
-995.654491	 	12933.333333
-995.716979	 	12940.000000
-844.322452	 	12946.666667
-508.291265	 	12953.333333
336.253525	 	12960.000000
-688.813979	 	12966.666667
2863.135964	 	12973.333333
-989.669536	 	12980.000000
-744.363802	 	12986.666667
99.585142	 	12993.333333
-999.039815	 	13000.000000
1595.785984	 	13006.666667
-402.877881	 	13013.333333
-998.915417	 	13020.000000
2213.497739	 	13026.666667
-841.142778	 	13033.333333
-909.206441	 	13040.000000
-738.942196	 	13046.666667
1640.158376	 	13053.333333
337.448798	 	13060.000000
-976.754542	 	13066.666667
-755.038873	 	13073.333333
2239.144239	 	13080.000000
-996.937538	 	13086.666667
-999.228214	 	13093.333333
272.270156	 	13100.000000
-328.222299	 	13106.666667
1983.149976	 	13113.333333
-998.612587	 	13120.000000
-999.998697	 	13126.666667
50.447519	 	13133.333333
2098.738247	 	13140.000000
-940.917891	 	13146.666667
-397.673678	 	13153.333333
154.248233	 	13160.000000
-982.623181	 	13166.666667
-994.930430	 	13173.333333
3235.997603	 	13180.000000
-985.810993	 	13186.666667
-999.998801	 	13193.333333
1138.930787	 	13200.000000
-808.076697	 	13206.666667
-964.321873	 	13213.333333
116.317606	 	13220.000000
-999.750656	 	13226.666667
7042.559896	 	13233.333333
-999.998801	 	13240.000000
-999.998801	 	13246.666667
-999.998802	 	13253.333333
-999.998808	 	13260.000000
-999.998813	 	13266.666667
-999.998801	 	13273.333333
-999.998822	 	13280.000000
-999.998834	 	13286.666667
-999.998814	 	13293.333333
-999.998922	 	13300.000000
-999.998871	 	13306.666667
-999.998979	 	13313.333333
-999.999011	 	13320.000000
-999.998969	 	13326.666667
