#peak 	 	#time 
-999.998822	 	0.000000
-999.998919	 	6.666667
-999.998892	 	13.333333
-999.999027	 	20.000000
-999.999475	 	26.666667
-999.999535	 	33.333333
-999.999130	 	40.000000
-999.999673	 	46.666667
-999.999875	 	53.333333
-999.999984	 	60.000000
-1000.000000	 	66.666667
-1000.000000	 	73.333333
-1000.000000	 	80.000000
-1000.000000	 	86.666667
34959.998979	 	93.333333
-999.998725	 	100.000000
-999.998727	 	106.666667
-999.998734	 	113.333333
-999.998730	 	120.000000
-999.998741	 	126.666667
-999.998741	 	133.333333
-999.998726	 	140.000000
-999.998729	 	146.666667
-999.998729	 	153.333333
-999.998723	 	160.000000
-999.998722	 	166.666667
-999.998722	 	173.333333
-999.998721	 	180.000000
-999.998720	 	186.666667
-999.997909	 	193.333333
4062.362438	 	200.000000
2444.580226	 	206.666667
-878.912540	 	213.333333
-969.153290	 	220.000000
-931.143617	 	226.666667
-603.847547	 	233.333333
85.072060	 	240.000000
428.036246	 	246.666667
298.781634	 	253.333333
-144.126877	 	260.000000
-220.267102	 	266.666667
-151.145351	 	273.333333
-2.189367	 	280.000000
75.968324	 	286.666667
172.520400	 	293.333333
226.134166	 	300.000000
-206.238066	 	306.666667
-307.568714	 	313.333333
-203.470425	 	320.000000
146.510080	 	326.666667
114.488059	 	333.333333
-138.084470	 	340.000000
13.813942	 	346.666667
8.319831	 	353.333333
-84.292078	 	360.000000
195.298627	 	366.666667
-112.021897	 	373.333333
-48.290260	 	380.000000
-76.478272	 	386.666667
-169.994265	 	393.333333
95.889472	 	400.000000
283.990738	 	406.666667
-124.067159	 	413.333333
-185.205477	 	420.000000
35.281987	 	426.666667
121.492657	 	433.333333
183.503121	 	440.000000
-176.350147	 	446.666667
-40.763601	 	453.333333
-119.573134	 	460.000000
-49.387732	 	466.666667
209.877658	 	473.333333
196.458203	 	480.000000
-108.512268	 	486.666667
-161.017767	 	493.333333
5.630950	 	500.000000
-3.405958	 	506.666667
100.167807	 	513.333333
-16.350352	 	520.000000
13.676101	 	526.666667
102.529829	 	533.333333
-125.770846	 	540.000000
-15.331150	 	546.666667
-43.282674	 	553.333333
87.370371	 	560.000000
85.723401	 	566.666667
105.951763	 	573.333333
-152.105925	 	580.000000
32.287277	 	586.666667
-102.614297	 	593.333333
83.304121	 	600.000000
-9.266028	 	606.666667
-33.283218	 	613.333333
25.948083	 	620.000000
-45.623043	 	626.666667
-25.672017	 	633.333333
30.545083	 	640.000000
11.123539	 	646.666667
204.424339	 	653.333333
-64.825234	 	660.000000
-75.710720	 	666.666667
-130.210740	 	673.333333
86.903627	 	680.000000
130.158075	 	686.666667
-50.598055	 	693.333333
-116.896658	 	700.000000
78.907728	 	706.666667
-52.724249	 	713.333333
78.695263	 	720.000000
-26.857762	 	726.666667
11.897597	 	733.333333
37.572428	 	740.000000
-77.858759	 	746.666667
-28.983187	 	753.333333
130.939161	 	760.000000
37.917606	 	766.666667
-40.007024	 	773.333333
-108.213254	 	780.000000
-29.210115	 	786.666667
42.605107	 	793.333333
142.782742	 	800.000000
-5.226699	 	806.666667
-111.757601	 	813.333333
-63.350712	 	820.000000
57.234892	 	826.666667
125.531498	 	833.333333
59.194144	 	840.000000
-153.149273	 	846.666667
-37.372785	 	853.333333
16.178770	 	860.000000
23.846037	 	866.666667
0.798343	 	873.333333
29.870335	 	880.000000
23.648923	 	886.666667
15.131919	 	893.333333
-78.454608	 	900.000000
-23.315090	 	906.666667
44.636293	 	913.333333
60.488736	 	920.000000
-76.068936	 	926.666667
71.232046	 	933.333333
21.488613	 	940.000000
-52.913840	 	946.666667
-67.650438	 	953.333333
-37.972613	 	960.000000
78.087126	 	966.666667
58.911756	 	973.333333
21.164205	 	980.000000
-9.644127	 	986.666667
-74.144485	 	993.333333
22.806671	 	1000.000000
33.143318	 	1006.666667
-31.796716	 	1013.333333
-44.995052	 	1020.000000
-19.758229	 	1026.666667
48.222410	 	1033.333333
111.380210	 	1040.000000
-10.621388	 	1046.666667
-28.253223	 	1053.333333
-72.458484	 	1060.000000
-77.158824	 	1066.666667
63.023134	 	1073.333333
61.281280	 	1080.000000
61.535039	 	1086.666667
-31.490986	 	1093.333333
-57.423362	 	1100.000000
-19.194355	 	1106.666667
19.441109	 	1113.333333
-49.859635	 	1120.000000
50.127495	 	1126.666667
21.702720	 	1133.333333
46.235666	 	1140.000000
1.561031	 	1146.666667
-10.802317	 	1153.333333
-48.771792	 	1160.000000
-11.748276	 	1166.666667
-23.428204	 	1173.333333
16.103677	 	1180.000000
57.089229	 	1186.666667
37.859432	 	1193.333333
-21.068552	 	1200.000000
-16.096639	 	1206.666667
-18.467227	 	1213.333333
-15.238779	 	1220.000000
24.979663	 	1226.666667
-6.006996	 	1233.333333
32.937328	 	1240.000000
0.472684	 	1246.666667
-11.210855	 	1253.333333
-23.468286	 	1260.000000
-6.098385	 	1266.666667
16.523912	 	1273.333333
3.613640	 	1280.000000
-8.666482	 	1286.666667
20.590335	 	1293.333333
13.877192	 	1300.000000
27.674532	 	1306.666667
-20.466922	 	1313.333333
-52.862717	 	1320.000000
-32.110439	 	1326.666667
69.164679	 	1333.333333
1.494180	 	1340.000000
16.537083	 	1346.666667
-14.292728	 	1353.333333
8.056562	 	1360.000000
1.091387	 	1366.666667
-26.260507	 	1373.333333
-14.325053	 	1380.000000
33.894927	 	1386.666667
24.172290	 	1393.333333
-21.037229	 	1400.000000
-24.941566	 	1406.666667
27.918806	 	1413.333333
12.142394	 	1420.000000
2.457458	 	1426.666667
-24.631726	 	1433.333333
-23.135633	 	1440.000000
6.560008	 	1446.666667
76.250107	 	1453.333333
-19.045872	 	1460.000000
-23.415369	 	1466.666667
-28.947282	 	1473.333333
24.820954	 	1480.000000
8.628569	 	1486.666667
15.723664	 	1493.333333
-19.450408	 	1500.000000
-34.330062	 	1506.666667
11.134742	 	1513.333333
55.639889	 	1520.000000
13.022961	 	1526.666667
-36.453103	 	1533.333333
-30.204102	 	1540.000000
14.998591	 	1546.666667
2.347563	 	1553.333333
19.312483	 	1560.000000
14.421551	 	1566.666667
10.335103	 	1573.333333
-22.319020	 	1580.000000
-16.771505	 	1586.666667
-10.196733	 	1593.333333
17.660367	 	1600.000000
-5.074911	 	1606.666667
13.283898	 	1613.333333
-7.609911	 	1620.000000
11.534714	 	1626.666667
44.405447	 	1633.333333
16.994869	 	1640.000000
-70.066102	 	1646.666667
-42.268657	 	1653.333333
42.398053	 	1660.000000
48.880699	 	1666.666667
18.532358	 	1673.333333
-20.583253	 	1680.000000
-57.529585	 	1686.666667
1.467716	 	1693.333333
29.590059	 	1700.000000
40.914701	 	1706.666667
40.347740	 	1713.333333
-39.284666	 	1720.000000
-16.402510	 	1726.666667
-77.278867	 	1733.333333
-24.058032	 	1740.000000
39.968475	 	1746.666667
131.048194	 	1753.333333
82.553693	 	1760.000000
-115.369098	 	1766.666667
-193.689715	 	1773.333333
16.493373	 	1780.000000
214.424453	 	1786.666667
-19.312355	 	1793.333333
0.905720	 	1800.000000
-29.604045	 	1806.666667
-78.518697	 	1813.333333
-30.978261	 	1820.000000
104.608339	 	1826.666667
-5.659911	 	1833.333333
84.993234	 	1840.000000
-77.418588	 	1846.666667
-141.153359	 	1853.333333
79.083596	 	1860.000000
190.299326	 	1866.666667
-46.868006	 	1873.333333
-150.877711	 	1880.000000
-143.643126	 	1886.666667
170.589277	 	1893.333333
171.479687	 	1900.000000
-36.441578	 	1906.666667
-2.560854	 	1913.333333
-242.886950	 	1920.000000
-91.652086	 	1926.666667
250.626114	 	1933.333333
272.351300	 	1940.000000
-123.303597	 	1946.666667
-258.799860	 	1953.333333
-191.522885	 	1960.000000
268.659423	 	1966.666667
220.127446	 	1973.333333
0.400631	 	1980.000000
-176.302871	 	1986.666667
-168.027142	 	1993.333333
-39.925753	 	2000.000000
235.527987	 	2006.666667
206.131013	 	2013.333333
-171.751856	 	2020.000000
-194.008296	 	2026.666667
179.179307	 	2033.333333
-131.241488	 	2040.000000
-69.711488	 	2046.666667
165.352719	 	2053.333333
297.794821	 	2060.000000
-141.378517	 	2066.666667
-238.757203	 	2073.333333
-82.524461	 	2080.000000
201.429051	 	2086.666667
48.834167	 	2093.333333
-89.948564	 	2100.000000
-72.737250	 	2106.666667
402.707249	 	2113.333333
-132.871182	 	2120.000000
-262.936856	 	2126.666667
-223.691447	 	2133.333333
204.027954	 	2140.000000
474.828671	 	2146.666667
-19.119610	 	2153.333333
-386.998825	 	2160.000000
-196.239777	 	2166.666667
51.253129	 	2173.333333
398.415791	 	2180.000000
129.039412	 	2186.666667
-180.726153	 	2193.333333
-396.375622	 	2200.000000
45.339778	 	2206.666667
416.219851	 	2213.333333
-42.097808	 	2220.000000
-83.983095	 	2226.666667
-19.230932	 	2233.333333
-222.911596	 	2240.000000
229.607677	 	2246.666667
-39.909714	 	2253.333333
191.834663	 	2260.000000
17.875168	 	2266.666667
-342.567826	 	2273.333333
-281.814665	 	2280.000000
529.063165	 	2286.666667
234.958940	 	2293.333333
-38.389381	 	2300.000000
-467.734613	 	2306.666667
-85.361959	 	2313.333333
209.927910	 	2320.000000
215.996374	 	2326.666667
45.048822	 	2333.333333
-153.687403	 	2340.000000
129.559135	 	2346.666667
-122.830852	 	2353.333333
-324.900682	 	2360.000000
192.265601	 	2366.666667
155.262871	 	2373.333333
511.504255	 	2380.000000
-353.828144	 	2386.666667
-396.873562	 	2393.333333
-204.992457	 	2400.000000
253.951374	 	2406.666667
283.471171	 	2413.333333
389.973849	 	2420.000000
-357.262981	 	2426.666667
-337.687150	 	2433.333333
106.180163	 	2440.000000
65.446686	 	2446.666667
-43.253462	 	2453.333333
-160.282416	 	2460.000000
579.108239	 	2466.666667
156.478203	 	2473.333333
-475.710265	 	2480.000000
-494.971060	 	2486.666667
114.888388	 	2493.333333
521.389988	 	2500.000000
53.642383	 	2506.666667
283.198035	 	2513.333333
-379.207074	 	2520.000000
-457.610486	 	2526.666667
-106.773666	 	2533.333333
719.723862	 	2540.000000
211.449532	 	2546.666667
-430.621611	 	2553.333333
-341.066403	 	2560.000000
306.785082	 	2566.666667
126.254948	 	2573.333333
8.295743	 	2580.000000
150.919859	 	2586.666667
-397.732447	 	2593.333333
-104.821320	 	2600.000000
194.994172	 	2606.666667
187.068610	 	2613.333333
197.637247	 	2620.000000
-243.167155	 	2626.666667
-404.096943	 	2633.333333
-11.197665	 	2640.000000
581.766311	 	2646.666667
200.831343	 	2653.333333
-316.925414	 	2660.000000
-233.973621	 	2666.666667
-78.803566	 	2673.333333
-17.075207	 	2680.000000
149.743092	 	2686.666667
212.537485	 	2693.333333
93.385932	 	2700.000000
-53.229746	 	2706.666667
6.583094	 	2713.333333
-268.649431	 	2720.000000
-354.547748	 	2726.666667
40.228958	 	2733.333333
482.873310	 	2740.000000
406.806269	 	2746.666667
51.274086	 	2753.333333
-138.140491	 	2760.000000
-453.223903	 	2766.666667
-467.912637	 	2773.333333
-289.342197	 	2780.000000
351.061907	 	2786.666667
676.426079	 	2793.333333
709.951352	 	2800.000000
502.427263	 	2806.666667
-580.314647	 	2813.333333
-943.122740	 	2820.000000
-949.310455	 	2826.666667
-931.916625	 	2833.333333
-886.280376	 	2840.000000
-419.923183	 	2846.666667
10504.943783	 	2853.333333
154373.979293	 	2860.000000
21885.989284	 	2866.666667
-999.954735	 	2873.333333
-999.998720	 	2880.000000
-999.998720	 	2886.666667
-999.998720	 	2893.333333
-999.919504	 	2900.000000
-487.372714	 	2906.666667
10317.054748	 	2913.333333
10826.615887	 	2920.000000
6537.718197	 	2926.666667
2990.380420	 	2933.333333
2210.240908	 	2940.000000
3675.796604	 	2946.666667
5790.471806	 	2953.333333
6330.853398	 	2960.000000
4524.636158	 	2966.666667
3540.315898	 	2973.333333
3879.862797	 	2980.000000
5909.170483	 	2986.666667
5590.850479	 	2993.333333
4085.877273	 	3000.000000
2742.251338	 	3006.666667
2665.970770	 	3013.333333
4650.862975	 	3020.000000
5595.658957	 	3026.666667
4897.564010	 	3033.333333
4102.226997	 	3040.000000
3577.991526	 	3046.666667
4054.458830	 	3053.333333
5025.834951	 	3060.000000
5424.470024	 	3066.666667
3582.942116	 	3073.333333
2840.676106	 	3080.000000
3373.619293	 	3086.666667
5272.405421	 	3093.333333
4965.967146	 	3100.000000
3811.460425	 	3106.666667
3843.607327	 	3113.333333
4421.744279	 	3120.000000
4624.028557	 	3126.666667
5155.594374	 	3133.333333
3703.791271	 	3140.000000
3609.385991	 	3146.666667
3611.824200	 	3153.333333
3641.510840	 	3160.000000
4472.172367	 	3166.666667
5194.165926	 	3173.333333
4126.478123	 	3180.000000
3663.657653	 	3186.666667
4147.440745	 	3193.333333
4579.886774	 	3200.000000
4443.442382	 	3206.666667
3537.276029	 	3213.333333
3825.225381	 	3220.000000
3740.103195	 	3226.666667
3975.955782	 	3233.333333
4661.736809	 	3240.000000
4746.261573	 	3246.666667
3745.009828	 	3253.333333
3447.636725	 	3260.000000
4160.012964	 	3266.666667
3958.499562	 	3273.333333
3908.718816	 	3280.000000
3822.293437	 	3286.666667
4192.434819	 	3293.333333
4462.372661	 	3300.000000
3452.629444	 	3306.666667
3358.906754	 	3313.333333
3399.675001	 	3320.000000
4301.212300	 	3326.666667
4723.806855	 	3333.333333
4536.461061	 	3340.000000
3146.679683	 	3346.666667
3261.098422	 	3353.333333
3209.078425	 	3360.000000
4265.688709	 	3366.666667
4081.285796	 	3373.333333
3507.596623	 	3380.000000
3514.833402	 	3386.666667
3514.991622	 	3393.333333
3731.253316	 	3400.000000
3558.536987	 	3406.666667
3756.167793	 	3413.333333
4159.865175	 	3420.000000
3403.720004	 	3426.666667
3341.649026	 	3433.333333
3159.214113	 	3440.000000
3606.978404	 	3446.666667
3865.585634	 	3453.333333
3439.611218	 	3460.000000
3142.226258	 	3466.666667
3562.945536	 	3473.333333
3287.730926	 	3480.000000
3714.889448	 	3486.666667
3615.318199	 	3493.333333
3412.054663	 	3500.000000
3347.891149	 	3506.666667
2941.924410	 	3513.333333
3303.144221	 	3520.000000
3882.350521	 	3526.666667
3676.199471	 	3533.333333
3026.903308	 	3540.000000
2693.837157	 	3546.666667
3353.259636	 	3553.333333
3184.501881	 	3560.000000
3690.076292	 	3566.666667
3494.665362	 	3573.333333
2767.293015	 	3580.000000
3033.130600	 	3586.666667
3590.636506	 	3593.333333
3371.891542	 	3600.000000
3483.897749	 	3606.666667
2685.880086	 	3613.333333
2787.078167	 	3620.000000
3390.321376	 	3626.666667
3442.511057	 	3633.333333
3001.008360	 	3640.000000
3030.683983	 	3646.666667
2880.616535	 	3653.333333
3260.787612	 	3660.000000
2645.935584	 	3666.666667
2822.241410	 	3673.333333
3349.541892	 	3680.000000
3202.184262	 	3686.666667
2877.499979	 	3693.333333
3343.536312	 	3700.000000
2947.707567	 	3706.666667
2712.550742	 	3713.333333
2708.825356	 	3720.000000
2637.311296	 	3726.666667
3013.829086	 	3733.333333
3446.200279	 	3740.000000
3122.390205	 	3746.666667
2611.753470	 	3753.333333
2288.590462	 	3760.000000
2936.525898	 	3766.666667
3075.875821	 	3773.333333
2796.745111	 	3780.000000
2546.730783	 	3786.666667
2733.440367	 	3793.333333
3109.158415	 	3800.000000
2839.596185	 	3806.666667
2674.900065	 	3813.333333
2706.541841	 	3820.000000
2549.623292	 	3826.666667
2610.139017	 	3833.333333
2842.469865	 	3840.000000
2887.346342	 	3846.666667
2924.548960	 	3853.333333
2382.483202	 	3860.000000
2400.050341	 	3866.666667
2788.303621	 	3873.333333
2747.857116	 	3880.000000
2454.437437	 	3886.666667
2639.744053	 	3893.333333
2682.661196	 	3900.000000
2806.594374	 	3906.666667
2542.898562	 	3913.333333
2469.476827	 	3920.000000
2395.439100	 	3926.666667
2373.426435	 	3933.333333
2412.207276	 	3940.000000
2716.685917	 	3946.666667
2828.955993	 	3953.333333
2605.362752	 	3960.000000
2452.122984	 	3966.666667
2241.732298	 	3973.333333
2302.150063	 	3980.000000
2424.324319	 	3986.666667
2485.611345	 	3993.333333
2499.673654	 	4000.000000
2651.599347	 	4006.666667
2391.689939	 	4013.333333
2361.145038	 	4020.000000
2332.236931	 	4026.666667
2320.860960	 	4033.333333
2491.107655	 	4040.000000
2403.918280	 	4046.666667
2330.223966	 	4053.333333
2275.157448	 	4060.000000
2255.708313	 	4066.666667
2345.235155	 	4073.333333
2369.275812	 	4080.000000
2220.713538	 	4086.666667
2309.478380	 	4093.333333
2260.865493	 	4100.000000
2138.811979	 	4106.666667
2329.810502	 	4113.333333
2280.895615	 	4120.000000
2126.814302	 	4126.666667
2197.007338	 	4133.333333
2176.958838	 	4140.000000
2225.673251	 	4146.666667
2137.932382	 	4153.333333
2050.535797	 	4160.000000
2152.060646	 	4166.666667
2259.767980	 	4173.333333
2167.401098	 	4180.000000
2203.276425	 	4186.666667
2099.528668	 	4193.333333
2016.267055	 	4200.000000
2150.760339	 	4206.666667
2096.914989	 	4213.333333
2149.601337	 	4220.000000
2098.738088	 	4226.666667
2019.989802	 	4233.333333
2035.819223	 	4240.000000
1883.366082	 	4246.666667
1885.121438	 	4253.333333
2034.709357	 	4260.000000
2251.547405	 	4266.666667
2051.425891	 	4273.333333
1929.455675	 	4280.000000
1919.291471	 	4286.666667
2070.469151	 	4293.333333
1834.958645	 	4300.000000
1850.278862	 	4306.666667
2029.622027	 	4313.333333
2023.363704	 	4320.000000
1860.354794	 	4326.666667
2014.897958	 	4333.333333
2052.758521	 	4340.000000
1930.456923	 	4346.666667
1752.129357	 	4353.333333
1793.449065	 	4360.000000
1916.203768	 	4366.666667
2050.275871	 	4373.333333
1861.285760	 	4380.000000
1725.552189	 	4386.666667
1795.993908	 	4393.333333
1840.149602	 	4400.000000
1744.208998	 	4406.666667
1846.233497	 	4413.333333
1812.483984	 	4420.000000
1766.997962	 	4426.666667
1828.787203	 	4433.333333
1853.613351	 	4440.000000
1719.844788	 	4446.666667
1700.437340	 	4453.333333
1639.116380	 	4460.000000
1867.048788	 	4466.666667
1797.657578	 	4473.333333
1743.242653	 	4480.000000
1733.604317	 	4486.666667
1603.702846	 	4493.333333
1552.833891	 	4500.000000
1754.911857	 	4506.666667
1783.110997	 	4513.333333
1774.165207	 	4520.000000
1644.197006	 	4526.666667
1599.140793	 	4533.333333
1587.531777	 	4540.000000
1600.096748	 	4546.666667
1526.003173	 	4553.333333
1634.805885	 	4560.000000
1721.053551	 	4566.666667
1775.322674	 	4573.333333
1647.050970	 	4580.000000
1597.805040	 	4586.666667
1579.241649	 	4593.333333
1613.961042	 	4600.000000
1573.360264	 	4606.666667
1589.043324	 	4613.333333
1590.241857	 	4620.000000
1501.615626	 	4626.666667
1467.033632	 	4633.333333
1530.804918	 	4640.000000
1653.236836	 	4646.666667
1676.072396	 	4653.333333
1499.604237	 	4660.000000
1457.859072	 	4666.666667
1549.896591	 	4673.333333
1601.538225	 	4680.000000
1422.299262	 	4686.666667
1398.774780	 	4693.333333
1457.522694	 	4700.000000
1607.361549	 	4706.666667
1512.661699	 	4713.333333
1363.589121	 	4720.000000
1413.173864	 	4726.666667
1509.053357	 	4733.333333
1444.179394	 	4740.000000
1391.727663	 	4746.666667
1447.685524	 	4753.333333
1408.245186	 	4760.000000
1438.665896	 	4766.666667
1483.336998	 	4773.333333
1464.706561	 	4780.000000
1421.232416	 	4786.666667
1313.718396	 	4793.333333
1269.563045	 	4800.000000
1432.262801	 	4806.666667
1459.091167	 	4813.333333
1398.487086	 	4820.000000
1400.329353	 	4826.666667
1391.429931	 	4833.333333
1289.364981	 	4840.000000
1236.380345	 	4846.666667
1269.875667	 	4853.333333
1415.333587	 	4860.000000
1317.112680	 	4866.666667
1307.002039	 	4873.333333
1440.602120	 	4880.000000
1359.349364	 	4886.666667
1239.515153	 	4893.333333
1280.155112	 	4900.000000
1198.838863	 	4906.666667
1214.478285	 	4913.333333
1234.427690	 	4920.000000
1274.251667	 	4926.666667
1300.256972	 	4933.333333
1346.214995	 	4940.000000
1255.419118	 	4946.666667
1227.291481	 	4953.333333
1168.177016	 	4960.000000
1155.103640	 	4966.666667
1186.081075	 	4973.333333
1329.848930	 	4980.000000
1217.038834	 	4986.666667
1109.171458	 	4993.333333
1204.224719	 	5000.000000
1285.486452	 	5006.666667
1179.079342	 	5013.333333
1221.414955	 	5020.000000
1197.200460	 	5026.666667
1188.810917	 	5033.333333
1126.477722	 	5040.000000
1112.919681	 	5046.666667
1127.890841	 	5053.333333
1156.619690	 	5060.000000
1220.768392	 	5066.666667
1261.441882	 	5073.333333
1113.298198	 	5080.000000
982.463486	 	5086.666667
1067.004872	 	5093.333333
1176.536130	 	5100.000000
1145.035522	 	5106.666667
1021.011284	 	5113.333333
1054.761634	 	5120.000000
1196.579504	 	5126.666667
1200.579179	 	5133.333333
1059.301359	 	5140.000000
996.726252	 	5146.666667
1081.792572	 	5153.333333
1053.301749	 	5160.000000
918.850078	 	5166.666667
1006.754116	 	5173.333333
1150.296940	 	5180.000000
1126.385510	 	5186.666667
1104.781825	 	5193.333333
1037.144740	 	5200.000000
955.780577	 	5206.666667
1002.512360	 	5213.333333
1067.019791	 	5220.000000
1101.911472	 	5226.666667
1071.789212	 	5233.333333
958.021885	 	5240.000000
875.788395	 	5246.666667
920.703600	 	5253.333333
995.274304	 	5260.000000
1028.475359	 	5266.666667
1033.853551	 	5273.333333
1058.636578	 	5280.000000
993.681776	 	5286.666667
953.840124	 	5293.333333
952.018588	 	5300.000000
934.169961	 	5306.666667
966.696300	 	5313.333333
992.100519	 	5320.000000
949.589448	 	5326.666667
969.110595	 	5333.333333
938.148170	 	5340.000000
887.002260	 	5346.666667
944.607487	 	5353.333333
902.850760	 	5360.000000
849.065578	 	5366.666667
889.029266	 	5373.333333
915.907148	 	5380.000000
910.682477	 	5386.666667
912.993668	 	5393.333333
865.207648	 	5400.000000
856.072468	 	5406.666667
919.751244	 	5413.333333
982.525530	 	5420.000000
941.768413	 	5426.666667
859.240266	 	5433.333333
819.372703	 	5440.000000
823.906700	 	5446.666667
911.408428	 	5453.333333
916.464241	 	5460.000000
823.598283	 	5466.666667
834.122148	 	5473.333333
872.448898	 	5480.000000
763.737034	 	5486.666667
798.325121	 	5493.333333
792.337062	 	5500.000000
927.107200	 	5506.666667
913.762668	 	5513.333333
796.659902	 	5520.000000
725.973545	 	5526.666667
792.178907	 	5533.333333
812.735300	 	5540.000000
907.656866	 	5546.666667
868.884488	 	5553.333333
829.228078	 	5560.000000
832.759824	 	5566.666667
796.109382	 	5573.333333
767.574565	 	5580.000000
801.457890	 	5586.666667
740.925180	 	5593.333333
762.191693	 	5600.000000
863.601489	 	5606.666667
847.136323	 	5613.333333
799.423489	 	5620.000000
741.190091	 	5626.666667
699.694976	 	5633.333333
740.504896	 	5640.000000
740.297141	 	5646.666667
764.057506	 	5653.333333
795.540805	 	5660.000000
726.117858	 	5666.666667
746.534146	 	5673.333333
747.003136	 	5680.000000
754.984251	 	5686.666667
727.670212	 	5693.333333
673.268533	 	5700.000000
675.117515	 	5706.666667
717.367367	 	5713.333333
735.175495	 	5720.000000
735.401197	 	5726.666667
712.253744	 	5733.333333
744.085337	 	5740.000000
741.728572	 	5746.666667
695.720020	 	5753.333333
800.877355	 	5760.000000
736.760410	 	5766.666667
654.945264	 	5773.333333
589.152226	 	5780.000000
535.465335	 	5786.666667
709.229951	 	5793.333333
826.448279	 	5800.000000
728.039038	 	5806.666667
627.453165	 	5813.333333
668.158985	 	5820.000000
627.829702	 	5826.666667
593.431771	 	5833.333333
704.032050	 	5840.000000
796.278729	 	5846.666667
706.231070	 	5853.333333
571.593273	 	5860.000000
491.250441	 	5866.666667
598.547653	 	5873.333333
636.050424	 	5880.000000
670.376266	 	5886.666667
611.319236	 	5893.333333
584.819832	 	5900.000000
599.236871	 	5906.666667
625.921644	 	5913.333333
589.966788	 	5920.000000
640.581285	 	5926.666667
609.415200	 	5933.333333
571.158046	 	5940.000000
601.227762	 	5946.666667
661.414722	 	5953.333333
600.813176	 	5960.000000
570.061767	 	5966.666667
488.205235	 	5973.333333
561.553541	 	5980.000000
664.459088	 	5986.666667
705.144753	 	5993.333333
610.264765	 	6000.000000
573.595065	 	6006.666667
505.191323	 	6013.333333
571.144075	 	6020.000000
586.594532	 	6026.666667
576.608877	 	6033.333333
638.709145	 	6040.000000
630.953703	 	6046.666667
565.328124	 	6053.333333
571.019601	 	6060.000000
523.909075	 	6066.666667
534.689481	 	6073.333333
579.239370	 	6080.000000
548.604856	 	6086.666667
520.450599	 	6093.333333
503.658843	 	6100.000000
468.315602	 	6106.666667
587.438813	 	6113.333333
606.752416	 	6120.000000
521.063507	 	6126.666667
454.271087	 	6133.333333
525.993190	 	6140.000000
586.245495	 	6146.666667
534.314767	 	6153.333333
508.439722	 	6160.000000
470.844477	 	6166.666667
471.281624	 	6173.333333
503.548957	 	6180.000000
520.210321	 	6186.666667
501.863226	 	6193.333333
449.970042	 	6200.000000
437.899077	 	6206.666667
470.694253	 	6213.333333
548.555034	 	6220.000000
547.738805	 	6226.666667
471.297240	 	6233.333333
479.013491	 	6240.000000
525.726045	 	6246.666667
487.377233	 	6253.333333
433.810422	 	6260.000000
502.130620	 	6266.666667
546.944781	 	6273.333333
489.290701	 	6280.000000
478.646265	 	6286.666667
465.301716	 	6293.333333
423.385254	 	6300.000000
512.755080	 	6306.666667
500.554947	 	6313.333333
433.527435	 	6320.000000
444.201684	 	6326.666667
434.071180	 	6333.333333
411.242503	 	6340.000000
409.454848	 	6346.666667
470.252376	 	6353.333333
517.229279	 	6360.000000
406.689622	 	6366.666667
421.999998	 	6373.333333
472.766926	 	6380.000000
451.414707	 	6386.666667
416.074607	 	6393.333333
433.051699	 	6400.000000
406.129382	 	6406.666667
440.335338	 	6413.333333
464.406997	 	6420.000000
426.341656	 	6426.666667
381.243766	 	6433.333333
404.431891	 	6440.000000
363.682335	 	6446.666667
472.902600	 	6453.333333
509.004681	 	6460.000000
438.558557	 	6466.666667
358.248970	 	6473.333333
456.643490	 	6480.000000
463.507559	 	6486.666667
406.293269	 	6493.333333
370.638294	 	6500.000000
418.732123	 	6506.666667
471.779928	 	6513.333333
442.798109	 	6520.000000
350.586479	 	6526.666667
347.978439	 	6533.333333
398.380817	 	6540.000000
423.202496	 	6546.666667
424.786584	 	6553.333333
388.224460	 	6560.000000
373.301472	 	6566.666667
424.695444	 	6573.333333
418.384727	 	6580.000000
439.756799	 	6586.666667
371.900374	 	6593.333333
331.417210	 	6600.000000
363.120508	 	6606.666667
371.096296	 	6613.333333
356.666983	 	6620.000000
383.934661	 	6626.666667
439.440781	 	6633.333333
425.660298	 	6640.000000
333.437420	 	6646.666667
242.452219	 	6653.333333
311.915439	 	6660.000000
396.866837	 	6666.666667
386.143103	 	6673.333333
307.951585	 	6680.000000
298.116024	 	6686.666667
342.529880	 	6693.333333
394.835485	 	6700.000000
330.212635	 	6706.666667
305.250605	 	6713.333333
337.732753	 	6720.000000
403.812452	 	6726.666667
332.139472	 	6733.333333
374.734438	 	6740.000000
360.038291	 	6746.666667
306.128841	 	6753.333333
288.097702	 	6760.000000
344.129375	 	6766.666667
352.273510	 	6773.333333
335.189667	 	6780.000000
337.601364	 	6786.666667
328.350895	 	6793.333333
350.544532	 	6800.000000
346.223498	 	6806.666667
321.465128	 	6813.333333
283.377221	 	6820.000000
332.736796	 	6826.666667
322.192213	 	6833.333333
277.321339	 	6840.000000
303.999225	 	6846.666667
395.412500	 	6853.333333
314.173364	 	6860.000000
264.641125	 	6866.666667
269.680119	 	6873.333333
340.908258	 	6880.000000
355.396641	 	6886.666667
329.568706	 	6893.333333
290.852668	 	6900.000000
337.811370	 	6906.666667
303.636679	 	6913.333333
255.410092	 	6920.000000
275.910128	 	6926.666667
303.290578	 	6933.333333
335.564775	 	6940.000000
304.529015	 	6946.666667
278.858479	 	6953.333333
294.257740	 	6960.000000
378.311753	 	6966.666667
347.350910	 	6973.333333
274.289893	 	6980.000000
253.239139	 	6986.666667
234.943623	 	6993.333333
252.081524	 	7000.000000
310.469691	 	7006.666667
276.153452	 	7013.333333
303.491138	 	7020.000000
294.670638	 	7026.666667
228.136809	 	7033.333333
253.678865	 	7040.000000
294.744336	 	7046.666667
261.769218	 	7053.333333
260.099758	 	7060.000000
289.793900	 	7066.666667
263.351137	 	7073.333333
269.370666	 	7080.000000
225.466248	 	7086.666667
255.717361	 	7093.333333
317.618941	 	7100.000000
280.547207	 	7106.666667
213.542309	 	7113.333333
226.564527	 	7120.000000
284.341303	 	7126.666667
223.011011	 	7133.333333
220.108472	 	7140.000000
261.555048	 	7146.666667
289.596153	 	7153.333333
250.634999	 	7160.000000
315.522000	 	7166.666667
249.761304	 	7173.333333
238.902728	 	7180.000000
226.505501	 	7186.666667
251.636839	 	7193.333333
257.757874	 	7200.000000
278.604584	 	7206.666667
262.752572	 	7213.333333
255.015894	 	7220.000000
222.607826	 	7226.666667
214.206278	 	7233.333333
221.313833	 	7240.000000
217.469872	 	7246.666667
217.339573	 	7253.333333
238.832578	 	7260.000000
229.420043	 	7266.666667
254.892760	 	7273.333333
211.940597	 	7280.000000
196.699202	 	7286.666667
213.418627	 	7293.333333
213.747755	 	7300.000000
230.106395	 	7306.666667
247.319178	 	7313.333333
262.284672	 	7320.000000
252.392404	 	7326.666667
245.082527	 	7333.333333
198.401616	 	7340.000000
176.036752	 	7346.666667
140.428140	 	7353.333333
205.986620	 	7360.000000
281.303581	 	7366.666667
250.278531	 	7373.333333
232.877629	 	7380.000000
226.399272	 	7386.666667
208.473692	 	7393.333333
228.405504	 	7400.000000
191.653351	 	7406.666667
194.917597	 	7413.333333
171.056948	 	7420.000000
238.870596	 	7426.666667
227.395761	 	7433.333333
214.389600	 	7440.000000
230.823948	 	7446.666667
208.151228	 	7453.333333
156.484552	 	7460.000000
143.441211	 	7466.666667
200.336640	 	7473.333333
245.500504	 	7480.000000
252.836978	 	7486.666667
202.265620	 	7493.333333
193.131491	 	7500.000000
208.277685	 	7506.666667
188.561818	 	7513.333333
175.480637	 	7520.000000
189.728012	 	7526.666667
194.227031	 	7533.333333
193.666506	 	7540.000000
182.862300	 	7546.666667
181.696379	 	7553.333333
152.655727	 	7560.000000
161.539456	 	7566.666667
145.152762	 	7573.333333
188.252265	 	7580.000000
215.503546	 	7586.666667
190.360240	 	7593.333333
162.886618	 	7600.000000
114.935701	 	7606.666667
159.929184	 	7613.333333
166.320712	 	7620.000000
221.752702	 	7626.666667
164.467421	 	7633.333333
160.418024	 	7640.000000
146.961505	 	7646.666667
208.775322	 	7653.333333
213.101370	 	7660.000000
205.118448	 	7666.666667
134.082294	 	7673.333333
145.105807	 	7680.000000
162.542998	 	7686.666667
158.049582	 	7693.333333
134.038596	 	7700.000000
203.855852	 	7706.666667
173.967820	 	7713.333333
173.298771	 	7720.000000
198.302322	 	7726.666667
155.639268	 	7733.333333
132.418990	 	7740.000000
174.942493	 	7746.666667
198.221286	 	7753.333333
145.180709	 	7760.000000
141.534497	 	7766.666667
107.332222	 	7773.333333
147.874571	 	7780.000000
134.112218	 	7786.666667
138.283697	 	7793.333333
128.090139	 	7800.000000
199.506651	 	7806.666667
204.536274	 	7813.333333
154.186002	 	7820.000000
89.685659	 	7826.666667
146.040141	 	7833.333333
149.498506	 	7840.000000
149.220180	 	7846.666667
146.026841	 	7853.333333
120.143323	 	7860.000000
88.803277	 	7866.666667
150.172947	 	7873.333333
192.262059	 	7880.000000
180.248612	 	7886.666667
137.850663	 	7893.333333
139.325008	 	7900.000000
122.355542	 	7906.666667
146.505255	 	7913.333333
162.612525	 	7920.000000
141.808817	 	7926.666667
135.046607	 	7933.333333
111.716298	 	7940.000000
143.322991	 	7946.666667
169.697390	 	7953.333333
178.008706	 	7960.000000
156.586983	 	7966.666667
126.376518	 	7973.333333
148.968062	 	7980.000000
146.540847	 	7986.666667
138.777655	 	7993.333333
125.873769	 	8000.000000
117.725241	 	8006.666667
119.684603	 	8013.333333
126.056335	 	8020.000000
124.210195	 	8026.666667
128.650359	 	8033.333333
178.191835	 	8040.000000
118.671121	 	8046.666667
132.056128	 	8053.333333
111.497933	 	8060.000000
145.722834	 	8066.666667
133.957287	 	8073.333333
177.489726	 	8080.000000
121.062402	 	8086.666667
79.624918	 	8093.333333
85.720703	 	8100.000000
122.643866	 	8106.666667
126.914463	 	8113.333333
163.824747	 	8120.000000
125.321056	 	8126.666667
96.575599	 	8133.333333
110.703012	 	8140.000000
160.639563	 	8146.666667
87.179789	 	8153.333333
72.693276	 	8160.000000
124.196869	 	8166.666667
142.265057	 	8173.333333
171.506691	 	8180.000000
160.038762	 	8186.666667
123.088509	 	8193.333333
97.450666	 	8200.000000
73.912436	 	8206.666667
77.795896	 	8213.333333
111.738944	 	8220.000000
164.895886	 	8226.666667
126.181439	 	8233.333333
84.889464	 	8240.000000
88.715659	 	8246.666667
104.573644	 	8253.333333
62.901699	 	8260.000000
97.523539	 	8266.666667
138.335268	 	8273.333333
110.605798	 	8280.000000
139.445445	 	8286.666667
104.118482	 	8293.333333
58.984460	 	8300.000000
92.193079	 	8306.666667
123.393985	 	8313.333333
118.062306	 	8320.000000
109.201833	 	8326.666667
71.434088	 	8333.333333
80.605766	 	8340.000000
134.013379	 	8346.666667
87.950836	 	8353.333333
79.587780	 	8360.000000
138.743219	 	8366.666667
80.410767	 	8373.333333
65.204394	 	8380.000000
85.846656	 	8386.666667
76.146042	 	8393.333333
116.824552	 	8400.000000
150.433038	 	8406.666667
91.083173	 	8413.333333
101.631106	 	8420.000000
85.176874	 	8426.666667
67.570185	 	8433.333333
98.757564	 	8440.000000
103.173883	 	8446.666667
76.365599	 	8453.333333
84.798249	 	8460.000000
88.274283	 	8466.666667
93.045694	 	8473.333333
96.594861	 	8480.000000
102.384084	 	8486.666667
66.179655	 	8493.333333
127.519340	 	8500.000000
113.511050	 	8506.666667
74.357244	 	8513.333333
56.839152	 	8520.000000
77.988822	 	8526.666667
98.348258	 	8533.333333
142.193860	 	8540.000000
64.623531	 	8546.666667
59.185610	 	8553.333333
69.768529	 	8560.000000
115.538660	 	8566.666667
104.699867	 	8573.333333
84.253921	 	8580.000000
63.558430	 	8586.666667
59.270915	 	8593.333333
55.454455	 	8600.000000
66.937787	 	8606.666667
119.943413	 	8613.333333
124.230993	 	8620.000000
80.925480	 	8626.666667
40.170045	 	8633.333333
36.299252	 	8640.000000
102.865230	 	8646.666667
74.871571	 	8653.333333
91.551539	 	8660.000000
102.713833	 	8666.666667
56.558282	 	8673.333333
59.696653	 	8680.000000
59.323833	 	8686.666667
76.028932	 	8693.333333
135.272074	 	8700.000000
107.994902	 	8706.666667
34.863544	 	8713.333333
71.352607	 	8720.000000
48.284519	 	8726.666667
51.135703	 	8733.333333
53.322045	 	8740.000000
74.631891	 	8746.666667
82.083133	 	8753.333333
156.473916	 	8760.000000
51.150611	 	8766.666667
67.611365	 	8773.333333
82.800586	 	8780.000000
89.109264	 	8786.666667
76.685171	 	8793.333333
71.081528	 	8800.000000
68.328458	 	8806.666667
67.781822	 	8813.333333
60.343619	 	8820.000000
84.020750	 	8826.666667
87.761569	 	8833.333333
76.398972	 	8840.000000
32.482127	 	8846.666667
24.086475	 	8853.333333
63.362603	 	8860.000000
94.876338	 	8866.666667
110.454041	 	8873.333333
73.581113	 	8880.000000
16.214149	 	8886.666667
35.557980	 	8893.333333
63.492769	 	8900.000000
82.383603	 	8906.666667
88.073574	 	8913.333333
50.299054	 	8920.000000
35.530034	 	8926.666667
35.405647	 	8933.333333
62.935166	 	8940.000000
76.194092	 	8946.666667
117.053291	 	8953.333333
54.565323	 	8960.000000
-11.921870	 	8966.666667
11.378055	 	8973.333333
76.392931	 	8980.000000
86.485578	 	8986.666667
64.345096	 	8993.333333
65.268984	 	9000.000000
72.364440	 	9006.666667
54.974311	 	9013.333333
59.566466	 	9020.000000
40.101318	 	9026.666667
16.935252	 	9033.333333
42.537342	 	9040.000000
112.214454	 	9046.666667
69.560966	 	9053.333333
52.257901	 	9060.000000
47.142158	 	9066.666667
86.108244	 	9073.333333
62.175361	 	9080.000000
72.423657	 	9086.666667
15.799532	 	9093.333333
28.764828	 	9100.000000
33.875496	 	9106.666667
38.435182	 	9113.333333
59.368928	 	9120.000000
93.134106	 	9126.666667
41.716523	 	9133.333333
32.360475	 	9140.000000
13.727179	 	9146.666667
52.461703	 	9153.333333
69.972511	 	9160.000000
98.160482	 	9166.666667
45.333268	 	9173.333333
24.816424	 	9180.000000
2.760219	 	9186.666667
40.266486	 	9193.333333
47.239192	 	9200.000000
89.457166	 	9206.666667
43.675151	 	9213.333333
58.255416	 	9220.000000
67.985569	 	9226.666667
29.082324	 	9233.333333
16.506256	 	9240.000000
47.957078	 	9246.666667
56.725533	 	9253.333333
70.895187	 	9260.000000
36.957141	 	9266.666667
57.431691	 	9273.333333
26.864404	 	9280.000000
34.014281	 	9286.666667
73.974632	 	9293.333333
51.701252	 	9300.000000
39.530150	 	9306.666667
38.144245	 	9313.333333
23.212750	 	9320.000000
48.938635	 	9326.666667
44.417967	 	9333.333333
66.149730	 	9340.000000
32.926559	 	9346.666667
48.285874	 	9353.333333
64.997099	 	9360.000000
29.275452	 	9366.666667
65.663500	 	9373.333333
42.080723	 	9380.000000
9.467603	 	9386.666667
21.832961	 	9393.333333
17.900040	 	9400.000000
30.783000	 	9406.666667
87.368908	 	9413.333333
24.062164	 	9420.000000
26.800642	 	9426.666667
6.549204	 	9433.333333
51.724787	 	9440.000000
70.117626	 	9446.666667
34.933408	 	9453.333333
4.730321	 	9460.000000
12.098384	 	9466.666667
47.234360	 	9473.333333
50.085785	 	9480.000000
54.667561	 	9486.666667
48.243976	 	9493.333333
-1.454219	 	9500.000000
14.371627	 	9506.666667
19.269224	 	9513.333333
38.575049	 	9520.000000
58.736896	 	9526.666667
68.611359	 	9533.333333
28.375599	 	9540.000000
-8.460713	 	9546.666667
19.123493	 	9553.333333
47.694105	 	9560.000000
3.358656	 	9566.666667
39.028444	 	9573.333333
43.918361	 	9580.000000
19.932610	 	9586.666667
18.124803	 	9593.333333
34.155357	 	9600.000000
39.357835	 	9606.666667
22.523600	 	9613.333333
4.316097	 	9620.000000
20.944639	 	9626.666667
51.493714	 	9633.333333
85.803173	 	9640.000000
-0.156003	 	9646.666667
-1.420992	 	9653.333333
16.062278	 	9660.000000
25.297873	 	9666.666667
35.483877	 	9673.333333
37.065344	 	9680.000000
-8.820562	 	9686.666667
38.412381	 	9693.333333
25.500678	 	9700.000000
50.850623	 	9706.666667
55.355060	 	9713.333333
14.828699	 	9720.000000
9.749151	 	9726.666667
29.527091	 	9733.333333
4.367342	 	9740.000000
42.140374	 	9746.666667
15.868873	 	9753.333333
31.036521	 	9760.000000
30.277159	 	9766.666667
41.046635	 	9773.333333
-7.341744	 	9780.000000
15.685375	 	9786.666667
27.660727	 	9793.333333
47.501869	 	9800.000000
41.192709	 	9806.666667
36.738126	 	9813.333333
-10.570209	 	9820.000000
10.713251	 	9826.666667
7.690274	 	9833.333333
38.611707	 	9840.000000
54.653963	 	9846.666667
46.239001	 	9853.333333
0.085302	 	9860.000000
-17.887970	 	9866.666667
14.698502	 	9873.333333
36.282417	 	9880.000000
45.237446	 	9886.666667
-1.882944	 	9893.333333
5.126798	 	9900.000000
25.751497	 	9906.666667
45.895040	 	9913.333333
36.934490	 	9920.000000
-0.471270	 	9926.666667
-8.567999	 	9933.333333
22.122373	 	9940.000000
29.390234	 	9946.666667
-14.879190	 	9953.333333
44.854689	 	9960.000000
29.572584	 	9966.666667
71.874883	 	9973.333333
12.270643	 	9980.000000
-26.031354	 	9986.666667
-21.979411	 	9993.333333
1.352809	 	10000.000000
27.372658	 	10006.666667
65.337842	 	10013.333333
18.060949	 	10020.000000
56.738168	 	10026.666667
4.846597	 	10033.333333
-4.897522	 	10040.000000
-12.845677	 	10046.666667
15.145336	 	10053.333333
58.501475	 	10060.000000
36.452194	 	10066.666667
-9.972919	 	10073.333333
27.568891	 	10080.000000
-19.044537	 	10086.666667
-6.233037	 	10093.333333
-9.802570	 	10100.000000
52.237864	 	10106.666667
49.028288	 	10113.333333
36.676184	 	10120.000000
-42.910457	 	10126.666667
-10.268608	 	10133.333333
16.413356	 	10140.000000
63.766911	 	10146.666667
17.549838	 	10153.333333
-1.644692	 	10160.000000
-15.704156	 	10166.666667
34.818930	 	10173.333333
13.624175	 	10180.000000
17.718651	 	10186.666667
-32.816113	 	10193.333333
23.840822	 	10200.000000
30.620676	 	10206.666667
18.059265	 	10213.333333
17.493897	 	10220.000000
25.877345	 	10226.666667
-2.829288	 	10233.333333
21.062283	 	10240.000000
-5.273972	 	10246.666667
-26.418593	 	10253.333333
50.222942	 	10260.000000
65.459679	 	10266.666667
24.564156	 	10273.333333
-9.429267	 	10280.000000
-45.184192	 	10286.666667
26.973376	 	10293.333333
54.259410	 	10300.000000
-3.638597	 	10306.666667
36.342585	 	10313.333333
33.287127	 	10320.000000
40.271645	 	10326.666667
-4.718973	 	10333.333333
-25.469480	 	10340.000000
35.283882	 	10346.666667
24.740528	 	10353.333333
-52.583577	 	10360.000000
14.023899	 	10366.666667
36.428082	 	10373.333333
16.392510	 	10380.000000
16.296787	 	10386.666667
-9.056687	 	10393.333333
-20.235916	 	10400.000000
-14.179356	 	10406.666667
-23.385296	 	10413.333333
52.700916	 	10420.000000
74.218821	 	10426.666667
23.772470	 	10433.333333
-54.520386	 	10440.000000
-36.302692	 	10446.666667
-29.312871	 	10453.333333
67.184956	 	10460.000000
41.546593	 	10466.666667
39.642981	 	10473.333333
-17.584494	 	10480.000000
-8.198080	 	10486.666667
-18.403962	 	10493.333333
37.814816	 	10500.000000
17.478945	 	10506.666667
-24.025864	 	10513.333333
-23.002463	 	10520.000000
27.895437	 	10526.666667
14.435773	 	10533.333333
28.011521	 	10540.000000
15.727641	 	10546.666667
-11.037102	 	10553.333333
-21.504394	 	10560.000000
31.273478	 	10566.666667
-3.133415	 	10573.333333
21.969445	 	10580.000000
-14.163857	 	10586.666667
25.204555	 	10593.333333
6.894841	 	10600.000000
24.220224	 	10606.666667
-21.918574	 	10613.333333
-12.977663	 	10620.000000
-17.761951	 	10626.666667
28.743531	 	10633.333333
-4.090882	 	10640.000000
37.372709	 	10646.666667
-1.509481	 	10653.333333
17.493926	 	10660.000000
-1.715828	 	10666.666667
-4.078459	 	10673.333333
-8.798486	 	10680.000000
33.784539	 	10686.666667
12.097984	 	10693.333333
17.140499	 	10700.000000
-30.443914	 	10706.666667
-23.157744	 	10713.333333
22.605744	 	10720.000000
6.337864	 	10726.666667
29.458131	 	10733.333333
8.303279	 	10740.000000
-10.440706	 	10746.666667
-19.202036	 	10753.333333
-24.073408	 	10760.000000
3.145921	 	10766.666667
42.058769	 	10773.333333
32.230742	 	10780.000000
3.892292	 	10786.666667
-8.229545	 	10793.333333
-29.462806	 	10800.000000
-31.300087	 	10806.666667
-5.856940	 	10813.333333
18.453054	 	10820.000000
13.302821	 	10826.666667
1.270258	 	10833.333333
-13.130889	 	10840.000000
6.472530	 	10846.666667
8.554188	 	10853.333333
16.280852	 	10860.000000
15.392524	 	10866.666667
22.150111	 	10873.333333
5.400051	 	10880.000000
-7.067200	 	10886.666667
-34.323249	 	10893.333333
-5.662109	 	10900.000000
51.019131	 	10906.666667
26.172061	 	10913.333333
-7.858878	 	10920.000000
14.154139	 	10926.666667
-1.269108	 	10933.333333
-13.971827	 	10940.000000
12.726236	 	10946.666667
-46.892900	 	10953.333333
10.322770	 	10960.000000
-11.999079	 	10966.666667
-37.120051	 	10973.333333
25.102889	 	10980.000000
58.266356	 	10986.666667
29.201478	 	10993.333333
-13.823761	 	11000.000000
-67.676330	 	11006.666667
-39.917413	 	11013.333333
-17.778360	 	11020.000000
30.673620	 	11026.666667
36.237658	 	11033.333333
33.139679	 	11040.000000
-40.754011	 	11046.666667
-17.438309	 	11053.333333
-53.633094	 	11060.000000
16.598771	 	11066.666667
35.436880	 	11073.333333
45.635065	 	11080.000000
-27.271953	 	11086.666667
11.470746	 	11093.333333
25.278391	 	11100.000000
-24.582479	 	11106.666667
-26.256052	 	11113.333333
1.304703	 	11120.000000
-17.067423	 	11126.666667
32.675032	 	11133.333333
11.048003	 	11140.000000
-4.678929	 	11146.666667
-13.842030	 	11153.333333
22.254209	 	11160.000000
-9.802068	 	11166.666667
-13.024782	 	11173.333333
-12.616833	 	11180.000000
-2.339584	 	11186.666667
-10.856489	 	11193.333333
34.971938	 	11200.000000
-1.473865	 	11206.666667
4.801242	 	11213.333333
-18.955187	 	11220.000000
-38.422008	 	11226.666667
-22.641093	 	11233.333333
23.694731	 	11240.000000
27.587880	 	11246.666667
31.312915	 	11253.333333
-19.651314	 	11260.000000
-40.396035	 	11266.666667
-72.717590	 	11273.333333
10.433379	 	11280.000000
39.956553	 	11286.666667
-7.384660	 	11293.333333
15.503093	 	11300.000000
10.340810	 	11306.666667
31.624893	 	11313.333333
-16.756222	 	11320.000000
-67.577007	 	11326.666667
-17.857239	 	11333.333333
6.219681	 	11340.000000
29.027352	 	11346.666667
32.670804	 	11353.333333
-2.425971	 	11360.000000
-45.068161	 	11366.666667
-35.447393	 	11373.333333
-20.421941	 	11380.000000
21.696382	 	11386.666667
31.042763	 	11393.333333
-16.576884	 	11400.000000
-12.108947	 	11406.666667
6.581756	 	11413.333333
-22.694607	 	11420.000000
-3.635160	 	11426.666667
-1.365540	 	11433.333333
5.731804	 	11440.000000
0.242617	 	11446.666667
-8.415374	 	11453.333333
-63.627410	 	11460.000000
8.044882	 	11466.666667
21.309970	 	11473.333333
25.199100	 	11480.000000
-25.764799	 	11486.666667
-26.248181	 	11493.333333
-27.483833	 	11500.000000
-20.838229	 	11506.666667
44.120515	 	11513.333333
20.864485	 	11520.000000
1.395480	 	11526.666667
-31.429972	 	11533.333333
-56.898874	 	11540.000000
-20.807058	 	11546.666667
28.949399	 	11553.333333
21.419976	 	11560.000000
-1.888341	 	11566.666667
-37.843085	 	11573.333333
-14.756007	 	11580.000000
-20.288444	 	11586.666667
-40.723848	 	11593.333333
21.575599	 	11600.000000
34.293218	 	11606.666667
29.504868	 	11613.333333
-30.452880	 	11620.000000
-42.376314	 	11626.666667
1.701459	 	11633.333333
6.185183	 	11640.000000
-1.071990	 	11646.666667
-9.738445	 	11653.333333
-30.765785	 	11660.000000
25.578752	 	11666.666667
18.126235	 	11673.333333
-24.563989	 	11680.000000
-9.962108	 	11686.666667
0.924774	 	11693.333333
-37.915631	 	11700.000000
-39.914991	 	11706.666667
16.555769	 	11713.333333
14.771162	 	11720.000000
21.803799	 	11726.666667
2.851623	 	11733.333333
-51.247987	 	11740.000000
-48.473001	 	11746.666667
-31.534343	 	11753.333333
-14.226731	 	11760.000000
-3.268703	 	11766.666667
42.172644	 	11773.333333
77.294369	 	11780.000000
-63.230686	 	11786.666667
-66.185529	 	11793.333333
-55.978415	 	11800.000000
-3.592598	 	11806.666667
-5.862649	 	11813.333333
29.895624	 	11820.000000
-6.698575	 	11826.666667
25.457678	 	11833.333333
-19.494242	 	11840.000000
-63.786219	 	11846.666667
7.750740	 	11853.333333
-47.870503	 	11860.000000
9.438791	 	11866.666667
0.089082	 	11873.333333
-2.421861	 	11880.000000
24.988538	 	11886.666667
-20.819327	 	11893.333333
-46.997849	 	11900.000000
-53.060778	 	11906.666667
19.968974	 	11913.333333
24.799541	 	11920.000000
-38.694793	 	11926.666667
-0.018311	 	11933.333333
-21.419244	 	11940.000000
14.220118	 	11946.666667
-49.629640	 	11953.333333
-21.208981	 	11960.000000
3.312909	 	11966.666667
60.141924	 	11973.333333
-80.672446	 	11980.000000
-10.063159	 	11986.666667
4.216529	 	11993.333333
-1.952210	 	12000.000000
1.009395	 	12006.666667
-0.326600	 	12013.333333
-17.726093	 	12020.000000
-53.154198	 	12026.666667
-0.458347	 	12033.333333
37.904635	 	12040.000000
-34.213219	 	12046.666667
-48.278049	 	12053.333333
10.994280	 	12060.000000
-10.481912	 	12066.666667
-98.059747	 	12073.333333
122.880041	 	12080.000000
-77.115385	 	12086.666667
15.806178	 	12093.333333
36.029030	 	12100.000000
-5.202253	 	12106.666667
-120.046954	 	12113.333333
-40.394603	 	12120.000000
32.585599	 	12126.666667
26.166639	 	12133.333333
138.089057	 	12140.000000
-148.869613	 	12146.666667
-4.416916	 	12153.333333
-121.005187	 	12160.000000
-43.859379	 	12166.666667
118.075871	 	12173.333333
117.885802	 	12180.000000
-200.317200	 	12186.666667
32.701277	 	12193.333333
-63.246308	 	12200.000000
91.370748	 	12206.666667
57.169374	 	12213.333333
-175.487525	 	12220.000000
-11.758551	 	12226.666667
-48.438537	 	12233.333333
-34.749289	 	12240.000000
214.651524	 	12246.666667
-190.710977	 	12253.333333
357.301896	 	12260.000000
-286.122835	 	12266.666667
-255.172699	 	12273.333333
-31.036429	 	12280.000000
-170.044526	 	12286.666667
790.548569	 	12293.333333
-24.414193	 	12300.000000
-355.641777	 	12306.666667
-505.064782	 	12313.333333
524.206861	 	12320.000000
-373.197919	 	12326.666667
82.741224	 	12333.333333
180.726161	 	12340.000000
217.794529	 	12346.666667
-376.893237	 	12353.333333
170.725055	 	12360.000000
-402.308609	 	12366.666667
503.491328	 	12373.333333
-96.093771	 	12380.000000
-407.880245	 	12386.666667
-110.712681	 	12393.333333
475.731125	 	12400.000000
217.352748	 	12406.666667
-98.090640	 	12413.333333
-656.043567	 	12420.000000
29.203699	 	12426.666667
390.675673	 	12433.333333
-520.156710	 	12440.000000
1249.300595	 	12446.666667
-583.776402	 	12453.333333
-568.915435	 	12460.000000
-280.296225	 	12466.666667
546.230709	 	12473.333333
415.011133	 	12480.000000
-220.367031	 	12486.666667
-771.836695	 	12493.333333
517.965340	 	12500.000000
48.600031	 	12506.666667
229.605649	 	12513.333333
94.106231	 	12520.000000
-456.516703	 	12526.666667
-345.927955	 	12533.333333
-203.084585	 	12540.000000
726.147503	 	12546.666667
207.202433	 	12553.333333
-820.600106	 	12560.000000
1111.102269	 	12566.666667
-574.972178	 	12573.333333
-478.608660	 	12580.000000
-665.534749	 	12586.666667
1419.708039	 	12593.333333
57.362411	 	12600.000000
-535.954256	 	12606.666667
-302.026778	 	12613.333333
643.691662	 	12620.000000
-383.508434	 	12626.666667
-382.552146	 	12633.333333
-886.252482	 	12640.000000
2123.595667	 	12646.666667
-209.621447	 	12653.333333
-623.292943	 	12660.000000
-493.845964	 	12666.666667
-676.604030	 	12673.333333
1297.111635	 	12680.000000
514.502665	 	12686.666667
-667.366351	 	12693.333333
-282.854907	 	12700.000000
-678.932304	 	12706.666667
639.735904	 	12713.333333
176.502622	 	12720.000000
571.378995	 	12726.666667
-726.244464	 	12733.333333
-797.050365	 	12740.000000
1281.039803	 	12746.666667
-490.713723	 	12753.333333
-525.048108	 	12760.000000
1028.167546	 	12766.666667
-911.796121	 	12773.333333
781.139339	 	12780.000000
-835.965806	 	12786.666667
91.564364	 	12793.333333
1029.145013	 	12800.000000
-703.294530	 	12806.666667
-889.734804	 	12813.333333
427.767751	 	12820.000000
-204.069698	 	12826.666667
1746.570692	 	12833.333333
-914.732986	 	12840.000000
-608.615572	 	12846.666667
215.339800	 	12853.333333
-639.328309	 	12860.000000
1180.216652	 	12866.666667
-813.726266	 	12873.333333
272.345655	 	12880.000000
564.100144	 	12886.666667
-978.685740	 	12893.333333
-405.903030	 	12900.000000
-979.553922	 	12906.666667
3406.511994	 	12913.333333
-767.774513	 	12920.000000
-713.687184	 	12926.666667
-641.830830	 	12933.333333
-244.638760	 	12940.000000
-786.844501	 	12946.666667
2200.807377	 	12953.333333
-302.377955	 	12960.000000
-864.955838	 	12966.666667
701.677446	 	12973.333333
-691.087417	 	12980.000000
417.406442	 	12986.666667
-985.819081	 	12993.333333
-301.519626	 	13000.000000
2820.351195	 	13006.666667
-907.325783	 	13013.333333
-985.140501	 	13020.000000
-967.403172	 	13026.666667
841.285017	 	13033.333333
-983.545112	 	13040.000000
2593.805347	 	13046.666667
-386.025935	 	13053.333333
-830.596824	 	13060.000000
-987.176109	 	13066.666667
-667.323554	 	13073.333333
3141.465450	 	13080.000000
-976.368845	 	13086.666667
-995.317831	 	13093.333333
-268.003582	 	13100.000000
-65.859668	 	13106.666667
-996.864372	 	13113.333333
3417.492365	 	13120.000000
-990.412086	 	13126.666667
-940.375734	 	13133.333333
-652.245363	 	13140.000000
-965.402268	 	13146.666667
3241.886008	 	13153.333333
-797.455790	 	13160.000000
-992.807214	 	13166.666667
-949.231118	 	13173.333333
-604.812603	 	13180.000000
3473.233306	 	13186.666667
-999.384354	 	13193.333333
-999.969641	 	13200.000000
-999.872109	 	13206.666667
-999.995944	 	13213.333333
-995.391894	 	13220.000000
5171.883487	 	13226.666667
1641.580931	 	13233.333333
-999.998720	 	13240.000000
-999.998720	 	13246.666667
-999.998723	 	13253.333333
-999.998720	 	13260.000000
-999.998720	 	13266.666667
-999.998723	 	13273.333333
-999.998739	 	13280.000000
-999.998755	 	13286.666667
-999.998782	 	13293.333333
-999.998804	 	13300.000000
-999.998881	 	13306.666667
-999.998914	 	13313.333333
-999.998825	 	13320.000000
-999.998906	 	13326.666667
