#peak 	 	#time 
-999.999038	 	0.000000
-999.999255	 	6.666667
-999.999010	 	13.333333
-999.998877	 	20.000000
-999.999427	 	26.666667
-999.999439	 	33.333333
-999.999697	 	40.000000
-999.999735	 	46.666667
-999.999465	 	53.333333
-999.999878	 	60.000000
-999.999356	 	66.666667
-1000.000000	 	73.333333
-1000.000000	 	80.000000
-1000.000000	 	86.666667
-1000.000000	 	93.333333
32123.730542	 	100.000000
-999.998878	 	106.666667
-999.998888	 	113.333333
-999.998891	 	120.000000
-999.998895	 	126.666667
-999.998876	 	133.333333
-999.998891	 	140.000000
-999.998874	 	146.666667
-999.998890	 	153.333333
-999.998871	 	160.000000
-999.998880	 	166.666667
-999.998874	 	173.333333
-999.998876	 	180.000000
-999.998873	 	186.666667
-999.998871	 	193.333333
-999.998871	 	200.000000
-999.973819	 	206.666667
3262.223732	 	213.333333
1558.921614	 	220.000000
-610.229602	 	226.666667
-582.859287	 	233.333333
-22.176110	 	240.000000
316.966545	 	246.666667
-218.955375	 	253.333333
95.601102	 	260.000000
-60.612369	 	266.666667
-282.145560	 	273.333333
63.272871	 	280.000000
216.053763	 	286.666667
-82.472391	 	293.333333
-38.682703	 	300.000000
-97.160035	 	306.666667
-96.975655	 	313.333333
140.245380	 	320.000000
-225.058350	 	326.666667
65.315569	 	333.333333
22.455512	 	340.000000
166.730133	 	346.666667
-208.294093	 	353.333333
-178.651437	 	360.000000
238.714854	 	366.666667
172.599482	 	373.333333
-64.341728	 	380.000000
62.479839	 	386.666667
-122.681475	 	393.333333
209.944230	 	400.000000
-108.344485	 	406.666667
-174.665134	 	413.333333
-240.752814	 	420.000000
243.842423	 	426.666667
294.402003	 	433.333333
12.997576	 	440.000000
14.346397	 	446.666667
-250.551120	 	453.333333
123.887817	 	460.000000
-15.988869	 	466.666667
6.004147	 	473.333333
8.577518	 	480.000000
113.009136	 	486.666667
-174.849743	 	493.333333
145.038283	 	500.000000
-61.539124	 	506.666667
56.337346	 	513.333333
-94.765300	 	520.000000
-27.479238	 	526.666667
-27.404899	 	533.333333
139.707772	 	540.000000
198.566864	 	546.666667
-372.877105	 	553.333333
181.749791	 	560.000000
-120.399580	 	566.666667
36.965540	 	573.333333
62.630508	 	580.000000
54.590569	 	586.666667
-134.093879	 	593.333333
78.125897	 	600.000000
-70.955638	 	606.666667
-40.407920	 	613.333333
17.142327	 	620.000000
181.237622	 	626.666667
-164.990727	 	633.333333
-51.109436	 	640.000000
267.859358	 	646.666667
21.696940	 	653.333333
-31.638837	 	660.000000
-222.610205	 	666.666667
-144.714137	 	673.333333
263.427645	 	680.000000
59.990554	 	686.666667
-90.104183	 	693.333333
-12.875545	 	700.000000
-23.876529	 	706.666667
146.641582	 	713.333333
-37.645785	 	720.000000
-205.941615	 	726.666667
49.264056	 	733.333333
96.793504	 	740.000000
-142.264866	 	746.666667
66.685623	 	753.333333
119.915846	 	760.000000
59.181332	 	766.666667
-125.794012	 	773.333333
83.220649	 	780.000000
-192.487071	 	786.666667
128.099837	 	793.333333
-78.785723	 	800.000000
-13.632002	 	806.666667
121.723766	 	813.333333
-27.620736	 	820.000000
-119.147899	 	826.666667
79.346577	 	833.333333
107.077836	 	840.000000
-31.386584	 	846.666667
-98.522502	 	853.333333
-71.617607	 	860.000000
130.876190	 	866.666667
-58.458673	 	873.333333
43.957121	 	880.000000
16.948469	 	886.666667
-134.308894	 	893.333333
207.152020	 	900.000000
13.442701	 	906.666667
-141.761274	 	913.333333
-6.675186	 	920.000000
84.365633	 	926.666667
61.032121	 	933.333333
42.218795	 	940.000000
-108.434361	 	946.666667
90.304192	 	953.333333
-106.529588	 	960.000000
-38.119346	 	966.666667
55.599130	 	973.333333
79.805004	 	980.000000
79.618481	 	986.666667
20.868457	 	993.333333
-141.689222	 	1000.000000
-94.693654	 	1006.666667
-16.295618	 	1013.333333
172.605760	 	1020.000000
-5.247620	 	1026.666667
-69.242759	 	1033.333333
95.005374	 	1040.000000
-78.785941	 	1046.666667
135.298815	 	1053.333333
-40.303850	 	1060.000000
-79.558708	 	1066.666667
-145.447289	 	1073.333333
183.065281	 	1080.000000
7.927070	 	1086.666667
57.434174	 	1093.333333
130.539010	 	1100.000000
-177.246592	 	1106.666667
32.751375	 	1113.333333
-105.074303	 	1120.000000
41.184167	 	1126.666667
259.834725	 	1133.333333
72.390293	 	1140.000000
-136.794200	 	1146.666667
-59.763804	 	1153.333333
-36.126021	 	1160.000000
-65.685861	 	1166.666667
292.794261	 	1173.333333
-225.245408	 	1180.000000
-38.453917	 	1186.666667
189.689025	 	1193.333333
-5.988740	 	1200.000000
-169.108192	 	1206.666667
-24.627603	 	1213.333333
97.781509	 	1220.000000
46.805595	 	1226.666667
-13.320935	 	1233.333333
-51.666589	 	1240.000000
40.061099	 	1246.666667
59.281216	 	1253.333333
-96.192474	 	1260.000000
32.366495	 	1266.666667
88.579027	 	1273.333333
-130.538916	 	1280.000000
-92.016911	 	1286.666667
17.161867	 	1293.333333
243.305575	 	1300.000000
53.427616	 	1306.666667
-147.185956	 	1313.333333
-222.725527	 	1320.000000
212.850812	 	1326.666667
29.440678	 	1333.333333
-117.869996	 	1340.000000
-35.101224	 	1346.666667
114.140582	 	1353.333333
118.632859	 	1360.000000
-28.703199	 	1366.666667
-97.145659	 	1373.333333
-167.826099	 	1380.000000
-43.249195	 	1386.666667
327.943753	 	1393.333333
-55.711879	 	1400.000000
-28.589915	 	1406.666667
-0.443086	 	1413.333333
-97.227808	 	1420.000000
36.720376	 	1426.666667
146.433410	 	1433.333333
-97.888797	 	1440.000000
-103.691847	 	1446.666667
-28.337661	 	1453.333333
91.493698	 	1460.000000
114.046536	 	1466.666667
4.780340	 	1473.333333
-46.637089	 	1480.000000
-58.579297	 	1486.666667
56.694056	 	1493.333333
-56.079048	 	1500.000000
44.139387	 	1506.666667
-143.992914	 	1513.333333
44.489071	 	1520.000000
27.268599	 	1526.666667
106.539493	 	1533.333333
-107.633669	 	1540.000000
25.457532	 	1546.666667
63.613240	 	1553.333333
55.484781	 	1560.000000
-47.656845	 	1566.666667
-22.867462	 	1573.333333
-34.324022	 	1580.000000
-22.285718	 	1586.666667
35.797123	 	1593.333333
69.614149	 	1600.000000
80.116402	 	1606.666667
-4.929846	 	1613.333333
-108.675052	 	1620.000000
-12.054921	 	1626.666667
-24.865747	 	1633.333333
216.501507	 	1640.000000
-267.585989	 	1646.666667
-104.817437	 	1653.333333
195.498334	 	1660.000000
117.531226	 	1666.666667
-10.265670	 	1673.333333
-88.408951	 	1680.000000
-156.619365	 	1686.666667
126.693950	 	1693.333333
131.234209	 	1700.000000
-187.911889	 	1706.666667
3.627587	 	1713.333333
340.352290	 	1720.000000
-89.865156	 	1726.666667
-137.398167	 	1733.333333
20.894591	 	1740.000000
31.293488	 	1746.666667
-82.937271	 	1753.333333
172.176263	 	1760.000000
34.786820	 	1766.666667
-9.840069	 	1773.333333
4.079005	 	1780.000000
56.223404	 	1786.666667
-208.375845	 	1793.333333
40.459876	 	1800.000000
-37.929422	 	1806.666667
-20.258814	 	1813.333333
198.007715	 	1820.000000
2.162211	 	1826.666667
-146.793475	 	1833.333333
-163.330922	 	1840.000000
111.162725	 	1846.666667
383.801049	 	1853.333333
-72.479177	 	1860.000000
-172.799399	 	1866.666667
-42.894538	 	1873.333333
0.735334	 	1880.000000
74.177817	 	1886.666667
-64.026710	 	1893.333333
68.976270	 	1900.000000
-26.164595	 	1906.666667
-60.619521	 	1913.333333
61.728477	 	1920.000000
-130.242170	 	1926.666667
124.546678	 	1933.333333
71.273857	 	1940.000000
-56.661736	 	1946.666667
-21.960019	 	1953.333333
-59.227232	 	1960.000000
5.840668	 	1966.666667
141.289124	 	1973.333333
86.332768	 	1980.000000
-263.371357	 	1986.666667
93.454710	 	1993.333333
24.883454	 	2000.000000
-40.311508	 	2006.666667
-79.256401	 	2013.333333
51.336097	 	2020.000000
46.178227	 	2026.666667
94.798601	 	2033.333333
51.360947	 	2040.000000
-156.303855	 	2046.666667
-113.992218	 	2053.333333
444.974780	 	2060.000000
-182.780449	 	2066.666667
-4.625452	 	2073.333333
-35.894177	 	2080.000000
-76.621454	 	2086.666667
-77.343869	 	2093.333333
122.907906	 	2100.000000
79.896676	 	2106.666667
19.073110	 	2113.333333
-9.320141	 	2120.000000
37.459807	 	2126.666667
-128.647525	 	2133.333333
-74.943922	 	2140.000000
65.776663	 	2146.666667
-62.975536	 	2153.333333
159.456269	 	2160.000000
41.320463	 	2166.666667
7.087653	 	2173.333333
-143.363161	 	2180.000000
-8.771878	 	2186.666667
21.166962	 	2193.333333
78.580250	 	2200.000000
-110.352678	 	2206.666667
47.493604	 	2213.333333
68.655129	 	2220.000000
25.830274	 	2226.666667
-7.673660	 	2233.333333
-115.806498	 	2240.000000
-92.124374	 	2246.666667
196.239110	 	2253.333333
46.308361	 	2260.000000
-76.753172	 	2266.666667
27.323380	 	2273.333333
-73.127731	 	2280.000000
33.337224	 	2286.666667
-57.608880	 	2293.333333
171.973131	 	2300.000000
-65.055281	 	2306.666667
32.096181	 	2313.333333
-130.097799	 	2320.000000
26.393481	 	2326.666667
138.003204	 	2333.333333
-108.344710	 	2340.000000
22.474263	 	2346.666667
100.548459	 	2353.333333
7.270602	 	2360.000000
103.786990	 	2366.666667
-165.049927	 	2373.333333
-46.063690	 	2380.000000
132.647040	 	2386.666667
46.786183	 	2393.333333
70.291226	 	2400.000000
43.473780	 	2406.666667
-172.511044	 	2413.333333
3.550886	 	2420.000000
211.464621	 	2426.666667
-4.317253	 	2433.333333
-73.619983	 	2440.000000
-23.933756	 	2446.666667
13.912626	 	2453.333333
15.458780	 	2460.000000
-33.008353	 	2466.666667
-53.150618	 	2473.333333
-17.509305	 	2480.000000
184.415663	 	2486.666667
118.377905	 	2493.333333
-134.033853	 	2500.000000
27.365905	 	2506.666667
-117.975837	 	2513.333333
-186.163696	 	2520.000000
362.056418	 	2526.666667
-83.979990	 	2533.333333
-23.712962	 	2540.000000
-177.065986	 	2546.666667
162.016360	 	2553.333333
146.580186	 	2560.000000
-28.946569	 	2566.666667
-214.445441	 	2573.333333
-42.390346	 	2580.000000
105.534551	 	2586.666667
158.439482	 	2593.333333
-2.281649	 	2600.000000
-117.657854	 	2606.666667
-23.178143	 	2613.333333
141.918717	 	2620.000000
-35.654731	 	2626.666667
34.097706	 	2633.333333
-206.646197	 	2640.000000
-153.053151	 	2646.666667
34.448156	 	2653.333333
467.100730	 	2660.000000
-3.069195	 	2666.666667
-236.535536	 	2673.333333
-83.818978	 	2680.000000
-77.077650	 	2686.666667
314.253676	 	2693.333333
8.419275	 	2700.000000
-252.133051	 	2706.666667
56.839130	 	2713.333333
89.775278	 	2720.000000
-103.399935	 	2726.666667
123.459726	 	2733.333333
16.514261	 	2740.000000
-32.395587	 	2746.666667
6.859516	 	2753.333333
-39.117921	 	2760.000000
-108.111085	 	2766.666667
48.160386	 	2773.333333
1.157026	 	2780.000000
86.493688	 	2786.666667
-18.798322	 	2793.333333
45.120346	 	2800.000000
-26.173450	 	2806.666667
-121.283190	 	2813.333333
36.330616	 	2820.000000
42.596362	 	2826.666667
16.592630	 	2833.333333
128.023123	 	2840.000000
-96.840361	 	2846.666667
-162.750337	 	2853.333333
38.688633	 	2860.000000
216.993686	 	2866.666667
-24.030128	 	2873.333333
-74.996785	 	2880.000000
-90.963040	 	2886.666667
-126.045634	 	2893.333333
183.710986	 	2900.000000
118.405404	 	2906.666667
-118.882126	 	2913.333333
18.995478	 	2920.000000
-3.288402	 	2926.666667
-48.743234	 	2933.333333
111.823150	 	2940.000000
-3.537975	 	2946.666667
79.574514	 	2953.333333
-63.642664	 	2960.000000
5.918942	 	2966.666667
43.142140	 	2973.333333
18.108984	 	2980.000000
-187.569964	 	2986.666667
94.465810	 	2993.333333
13.937791	 	3000.000000
-98.440614	 	3006.666667
276.371714	 	3013.333333
-183.025356	 	3020.000000
-110.754169	 	3026.666667
164.289641	 	3033.333333
216.210456	 	3040.000000
-130.226196	 	3046.666667
-174.675552	 	3053.333333
-24.550402	 	3060.000000
194.983700	 	3066.666667
-141.861589	 	3073.333333
-19.124625	 	3080.000000
12.006387	 	3086.666667
14.209204	 	3093.333333
147.263088	 	3100.000000
-105.351258	 	3106.666667
-146.083591	 	3113.333333
121.593273	 	3120.000000
90.620637	 	3126.666667
-37.396203	 	3133.333333
-47.702367	 	3140.000000
72.433239	 	3146.666667
-54.255409	 	3153.333333
130.055741	 	3160.000000
-84.955676	 	3166.666667
82.080404	 	3173.333333
23.635273	 	3180.000000
-241.993202	 	3186.666667
113.895846	 	3193.333333
49.193546	 	3200.000000
72.590661	 	3206.666667
22.983349	 	3213.333333
-50.129854	 	3220.000000
-178.399392	 	3226.666667
-7.722761	 	3233.333333
140.794577	 	3240.000000
135.493211	 	3246.666667
19.364799	 	3253.333333
-126.745204	 	3260.000000
-183.011857	 	3266.666667
63.542812	 	3273.333333
203.498606	 	3280.000000
93.427410	 	3286.666667
-220.474030	 	3293.333333
-232.803320	 	3300.000000
341.092983	 	3306.666667
-0.232150	 	3313.333333
-13.506183	 	3320.000000
-140.386533	 	3326.666667
25.763758	 	3333.333333
75.739362	 	3340.000000
235.917458	 	3346.666667
-280.055168	 	3353.333333
12.087872	 	3360.000000
-45.030489	 	3366.666667
158.818112	 	3373.333333
-88.188487	 	3380.000000
83.923370	 	3386.666667
-75.034992	 	3393.333333
14.591769	 	3400.000000
2.785954	 	3406.666667
-62.144470	 	3413.333333
-19.044391	 	3420.000000
210.698567	 	3426.666667
-90.302771	 	3433.333333
-66.631135	 	3440.000000
33.775597	 	3446.666667
40.637322	 	3453.333333
-4.717667	 	3460.000000
-91.805740	 	3466.666667
-126.757604	 	3473.333333
88.695222	 	3480.000000
286.346977	 	3486.666667
-199.150305	 	3493.333333
-57.626738	 	3500.000000
-30.870550	 	3506.666667
65.283746	 	3513.333333
89.545087	 	3520.000000
60.293099	 	3526.666667
-47.940890	 	3533.333333
-87.781952	 	3540.000000
-148.045858	 	3546.666667
32.879162	 	3553.333333
200.466921	 	3560.000000
-32.463172	 	3566.666667
34.300848	 	3573.333333
27.643633	 	3580.000000
-140.927588	 	3586.666667
-30.353676	 	3593.333333
64.357555	 	3600.000000
-65.122005	 	3606.666667
67.313220	 	3613.333333
-95.913363	 	3620.000000
158.306742	 	3626.666667
16.862543	 	3633.333333
-23.151969	 	3640.000000
-228.278684	 	3646.666667
246.493497	 	3653.333333
-15.054836	 	3660.000000
-83.230802	 	3666.666667
58.836102	 	3673.333333
18.953480	 	3680.000000
-96.183888	 	3686.666667
-100.806861	 	3693.333333
58.173523	 	3700.000000
144.458867	 	3706.666667
100.054067	 	3713.333333
-129.900242	 	3720.000000
-49.165167	 	3726.666667
67.071824	 	3733.333333
39.205141	 	3740.000000
-113.861668	 	3746.666667
61.681489	 	3753.333333
-4.879827	 	3760.000000
-49.230088	 	3766.666667
-11.090959	 	3773.333333
-190.214172	 	3780.000000
419.383459	 	3786.666667
-66.866524	 	3793.333333
-71.597620	 	3800.000000
-51.808789	 	3806.666667
18.599790	 	3813.333333
-210.314423	 	3820.000000
304.494240	 	3826.666667
-69.136267	 	3833.333333
18.062917	 	3840.000000
-200.270035	 	3846.666667
117.949950	 	3853.333333
58.821036	 	3860.000000
87.159546	 	3866.666667
-196.593527	 	3873.333333
95.487545	 	3880.000000
-101.002112	 	3886.666667
230.396307	 	3893.333333
-152.364123	 	3900.000000
-81.270218	 	3906.666667
5.109939	 	3913.333333
149.654870	 	3920.000000
-137.361692	 	3926.666667
43.707643	 	3933.333333
21.013366	 	3940.000000
73.592107	 	3946.666667
-17.543758	 	3953.333333
-107.603027	 	3960.000000
-35.491020	 	3966.666667
58.319342	 	3973.333333
-84.054221	 	3980.000000
33.858245	 	3986.666667
162.300569	 	3993.333333
144.795913	 	4000.000000
-210.760641	 	4006.666667
-184.947411	 	4013.333333
-19.300210	 	4020.000000
165.853418	 	4026.666667
-60.334146	 	4033.333333
181.328170	 	4040.000000
-162.266627	 	4046.666667
48.082056	 	4053.333333
103.754026	 	4060.000000
-138.176819	 	4066.666667
78.601895	 	4073.333333
234.262017	 	4080.000000
-327.492396	 	4086.666667
74.127246	 	4093.333333
24.188959	 	4100.000000
63.593117	 	4106.666667
7.811013	 	4113.333333
-51.459009	 	4120.000000
-43.115604	 	4126.666667
1.299685	 	4133.333333
-33.447339	 	4140.000000
83.158255	 	4146.666667
-12.381189	 	4153.333333
-56.361856	 	4160.000000
-20.502219	 	4166.666667
182.163862	 	4173.333333
-50.187630	 	4180.000000
-137.900823	 	4186.666667
-46.445681	 	4193.333333
290.609860	 	4200.000000
-144.857236	 	4206.666667
-2.628701	 	4213.333333
-25.949205	 	4220.000000
-22.756018	 	4226.666667
56.872966	 	4233.333333
147.838779	 	4240.000000
-123.073569	 	4246.666667
-40.614320	 	4253.333333
-77.018687	 	4260.000000
52.868136	 	4266.666667
208.428048	 	4273.333333
-21.866385	 	4280.000000
-237.967300	 	4286.666667
-107.542154	 	4293.333333
122.558820	 	4300.000000
48.929673	 	4306.666667
201.509058	 	4313.333333
-53.155756	 	4320.000000
-184.339522	 	4326.666667
-81.596914	 	4333.333333
51.236148	 	4340.000000
95.472405	 	4346.666667
27.153767	 	4353.333333
-48.472020	 	4360.000000
-42.134809	 	4366.666667
35.508331	 	4373.333333
43.056708	 	4380.000000
-64.864783	 	4386.666667
-27.892946	 	4393.333333
159.288017	 	4400.000000
-98.510526	 	4406.666667
-96.959516	 	4413.333333
26.329219	 	4420.000000
13.313698	 	4426.666667
195.247092	 	4433.333333
3.847235	 	4440.000000
-83.934578	 	4446.666667
50.256482	 	4453.333333
-138.025034	 	4460.000000
-109.967904	 	4466.666667
280.914215	 	4473.333333
-52.934671	 	4480.000000
32.074807	 	4486.666667
-77.176865	 	4493.333333
84.867830	 	4500.000000
59.020813	 	4506.666667
-46.766059	 	4513.333333
-89.917075	 	4520.000000
130.834217	 	4526.666667
-49.059266	 	4533.333333
-27.824076	 	4540.000000
-88.187850	 	4546.666667
166.715249	 	4553.333333
82.477108	 	4560.000000
20.617069	 	4566.666667
-92.550953	 	4573.333333
98.686507	 	4580.000000
-136.454074	 	4586.666667
-72.428198	 	4593.333333
187.263192	 	4600.000000
-218.655771	 	4606.666667
77.829999	 	4613.333333
176.994091	 	4620.000000
-206.010861	 	4626.666667
134.912971	 	4633.333333
-24.171380	 	4640.000000
-114.490161	 	4646.666667
122.107030	 	4653.333333
-49.842137	 	4660.000000
81.750138	 	4666.666667
46.961948	 	4673.333333
-151.410094	 	4680.000000
-6.739965	 	4686.666667
56.862548	 	4693.333333
-26.285345	 	4700.000000
145.442447	 	4706.666667
-93.178849	 	4713.333333
30.779054	 	4720.000000
-6.929745	 	4726.666667
66.206604	 	4733.333333
-74.519135	 	4740.000000
-2.099381	 	4746.666667
-66.377338	 	4753.333333
14.280774	 	4760.000000
96.086337	 	4766.666667
77.189491	 	4773.333333
-112.325375	 	4780.000000
34.319963	 	4786.666667
65.497483	 	4793.333333
-73.799735	 	4800.000000
16.456278	 	4806.666667
-12.772541	 	4813.333333
-77.570108	 	4820.000000
160.129783	 	4826.666667
-127.123219	 	4833.333333
118.031089	 	4840.000000
-17.693868	 	4846.666667
-22.948943	 	4853.333333
117.421429	 	4860.000000
-127.292237	 	4866.666667
-104.459702	 	4873.333333
72.810385	 	4880.000000
126.817231	 	4886.666667
75.753600	 	4893.333333
-139.091628	 	4900.000000
-162.228186	 	4906.666667
-5.015620	 	4913.333333
232.176479	 	4920.000000
-0.694661	 	4926.666667
10.889779	 	4933.333333
-128.817863	 	4940.000000
16.369679	 	4946.666667
-28.160026	 	4953.333333
-101.614060	 	4960.000000
220.408681	 	4966.666667
-44.621421	 	4973.333333
-20.033239	 	4980.000000
-5.574645	 	4986.666667
135.286892	 	4993.333333
-68.582881	 	5000.000000
-121.712751	 	5006.666667
116.443477	 	5013.333333
188.786728	 	5020.000000
-174.122422	 	5026.666667
-52.558920	 	5033.333333
3.329593	 	5040.000000
6.960228	 	5046.666667
20.356371	 	5053.333333
-5.493146	 	5060.000000
109.269085	 	5066.666667
-59.594808	 	5073.333333
-25.476676	 	5080.000000
-115.520169	 	5086.666667
49.182742	 	5093.333333
99.888179	 	5100.000000
101.770872	 	5106.666667
-100.092904	 	5113.333333
-154.988506	 	5120.000000
59.345404	 	5126.666667
85.077316	 	5133.333333
103.551703	 	5140.000000
-78.336631	 	5146.666667
8.483263	 	5153.333333
-106.651133	 	5160.000000
-47.849147	 	5166.666667
-95.181606	 	5173.333333
202.961711	 	5180.000000
58.316631	 	5186.666667
28.409922	 	5193.333333
-45.458764	 	5200.000000
-57.711533	 	5206.666667
-181.218312	 	5213.333333
58.537293	 	5220.000000
164.062176	 	5226.666667
15.221327	 	5233.333333
-62.103074	 	5240.000000
12.958152	 	5246.666667
1.317844	 	5253.333333
39.457405	 	5260.000000
-43.376410	 	5266.666667
-37.685629	 	5273.333333
-50.252400	 	5280.000000
36.671781	 	5286.666667
1.963711	 	5293.333333
68.847743	 	5300.000000
20.830885	 	5306.666667
48.853088	 	5313.333333
-55.325014	 	5320.000000
-65.553975	 	5326.666667
-27.794547	 	5333.333333
12.900794	 	5340.000000
86.008692	 	5346.666667
-154.071321	 	5353.333333
157.545961	 	5360.000000
39.701938	 	5366.666667
-246.719009	 	5373.333333
126.991896	 	5380.000000
836.713321	 	5386.666667
675.403941	 	5393.333333
931.947602	 	5400.000000
2224.039443	 	5406.666667
3692.781390	 	5413.333333
5958.959427	 	5420.000000
5334.511944	 	5426.666667
5283.698899	 	5433.333333
5974.522208	 	5440.000000
5239.226085	 	5446.666667
2117.756750	 	5453.333333
3344.946524	 	5460.000000
12176.169872	 	5466.666667
10615.739957	 	5473.333333
9077.857582	 	5480.000000
17065.911336	 	5486.666667
1695.819219	 	5493.333333
-11.901332	 	5500.000000
1707.999365	 	5506.666667
5807.140414	 	5513.333333
2420.463578	 	5520.000000
692.612184	 	5526.666667
1299.435028	 	5533.333333
1889.056687	 	5540.000000
2209.054911	 	5546.666667
1790.548732	 	5553.333333
1975.712661	 	5560.000000
1452.283004	 	5566.666667
1480.867653	 	5573.333333
1297.551993	 	5580.000000
1814.592374	 	5586.666667
1494.896754	 	5593.333333
1905.054159	 	5600.000000
2083.396220	 	5606.666667
2494.999255	 	5613.333333
1456.954911	 	5620.000000
1610.887864	 	5626.666667
1490.140461	 	5633.333333
1901.686799	 	5640.000000
1489.007645	 	5646.666667
1914.323313	 	5653.333333
1655.930865	 	5660.000000
1958.159391	 	5666.666667
1824.987711	 	5673.333333
2860.074589	 	5680.000000
1362.470751	 	5686.666667
1314.859995	 	5693.333333
1768.362432	 	5700.000000
1813.173601	 	5706.666667
1833.951620	 	5713.333333
1734.865284	 	5720.000000
863.385041	 	5726.666667
1772.570782	 	5733.333333
1961.556570	 	5740.000000
1006.629060	 	5746.666667
1332.454711	 	5753.333333
1935.503309	 	5760.000000
2095.310441	 	5766.666667
1798.955743	 	5773.333333
1254.462921	 	5780.000000
1555.631078	 	5786.666667
2176.242993	 	5793.333333
1308.204469	 	5800.000000
1022.546132	 	5806.666667
1204.231061	 	5813.333333
1394.211286	 	5820.000000
1224.007231	 	5826.666667
1991.594569	 	5833.333333
1316.587100	 	5840.000000
881.571756	 	5846.666667
849.691242	 	5853.333333
1116.722843	 	5860.000000
1516.532122	 	5866.666667
1591.126411	 	5873.333333
1335.605297	 	5880.000000
1369.484125	 	5886.666667
1432.517219	 	5893.333333
927.153551	 	5900.000000
1372.131647	 	5906.666667
1013.407351	 	5913.333333
1190.266335	 	5920.000000
888.477092	 	5926.666667
1118.511648	 	5933.333333
1215.766267	 	5940.000000
930.549949	 	5946.666667
1180.627077	 	5953.333333
939.820145	 	5960.000000
885.167162	 	5966.666667
1447.760301	 	5973.333333
1016.458399	 	5980.000000
1020.685635	 	5986.666667
920.335753	 	5993.333333
716.365495	 	6000.000000
1120.962503	 	6006.666667
839.765246	 	6013.333333
750.152041	 	6020.000000
1307.380468	 	6026.666667
874.477375	 	6033.333333
811.775049	 	6040.000000
1081.855952	 	6046.666667
714.317211	 	6053.333333
305.026481	 	6060.000000
872.664799	 	6066.666667
1001.053087	 	6073.333333
1186.148788	 	6080.000000
721.217966	 	6086.666667
307.250569	 	6093.333333
790.174860	 	6100.000000
1192.104435	 	6106.666667
1010.823742	 	6113.333333
396.099237	 	6120.000000
881.018594	 	6126.666667
624.833110	 	6133.333333
666.853908	 	6140.000000
945.002574	 	6146.666667
1317.085040	 	6153.333333
873.076402	 	6160.000000
487.817117	 	6166.666667
276.666400	 	6173.333333
773.617310	 	6180.000000
971.553676	 	6186.666667
1058.150285	 	6193.333333
443.188503	 	6200.000000
469.033820	 	6206.666667
646.525860	 	6213.333333
454.285917	 	6220.000000
490.051756	 	6226.666667
784.667459	 	6233.333333
754.499055	 	6240.000000
1272.491949	 	6246.666667
571.186330	 	6253.333333
200.198293	 	6260.000000
309.786733	 	6266.666667
908.612500	 	6273.333333
1040.826805	 	6280.000000
564.901855	 	6286.666667
257.947013	 	6293.333333
593.127049	 	6300.000000
226.551216	 	6306.666667
591.993847	 	6313.333333
1036.465574	 	6320.000000
488.958607	 	6326.666667
775.093063	 	6333.333333
255.497831	 	6340.000000
270.564186	 	6346.666667
777.740149	 	6353.333333
470.857775	 	6360.000000
73.569213	 	6366.666667
470.239046	 	6373.333333
601.541128	 	6380.000000
386.328026	 	6386.666667
182.980543	 	6393.333333
678.757162	 	6400.000000
796.889779	 	6406.666667
670.565682	 	6413.333333
367.858996	 	6420.000000
270.661458	 	6426.666667
307.426605	 	6433.333333
851.808576	 	6440.000000
596.454608	 	6446.666667
220.767357	 	6453.333333
296.695526	 	6460.000000
228.058496	 	6466.666667
454.127417	 	6473.333333
568.093870	 	6480.000000
281.157854	 	6486.666667
429.917131	 	6493.333333
454.047101	 	6500.000000
525.996977	 	6506.666667
517.363933	 	6513.333333
577.643908	 	6520.000000
215.614741	 	6526.666667
131.505978	 	6533.333333
305.690669	 	6540.000000
428.080653	 	6546.666667
486.500983	 	6553.333333
527.798018	 	6560.000000
53.903770	 	6566.666667
100.685503	 	6573.333333
526.096852	 	6580.000000
294.483199	 	6586.666667
171.698407	 	6593.333333
563.246129	 	6600.000000
442.148230	 	6606.666667
113.204592	 	6613.333333
137.610953	 	6620.000000
358.999158	 	6626.666667
317.567632	 	6633.333333
181.396811	 	6640.000000
455.124773	 	6646.666667
121.354458	 	6653.333333
114.570034	 	6660.000000
275.503853	 	6666.666667
457.022975	 	6673.333333
413.663922	 	6680.000000
240.524660	 	6686.666667
171.489963	 	6693.333333
516.619781	 	6700.000000
213.881805	 	6706.666667
-5.247412	 	6713.333333
379.337063	 	6720.000000
398.479441	 	6726.666667
524.455962	 	6733.333333
371.049517	 	6740.000000
-24.160633	 	6746.666667
250.316763	 	6753.333333
455.128805	 	6760.000000
203.560597	 	6766.666667
199.575620	 	6773.333333
374.253729	 	6780.000000
286.199627	 	6786.666667
-31.250327	 	6793.333333
94.825164	 	6800.000000
593.823389	 	6806.666667
185.503458	 	6813.333333
50.268633	 	6820.000000
146.603535	 	6826.666667
400.761341	 	6833.333333
269.789107	 	6840.000000
145.450595	 	6846.666667
-104.346395	 	6853.333333
467.254311	 	6860.000000
574.088222	 	6866.666667
195.278928	 	6873.333333
-9.512368	 	6880.000000
-64.756114	 	6886.666667
266.212945	 	6893.333333
466.704128	 	6900.000000
99.366439	 	6906.666667
60.679757	 	6913.333333
293.055453	 	6920.000000
188.177505	 	6926.666667
111.196100	 	6933.333333
160.852652	 	6940.000000
41.531568	 	6946.666667
85.662833	 	6953.333333
187.041139	 	6960.000000
310.290550	 	6966.666667
207.432151	 	6973.333333
196.353799	 	6980.000000
55.662145	 	6986.666667
-31.874776	 	6993.333333
153.432693	 	7000.000000
283.656871	 	7006.666667
228.726292	 	7013.333333
160.746746	 	7020.000000
24.449495	 	7026.666667
116.353951	 	7033.333333
120.757064	 	7040.000000
40.123529	 	7046.666667
158.947701	 	7053.333333
300.217777	 	7060.000000
276.722267	 	7066.666667
17.083893	 	7073.333333
-24.878076	 	7080.000000
-15.103530	 	7086.666667
168.407604	 	7093.333333
405.362799	 	7100.000000
302.676759	 	7106.666667
-21.857201	 	7113.333333
97.139867	 	7120.000000
14.375874	 	7126.666667
345.993866	 	7133.333333
206.362043	 	7140.000000
196.110985	 	7146.666667
120.008712	 	7153.333333
27.138237	 	7160.000000
-41.539038	 	7166.666667
357.459820	 	7173.333333
371.975308	 	7180.000000
-36.080413	 	7186.666667
161.913072	 	7193.333333
132.390827	 	7200.000000
241.058118	 	7206.666667
130.729198	 	7213.333333
79.580794	 	7220.000000
-46.360751	 	7226.666667
102.516477	 	7233.333333
212.574537	 	7240.000000
165.119678	 	7246.666667
376.020365	 	7253.333333
89.692212	 	7260.000000
-192.338144	 	7266.666667
193.162754	 	7273.333333
226.166690	 	7280.000000
70.099119	 	7286.666667
-138.255315	 	7293.333333
254.302954	 	7300.000000
182.070322	 	7306.666667
53.499492	 	7313.333333
6.318563	 	7320.000000
342.544917	 	7326.666667
87.676798	 	7333.333333
34.090371	 	7340.000000
-61.365109	 	7346.666667
19.508993	 	7353.333333
441.245821	 	7360.000000
-28.121318	 	7366.666667
50.786684	 	7373.333333
126.576531	 	7380.000000
105.880902	 	7386.666667
-8.399488	 	7393.333333
117.669572	 	7400.000000
-13.438587	 	7406.666667
311.319945	 	7413.333333
-97.625567	 	7420.000000
45.712051	 	7426.666667
106.933787	 	7433.333333
156.935920	 	7440.000000
183.552072	 	7446.666667
102.465957	 	7453.333333
-17.731492	 	7460.000000
171.797461	 	7466.666667
172.758288	 	7473.333333
-106.288702	 	7480.000000
-82.467473	 	7486.666667
229.792856	 	7493.333333
171.321536	 	7500.000000
-112.771626	 	7506.666667
208.852083	 	7513.333333
-3.356348	 	7520.000000
130.084355	 	7526.666667
181.696261	 	7533.333333
-101.804199	 	7540.000000
-87.574382	 	7546.666667
396.267666	 	7553.333333
74.790759	 	7560.000000
-46.946413	 	7566.666667
45.927111	 	7573.333333
160.140200	 	7580.000000
202.164035	 	7586.666667
-41.191152	 	7593.333333
-83.481872	 	7600.000000
109.338141	 	7606.666667
96.480578	 	7613.333333
-22.896690	 	7620.000000
122.383867	 	7626.666667
303.492374	 	7633.333333
-119.731014	 	7640.000000
40.044400	 	7646.666667
95.709669	 	7653.333333
48.213829	 	7660.000000
54.617822	 	7666.666667
-31.262498	 	7673.333333
126.818597	 	7680.000000
19.882506	 	7686.666667
59.596708	 	7693.333333
-18.973547	 	7700.000000
191.015924	 	7706.666667
36.295095	 	7713.333333
11.715602	 	7720.000000
-50.515448	 	7726.666667
109.930059	 	7733.333333
54.385494	 	7740.000000
87.595382	 	7746.666667
-60.787494	 	7753.333333
-31.904715	 	7760.000000
68.904080	 	7766.666667
251.295872	 	7773.333333
-21.235180	 	7780.000000
-25.810562	 	7786.666667
44.766607	 	7793.333333
100.359033	 	7800.000000
-172.535137	 	7806.666667
-66.337391	 	7813.333333
152.824423	 	7820.000000
199.512457	 	7826.666667
17.183740	 	7833.333333
-73.468599	 	7840.000000
117.077949	 	7846.666667
161.983805	 	7853.333333
110.835935	 	7860.000000
-91.328394	 	7866.666667
48.304415	 	7873.333333
437.321280	 	7880.000000
-155.994976	 	7886.666667
-92.311332	 	7893.333333
132.675501	 	7900.000000
134.680125	 	7906.666667
-16.770910	 	7913.333333
-30.793491	 	7920.000000
-15.135688	 	7926.666667
-42.184254	 	7933.333333
139.145253	 	7940.000000
105.027306	 	7946.666667
110.582653	 	7953.333333
-25.943754	 	7960.000000
95.041319	 	7966.666667
159.895526	 	7973.333333
-85.862752	 	7980.000000
92.870420	 	7986.666667
-79.817640	 	7993.333333
-103.053830	 	8000.000000
244.929762	 	8006.666667
18.393753	 	8013.333333
47.402158	 	8020.000000
93.325859	 	8026.666667
26.877713	 	8033.333333
-158.140400	 	8040.000000
22.143468	 	8046.666667
151.871275	 	8053.333333
138.139944	 	8060.000000
36.838111	 	8066.666667
-138.087960	 	8073.333333
11.742635	 	8080.000000
67.992495	 	8086.666667
154.583018	 	8093.333333
-15.508065	 	8100.000000
-29.261725	 	8106.666667
88.858642	 	8113.333333
-58.858727	 	8120.000000
-105.937968	 	8126.666667
3.688602	 	8133.333333
117.164020	 	8140.000000
109.429743	 	8146.666667
81.656823	 	8153.333333
-193.906537	 	8160.000000
167.106645	 	8166.666667
247.566816	 	8173.333333
-109.009212	 	8180.000000
-96.902902	 	8186.666667
-145.871858	 	8193.333333
178.675958	 	8200.000000
250.101680	 	8206.666667
13.403839	 	8213.333333
-150.240637	 	8220.000000
-50.987418	 	8226.666667
97.933149	 	8233.333333
48.914235	 	8240.000000
-18.557285	 	8246.666667
4.709963	 	8253.333333
41.392398	 	8260.000000
118.762508	 	8266.666667
-29.662585	 	8273.333333
-189.472326	 	8280.000000
115.071771	 	8286.666667
181.913138	 	8293.333333
-48.463915	 	8300.000000
-8.538378	 	8306.666667
-1.627813	 	8313.333333
124.769992	 	8320.000000
68.945974	 	8326.666667
-0.859062	 	8333.333333
48.520150	 	8340.000000
29.485529	 	8346.666667
-58.437787	 	8353.333333
141.638194	 	8360.000000
145.397096	 	8366.666667
-208.524451	 	8373.333333
-33.511348	 	8380.000000
177.430138	 	8386.666667
53.267929	 	8393.333333
-53.624430	 	8400.000000
-57.272308	 	8406.666667
-26.397629	 	8413.333333
-23.294243	 	8420.000000
91.647526	 	8426.666667
266.155611	 	8433.333333
-228.480940	 	8440.000000
-20.571130	 	8446.666667
74.938821	 	8453.333333
96.716120	 	8460.000000
93.514568	 	8466.666667
-53.935612	 	8473.333333
-147.286489	 	8480.000000
63.036739	 	8486.666667
144.746113	 	8493.333333
-95.096844	 	8500.000000
84.978493	 	8506.666667
143.991546	 	8513.333333
-88.664181	 	8520.000000
-4.345339	 	8526.666667
6.864724	 	8533.333333
-99.772039	 	8540.000000
142.910046	 	8546.666667
91.278142	 	8553.333333
-164.677461	 	8560.000000
52.123919	 	8566.666667
16.774394	 	8573.333333
-126.855551	 	8580.000000
91.714291	 	8586.666667
134.193486	 	8593.333333
39.715937	 	8600.000000
-25.248114	 	8606.666667
-143.950970	 	8613.333333
-67.663214	 	8620.000000
208.675161	 	8626.666667
118.364605	 	8633.333333
-31.411297	 	8640.000000
-71.509227	 	8646.666667
37.217181	 	8653.333333
-7.703629	 	8660.000000
35.045397	 	8666.666667
26.921260	 	8673.333333
-70.278096	 	8680.000000
4.264551	 	8686.666667
273.194342	 	8693.333333
-100.627622	 	8700.000000
-141.802477	 	8706.666667
148.935180	 	8713.333333
53.766191	 	8720.000000
68.357595	 	8726.666667
-75.418888	 	8733.333333
-165.609977	 	8740.000000
-20.901469	 	8746.666667
318.857145	 	8753.333333
-155.827121	 	8760.000000
-68.932302	 	8766.666667
53.387947	 	8773.333333
-171.363341	 	8780.000000
232.945131	 	8786.666667
2.483264	 	8793.333333
129.906649	 	8800.000000
-40.121332	 	8806.666667
-133.648754	 	8813.333333
-102.752747	 	8820.000000
138.367255	 	8826.666667
-13.845366	 	8833.333333
62.584961	 	8840.000000
-150.330451	 	8846.666667
-50.082016	 	8853.333333
258.697222	 	8860.000000
28.927441	 	8866.666667
-20.266156	 	8873.333333
-51.081412	 	8880.000000
239.311657	 	8886.666667
-76.900261	 	8893.333333
-172.299497	 	8900.000000
41.845863	 	8906.666667
-95.697947	 	8913.333333
373.760932	 	8920.000000
-22.852803	 	8926.666667
-212.136938	 	8933.333333
-27.352093	 	8940.000000
234.272936	 	8946.666667
12.324156	 	8953.333333
83.460318	 	8960.000000
-0.005768	 	8966.666667
-8.208706	 	8973.333333
-92.112790	 	8980.000000
19.140585	 	8986.666667
101.563492	 	8993.333333
59.245991	 	9000.000000
-161.376922	 	9006.666667
176.255685	 	9013.333333
-51.742843	 	9020.000000
21.517623	 	9026.666667
-106.514631	 	9033.333333
-116.377213	 	9040.000000
86.280995	 	9046.666667
228.822460	 	9053.333333
-91.987216	 	9060.000000
-102.760375	 	9066.666667
-19.468226	 	9073.333333
43.973145	 	9080.000000
182.830597	 	9086.666667
91.910379	 	9093.333333
-153.412088	 	9100.000000
-21.640689	 	9106.666667
20.772481	 	9113.333333
-20.439338	 	9120.000000
-101.919656	 	9126.666667
-60.549242	 	9133.333333
259.061115	 	9140.000000
96.845570	 	9146.666667
-27.428909	 	9153.333333
-103.625650	 	9160.000000
-81.152544	 	9166.666667
87.038381	 	9173.333333
34.978510	 	9180.000000
0.457013	 	9186.666667
-68.825218	 	9193.333333
35.257167	 	9200.000000
-45.986470	 	9206.666667
-2.399302	 	9213.333333
95.755183	 	9220.000000
1.033774	 	9226.666667
25.028802	 	9233.333333
83.404336	 	9240.000000
-163.074484	 	9246.666667
44.268020	 	9253.333333
-4.616954	 	9260.000000
78.403498	 	9266.666667
-47.667274	 	9273.333333
-165.836521	 	9280.000000
123.669818	 	9286.666667
54.322536	 	9293.333333
57.746989	 	9300.000000
67.976511	 	9306.666667
105.024636	 	9313.333333
-34.911122	 	9320.000000
29.530028	 	9326.666667
-300.076544	 	9333.333333
114.786586	 	9340.000000
230.894799	 	9346.666667
-86.408368	 	9353.333333
-68.026010	 	9360.000000
78.300824	 	9366.666667
-28.784400	 	9373.333333
162.803356	 	9380.000000
-163.518102	 	9386.666667
-66.341853	 	9393.333333
84.414637	 	9400.000000
84.634191	 	9406.666667
-19.867656	 	9413.333333
34.836810	 	9420.000000
-133.252548	 	9426.666667
-9.776530	 	9433.333333
-22.660067	 	9440.000000
164.009906	 	9446.666667
123.586129	 	9453.333333
17.684825	 	9460.000000
-191.926694	 	9466.666667
-41.475672	 	9473.333333
-67.526294	 	9480.000000
194.983292	 	9486.666667
23.645848	 	9493.333333
48.378558	 	9500.000000
-109.420511	 	9506.666667
-20.863500	 	9513.333333
-43.125418	 	9520.000000
56.130282	 	9526.666667
41.360757	 	9533.333333
-56.843000	 	9540.000000
167.864090	 	9546.666667
1.908594	 	9553.333333
-45.897162	 	9560.000000
-98.288624	 	9566.666667
15.356921	 	9573.333333
61.295132	 	9580.000000
86.809788	 	9586.666667
-119.408309	 	9593.333333
-81.154986	 	9600.000000
201.707353	 	9606.666667
-60.427305	 	9613.333333
-51.713827	 	9620.000000
32.133312	 	9626.666667
40.887450	 	9633.333333
-27.956080	 	9640.000000
-66.867965	 	9646.666667
72.327498	 	9653.333333
52.962551	 	9660.000000
46.494712	 	9666.666667
-87.560131	 	9673.333333
212.849869	 	9680.000000
-39.415948	 	9686.666667
-235.255270	 	9693.333333
171.271258	 	9700.000000
78.330583	 	9706.666667
41.343124	 	9713.333333
-60.915493	 	9720.000000
-251.758556	 	9726.666667
414.933838	 	9733.333333
-18.125551	 	9740.000000
-243.618236	 	9746.666667
119.894014	 	9753.333333
-41.872057	 	9760.000000
-9.803327	 	9766.666667
127.090057	 	9773.333333
-186.469075	 	9780.000000
97.043836	 	9786.666667
117.908697	 	9793.333333
-54.718883	 	9800.000000
-3.647775	 	9806.666667
3.465235	 	9813.333333
-47.309961	 	9820.000000
-35.382260	 	9826.666667
-38.740409	 	9833.333333
61.901190	 	9840.000000
39.948823	 	9846.666667
43.469221	 	9853.333333
-144.255805	 	9860.000000
73.535075	 	9866.666667
112.508166	 	9873.333333
-123.204769	 	9880.000000
-130.562695	 	9886.666667
162.766699	 	9893.333333
-52.561480	 	9900.000000
47.234086	 	9906.666667
-28.283519	 	9913.333333
-53.180866	 	9920.000000
61.186350	 	9926.666667
54.110755	 	9933.333333
-132.588496	 	9940.000000
-97.534835	 	9946.666667
347.692576	 	9953.333333
-137.865083	 	9960.000000
-155.468794	 	9966.666667
14.159188	 	9973.333333
28.769143	 	9980.000000
-47.268317	 	9986.666667
27.067666	 	9993.333333
133.956551	 	10000.000000
-29.796049	 	10006.666667
0.571399	 	10013.333333
-278.347681	 	10020.000000
160.415446	 	10026.666667
37.893243	 	10033.333333
-26.646185	 	10040.000000
82.106095	 	10046.666667
-160.236594	 	10053.333333
53.327460	 	10060.000000
139.139094	 	10066.666667
-38.212591	 	10073.333333
-82.148373	 	10080.000000
-45.854711	 	10086.666667
-84.515347	 	10093.333333
137.717493	 	10100.000000
83.546957	 	10106.666667
45.080273	 	10113.333333
-139.302435	 	10120.000000
-211.742713	 	10126.666667
237.589368	 	10133.333333
17.514758	 	10140.000000
100.163486	 	10146.666667
-100.526680	 	10153.333333
-188.704084	 	10160.000000
37.674369	 	10166.666667
28.994307	 	10173.333333
139.095589	 	10180.000000
-40.199545	 	10186.666667
15.623740	 	10193.333333
-170.619274	 	10200.000000
231.684673	 	10206.666667
-119.193675	 	10213.333333
-73.652286	 	10220.000000
84.838151	 	10226.666667
-64.283893	 	10233.333333
49.895641	 	10240.000000
160.135587	 	10246.666667
-217.742436	 	10253.333333
69.970669	 	10260.000000
6.551363	 	10266.666667
120.897794	 	10273.333333
-28.179357	 	10280.000000
-151.670080	 	10286.666667
-122.857420	 	10293.333333
168.813035	 	10300.000000
11.924384	 	10306.666667
120.500060	 	10313.333333
-72.380151	 	10320.000000
-147.379075	 	10326.666667
29.414704	 	10333.333333
96.645150	 	10340.000000
88.774027	 	10346.666667
-135.697309	 	10353.333333
-139.635358	 	10360.000000
66.406876	 	10366.666667
103.232822	 	10373.333333
137.338642	 	10380.000000
-66.299233	 	10386.666667
-133.760738	 	10393.333333
-88.135868	 	10400.000000
230.370987	 	10406.666667
55.900086	 	10413.333333
-55.988711	 	10420.000000
-67.338711	 	10426.666667
-40.057565	 	10433.333333
-24.407268	 	10440.000000
75.627456	 	10446.666667
43.524676	 	10453.333333
-71.600681	 	10460.000000
176.077884	 	10466.666667
-113.539640	 	10473.333333
20.511552	 	10480.000000
57.670419	 	10486.666667
-135.492707	 	10493.333333
232.713908	 	10500.000000
-49.892658	 	10506.666667
2.981118	 	10513.333333
-52.839847	 	10520.000000
-72.564840	 	10526.666667
107.330853	 	10533.333333
46.073554	 	10540.000000
-39.871385	 	10546.666667
-91.478912	 	10553.333333
14.013152	 	10560.000000
32.385720	 	10566.666667
23.588412	 	10573.333333
46.238385	 	10580.000000
-79.470698	 	10586.666667
-152.890990	 	10593.333333
180.218439	 	10600.000000
0.536660	 	10606.666667
-76.726089	 	10613.333333
74.291696	 	10620.000000
-47.400749	 	10626.666667
168.788135	 	10633.333333
-68.241710	 	10640.000000
-155.103218	 	10646.666667
-6.970926	 	10653.333333
175.300845	 	10660.000000
87.936108	 	10666.666667
79.233086	 	10673.333333
-127.484761	 	10680.000000
-142.606645	 	10686.666667
34.395590	 	10693.333333
21.464689	 	10700.000000
153.851056	 	10706.666667
-72.794864	 	10713.333333
-97.095744	 	10720.000000
-60.310219	 	10726.666667
95.744829	 	10733.333333
-122.801392	 	10740.000000
97.790617	 	10746.666667
345.904257	 	10753.333333
-30.000522	 	10760.000000
-348.420728	 	10766.666667
45.404805	 	10773.333333
-73.572068	 	10780.000000
62.954723	 	10786.666667
36.646810	 	10793.333333
28.920336	 	10800.000000
-52.422222	 	10806.666667
76.120909	 	10813.333333
-256.108312	 	10820.000000
49.071042	 	10826.666667
130.855884	 	10833.333333
90.213501	 	10840.000000
-44.753439	 	10846.666667
-141.637608	 	10853.333333
113.934461	 	10860.000000
33.210720	 	10866.666667
-123.633228	 	10873.333333
-24.548653	 	10880.000000
186.318568	 	10886.666667
62.171038	 	10893.333333
-15.402433	 	10900.000000
-131.262620	 	10906.666667
-30.381176	 	10913.333333
62.041755	 	10920.000000
-8.410790	 	10926.666667
12.896257	 	10933.333333
-49.474502	 	10940.000000
-77.721568	 	10946.666667
-112.847885	 	10953.333333
151.053743	 	10960.000000
174.586946	 	10966.666667
-108.830004	 	10973.333333
-91.722271	 	10980.000000
162.078758	 	10986.666667
2.214046	 	10993.333333
-26.478102	 	11000.000000
-213.872851	 	11006.666667
-72.047077	 	11013.333333
143.991821	 	11020.000000
99.529439	 	11026.666667
-97.081860	 	11033.333333
65.608451	 	11040.000000
31.879781	 	11046.666667
-123.976581	 	11053.333333
-43.198134	 	11060.000000
98.851090	 	11066.666667
389.347103	 	11073.333333
-4.687521	 	11080.000000
-300.293094	 	11086.666667
13.382678	 	11093.333333
154.000476	 	11100.000000
111.613908	 	11106.666667
-99.644839	 	11113.333333
-188.961001	 	11120.000000
82.250919	 	11126.666667
175.826882	 	11133.333333
-139.095223	 	11140.000000
-128.630129	 	11146.666667
-30.134682	 	11153.333333
212.795825	 	11160.000000
-0.387101	 	11166.666667
-130.352895	 	11173.333333
-34.639629	 	11180.000000
197.859419	 	11186.666667
38.895740	 	11193.333333
47.058154	 	11200.000000
-201.892273	 	11206.666667
-203.660519	 	11213.333333
178.322041	 	11220.000000
201.832478	 	11226.666667
-189.707645	 	11233.333333
-56.334818	 	11240.000000
-40.430951	 	11246.666667
156.647824	 	11253.333333
71.586028	 	11260.000000
-53.176986	 	11266.666667
23.876785	 	11273.333333
25.074009	 	11280.000000
-237.803428	 	11286.666667
42.606180	 	11293.333333
-35.576358	 	11300.000000
14.720759	 	11306.666667
259.015872	 	11313.333333
78.104745	 	11320.000000
-84.683522	 	11326.666667
-91.331485	 	11333.333333
-188.276253	 	11340.000000
-2.406254	 	11346.666667
233.345483	 	11353.333333
-129.418140	 	11360.000000
213.486700	 	11366.666667
-88.336214	 	11373.333333
-166.246783	 	11380.000000
40.439606	 	11386.666667
129.460606	 	11393.333333
-40.560579	 	11400.000000
46.047814	 	11406.666667
-164.522304	 	11413.333333
44.981624	 	11420.000000
70.132622	 	11426.666667
-129.307467	 	11433.333333
-26.654609	 	11440.000000
180.943145	 	11446.666667
117.988023	 	11453.333333
-130.989025	 	11460.000000
-132.470820	 	11466.666667
-119.735081	 	11473.333333
34.424618	 	11480.000000
86.766311	 	11486.666667
39.300124	 	11493.333333
133.732888	 	11500.000000
-119.234757	 	11506.666667
-19.123702	 	11513.333333
-122.944317	 	11520.000000
60.698448	 	11526.666667
138.847903	 	11533.333333
-120.891660	 	11540.000000
-150.065557	 	11546.666667
276.436848	 	11553.333333
-135.875076	 	11560.000000
7.927012	 	11566.666667
-53.618144	 	11573.333333
28.050917	 	11580.000000
4.889187	 	11586.666667
56.892310	 	11593.333333
-198.434791	 	11600.000000
37.181934	 	11606.666667
-0.332141	 	11613.333333
105.267321	 	11620.000000
-34.146463	 	11626.666667
-63.326001	 	11633.333333
152.351401	 	11640.000000
-100.070333	 	11646.666667
-54.667042	 	11653.333333
85.888908	 	11660.000000
0.283024	 	11666.666667
38.172305	 	11673.333333
-71.240821	 	11680.000000
7.139094	 	11686.666667
32.982132	 	11693.333333
-10.139961	 	11700.000000
-54.786955	 	11706.666667
125.557259	 	11713.333333
-96.820548	 	11720.000000
-78.527257	 	11726.666667
7.941572	 	11733.333333
103.493013	 	11740.000000
48.140313	 	11746.666667
48.582726	 	11753.333333
-8.800901	 	11760.000000
-159.908307	 	11766.666667
48.068521	 	11773.333333
-51.322496	 	11780.000000
-37.462364	 	11786.666667
26.382107	 	11793.333333
179.690780	 	11800.000000
-84.895606	 	11806.666667
-39.175660	 	11813.333333
16.084148	 	11820.000000
-77.703641	 	11826.666667
-2.767578	 	11833.333333
174.977882	 	11840.000000
-195.124125	 	11846.666667
128.799168	 	11853.333333
4.965395	 	11860.000000
-89.638004	 	11866.666667
-124.492637	 	11873.333333
77.715519	 	11880.000000
64.003524	 	11886.666667
122.680083	 	11893.333333
-178.933609	 	11900.000000
-12.158393	 	11906.666667
203.567530	 	11913.333333
67.459941	 	11920.000000
-89.094921	 	11926.666667
-23.016582	 	11933.333333
-140.838535	 	11940.000000
23.494584	 	11946.666667
233.052425	 	11953.333333
7.641046	 	11960.000000
-151.538861	 	11966.666667
-34.488920	 	11973.333333
3.868759	 	11980.000000
117.884959	 	11986.666667
-29.854716	 	11993.333333
5.319961	 	12000.000000
-26.111272	 	12006.666667
57.022397	 	12013.333333
19.223209	 	12020.000000
-75.466020	 	12026.666667
-164.882674	 	12033.333333
113.941689	 	12040.000000
125.452476	 	12046.666667
15.451347	 	12053.333333
-35.079121	 	12060.000000
38.156682	 	12066.666667
-178.581408	 	12073.333333
-96.335887	 	12080.000000
177.581493	 	12086.666667
13.950702	 	12093.333333
43.446378	 	12100.000000
-118.736147	 	12106.666667
-74.214655	 	12113.333333
22.057285	 	12120.000000
100.190350	 	12126.666667
109.206317	 	12133.333333
-119.387019	 	12140.000000
-213.443699	 	12146.666667
184.115641	 	12153.333333
-55.382286	 	12160.000000
-85.631825	 	12166.666667
156.032116	 	12173.333333
62.271391	 	12180.000000
-77.360706	 	12186.666667
64.008883	 	12193.333333
-127.631277	 	12200.000000
-35.192667	 	12206.666667
45.922255	 	12213.333333
-150.084960	 	12220.000000
-55.350341	 	12226.666667
120.284375	 	12233.333333
196.248995	 	12240.000000
12.066679	 	12246.666667
-230.031744	 	12253.333333
-45.502295	 	12260.000000
35.189571	 	12266.666667
72.117566	 	12273.333333
115.403185	 	12280.000000
-166.314904	 	12286.666667
-72.230729	 	12293.333333
88.840166	 	12300.000000
10.084682	 	12306.666667
-42.611186	 	12313.333333
76.582535	 	12320.000000
-138.392607	 	12326.666667
-87.044410	 	12333.333333
74.053272	 	12340.000000
221.251786	 	12346.666667
-120.606364	 	12353.333333
-161.451638	 	12360.000000
-54.103551	 	12366.666667
194.803853	 	12373.333333
46.905652	 	12380.000000
-122.319676	 	12386.666667
102.372477	 	12393.333333
-90.448358	 	12400.000000
90.163262	 	12406.666667
-115.183150	 	12413.333333
-153.476284	 	12420.000000
253.882029	 	12426.666667
33.925825	 	12433.333333
-102.340617	 	12440.000000
-59.957130	 	12446.666667
-145.695975	 	12453.333333
235.397156	 	12460.000000
-104.583708	 	12466.666667
24.595042	 	12473.333333
171.325107	 	12480.000000
-341.782126	 	12486.666667
58.416536	 	12493.333333
-62.516870	 	12500.000000
159.197963	 	12506.666667
-2.751578	 	12513.333333
201.339863	 	12520.000000
-302.413044	 	12526.666667
-352.861728	 	12533.333333
778.185398	 	12540.000000
-350.283591	 	12546.666667
-221.795292	 	12553.333333
199.443247	 	12560.000000
29.447543	 	12566.666667
-21.525119	 	12573.333333
-277.653593	 	12580.000000
-38.260479	 	12586.666667
655.218835	 	12593.333333
-399.818070	 	12600.000000
-222.804109	 	12606.666667
331.517519	 	12613.333333
-101.482478	 	12620.000000
81.788102	 	12626.666667
-10.970253	 	12633.333333
-271.688508	 	12640.000000
205.986689	 	12646.666667
-185.770002	 	12653.333333
303.104834	 	12660.000000
-61.958184	 	12666.666667
-17.672587	 	12673.333333
-346.166629	 	12680.000000
165.435544	 	12686.666667
193.819773	 	12693.333333
-163.473934	 	12700.000000
225.337843	 	12706.666667
-513.122862	 	12713.333333
259.531728	 	12720.000000
-189.659026	 	12726.666667
1002.947408	 	12733.333333
-703.614043	 	12740.000000
-574.472093	 	12746.666667
137.554456	 	12753.333333
1111.461657	 	12760.000000
-524.770497	 	12766.666667
-768.216251	 	12773.333333
384.644870	 	12780.000000
288.228912	 	12786.666667
-457.880632	 	12793.333333
981.137859	 	12800.000000
-783.432247	 	12806.666667
-196.170506	 	12813.333333
247.912913	 	12820.000000
-363.850203	 	12826.666667
665.145864	 	12833.333333
108.945808	 	12840.000000
-727.516367	 	12846.666667
-4.613174	 	12853.333333
129.205996	 	12860.000000
779.674284	 	12866.666667
-381.068209	 	12873.333333
-410.139304	 	12880.000000
-324.932398	 	12886.666667
331.396650	 	12893.333333
-99.971175	 	12900.000000
622.579228	 	12906.666667
-50.153617	 	12913.333333
-337.933835	 	12920.000000
4.168205	 	12926.666667
-733.647436	 	12933.333333
1603.942601	 	12940.000000
-996.788235	 	12946.666667
-638.064313	 	12953.333333
613.085640	 	12960.000000
240.767847	 	12966.666667
192.909576	 	12973.333333
-4.287819	 	12980.000000
-129.008432	 	12986.666667
-909.714297	 	12993.333333
1021.343971	 	13000.000000
-977.557009	 	13006.666667
1682.912128	 	13013.333333
-877.320517	 	13020.000000
-287.174253	 	13026.666667
-415.759082	 	13033.333333
790.008754	 	13040.000000
-853.619973	 	13046.666667
1138.899002	 	13053.333333
-453.587868	 	13060.000000
97.649041	 	13066.666667
496.981834	 	13073.333333
-990.075288	 	13080.000000
-263.561257	 	13086.666667
-914.099747	 	13093.333333
2738.835817	 	13100.000000
-974.388948	 	13106.666667
-314.881448	 	13113.333333
844.717850	 	13120.000000
-404.784515	 	13126.666667
-737.526975	 	13133.333333
-759.032185	 	13140.000000
1063.809982	 	13146.666667
1078.851879	 	13153.333333
-847.443919	 	13160.000000
-221.692466	 	13166.666667
-491.821782	 	13173.333333
851.450787	 	13180.000000
-979.588287	 	13186.666667
-616.530657	 	13193.333333
2275.309856	 	13200.000000
-364.170425	 	13206.666667
-503.132023	 	13213.333333
-942.969515	 	13220.000000
-999.984819	 	13226.666667
-978.734379	 	13233.333333
6869.052644	 	13240.000000
771.484276	 	13246.666667
-999.998871	 	13253.333333
-999.998871	 	13260.000000
-999.998875	 	13266.666667
-999.998874	 	13273.333333
-999.998872	 	13280.000000
-999.998871	 	13286.666667
-999.998916	 	13293.333333
-999.998907	 	13300.000000
-999.998897	 	13306.666667
-999.998984	 	13313.333333
-999.998980	 	13320.000000
-999.999090	 	13326.666667
