#peak 	 	#time 
2.119611	 	0.000000
2.564466	 	6.666667
2.924821	 	13.333333
3.159508	 	20.000000
3.329610	 	26.666667
3.378133	 	33.333333
3.495112	 	40.000000
3.633317	 	46.666667
3.550214	 	53.333333
3.759823	 	60.000000
3.571600	 	66.666667
3.746645	 	73.333333
3.686551	 	80.000000
3.725048	 	86.666667
3.677787	 	93.333333
3.610807	 	100.000000
3.723796	 	106.666667
3.708460	 	113.333333
3.762294	 	120.000000
3.828648	 	126.666667
3.750713	 	133.333333
3.869649	 	140.000000
3.949774	 	146.666667
3.848992	 	153.333333
3.994845	 	160.000000
3.944454	 	166.666667
3.831778	 	173.333333
3.959477	 	180.000000
3.811120	 	186.666667
3.866832	 	193.333333
3.959790	 	200.000000
3.905956	 	206.666667
3.852435	 	213.333333
3.951652	 	220.000000
3.861512	 	226.666667
3.995158	 	233.333333
3.925048	 	240.000000
3.907521	 	246.666667
3.926300	 	253.333333
3.838976	 	260.000000
3.863702	 	266.666667
3.893123	 	273.333333
3.833655	 	280.000000
3.942263	 	286.666667
3.849618	 	293.333333
3.747271	 	300.000000
3.801731	 	306.666667
3.822701	 	313.333333
3.706582	 	320.000000
3.642419	 	326.666667
3.855878	 	333.333333
3.701261	 	340.000000
3.715033	 	346.666667
3.804860	 	353.333333
3.678413	 	360.000000
3.748522	 	366.666667
3.787646	 	373.333333
3.796723	 	380.000000
3.822075	 	386.666667
3.787646	 	393.333333
3.873718	 	400.000000
3.821762	 	406.666667
3.966989	 	413.333333
3.795158	 	420.000000
3.873092	 	426.666667
3.801731	 	433.333333
3.815815	 	440.000000
3.829587	 	446.666667
3.810494	 	453.333333
3.839915	 	460.000000
3.795158	 	466.666667
3.794845	 	473.333333
3.655252	 	480.000000
3.764485	 	486.666667
3.736629	 	493.333333
3.722544	 	500.000000
3.651183	 	506.666667
3.645549	 	513.333333
3.804860	 	520.000000
3.687490	 	526.666667
3.544454	 	533.333333
3.663076	 	540.000000
3.603922	 	546.666667
3.549461	 	553.333333
3.653374	 	560.000000
3.513155	 	566.666667
3.646488	 	573.333333
3.506582	 	580.000000
3.559477	 	586.666667
3.698444	 	593.333333
3.658695	 	600.000000
3.563233	 	606.666667
3.551965	 	613.333333
3.576378	 	620.000000
3.553530	 	626.666667
3.577317	 	633.333333
3.606738	 	640.000000
3.559790	 	646.666667
3.621449	 	653.333333
3.595158	 	660.000000
3.605173	 	666.666667
3.634594	 	673.333333
3.548522	 	680.000000
3.569180	 	686.666667
3.563859	 	693.333333
3.563546	 	700.000000
3.552278	 	706.666667
3.602044	 	713.333333
3.660573	 	720.000000
3.685299	 	726.666667
3.631152	 	733.333333
3.679039	 	740.000000
3.571997	 	746.666667
3.586081	 	753.333333
3.648366	 	760.000000
3.715659	 	766.666667
3.579508	 	773.333333
3.643358	 	780.000000
3.604548	 	786.666667
3.684047	 	793.333333
3.491871	 	800.000000
3.493123	 	806.666667
3.595784	 	813.333333
3.557599	 	820.000000
3.412372	 	826.666667
3.387646	 	833.333333
3.491558	 	840.000000
3.368867	 	846.666667
3.340072	 	853.333333
3.528804	 	860.000000
3.347583	 	866.666667
3.338194	 	873.333333
3.371684	 	880.000000
3.311277	 	886.666667
3.409868	 	893.333333
3.325048	 	900.000000
3.289055	 	906.666667
3.314720	 	913.333333
3.409868	 	920.000000
3.303139	 	926.666667
3.306269	 	933.333333
3.391402	 	940.000000
3.294062	 	946.666667
3.373562	 	953.333333
3.318476	 	960.000000
3.321918	 	966.666667
3.314094	 	973.333333
3.370745	 	980.000000
3.398288	 	986.666667
3.462763	 	993.333333
3.431778	 	1000.000000
3.509712	 	1006.666667
3.403296	 	1013.333333
3.483421	 	1020.000000
3.467458	 	1026.666667
3.508773	 	1033.333333
3.486238	 	1040.000000
3.560103	 	1046.666667
3.608616	 	1053.333333
3.467145	 	1060.000000
3.502200	 	1066.666667
3.557599	 	1073.333333
3.519727	 	1080.000000
3.464015	 	1086.666667
3.585142	 	1093.333333
3.681230	 	1100.000000
3.470901	 	1106.666667
3.533812	 	1113.333333
3.562920	 	1120.000000
3.624266	 	1126.666667
3.489055	 	1133.333333
3.655252	 	1140.000000
3.557286	 	1146.666667
3.686864	 	1153.333333
3.536629	 	1160.000000
3.685299	 	1166.666667
3.547583	 	1173.333333
3.544767	 	1180.000000
3.552904	 	1186.666667
3.680291	 	1193.333333
3.676535	 	1200.000000
3.634281	 	1206.666667
3.572310	 	1213.333333
3.654939	 	1220.000000
3.693123	 	1226.666667
3.705330	 	1233.333333
3.653687	 	1240.000000
3.691245	 	1246.666667
3.650870	 	1253.333333
3.773562	 	1260.000000
3.660573	 	1266.666667
3.797975	 	1273.333333
3.782638	 	1280.000000
3.724109	 	1286.666667
3.745706	 	1293.333333
3.678100	 	1300.000000
3.614563	 	1306.666667
3.744767	 	1313.333333
3.505643	 	1320.000000
3.657443	 	1326.666667
3.577630	 	1333.333333
3.561668	 	1340.000000
3.576378	 	1346.666667
3.454313	 	1353.333333
3.465267	 	1360.000000
3.526300	 	1366.666667
3.506269	 	1373.333333
3.565424	 	1380.000000
3.514094	 	1386.666667
3.494688	 	1393.333333
3.446488	 	1400.000000
3.657443	 	1406.666667
3.610494	 	1413.333333
3.740698	 	1420.000000
3.676848	 	1426.666667
3.715972	 	1433.333333
3.556660	 	1440.000000
3.576378	 	1446.666667
3.585455	 	1453.333333
3.608616	 	1460.000000
3.668084	 	1466.666667
3.751652	 	1473.333333
3.640541	 	1480.000000
3.665267	 	1486.666667
3.605173	 	1493.333333
3.745080	 	1500.000000
3.579508	 	1506.666667
3.594532	 	1513.333333
3.555095	 	1520.000000
3.615502	 	1526.666667
3.620823	 	1533.333333
3.700009	 	1540.000000
3.647114	 	1546.666667
3.708773	 	1553.333333
3.746645	 	1560.000000
3.652748	 	1566.666667
3.666206	 	1573.333333
3.778256	 	1580.000000
3.579508	 	1586.666667
3.594532	 	1593.333333
3.603922	 	1600.000000
3.633968	 	1606.666667
3.536003	 	1613.333333
3.489681	 	1620.000000
3.595784	 	1626.666667
3.539446	 	1633.333333
3.581073	 	1640.000000
3.515972	 	1646.666667
3.611120	 	1653.333333
3.587646	 	1660.000000
3.587959	 	1666.666667
3.588898	 	1673.333333
3.571058	 	1680.000000
3.576691	 	1686.666667
3.656191	 	1693.333333
3.705017	 	1700.000000
3.639289	 	1706.666667
3.677787	 	1713.333333
3.619884	 	1720.000000
3.690932	 	1726.666667
3.703765	 	1733.333333
3.659321	 	1740.000000
3.658069	 	1746.666667
3.711590	 	1753.333333
3.648053	 	1760.000000
3.611120	 	1766.666667
3.616754	 	1773.333333
3.619258	 	1780.000000
3.638663	 	1786.666667
3.654626	 	1793.333333
3.769806	 	1800.000000
3.728178	 	1806.666667
3.777004	 	1813.333333
3.851496	 	1820.000000
3.769180	 	1826.666667
3.739446	 	1833.333333
3.748209	 	1840.000000
3.709399	 	1846.666667
3.733186	 	1853.333333
3.721292	 	1860.000000
3.729743	 	1866.666667
3.787959	 	1873.333333
3.759790	 	1880.000000
3.779508	 	1886.666667
3.736316	 	1893.333333
3.759477	 	1900.000000
3.775440	 	1906.666667
3.776065	 	1913.333333
3.747896	 	1920.000000
3.808616	 	1926.666667
3.640541	 	1933.333333
3.669336	 	1940.000000
3.772310	 	1946.666667
3.717224	 	1953.333333
3.626457	 	1960.000000
3.611433	 	1966.666667
3.582638	 	1973.333333
3.572936	 	1980.000000
3.576065	 	1986.666667
3.595158	 	1993.333333
3.558538	 	2000.000000
3.570119	 	2006.666667
3.577943	 	2013.333333
3.703765	 	2020.000000
3.620823	 	2026.666667
3.622075	 	2033.333333
3.515033	 	2040.000000
3.558538	 	2046.666667
3.521292	 	2053.333333
3.572310	 	2060.000000
3.427709	 	2066.666667
3.628648	 	2073.333333
3.565424	 	2080.000000
3.435533	 	2086.666667
3.511903	 	2093.333333
3.604860	 	2100.000000
3.516598	 	2106.666667
3.631152	 	2113.333333
3.523170	 	2120.000000
3.667771	 	2126.666667
3.644297	 	2133.333333
3.638976	 	2140.000000
3.397662	 	2146.666667
3.470901	 	2153.333333
3.544767	 	2160.000000
3.592654	 	2166.666667
3.472153	 	2173.333333
3.510338	 	2180.000000
3.421762	 	2186.666667
3.337881	 	2193.333333
3.444297	 	2200.000000
3.344454	 	2206.666667
3.356034	 	2213.333333
3.344141	 	2220.000000
3.309399	 	2226.666667
3.385455	 	2233.333333
3.343202	 	2240.000000
3.381386	 	2246.666667
3.418945	 	2253.333333
3.429587	 	2260.000000
3.508147	 	2266.666667
3.466832	 	2273.333333
3.411120	 	2280.000000
3.473405	 	2286.666667
3.514720	 	2293.333333
3.379821	 	2300.000000
3.477474	 	2306.666667
3.406738	 	2313.333333
3.463702	 	2320.000000
3.417693	 	2326.666667
3.427083	 	2333.333333
3.366363	 	2340.000000
3.492184	 	2346.666667
3.451183	 	2353.333333
3.529430	 	2360.000000
3.535064	 	2366.666667
3.630526	 	2373.333333
3.592028	 	2380.000000
3.520666	 	2386.666667
3.514407	 	2393.333333
3.556973	 	2400.000000
3.512216	 	2406.666667
3.557286	 	2413.333333
3.551339	 	2420.000000
3.701574	 	2426.666667
3.597036	 	2433.333333
3.588272	 	2440.000000
3.676535	 	2446.666667
3.581073	 	2453.333333
3.666206	 	2460.000000
3.713781	 	2466.666667
3.697192	 	2473.333333
3.747583	 	2480.000000
3.695314	 	2486.666667
3.699070	 	2493.333333
3.678100	 	2500.000000
3.856191	 	2506.666667
3.844923	 	2513.333333
3.841167	 	2520.000000
3.815815	 	2526.666667
3.744767	 	2533.333333
3.815502	 	2540.000000
3.888742	 	2546.666667
3.769493	 	2553.333333
3.748835	 	2560.000000
3.724109	 	2566.666667
3.828022	 	2573.333333
3.753843	 	2580.000000
3.838976	 	2586.666667
3.852435	 	2593.333333
3.822075	 	2600.000000
3.906269	 	2606.666667
3.710651	 	2613.333333
3.826457	 	2620.000000
3.829587	 	2626.666667
3.893749	 	2633.333333
3.922857	 	2640.000000
3.811120	 	2646.666667
3.921292	 	2653.333333
3.819258	 	2660.000000
3.833030	 	2666.666667
3.893749	 	2673.333333
3.821136	 	2680.000000
3.805173	 	2686.666667
3.661199	 	2693.333333
3.774501	 	2700.000000
3.766989	 	2706.666667
3.727865	 	2713.333333
3.758225	 	2720.000000
3.711903	 	2726.666667
3.734751	 	2733.333333
3.866519	 	2740.000000
3.704391	 	2746.666667
3.685299	 	2753.333333
3.803922	 	2760.000000
3.880917	 	2766.666667
3.737255	 	2773.333333
3.833030	 	2780.000000
3.692810	 	2786.666667
3.766363	 	2793.333333
3.689681	 	2800.000000
3.738820	 	2806.666667
3.756347	 	2813.333333
3.765737	 	2820.000000
3.632091	 	2826.666667
3.776691	 	2833.333333
3.724735	 	2840.000000
3.792967	 	2846.666667
3.685925	 	2853.333333
3.697192	 	2860.000000
3.770745	 	2866.666667
3.810494	 	2873.333333
3.639289	 	2880.000000
3.809555	 	2886.666667
3.757599	 	2893.333333
3.872779	 	2900.000000
3.760729	 	2906.666667
3.860573	 	2913.333333
3.672153	 	2920.000000
3.709086	 	2926.666667
3.730369	 	2933.333333
3.925674	 	2940.000000
3.820823	 	2946.666667
3.792654	 	2953.333333
3.608929	 	2960.000000
3.717850	 	2966.666667
3.762607	 	2973.333333
3.844297	 	2980.000000
3.689994	 	2986.666667
3.758851	 	2993.333333
3.792654	 	3000.000000
3.735064	 	3006.666667
3.687177	 	3013.333333
3.669336	 	3020.000000
3.764798	 	3026.666667
3.685299	 	3033.333333
3.770432	 	3040.000000
3.610181	 	3046.666667
3.683734	 	3053.333333
3.707834	 	3060.000000
3.697505	 	3066.666667
3.707521	 	3073.333333
3.791089	 	3080.000000
4.188898	 	3086.666667
4.775753	 	3093.333333
5.856817	 	3100.000000
7.963546	 	3106.666667
10.762607	 	3113.333333
15.020823	 	3120.000000
21.247114	 	3126.666667
32.788585	 	3133.333333
57.447740	 	3140.000000
96.117850	 	3146.666667
146.141637	 	3153.333333
207.674344	 	3160.000000
281.927865	 	3166.666667
371.705643	 	3173.333333
478.189837	 	3180.000000
597.875283	 	3186.666667
730.541637	 	3193.333333
875.167615	 	3200.000000
1029.819884	 	3206.666667
1188.898444	 	3213.333333
1351.926926	 	3220.000000
1517.912216	 	3226.666667
1685.452748	 	3233.333333
1850.279039	 	3240.000000
2009.913781	 	3246.666667
2162.685299	 	3253.333333
2310.260886	 	3260.000000
2452.055565	 	3266.666667
2585.390463	 	3273.333333
2708.144141	 	3280.000000
2822.607990	 	3286.666667
2925.342576	 	3293.333333
3020.203296	 	3300.000000
3106.840854	 	3306.666667
3181.519727	 	3313.333333
3245.381386	 	3320.000000
3299.799227	 	3326.666667
3346.064328	 	3333.333333
3382.833655	 	3340.000000
3410.133499	 	3346.666667
3428.479039	 	3353.333333
3439.100322	 	3360.000000
3443.130369	 	3366.666667
3441.943828	 	3373.333333
3435.012372	 	3380.000000
3421.556973	 	3386.666667
3404.099070	 	3393.333333
3382.908147	 	3400.000000
3359.178256	 	3406.666667
3332.972936	 	3413.333333
3303.038037	 	3420.000000
3270.704078	 	3426.666667
3237.188898	 	3433.333333
3201.099696	 	3440.000000
3164.476222	 	3446.666667
3127.124109	 	3453.333333
3087.817067	 	3460.000000
3048.100948	 	3466.666667
3008.114094	 	3473.333333
2968.359790	 	3480.000000
2927.478413	 	3486.666667
2886.889368	 	3493.333333
2845.725048	 	3500.000000
2805.025205	 	3506.666667
2764.568554	 	3513.333333
2723.982951	 	3520.000000
2683.469023	 	3526.666667
2642.859321	 	3533.333333
2602.897505	 	3540.000000
2563.413624	 	3546.666667
2523.907834	 	3553.333333
2485.207051	 	3560.000000
2446.946958	 	3566.666667
2409.223953	 	3573.333333
2372.257130	 	3580.000000
2335.343202	 	3586.666667
2298.602044	 	3593.333333
2262.449305	 	3600.000000
2227.383264	 	3606.666667
2193.253374	 	3613.333333
2159.288742	 	3620.000000
2124.640541	 	3626.666667
2090.915659	 	3633.333333
2058.271214	 	3640.000000
2026.033968	 	3646.666667
1994.261512	 	3653.333333
1962.632717	 	3660.000000
1932.135690	 	3666.666667
1902.289994	 	3673.333333
1873.155408	 	3680.000000
1843.592341	 	3686.666667
1814.483421	 	3693.333333
1786.188898	 	3700.000000
1758.994219	 	3706.666667
1732.679665	 	3713.333333
1706.179821	 	3720.000000
1679.924735	 	3726.666667
1653.763859	 	3733.333333
1628.428022	 	3740.000000
1603.597662	 	3746.666667
1579.476535	 	3753.333333
1555.420510	 	3760.000000
1532.011433	 	3766.666667
1509.130682	 	3773.333333
1486.302826	 	3780.000000
1463.748209	 	3786.666667
1441.360103	 	3793.333333
1419.607990	 	3800.000000
1398.863389	 	3806.666667
1378.398601	 	3813.333333
1358.411120	 	3820.000000
1338.232404	 	3826.666667
1318.207364	 	3833.333333
1298.490932	 	3840.000000
1279.562607	 	3846.666667
1261.221449	 	3853.333333
1243.150713	 	3860.000000
1225.418006	 	3866.666667
1207.982325	 	3873.333333
1190.526926	 	3880.000000
1173.315346	 	3886.666667
1156.279039	 	3893.333333
1139.653687	 	3900.000000
1123.384516	 	3906.666667
1107.541324	 	3913.333333
1091.852122	 	3920.000000
1076.020197	 	3926.666667
1060.335377	 	3933.333333
1044.914094	 	3940.000000
1029.836159	 	3946.666667
1015.268084	 	3953.333333
1000.845236	 	3960.000000
986.626770	 	3966.666667
972.427083	 	3973.333333
958.711903	 	3980.000000
945.099383	 	3986.666667
931.642106	 	3993.333333
917.958538	 	4000.000000
905.133499	 	4006.666667
892.489681	 	4013.333333
879.886238	 	4020.000000
867.284360	 	4026.666667
854.989837	 	4033.333333
842.788272	 	4040.000000
830.892810	 	4046.666667
819.133186	 	4053.333333
807.638350	 	4060.000000
796.463076	 	4066.666667
785.218319	 	4073.333333
774.440854	 	4080.000000
763.686551	 	4086.666667
752.979508	 	4093.333333
742.415502	 	4100.000000
732.059321	 	4106.666667
721.934751	 	4113.333333
711.875283	 	4120.000000
701.901574	 	4126.666667
692.119101	 	4133.333333
682.544767	 	4140.000000
673.317224	 	4146.666667
664.069649	 	4153.333333
654.946019	 	4160.000000
645.958851	 	4166.666667
637.072779	 	4173.333333
628.582325	 	4180.000000
620.067458	 	4186.666667
611.592967	 	4193.333333
603.281543	 	4200.000000
595.169806	 	4206.666667
587.209868	 	4213.333333
579.375440	 	4220.000000
571.388585	 	4226.666667
563.843358	 	4233.333333
556.174501	 	4240.000000
548.863389	 	4246.666667
541.550400	 	4253.333333
534.412372	 	4260.000000
527.388272	 	4266.666667
520.566050	 	4273.333333
513.716598	 	4280.000000
506.982951	 	4286.666667
500.377317	 	4293.333333
493.701574	 	4300.000000
487.298444	 	4306.666667
480.824579	 	4313.333333
474.633968	 	4320.000000
468.424892	 	4326.666667
462.579821	 	4333.333333
456.476848	 	4340.000000
450.436159	 	4346.666667
444.542576	 	4353.333333
438.681543	 	4360.000000
433.082795	 	4366.666667
427.515346	 	4373.333333
421.997349	 	4380.000000
416.515659	 	4386.666667
411.070588	 	4393.333333
405.763859	 	4400.000000
400.187959	 	4406.666667
395.002670	 	4413.333333
390.030526	 	4420.000000
385.243045	 	4426.666667
380.126300	 	4433.333333
375.098757	 	4440.000000
370.208303	 	4446.666667
365.358538	 	4453.333333
360.565737	 	4460.000000
355.846175	 	4466.666667
351.293123	 	4473.333333
346.781699	 	4480.000000
342.337568	 	4486.666667
337.868084	 	4493.333333
333.310338	 	4500.000000
328.936942	 	4506.666667
325.273718	 	4513.333333
320.533499	 	4520.000000
316.541011	 	4526.666667
312.864328	 	4533.333333
308.440541	 	4540.000000
304.954469	 	4546.666667
300.590463	 	4553.333333
297.149148	 	4560.000000
293.495314	 	4566.666667
289.726300	 	4573.333333
286.493436	 	4580.000000
282.691558	 	4586.666667
278.964172	 	4593.333333
275.919101	 	4600.000000
271.399853	 	4606.666667
268.862137	 	4613.333333
265.263076	 	4620.000000
264.014876	 	4626.666667
257.050557	 	4633.333333
256.978256	 	4640.000000
252.440854	 	4646.666667
249.641793	 	4653.333333
246.704391	 	4660.000000
243.143828	 	4666.666667
241.414250	 	4673.333333
237.357912	 	4680.000000
234.407051	 	4686.666667
232.284986	 	4693.333333
228.533186	 	4700.000000
227.534751	 	4706.666667
222.607677	 	4713.333333
221.251183	 	4720.000000
217.616754	 	4726.666667
216.010181	 	4733.333333
211.282482	 	4740.000000
211.746332	 	4746.666667
206.692810	 	4753.333333
205.210807	 	4760.000000
203.520353	 	4766.666667
198.312216	 	4773.333333
199.086551	 	4780.000000
195.889681	 	4786.666667
191.685299	 	4793.333333
191.660886	 	4800.000000
187.082169	 	4806.666667
186.327239	 	4813.333333
184.106895	 	4820.000000
180.578256	 	4826.666667
179.667145	 	4833.333333
177.130995	 	4840.000000
173.133812	 	4846.666667
174.110651	 	4853.333333
170.813624	 	4860.000000
168.034281	 	4866.666667
167.350400	 	4873.333333
164.450244	 	4880.000000
162.202357	 	4886.666667
161.461824	 	4893.333333
159.204860	 	4900.000000
156.995158	 	4906.666667
155.615815	 	4913.333333
152.910651	 	4920.000000
151.387333	 	4926.666667
150.809868	 	4933.333333
147.843358	 	4940.000000
145.632717	 	4946.666667
145.599853	 	4953.333333
142.842106	 	4960.000000
141.769806	 	4966.666667
140.240854	 	4973.333333
137.285299	 	4980.000000
137.159477	 	4986.666667
135.381699	 	4993.333333
132.949148	 	5000.000000
133.222701	 	5006.666667
130.554156	 	5013.333333
128.951339	 	5020.000000
128.609868	 	5026.666667
125.946645	 	5033.333333
125.201105	 	5040.000000
124.552904	 	5046.666667
121.309399	 	5053.333333
121.225205	 	5060.000000
120.077161	 	5066.666667
118.128178	 	5073.333333
117.305956	 	5080.000000
115.851809	 	5086.666667
114.351652	 	5093.333333
113.412685	 	5100.000000
111.986707	 	5106.666667
111.007051	 	5113.333333
109.923483	 	5120.000000
107.999227	 	5126.666667
107.213624	 	5133.333333
106.332560	 	5140.000000
104.539759	 	5146.666667
103.852435	 	5153.333333
102.620197	 	5160.000000
100.889994	 	5166.666667
100.362920	 	5173.333333
99.299383	 	5180.000000
97.535377	 	5186.666667
97.213624	 	5193.333333
95.948835	 	5200.000000
94.505017	 	5206.666667
94.005486	 	5213.333333
92.365737	 	5220.000000
91.395158	 	5226.666667
90.674031	 	5233.333333
89.343515	 	5240.000000
88.514720	 	5246.666667
87.594845	 	5253.333333
86.243358	 	5260.000000
85.827396	 	5266.666667
84.518163	 	5273.333333
83.339133	 	5280.000000
83.002357	 	5286.666667
81.892810	 	5293.333333
80.929743	 	5300.000000
80.440541	 	5306.666667
79.027396	 	5313.333333
78.233968	 	5320.000000
77.736316	 	5326.666667
76.605486	 	5333.333333
75.982951	 	5340.000000
75.707521	 	5346.666667
74.419884	 	5353.333333
73.854626	 	5360.000000
73.171371	 	5366.666667
72.022075	 	5373.333333
71.541324	 	5380.000000
70.585455	 	5386.666667
69.911590	 	5393.333333
69.435533	 	5400.000000
68.299070	 	5406.666667
67.719727	 	5413.333333
67.182012	 	5420.000000
66.002670	 	5426.666667
65.734438	 	5433.333333
65.091558	 	5440.000000
64.132873	 	5446.666667
63.974188	 	5453.333333
63.318789	 	5460.000000
62.505330	 	5466.666667
62.133812	 	5473.333333
61.372936	 	5480.000000
60.835533	 	5486.666667
60.155721	 	5493.333333
59.411120	 	5500.000000
58.932560	 	5506.666667
58.554782	 	5513.333333
57.684047	 	5520.000000
57.547583	 	5526.666667
56.712529	 	5533.333333
55.791402	 	5540.000000
55.359164	 	5546.666667
54.722857	 	5553.333333
54.198288	 	5560.000000
54.067458	 	5566.666667
53.233342	 	5573.333333
52.681543	 	5580.000000
52.378882	 	5586.666667
51.541637	 	5593.333333
50.999227	 	5600.000000
50.650244	 	5606.666667
49.917850	 	5613.333333
49.568867	 	5620.000000
49.135064	 	5626.666667
48.429587	 	5633.333333
48.004548	 	5640.000000
47.457130	 	5646.666667
46.784829	 	5653.333333
46.582951	 	5660.000000
46.074344	 	5666.666667
45.674344	 	5673.333333
45.339133	 	5680.000000
44.554469	 	5686.666667
44.012998	 	5693.333333
43.768554	 	5700.000000
43.162920	 	5706.666667
42.814250	 	5713.333333
42.483108	 	5720.000000
41.777004	 	5726.666667
41.597975	 	5733.333333
41.053687	 	5740.000000
40.562294	 	5746.666667
40.256191	 	5753.333333
39.780447	 	5760.000000
39.308460	 	5766.666667
39.085925	 	5773.333333
38.534125	 	5780.000000
38.297505	 	5786.666667
37.921918	 	5793.333333
37.356347	 	5800.000000
37.195784	 	5806.666667
36.825518	 	5813.333333
36.275596	 	5820.000000
36.084673	 	5826.666667
35.710651	 	5833.333333
35.417693	 	5840.000000
35.229274	 	5846.666667
34.902513	 	5853.333333
34.436159	 	5860.000000
34.303765	 	5866.666667
33.797975	 	5873.333333
33.476222	 	5880.000000
33.230839	 	5886.666667
32.802983	 	5893.333333
32.560103	 	5900.000000
32.180134	 	5906.666667
31.900635	 	5913.333333
31.735064	 	5920.000000
31.314720	 	5926.666667
30.806112	 	5933.333333
30.803609	 	5940.000000
30.426144	 	5946.666667
30.132247	 	5953.333333
30.020197	 	5960.000000
29.661199	 	5966.666667
29.442732	 	5973.333333
29.209242	 	5980.000000
28.904078	 	5986.666667
28.483108	 	5993.333333
28.232091	 	6000.000000
27.980447	 	6006.666667
27.747583	 	6013.333333
27.522544	 	6020.000000
27.073405	 	6026.666667
26.975753	 	6033.333333
26.650244	 	6040.000000
26.424579	 	6046.666667
26.397975	 	6053.333333
26.067145	 	6060.000000
25.741950	 	6066.666667
25.745080	 	6073.333333
25.432717	 	6080.000000
25.151026	 	6086.666667
25.085299	 	6093.333333
24.784829	 	6100.000000
24.474970	 	6106.666667
24.237411	 	6113.333333
24.075283	 	6120.000000
23.930369	 	6126.666667
23.863702	 	6133.333333
23.515346	 	6140.000000
23.427709	 	6146.666667
23.129430	 	6153.333333
22.867145	 	6160.000000
22.915972	 	6166.666667
22.754782	 	6173.333333
22.508147	 	6180.000000
22.489681	 	6186.666667
22.201731	 	6193.333333
21.973249	 	6200.000000
21.838350	 	6206.666667
21.581386	 	6213.333333
21.436159	 	6220.000000
21.330056	 	6226.666667
21.042732	 	6233.333333
21.042732	 	6240.000000
20.656504	 	6246.666667
20.421136	 	6253.333333
20.529743	 	6260.000000
20.367928	 	6266.666667
20.252122	 	6273.333333
20.028648	 	6280.000000
19.884360	 	6286.666667
19.693749	 	6293.333333
19.554469	 	6300.000000
19.470275	 	6306.666667
19.188898	 	6313.333333
19.059008	 	6320.000000
18.797349	 	6326.666667
18.701574	 	6333.333333
18.562294	 	6340.000000
18.476535	 	6346.666667
18.292810	 	6353.333333
18.128491	 	6360.000000
17.956347	 	6366.666667
17.960416	 	6373.333333
17.759164	 	6380.000000
17.619258	 	6386.666667
17.465580	 	6393.333333
17.300948	 	6400.000000
17.120666	 	6406.666667
16.945706	 	6413.333333
16.824266	 	6420.000000
16.669649	 	6426.666667
16.624892	 	6433.333333
16.424892	 	6440.000000
16.281230	 	6446.666667
16.064954	 	6453.333333
15.863389	 	6460.000000
15.915346	 	6466.666667
15.681230	 	6473.333333
15.573249	 	6480.000000
15.345706	 	6486.666667
15.213937	 	6493.333333
15.188898	 	6500.000000
15.035220	 	6506.666667
14.939759	 	6513.333333
14.724109	 	6520.000000
14.661512	 	6526.666667
14.474970	 	6533.333333
14.437098	 	6540.000000
14.261199	 	6546.666667
14.039915	 	6553.333333
14.046175	 	6560.000000
13.935064	 	6566.666667
13.689681	 	6573.333333
13.738507	 	6580.000000
13.538507	 	6586.666667
13.418632	 	6593.333333
13.256504	 	6600.000000
13.168867	 	6606.666667
13.112216	 	6613.333333
13.117850	 	6620.000000
12.951965	 	6626.666667
12.889368	 	6633.333333
12.686551	 	6640.000000
12.574188	 	6646.666667
12.398288	 	6653.333333
12.363546	 	6660.000000
12.219571	 	6666.666667
12.251496	 	6673.333333
12.102826	 	6680.000000
11.964485	 	6686.666667
11.863389	 	6693.333333
11.774188	 	6700.000000
11.657756	 	6706.666667
11.503765	 	6713.333333
11.455252	 	6720.000000
11.449305	 	6726.666667
11.186081	 	6733.333333
11.320979	 	6740.000000
11.244297	 	6746.666667
11.365737	 	6753.333333
11.207990	 	6760.000000
11.203922	 	6766.666667
11.158225	 	6773.333333
11.061199	 	6780.000000
11.038976	 	6786.666667
11.059008	 	6793.333333
10.876222	 	6800.000000
10.907208	 	6806.666667
10.675283	 	6813.333333
10.683734	 	6820.000000
10.559790	 	6826.666667
10.521918	 	6833.333333
10.441167	 	6840.000000
10.318789	 	6846.666667
10.283421	 	6853.333333
10.260573	 	6860.000000
10.138820	 	6866.666667
10.043671	 	6873.333333
10.057130	 	6880.000000
9.873405	 	6886.666667
9.937255	 	6893.333333
9.943828	 	6900.000000
9.791089	 	6906.666667
9.743515	 	6913.333333
9.715346	 	6920.000000
9.626144	 	6926.666667
9.579195	 	6933.333333
9.407677	 	6940.000000
9.314407	 	6946.666667
9.277474	 	6953.333333
9.227396	 	6960.000000
9.183264	 	6966.666667
9.313468	 	6973.333333
9.240541	 	6980.000000
9.177004	 	6986.666667
9.129430	 	6993.333333
8.885612	 	7000.000000
8.905330	 	7006.666667
8.738194	 	7013.333333
8.708460	 	7020.000000
8.832091	 	7026.666667
8.725048	 	7033.333333
8.586081	 	7040.000000
8.615815	 	7046.666667
8.510025	 	7053.333333
8.407990	 	7060.000000
8.407364	 	7066.666667
8.361042	 	7073.333333
8.164798	 	7080.000000
8.104704	 	7086.666667
8.069336	 	7093.333333
7.965737	 	7100.000000
7.837411	 	7106.666667
7.786394	 	7113.333333
7.719101	 	7120.000000
7.592028	 	7126.666667
7.528178	 	7133.333333
7.466832	 	7140.000000
7.327552	 	7146.666667
7.337881	 	7153.333333
7.295627	 	7160.000000
7.237411	 	7166.666667
7.178256	 	7173.333333
7.130056	 	7180.000000
7.038976	 	7186.666667
6.972936	 	7193.333333
6.941011	 	7200.000000
6.866832	 	7206.666667
6.737568	 	7213.333333
6.618632	 	7220.000000
6.515346	 	7226.666667
6.344141	 	7233.333333
6.282795	 	7240.000000
6.226770	 	7246.666667
6.103139	 	7253.333333
6.048992	 	7260.000000
6.000166	 	7266.666667
6.040541	 	7273.333333
5.943515	 	7280.000000
6.014563	 	7286.666667
5.964485	 	7293.333333
5.838037	 	7300.000000
5.727865	 	7306.666667
5.767615	 	7313.333333
5.652122	 	7320.000000
5.665893	 	7326.666667
5.656817	 	7333.333333
5.537881	 	7340.000000
5.343515	 	7346.666667
5.405173	 	7353.333333
5.339133	 	7360.000000
5.310338	 	7366.666667
5.230526	 	7373.333333
5.240228	 	7380.000000
5.244610	 	7386.666667
5.142576	 	7393.333333
5.210494	 	7400.000000
5.104704	 	7406.666667
5.155721	 	7413.333333
5.091245	 	7420.000000
5.182638	 	7426.666667
5.136003	 	7433.333333
5.098444	 	7440.000000
5.059947	 	7446.666667
5.025831	 	7453.333333
5.048366	 	7460.000000
5.046801	 	7466.666667
5.067145	 	7473.333333
5.126300	 	7480.000000
5.069023	 	7486.666667
5.043045	 	7493.333333
5.038663	 	7500.000000
5.065893	 	7506.666667
4.943828	 	7513.333333
4.912842	 	7520.000000
4.898131	 	7526.666667
4.703139	 	7533.333333
4.709086	 	7540.000000
4.675283	 	7546.666667
4.651496	 	7553.333333
4.567302	 	7560.000000
4.556347	 	7566.666667
4.622388	 	7573.333333
4.616754	 	7580.000000
4.616754	 	7586.666667
4.626770	 	7593.333333
4.740072	 	7600.000000
4.690932	 	7606.666667
4.638350	 	7613.333333
4.544454	 	7620.000000
4.450557	 	7626.666667
4.468397	 	7633.333333
4.403922	 	7640.000000
4.448679	 	7646.666667
4.357599	 	7653.333333
4.412059	 	7660.000000
4.418319	 	7666.666667
4.405486	 	7673.333333
4.353843	 	7680.000000
4.268397	 	7686.666667
4.225205	 	7693.333333
4.256191	 	7700.000000
4.124735	 	7706.666667
4.232404	 	7713.333333
4.197349	 	7720.000000
4.145706	 	7726.666667
4.100009	 	7733.333333
3.983264	 	7740.000000
3.962920	 	7746.666667
4.090619	 	7753.333333
4.006425	 	7760.000000
4.052122	 	7766.666667
4.059008	 	7773.333333
3.982638	 	7780.000000
4.010181	 	7786.666667
3.955095	 	7793.333333
3.947271	 	7800.000000
3.944767	 	7806.666667
3.861824	 	7813.333333
3.883734	 	7820.000000
3.832091	 	7826.666667
3.782012	 	7833.333333
3.765111	 	7840.000000
3.771684	 	7846.666667
3.809242	 	7853.333333
3.910964	 	7860.000000
3.667145	 	7866.666667
3.807677	 	7873.333333
3.708460	 	7880.000000
3.598288	 	7886.666667
3.681856	 	7893.333333
3.685612	 	7900.000000
3.587333	 	7906.666667
3.511277	 	7913.333333
3.430526	 	7920.000000
3.458069	 	7926.666667
3.527865	 	7933.333333
3.361355	 	7940.000000
3.264954	 	7946.666667
3.409555	 	7953.333333
3.242732	 	7960.000000
3.288429	 	7966.666667
3.262450	 	7973.333333
3.229274	 	7980.000000
3.088116	 	7986.666667
3.120040	 	7993.333333
3.044297	 	8000.000000
3.119727	 	8006.666667
3.206738	 	8013.333333
3.282169	 	8020.000000
3.270275	 	8026.666667
3.068084	 	8033.333333
3.142576	 	8040.000000
3.089055	 	8046.666667
3.073092	 	8053.333333
3.113155	 	8060.000000
2.967302	 	8066.666667
3.013311	 	8073.333333
2.986394	 	8080.000000
2.993906	 	8086.666667
2.939759	 	8093.333333
2.822388	 	8100.000000
2.859321	 	8106.666667
2.741637	 	8113.333333
2.769493	 	8120.000000
2.662450	 	8126.666667
2.511903	 	8133.333333
2.534438	 	8140.000000
2.561355	 	8146.666667
2.525361	 	8153.333333
2.413937	 	8160.000000
2.275909	 	8166.666667
2.247427	 	8173.333333
2.311590	 	8180.000000
2.274970	 	8186.666667
2.432717	 	8193.333333
2.445549	 	8200.000000
2.281230	 	8206.666667
2.412372	 	8213.333333
2.367615	 	8220.000000
2.354156	 	8226.666667
2.501574	 	8233.333333
2.483734	 	8240.000000
2.432404	 	8246.666667
2.444610	 	8253.333333
2.300635	 	8260.000000
2.284986	 	8266.666667
2.294062	 	8273.333333
2.204235	 	8280.000000
2.313468	 	8286.666667
2.176691	 	8293.333333
2.122231	 	8300.000000
2.180447	 	8306.666667
2.107208	 	8313.333333
2.071527	 	8320.000000
2.135064	 	8326.666667
2.277161	 	8333.333333
2.146332	 	8340.000000
2.079978	 	8346.666667
1.985455	 	8353.333333
2.048992	 	8360.000000
2.050244	 	8366.666667
1.974188	 	8373.333333
2.126926	 	8380.000000
1.888116	 	8386.666667
2.058382	 	8393.333333
1.901574	 	8400.000000
2.042419	 	8406.666667
1.942263	 	8413.333333
1.950400	 	8420.000000
1.826457	 	8426.666667
1.878413	 	8433.333333
1.866206	 	8440.000000
1.761042	 	8446.666667
1.769806	 	8453.333333
1.703139	 	8460.000000
1.623640	 	8466.666667
1.719727	 	8473.333333
1.610494	 	8480.000000
1.790776	 	8486.666667
1.690619	 	8493.333333
1.632717	 	8500.000000
1.683734	 	8506.666667
1.663389	 	8513.333333
1.601105	 	8520.000000
1.530056	 	8526.666667
1.619571	 	8533.333333
1.640541	 	8540.000000
1.605486	 	8546.666667
1.674031	 	8553.333333
1.542263	 	8560.000000
1.635846	 	8566.666667
1.407677	 	8573.333333
1.463389	 	8580.000000
1.378569	 	8586.666667
1.380134	 	8593.333333
1.303139	 	8600.000000
1.269336	 	8606.666667
1.218945	 	8613.333333
1.309712	 	8620.000000
1.155721	 	8626.666667
1.229274	 	8633.333333
1.124109	 	8640.000000
1.182012	 	8646.666667
1.180134	 	8653.333333
1.200479	 	8660.000000
1.111590	 	8666.666667
1.269023	 	8673.333333
1.057130	 	8680.000000
1.172623	 	8686.666667
1.064641	 	8693.333333
1.094062	 	8700.000000
1.107521	 	8706.666667
1.060260	 	8713.333333
1.128178	 	8720.000000
1.015815	 	8726.666667
0.823953	 	8733.333333
1.007051	 	8740.000000
0.887490	 	8746.666667
0.763546	 	8753.333333
0.760103	 	8760.000000
0.808616	 	8766.666667
0.650870	 	8773.333333
0.689994	 	8780.000000
0.704391	 	8786.666667
0.736003	 	8793.333333
0.601418	 	8800.000000
0.633968	 	8806.666667
0.470901	 	8813.333333
0.533812	 	8820.000000
0.600166	 	8826.666667
0.449305	 	8833.333333
0.502200	 	8840.000000
0.464954	 	8846.666667
0.520353	 	8853.333333
0.507834	 	8860.000000
0.528178	 	8866.666667
0.475909	 	8873.333333
0.633342	 	8880.000000
0.536316	 	8886.666667
0.415189	 	8893.333333
0.411120	 	8900.000000
0.281856	 	8906.666667
0.456817	 	8913.333333
0.300948	 	8920.000000
0.278413	 	8926.666667
0.292497	 	8933.333333
0.166050	 	8940.000000
0.301574	 	8946.666667
0.316285	 	8953.333333
0.309086	 	8960.000000
0.339759	 	8966.666667
0.207051	 	8973.333333
0.311590	 	8980.000000
0.375440	 	8986.666667
0.420510	 	8993.333333
0.361355	 	9000.000000
0.428961	 	9006.666667
0.382638	 	9013.333333
0.453374	 	9020.000000
0.483734	 	9026.666667
0.342576	 	9033.333333
0.510964	 	9040.000000
0.440228	 	9046.666667
0.563233	 	9053.333333
0.426144	 	9060.000000
0.356347	 	9066.666667
0.354156	 	9073.333333
0.519727	 	9080.000000
0.523483	 	9086.666667
0.434594	 	9093.333333
0.454626	 	9100.000000
0.310964	 	9106.666667
0.329743	 	9113.333333
0.426770	 	9120.000000
0.315659	 	9126.666667
0.352591	 	9133.333333
0.361668	 	9140.000000
0.316598	 	9146.666667
0.302826	 	9153.333333
0.196410	 	9160.000000
0.141324	 	9166.666667
0.295940	 	9173.333333
0.147271	 	9180.000000
0.157286	 	9186.666667
0.221136	 	9193.333333
0.148522	 	9200.000000
0.133812	 	9206.666667
0.256191	 	9213.333333
0.216441	 	9220.000000
0.164798	 	9226.666667
0.069336	 	9233.333333
0.119727	 	9240.000000
0.122544	 	9246.666667
0.043045	 	9253.333333
0.118476	 	9260.000000
0.082795	 	9266.666667
0.039289	 	9273.333333
0.088742	 	9280.000000
0.106269	 	9286.666667
0.116285	 	9293.333333
0.155095	 	9300.000000
0.283108	 	9306.666667
0.291558	 	9313.333333
0.202357	 	9320.000000
0.283421	 	9326.666667
0.116598	 	9333.333333
0.298131	 	9340.000000
0.252748	 	9346.666667
0.317224	 	9353.333333
0.333812	 	9360.000000
0.233655	 	9366.666667
0.319727	 	9373.333333
0.377004	 	9380.000000
0.234594	 	9386.666667
0.247427	 	9393.333333
0.104391	 	9400.000000
0.196097	 	9406.666667
0.021449	 	9413.333333
0.078413	 	9420.000000
-0.051165	 	9426.666667
-0.074326	 	9433.333333
-0.143496	 	9440.000000
-0.110319	 	9446.666667
-0.057111	 	9453.333333
-0.151634	 	9460.000000
-0.226125	 	9466.666667
-0.178864	 	9473.333333
-0.234889	 	9480.000000
-0.225499	 	9486.666667
-0.225499	 	9493.333333
0.008929	 	9500.000000
-0.140992	 	9506.666667
-0.060867	 	9513.333333
-0.272761	 	9520.000000
-0.226751	 	9526.666667
-0.126908	 	9533.333333
-0.187315	 	9540.000000
-0.195765	 	9546.666667
-0.171978	 	9553.333333
-0.267440	 	9560.000000
-0.138488	 	9566.666667
-0.317205	 	9573.333333
-0.197017	 	9580.000000
-0.239271	 	9586.666667
-0.423622	 	9593.333333
-0.543183	 	9600.000000
-0.495609	 	9606.666667
-0.542557	 	9613.333333
-0.512823	 	9620.000000
-0.542244	 	9626.666667
-0.635828	 	9633.333333
-0.624873	 	9640.000000
-0.687784	 	9646.666667
-0.782307	 	9653.333333
-0.611102	 	9660.000000
-0.676517	 	9666.666667
-0.637080	 	9673.333333
-0.622683	 	9680.000000
-0.618301	 	9686.666667
-0.502495	 	9693.333333
-0.566345	 	9700.000000
-0.487784	 	9706.666667
-0.446783	 	9713.333333
-0.691227	 	9720.000000
-0.519709	 	9726.666667
-0.531603	 	9733.333333
-0.547565	 	9740.000000
-0.631133	 	9746.666667
-0.628316	 	9753.333333
-0.664623	 	9760.000000
-0.623309	 	9766.666667
-0.668066	 	9773.333333
-0.595140	 	9780.000000
-0.589819	 	9786.666667
-0.580742	 	9793.333333
-0.611415	 	9800.000000
-0.765093	 	9806.666667
-0.454607	 	9813.333333
-0.492166	 	9820.000000
-0.549756	 	9826.666667
-0.389193	 	9833.333333
-0.535672	 	9840.000000
-0.508442	 	9846.666667
-0.484028	 	9853.333333
-0.484341	 	9860.000000
-0.518457	 	9866.666667
-0.710006	 	9873.333333
-0.508755	 	9880.000000
-0.587002	 	9886.666667
-0.638958	 	9893.333333
-0.660867	 	9900.000000
-0.805155	 	9906.666667
-0.802651	 	9913.333333
-0.823309	 	9920.000000
-0.809537	 	9926.666667
-0.858050	 	9933.333333
-0.877143	 	9940.000000
-0.771978	 	9946.666667
-0.804529	 	9953.333333
-0.762902	 	9960.000000
-0.857737	 	9966.666667
-0.850852	 	9973.333333
-0.986376	 	9980.000000
-0.807659	 	9986.666667
-0.850539	 	9993.333333
-0.888097	 	10000.000000
-0.853355	 	10006.666667
-0.845218	 	10013.333333
-0.806094	 	10020.000000
-0.845531	 	10026.666667
-0.897487	 	10033.333333
-0.768848	 	10040.000000
-0.898426	 	10046.666667
-0.851791	 	10053.333333
-0.867440	 	10060.000000
-0.826751	 	10066.666667
-0.903747	 	10073.333333
-0.879960	 	10080.000000
-1.015171	 	10086.666667
-0.923465	 	10093.333333
-0.924404	 	10100.000000
-1.059615	 	10106.666667
-1.084967	 	10113.333333
-1.136611	 	10120.000000
-1.235828	 	10126.666667
-1.222370	 	10133.333333
-1.071196	 	10140.000000
-1.207659	 	10146.666667
-1.187941	 	10153.333333
-1.095609	 	10160.000000
-1.152260	 	10166.666667
-1.141931	 	10173.333333
-1.218301	 	10180.000000
-1.193262	 	10186.666667
-1.130038	 	10193.333333
-1.241462	 	10200.000000
-1.263997	 	10206.666667
-1.242088	 	10213.333333
-1.268066	 	10220.000000
-1.233011	 	10226.666667
-1.214545	 	10233.333333
-1.258989	 	10240.000000
-1.192010	 	10246.666667
-1.235515	 	10253.333333
-1.327847	 	10260.000000
-1.166970	 	10266.666667
-1.168848	 	10273.333333
-1.151947	 	10280.000000
-1.127221	 	10286.666667
-1.284028	 	10293.333333
-1.210789	 	10300.000000
-1.151947	 	10306.666667
-1.251165	 	10313.333333
-1.138801	 	10320.000000
-1.361963	 	10326.666667
-1.223622	 	10333.333333
-1.278708	 	10340.000000
-1.176673	 	10346.666667
-1.211102	 	10353.333333
-1.287158	 	10360.000000
-1.341618	 	10366.666667
-1.219866	 	10373.333333
-1.188567	 	10380.000000
-1.306251	 	10386.666667
-1.244905	 	10393.333333
-1.327847	 	10400.000000
-1.302182	 	10406.666667
-1.320335	 	10413.333333
-1.222996	 	10420.000000
-1.149756	 	10426.666667
-1.155390	 	10433.333333
-1.178238	 	10440.000000
-1.256798	 	10446.666667
-1.249913	 	10453.333333
-1.259928	 	10460.000000
-1.273074	 	10466.666667
-1.172291	 	10473.333333
-1.107503	 	10480.000000
-1.021118	 	10486.666667
-1.112823	 	10493.333333
-1.094670	 	10500.000000
-0.945374	 	10506.666667
-0.981681	 	10513.333333
-0.995140	 	10520.000000
-0.977612	 	10526.666667
-1.071196	 	10533.333333
-1.021118	 	10540.000000
-1.023309	 	10546.666667
-0.891540	 	10553.333333
-1.036141	 	10560.000000
-0.974795	 	10566.666667
-0.817988	 	10573.333333
-0.883715	 	10580.000000
-0.926908	 	10586.666667
-0.946000	 	10593.333333
-0.844592	 	10600.000000
-0.874952	 	10606.666667
-0.871196	 	10613.333333
-0.928160	 	10620.000000
-0.830507	 	10626.666667
-0.872761	 	10633.333333
-0.941618	 	10640.000000
-0.846783	 	10646.666667
-0.851165	 	10653.333333
-0.882150	 	10660.000000
-0.890288	 	10666.666667
-0.957268	 	10673.333333
-0.966658	 	10680.000000
-0.965719	 	10686.666667
-1.069944	 	10693.333333
-1.032072	 	10700.000000
-1.015484	 	10706.666667
-1.059615	 	10713.333333
-1.106251	 	10720.000000
-1.043340	 	10726.666667
-1.237393	 	10733.333333
-1.114388	 	10740.000000
-1.235515	 	10746.666667
-1.150695	 	10753.333333
-1.209537	 	10760.000000
-1.291227	 	10766.666667
-1.154764	 	10773.333333
-1.161337	 	10780.000000
-1.207659	 	10786.666667
-1.272761	 	10793.333333
-1.170413	 	10800.000000
-1.255546	 	10806.666667
-1.349756	 	10813.333333
-1.300930	 	10820.000000
-1.418927	 	10826.666667
-1.329099	 	10833.333333
-1.334733	 	10840.000000
-1.262745	 	10846.666667
-1.394201	 	10853.333333
-1.296235	 	10860.000000
-1.266188	 	10866.666667
-1.261493	 	10873.333333
-1.226751	 	10880.000000
-1.196078	 	10886.666667
-1.219866	 	10893.333333
-1.204216	 	10900.000000
-1.094670	 	10906.666667
-0.994201	 	10913.333333
-1.062119	 	10920.000000
-1.131290	 	10926.666667
-1.105625	 	10933.333333
-1.018927	 	10940.000000
-1.094044	 	10946.666667
-0.942244	 	10953.333333
-1.016423	 	10960.000000
-0.929412	 	10966.666667
-1.104686	 	10973.333333
-1.056798	 	10980.000000
-1.138801	 	10986.666667
-1.071509	 	10993.333333
-1.204216	 	11000.000000
-1.105625	 	11006.666667
-1.248661	 	11013.333333
-1.130977	 	11020.000000
-1.288097	 	11026.666667
-1.148191	 	11033.333333
-1.158833	 	11040.000000
-1.214545	 	11046.666667
-1.201086	 	11053.333333
-1.227377	 	11060.000000
-1.334733	 	11066.666667
-1.288097	 	11073.333333
-1.294044	 	11080.000000
-1.115640	 	11086.666667
-1.318144	 	11093.333333
-0.995765	 	11100.000000
-1.279960	 	11106.666667
-1.107190	 	11113.333333
-1.167596	 	11120.000000
-1.139740	 	11126.666667
-1.160398	 	11133.333333
-1.209850	 	11140.000000
-1.226438	 	11146.666667
-1.209537	 	11153.333333
-1.310632	 	11160.000000
-1.233950	 	11166.666667
-1.365719	 	11173.333333
-1.197643	 	11180.000000
-1.320335	 	11186.666667
-1.306251	 	11193.333333
-1.353512	 	11200.000000
-1.376673	 	11206.666667
-1.516579	 	11213.333333
-1.510006	 	11220.000000
-1.478708	 	11226.666667
-1.466814	 	11233.333333
-1.580116	 	11240.000000
-1.456485	 	11246.666667
-1.579490	 	11253.333333
-1.465875	 	11260.000000
-1.496548	 	11266.666667
-1.547878	 	11273.333333
-1.562589	 	11280.000000
-1.519396	 	11286.666667
-1.484654	 	11293.333333
-1.551008	 	11300.000000
-1.558833	 	11306.666667
-1.433950	 	11313.333333
-1.510006	 	11320.000000
-1.406407	 	11326.666667
-1.362902	 	11333.333333
-1.269631	 	11340.000000
-1.333168	 	11346.666667
-1.414545	 	11353.333333
-1.279021	 	11360.000000
-1.185124	 	11366.666667
-1.276204	 	11373.333333
-1.401086	 	11380.000000
-1.352260	 	11386.666667
-1.319709	 	11393.333333
-1.320335	 	11400.000000
-1.374795	 	11406.666667
-1.269005	 	11413.333333
-1.479334	 	11420.000000
-1.495609	 	11426.666667
-1.517205	 	11433.333333
-1.311571	 	11440.000000
-1.416110	 	11446.666667
-1.463997	 	11453.333333
-1.397017	 	11460.000000
-1.428629	 	11466.666667
-1.444592	 	11473.333333
-1.475578	 	11480.000000
-1.430507	 	11486.666667
-1.474952	 	11493.333333
-1.538801	 	11500.000000
-1.459302	 	11506.666667
-1.564154	 	11513.333333
-1.324404	 	11520.000000
-1.434576	 	11526.666667
-1.382620	 	11533.333333
-1.281524	 	11540.000000
-1.302182	 	11546.666667
-1.287784	 	11553.333333
-1.210476	 	11560.000000
-1.357581	 	11566.666667
-1.159772	 	11573.333333
-1.157268	 	11580.000000
-1.151008	 	11586.666667
-1.099991	 	11593.333333
-1.130038	 	11600.000000
-1.086845	 	11606.666667
-1.238645	 	11613.333333
-1.098739	 	11620.000000
-1.131916	 	11626.666667
-1.184811	 	11633.333333
-0.992949	 	11640.000000
-0.934420	 	11646.666667
-1.038645	 	11653.333333
-0.950382	 	11660.000000
-1.131603	 	11666.666667
-1.061493	 	11673.333333
-1.088097	 	11680.000000
-1.167909	 	11686.666667
-1.043653	 	11693.333333
-1.250539	 	11700.000000
-1.044905	 	11706.666667
-1.066814	 	11713.333333
-1.146626	 	11720.000000
-1.135046	 	11726.666667
-1.257424	 	11733.333333
-1.178238	 	11740.000000
-1.248035	 	11746.666667
-1.255546	 	11753.333333
-1.223935	 	11760.000000
-1.253668	 	11766.666667
-1.202651	 	11773.333333
-1.131916	 	11780.000000
-1.145687	 	11786.666667
-1.076830	 	11793.333333
-1.208285	 	11800.000000
-1.126595	 	11806.666667
-1.159772	 	11813.333333
-1.192323	 	11820.000000
-1.220492	 	11826.666667
-1.159459	 	11833.333333
-1.154451	 	11840.000000
-1.202964	 	11846.666667
-1.182620	 	11853.333333
-1.275891	 	11860.000000
-1.225499	 	11866.666667
-1.364154	 	11873.333333
-1.268379	 	11880.000000
-1.274952	 	11886.666667
-1.249913	 	11893.333333
-1.339427	 	11900.000000
-1.243966	 	11906.666667
-1.193888	 	11913.333333
-1.326282	 	11920.000000
-1.255546	 	11926.666667
-1.251478	 	11933.333333
-1.187941	 	11940.000000
-1.263684	 	11946.666667
-1.206094	 	11953.333333
-1.189193	 	11960.000000
-1.159772	 	11966.666667
-1.144435	 	11973.333333
-1.189819	 	11980.000000
-1.156329	 	11986.666667
-1.054920	 	11993.333333
-1.243966	 	12000.000000
-1.123152	 	12006.666667
-1.248974	 	12013.333333
-1.223309	 	12020.000000
-1.223622	 	12026.666667
-1.149443	 	12033.333333
-1.238332	 	12040.000000
-1.140992	 	12046.666667
-1.287158	 	12053.333333
-1.320022	 	12060.000000
-1.254607	 	12066.666667
-1.327534	 	12073.333333
-1.356016	 	12080.000000
-1.277456	 	12086.666667
-1.298739	 	12093.333333
-1.280899	 	12100.000000
-1.448035	 	12106.666667
-1.304686	 	12113.333333
-1.278708	 	12120.000000
-1.343183	 	12126.666667
-1.167909	 	12133.333333
-1.294044	 	12140.000000
-1.254920	 	12146.666667
-1.247096	 	12153.333333
-1.490601	 	12160.000000
-1.292792	 	12166.666667
-1.481837	 	12173.333333
-1.356642	 	12180.000000
-1.428316	 	12186.666667
-1.325030	 	12193.333333
-1.434576	 	12200.000000
-1.407659	 	12206.666667
-1.302182	 	12213.333333
-1.319396	 	12220.000000
-1.397643	 	12226.666667
-1.351634	 	12233.333333
-1.460554	 	12240.000000
-1.399208	 	12246.666667
-1.515014	 	12253.333333
-1.427377	 	12260.000000
-1.476830	 	12266.666667
-1.393888	 	12273.333333
-1.440210	 	12280.000000
-1.473387	 	12286.666667
-1.583559	 	12293.333333
-1.601086	 	12300.000000
-1.504999	 	12306.666667
-1.439897	 	12313.333333
-1.479021	 	12320.000000
-1.561963	 	12326.666667
-1.541305	 	12333.333333
-1.557894	 	12340.000000
-1.551634	 	12346.666667
-1.595140	 	12353.333333
-1.692792	 	12360.000000
-1.606407	 	12366.666667
-1.568222	 	12373.333333
-1.663058	 	12380.000000
-1.537237	 	12386.666667
-1.523465	 	12393.333333
-1.638645	 	12400.000000
-1.590445	 	12406.666667
-1.492166	 	12413.333333
-1.539427	 	12420.000000
-1.571039	 	12426.666667
-1.523465	 	12433.333333
-1.684341	 	12440.000000
-1.681524	 	12446.666667
-1.667127	 	12453.333333
-1.665562	 	12460.000000
-1.637080	 	12466.666667
-1.803590	 	12473.333333
-1.825186	 	12480.000000
-1.797956	 	12486.666667
-1.902808	 	12493.333333
-1.799834	 	12500.000000
-1.796391	 	12506.666667
-1.785124	 	12513.333333
-1.806720	 	12520.000000
-1.719083	 	12526.666667
-1.733794	 	12533.333333
-1.707190	 	12540.000000
-1.743496	 	12546.666667
-1.725969	 	12553.333333
-1.810476	 	12560.000000
-1.824560	 	12566.666667
-1.813919	 	12573.333333
-1.753825	 	12580.000000
-1.797017	 	12586.666667
-1.749443	 	12593.333333
-1.760711	 	12600.000000
-1.851791	 	12606.666667
-1.818927	 	12613.333333
-1.977299	 	12620.000000
-2.009850	 	12626.666667
-1.980429	 	12633.333333
-1.909068	 	12640.000000
-1.922839	 	12646.666667
-1.862432	 	12653.333333
-1.922526	 	12660.000000
-1.903434	 	12666.666667
-1.909068	 	12673.333333
-1.831759	 	12680.000000
-1.858050	 	12686.666667
-1.925030	 	12693.333333
-1.923152	 	12700.000000
-1.921274	 	12706.666667
-1.949130	 	12713.333333
-1.865249	 	12720.000000
-1.918144	 	12726.666667
-1.807972	 	12733.333333
-1.814858	 	12740.000000
-1.899678	 	12746.666667
-1.843340	 	12753.333333
-1.933168	 	12760.000000
-1.809850	 	12766.666667
-1.878708	 	12773.333333
-1.903747	 	12780.000000
-1.945687	 	12786.666667
-1.738488	 	12793.333333
-1.915327	 	12800.000000
-1.915327	 	12806.666667
-1.991384	 	12813.333333
-1.893731	 	12820.000000
-2.013606	 	12826.666667
-2.040836	 	12833.333333
-1.910319	 	12840.000000
-1.936298	 	12846.666667
-1.970100	 	12853.333333
-1.913136	 	12860.000000
-2.019240	 	12866.666667
-1.932229	 	12873.333333
-2.025812	 	12880.000000
-1.992949	 	12886.666667
-1.989193	 	12893.333333
-2.020492	 	12900.000000
-2.029255	 	12906.666667
-1.898739	 	12913.333333
-1.951947	 	12920.000000
-1.955703	 	12926.666667
-1.951008	 	12933.333333
-1.812354	 	12940.000000
-1.943183	 	12946.666667
-1.984185	 	12953.333333
-1.920022	 	12960.000000
-2.001712	 	12966.666667
-1.925656	 	12973.333333
-1.921900	 	12980.000000
-1.872448	 	12986.666667
-2.062745	 	12993.333333
-1.961650	 	13000.000000
-2.022370	 	13006.666667
-2.000460	 	13013.333333
-2.023935	 	13020.000000
-1.965093	 	13026.666667
-1.967283	 	13033.333333
-1.961963	 	13040.000000
-2.038019	 	13046.666667
-1.973230	 	13053.333333
-1.938488	 	13060.000000
-1.993262	 	13066.666667
-1.977612	 	13073.333333
-1.935046	 	13080.000000
-1.924404	 	13086.666667
-1.951947	 	13093.333333
-1.901243	 	13100.000000
-1.825812	 	13106.666667
-1.956329	 	13113.333333
-2.031446	 	13120.000000
-1.884341	 	13126.666667
-2.068692	 	13133.333333
-2.032698	 	13140.000000
-1.998582	 	13146.666667
-1.973230	 	13153.333333
-2.158520	 	13160.000000
-2.127221	 	13166.666667
-2.106251	 	13173.333333
-2.110006	 	13180.000000
-2.038958	 	13186.666667
-2.022996	 	13193.333333
-1.942244	 	13200.000000
-1.974795	 	13206.666667
-2.013293	 	13213.333333
-1.838332	 	13220.000000
-1.953512	 	13226.666667
-1.826751	 	13233.333333
-1.870257	 	13240.000000
-1.910006	 	13246.666667
-1.747565	 	13253.333333
-1.933481	 	13260.000000
-1.920648	 	13266.666667
-1.862119	 	13273.333333
-1.889349	 	13280.000000
-1.922839	 	13286.666667
-1.877769	 	13293.333333
-1.788880	 	13300.000000
-1.874639	 	13306.666667
-1.937550	 	13313.333333
-1.924717	 	13320.000000
-1.947252	 	13326.666667
