#peak 	 	#time 
2.702562	 	0.000000
3.160068	 	6.666667
3.462164	 	13.333333
3.606310	 	20.000000
3.877874	 	26.666667
4.104905	 	33.333333
4.366583	 	40.000000
4.432732	 	46.666667
4.481544	 	53.333333
4.472666	 	60.000000
4.477833	 	66.666667
4.498359	 	73.333333
4.422850	 	80.000000
4.401675	 	86.666667
4.414770	 	93.333333
4.357930	 	100.000000
4.390529	 	106.666667
4.232825	 	113.333333
4.441797	 	120.000000
4.427587	 	126.666667
4.479691	 	133.333333
4.433717	 	140.000000
4.274898	 	146.666667
4.322265	 	153.333333
4.274062	 	160.000000
4.498359	 	166.666667
4.359044	 	173.333333
4.447648	 	180.000000
4.438454	 	186.666667
4.422015	 	193.333333
4.343162	 	200.000000
4.327838	 	206.666667
4.332853	 	213.333333
4.404182	 	220.000000
4.280471	 	226.666667
4.416999	 	233.333333
4.257902	 	240.000000
4.240627	 	246.666667
4.103263	 	253.333333
4.245085	 	260.000000
4.213879	 	266.666667
4.161496	 	273.333333
4.136420	 	280.000000
4.194932	 	286.666667
4.114687	 	293.333333
4.116358	 	300.000000
4.063976	 	306.666667
4.141156	 	313.333333
4.128897	 	320.000000
4.074285	 	326.666667
4.157317	 	333.333333
4.101034	 	340.000000
4.063419	 	346.666667
4.001285	 	353.333333
4.067877	 	360.000000
4.072056	 	366.666667
3.991811	 	373.333333
4.063419	 	380.000000
3.939150	 	386.666667
4.059797	 	393.333333
4.016888	 	400.000000
4.051716	 	406.666667
4.174035	 	413.333333
4.039457	 	420.000000
4.179050	 	426.666667
4.074843	 	433.333333
4.277963	 	440.000000
4.168462	 	446.666667
4.118309	 	453.333333
4.097133	 	460.000000
4.127504	 	466.666667
4.249822	 	473.333333
4.105492	 	480.000000
4.080972	 	486.666667
4.279635	 	493.333333
4.185737	 	500.000000
4.313071	 	506.666667
4.082923	 	513.333333
4.275456	 	520.000000
4.177100	 	526.666667
4.286879	 	533.333333
4.208027	 	540.000000
4.246757	 	546.666667
4.251494	 	553.333333
4.311956	 	560.000000
4.264310	 	566.666667
4.314742	 	573.333333
4.296353	 	580.000000
4.275734	 	586.666667
4.212764	 	593.333333
4.267375	 	600.000000
4.201340	 	606.666667
4.182672	 	613.333333
4.228367	 	620.000000
4.193817	 	626.666667
4.263753	 	633.333333
4.079022	 	640.000000
4.195210	 	646.666667
4.153695	 	653.333333
4.199947	 	660.000000
4.175985	 	666.666667
4.059518	 	673.333333
4.069270	 	680.000000
4.029705	 	686.666667
4.153416	 	693.333333
4.143385	 	700.000000
4.055060	 	706.666667
4.034163	 	713.333333
4.045308	 	720.000000
4.043636	 	726.666667
4.036113	 	733.333333
3.964784	 	740.000000
4.007414	 	746.666667
4.018002	 	753.333333
4.103820	 	760.000000
4.049209	 	766.666667
3.987074	 	773.333333
4.199390	 	780.000000
4.162332	 	786.666667
4.273505	 	793.333333
4.150072	 	800.000000
4.175149	 	806.666667
4.131683	 	813.333333
4.190752	 	820.000000
4.156202	 	826.666667
4.151744	 	833.333333
4.154809	 	840.000000
4.124717	 	846.666667
4.079301	 	853.333333
4.172363	 	860.000000
4.052552	 	866.666667
4.093511	 	873.333333
4.070106	 	880.000000
4.063697	 	886.666667
4.048094	 	893.333333
4.005743	 	900.000000
4.167348	 	906.666667
4.118866	 	913.333333
4.024689	 	920.000000
3.956147	 	926.666667
4.046980	 	933.333333
4.051159	 	940.000000
3.988189	 	946.666667
4.060354	 	953.333333
3.992647	 	960.000000
3.930791	 	966.666667
3.962276	 	973.333333
4.048094	 	980.000000
4.016609	 	986.666667
4.028033	 	993.333333
4.061190	 	1000.000000
3.986239	 	1006.666667
3.967013	 	1013.333333
4.103820	 	1020.000000
3.873672	 	1026.666667
4.018838	 	1033.333333
3.966735	 	1040.000000
4.047816	 	1046.666667
3.989025	 	1053.333333
4.040571	 	1060.000000
3.911566	 	1066.666667
3.970357	 	1073.333333
3.948902	 	1080.000000
4.025525	 	1086.666667
3.967292	 	1093.333333
4.019117	 	1100.000000
3.856676	 	1106.666667
3.944444	 	1113.333333
4.044193	 	1120.000000
3.967013	 	1126.666667
3.900421	 	1133.333333
3.887325	 	1140.000000
3.881753	 	1146.666667
3.894291	 	1153.333333
3.801786	 	1160.000000
3.878409	 	1166.666667
3.774202	 	1173.333333
3.832714	 	1180.000000
3.895127	 	1186.666667
3.930513	 	1193.333333
3.862806	 	1200.000000
3.767515	 	1206.666667
3.904600	 	1213.333333
3.846367	 	1220.000000
3.751633	 	1226.666667
3.834107	 	1233.333333
3.714297	 	1240.000000
3.902093	 	1246.666667
3.845809	 	1253.333333
3.776988	 	1260.000000
3.712067	 	1266.666667
3.830485	 	1273.333333
3.839680	 	1280.000000
3.975093	 	1286.666667
3.811538	 	1293.333333
3.795099	 	1300.000000
3.762778	 	1306.666667
3.894291	 	1313.333333
3.941101	 	1320.000000
3.984845	 	1326.666667
3.930234	 	1333.333333
3.925497	 	1340.000000
3.839680	 	1346.666667
3.986517	 	1353.333333
3.905993	 	1360.000000
4.011315	 	1366.666667
3.946395	 	1373.333333
3.921039	 	1380.000000
3.947788	 	1386.666667
3.950017	 	1393.333333
3.694514	 	1400.000000
3.921875	 	1406.666667
3.886768	 	1413.333333
4.057568	 	1420.000000
3.872001	 	1426.666667
4.006300	 	1433.333333
3.989303	 	1440.000000
4.093232	 	1446.666667
4.090446	 	1453.333333
4.086545	 	1460.000000
4.144500	 	1466.666667
4.059797	 	1473.333333
4.072335	 	1480.000000
4.172641	 	1486.666667
3.895963	 	1493.333333
4.027754	 	1500.000000
4.010201	 	1506.666667
4.099083	 	1513.333333
3.865314	 	1520.000000
3.937478	 	1526.666667
3.931070	 	1533.333333
3.940265	 	1540.000000
3.903486	 	1546.666667
3.932463	 	1553.333333
3.877573	 	1560.000000
3.856676	 	1566.666667
3.775874	 	1573.333333
3.886768	 	1580.000000
3.817668	 	1586.666667
3.884260	 	1593.333333
3.875066	 	1600.000000
3.751911	 	1606.666667
3.809588	 	1613.333333
3.776988	 	1620.000000
3.714297	 	1626.666667
3.763335	 	1633.333333
3.778938	 	1640.000000
3.780053	 	1646.666667
3.814046	 	1653.333333
3.843302	 	1660.000000
3.806801	 	1666.666667
3.888718	 	1673.333333
3.907387	 	1680.000000
3.873672	 	1686.666667
3.878130	 	1693.333333
3.818225	 	1700.000000
3.717361	 	1706.666667
3.833828	 	1713.333333
3.799557	 	1720.000000
3.830206	 	1726.666667
3.823798	 	1733.333333
3.782003	 	1740.000000
3.881474	 	1746.666667
3.840794	 	1753.333333
3.862527	 	1760.000000
3.918532	 	1766.666667
3.929677	 	1773.333333
3.942215	 	1780.000000
3.892619	 	1786.666667
3.907665	 	1793.333333
3.890390	 	1800.000000
3.877295	 	1806.666667
3.983731	 	1813.333333
3.987632	 	1820.000000
4.050881	 	1826.666667
4.040571	 	1833.333333
3.928284	 	1840.000000
4.001006	 	1846.666667
3.996269	 	1853.333333
4.095740	 	1860.000000
4.085988	 	1866.666667
4.089610	 	1873.333333
4.177657	 	1880.000000
4.112458	 	1886.666667
4.040293	 	1893.333333
4.002678	 	1900.000000
4.002678	 	1906.666667
3.850268	 	1913.333333
3.980945	 	1920.000000
3.884539	 	1926.666667
3.897077	 	1933.333333
3.908222	 	1940.000000
3.899306	 	1946.666667
3.993483	 	1953.333333
3.995991	 	1960.000000
3.912402	 	1966.666667
3.897077	 	1973.333333
3.914074	 	1980.000000
3.985960	 	1986.666667
3.946116	 	1993.333333
3.950574	 	2000.000000
3.880359	 	2006.666667
3.842187	 	2013.333333
3.825191	 	2020.000000
3.685876	 	2026.666667
3.769744	 	2033.333333
3.870886	 	2040.000000
3.686712	 	2046.666667
3.783118	 	2053.333333
3.767793	 	2060.000000
3.652998	 	2066.666667
3.759434	 	2073.333333
3.779217	 	2080.000000
3.806523	 	2086.666667
3.741045	 	2093.333333
3.705659	 	2100.000000
3.844974	 	2106.666667
3.857512	 	2113.333333
3.664143	 	2120.000000
3.769744	 	2126.666667
3.605910	 	2133.333333
3.759713	 	2140.000000
3.618448	 	2146.666667
3.744388	 	2153.333333
3.774759	 	2160.000000
3.833550	 	2166.666667
3.654670	 	2173.333333
3.619284	 	2180.000000
3.704823	 	2186.666667
3.636838	 	2193.333333
3.737144	 	2200.000000
3.781168	 	2206.666667
3.681140	 	2213.333333
3.766400	 	2220.000000
3.632101	 	2226.666667
3.843859	 	2233.333333
3.754419	 	2240.000000
3.699529	 	2246.666667
3.674731	 	2253.333333
3.779774	 	2260.000000
3.737701	 	2266.666667
3.815439	 	2273.333333
3.757763	 	2280.000000
3.843302	 	2286.666667
3.746896	 	2293.333333
3.732965	 	2300.000000
3.793984	 	2306.666667
3.862806	 	2313.333333
3.902928	 	2320.000000
3.864756	 	2326.666667
3.840516	 	2333.333333
3.910730	 	2340.000000
3.885096	 	2346.666667
3.919368	 	2353.333333
3.796492	 	2360.000000
3.824076	 	2366.666667
3.809309	 	2373.333333
3.863642	 	2380.000000
3.863920	 	2386.666667
3.844416	 	2393.333333
3.785904	 	2400.000000
3.844416	 	2406.666667
3.865314	 	2413.333333
3.744667	 	2420.000000
3.769186	 	2426.666667
3.694235	 	2433.333333
3.739652	 	2440.000000
3.677239	 	2446.666667
3.798721	 	2453.333333
3.710953	 	2460.000000
3.635723	 	2466.666667
3.692842	 	2473.333333
3.746060	 	2480.000000
3.666930	 	2486.666667
3.644639	 	2493.333333
3.615383	 	2500.000000
3.754140	 	2506.666667
3.725720	 	2513.333333
3.721262	 	2520.000000
3.570803	 	2526.666667
3.628479	 	2533.333333
3.802901	 	2540.000000
3.810424	 	2546.666667
3.848317	 	2553.333333
3.748011	 	2560.000000
3.620398	 	2566.666667
3.736587	 	2573.333333
3.742159	 	2580.000000
3.773645	 	2586.666667
3.770301	 	2593.333333
3.716526	 	2600.000000
3.838008	 	2606.666667
3.826584	 	2613.333333
3.814603	 	2620.000000
3.840794	 	2626.666667
3.773923	 	2633.333333
3.893455	 	2640.000000
3.768072	 	2646.666667
3.774759	 	2653.333333
3.756648	 	2660.000000
3.825748	 	2666.666667
3.740766	 	2673.333333
3.865871	 	2680.000000
3.846645	 	2686.666667
3.754976	 	2693.333333
3.604238	 	2700.000000
3.739373	 	2706.666667
3.751076	 	2713.333333
3.791198	 	2720.000000
3.823241	 	2726.666667
3.768351	 	2733.333333
3.697300	 	2740.000000
3.722377	 	2746.666667
3.666930	 	2753.333333
3.641017	 	2760.000000
3.688105	 	2766.666667
3.604517	 	2773.333333
3.581948	 	2780.000000
3.656620	 	2786.666667
3.584177	 	2793.333333
3.644918	 	2800.000000
3.681140	 	2806.666667
3.749682	 	2813.333333
3.720984	 	2820.000000
3.772251	 	2826.666667
3.838844	 	2833.333333
3.829649	 	2840.000000
3.874508	 	2846.666667
3.799836	 	2853.333333
3.846367	 	2860.000000
3.805130	 	2866.666667
3.822962	 	2873.333333
3.832714	 	2880.000000
3.859462	 	2886.666667
3.793984	 	2893.333333
3.774480	 	2900.000000
3.763614	 	2906.666667
3.825470	 	2913.333333
3.715411	 	2920.000000
3.775874	 	2926.666667
3.711510	 	2933.333333
3.852218	 	2940.000000
3.792313	 	2946.666667
3.715690	 	2953.333333
3.694514	 	2960.000000
3.699529	 	2966.666667
3.738816	 	2973.333333
3.751354	 	2980.000000
3.768072	 	2986.666667
3.897356	 	2993.333333
3.799000	 	3000.000000
3.796771	 	3006.666667
3.833550	 	3013.333333
3.846924	 	3020.000000
3.869772	 	3026.666667
3.867264	 	3033.333333
3.910451	 	3040.000000
4.048930	 	3046.666667
3.990975	 	3053.333333
3.939707	 	3060.000000
3.912680	 	3066.666667
4.004349	 	3073.333333
3.875623	 	3080.000000
4.132797	 	3086.666667
4.759156	 	3093.333333
6.147843	 	3100.000000
8.405575	 	3106.666667
12.432045	 	3113.333333
18.649097	 	3120.000000
26.955311	 	3126.666667
40.970635	 	3133.333333
74.921318	 	3140.000000
144.095183	 	3146.666667
241.051438	 	3153.333333
350.812095	 	3160.000000
467.214993	 	3166.666667
591.648540	 	3173.333333
727.366567	 	3180.000000
873.463809	 	3186.666667
1027.885653	 	3193.333333
1191.379106	 	3200.000000
1362.093789	 	3206.666667
1538.035835	 	3213.333333
1716.509504	 	3220.000000
1895.615940	 	3226.666667
2074.064255	 	3233.333333
2251.068434	 	3240.000000
2423.809588	 	3246.666667
2591.214436	 	3253.333333
2748.573032	 	3260.000000
2899.519535	 	3266.666667
3041.288273	 	3273.333333
3174.853054	 	3280.000000
3296.988189	 	3286.666667
3407.877852	 	3293.333333
3505.974258	 	3300.000000
3594.296910	 	3306.666667
3673.308055	 	3313.333333
3741.514241	 	3320.000000
3797.400281	 	3326.666667
3842.083480	 	3333.333333
3875.811538	 	3340.000000
3901.966735	 	3346.666667
3919.414492	 	3353.333333
3928.812653	 	3360.000000
3930.342605	 	3366.666667
3925.693121	 	3373.333333
3914.497802	 	3380.000000
3898.186016	 	3386.666667
3877.363224	 	3393.333333
3852.277406	 	3400.000000
3824.559657	 	3406.666667
3793.795378	 	3413.333333
3760.234497	 	3420.000000
3722.301925	 	3426.666667
3682.741881	 	3433.333333
3641.359880	 	3440.000000
3599.100198	 	3446.666667
3555.804851	 	3453.333333
3512.177378	 	3460.000000
3466.452106	 	3466.666667
3420.210256	 	3473.333333
3373.314464	 	3480.000000
3326.891505	 	3486.666667
3279.956982	 	3493.333333
3232.995991	 	3500.000000
3186.136141	 	3506.666667
3139.770022	 	3513.333333
3093.018281	 	3520.000000
3046.487771	 	3526.666667
2999.905436	 	3533.333333
2954.335361	 	3540.000000
2909.754976	 	3546.666667
2865.904879	 	3553.333333
2821.732407	 	3560.000000
2777.904043	 	3566.666667
2734.614269	 	3573.333333
2692.735194	 	3580.000000
2651.555757	 	3586.666667
2610.963670	 	3593.333333
2570.739652	 	3600.000000
2530.648540	 	3606.666667
2491.727392	 	3613.333333
2453.705938	 	3620.000000
2416.082644	 	3626.666667
2378.863920	 	3633.333333
2342.119981	 	3640.000000
2305.912680	 	3646.666667
2270.739095	 	3653.333333
2236.530959	 	3660.000000
2202.524550	 	3666.666667
2168.148122	 	3673.333333
2135.407526	 	3680.000000
2102.697300	 	3686.666667
2071.873394	 	3693.333333
2040.860855	 	3700.000000
2010.861691	 	3706.666667
1980.776709	 	3713.333333
1951.855840	 	3720.000000
1922.844138	 	3726.666667
1894.100198	 	3733.333333
1866.009922	 	3740.000000
1838.860298	 	3746.666667
1812.631822	 	3753.333333
1786.379106	 	3760.000000
1760.340933	 	3766.666667
1734.839401	 	3773.333333
1709.715690	 	3780.000000
1685.318086	 	3786.666667
1661.532630	 	3793.333333
1638.041686	 	3800.000000
1615.169577	 	3806.666667
1592.339819	 	3813.333333
1570.004349	 	3820.000000
1547.634609	 	3826.666667
1526.120816	 	3833.333333
1504.905436	 	3840.000000
1484.132797	 	3846.666667
1463.970357	 	3853.333333
1443.713461	 	3860.000000
1423.613154	 	3866.666667
1403.871722	 	3873.333333
1384.680861	 	3880.000000
1366.324773	 	3886.666667
1347.908780	 	3893.333333
1329.799000	 	3900.000000
1311.692842	 	3906.666667
1294.055896	 	3913.333333
1276.212207	 	3920.000000
1259.241741	 	3926.666667
1242.471332	 	3933.333333
1226.038621	 	3940.000000
1209.792313	 	3946.666667
1193.670273	 	3953.333333
1177.592814	 	3960.000000
1161.694514	 	3966.666667
1146.060354	 	3973.333333
1130.848317	 	3980.000000
1115.958376	 	3986.666667
1101.474675	 	3993.333333
1086.557986	 	4000.000000
1072.128339	 	4006.666667
1057.915467	 	4013.333333
1043.929955	 	4020.000000
1030.068713	 	4026.666667
1016.466317	 	4033.333333
1003.072056	 	4040.000000
989.694514	 	4046.666667
976.494179	 	4053.333333
963.835222	 	4060.000000
951.268769	 	4066.666667
938.757205	 	4073.333333
926.632658	 	4080.000000
914.750518	 	4086.666667
902.991811	 	4093.333333
891.129175	 	4100.000000
879.464645	 	4106.666667
868.085152	 	4113.333333
856.898192	 	4120.000000
845.889276	 	4126.666667
835.163168	 	4133.333333
824.415327	 	4140.000000
814.000170	 	4146.666667
803.701758	 	4153.333333
793.658571	 	4160.000000
783.683926	 	4166.666667
773.873115	 	4173.333333
764.247314	 	4180.000000
754.688384	 	4186.666667
745.374648	 	4193.333333
736.023296	 	4200.000000
726.790084	 	4206.666667
717.894291	 	4213.333333
709.190474	 	4220.000000
700.563001	 	4226.666667
692.098247	 	4233.333333
683.762778	 	4240.000000
675.477740	 	4246.666667
667.310563	 	4253.333333
659.287715	 	4260.000000
651.321987	 	4266.666667
643.419786	 	4273.333333
635.600616	 	4280.000000
627.788969	 	4286.666667
620.230039	 	4293.333333
612.851939	 	4300.000000
605.298025	 	4306.666667
598.008529	 	4313.333333
590.917139	 	4320.000000
583.818504	 	4326.666667
576.708724	 	4333.333333
569.678353	 	4340.000000
562.647147	 	4346.666667
555.807359	 	4353.333333
549.213043	 	4360.000000
542.623463	 	4366.666667
535.855840	 	4373.333333
529.215829	 	4380.000000
522.638509	 	4386.666667
516.219451	 	4393.333333
509.887604	 	4400.000000
503.663865	 	4406.666667
497.461859	 	4413.333333
491.450156	 	4420.000000
485.438732	 	4426.666667
479.385793	 	4433.333333
473.553806	 	4440.000000
467.726835	 	4446.666667
462.009922	 	4453.333333
456.483870	 	4460.000000
451.061190	 	4466.666667
445.552970	 	4473.333333
439.895127	 	4480.000000
434.405297	 	4486.666667
429.073171	 	4493.333333
423.958097	 	4500.000000
418.768908	 	4506.666667
414.208306	 	4513.333333
407.893455	 	4520.000000
404.335361	 	4526.666667
398.711789	 	4533.333333
394.469939	 	4540.000000
389.291337	 	4546.666667
385.367960	 	4553.333333
380.776709	 	4560.000000
376.607860	 	4566.666667
371.560772	 	4573.333333
367.749961	 	4580.000000
363.143943	 	4586.666667
358.824634	 	4593.333333
354.481641	 	4600.000000
350.681418	 	4606.666667
346.670273	 	4613.333333
342.316693	 	4620.000000
338.630429	 	4626.666667
333.411427	 	4633.333333
333.924383	 	4640.000000
324.348178	 	4646.666667
323.915745	 	4653.333333
319.965620	 	4660.000000
317.211371	 	4666.666667
312.373812	 	4673.333333
308.080972	 	4680.000000
306.402789	 	4686.666667
302.261246	 	4693.333333
298.632937	 	4700.000000
294.723213	 	4706.666667
292.697857	 	4713.333333
289.580276	 	4720.000000
284.016331	 	4726.666667
283.029705	 	4733.333333
277.680304	 	4740.000000
278.014101	 	4746.666667
271.790362	 	4753.333333
269.208863	 	4760.000000
266.525943	 	4766.666667
263.582784	 	4773.333333
260.888997	 	4780.000000
256.904600	 	4786.666667
254.815160	 	4793.333333
252.634330	 	4800.000000
249.160939	 	4806.666667
245.991811	 	4813.333333
242.686991	 	4820.000000
241.252329	 	4826.666667
237.625135	 	4833.333333
234.369632	 	4840.000000
233.546840	 	4846.666667
229.987910	 	4853.333333
226.389415	 	4860.000000
224.154531	 	4866.666667
223.033327	 	4873.333333
218.867264	 	4880.000000
217.089331	 	4886.666667
214.410033	 	4893.333333
212.018838	 	4900.000000
210.497802	 	4906.666667
206.601452	 	4913.333333
206.009922	 	4920.000000
202.773366	 	4926.666667
200.024411	 	4933.333333
198.589749	 	4940.000000
195.412541	 	4946.666667
194.453221	 	4953.333333
191.920761	 	4960.000000
189.505882	 	4966.666667
187.228646	 	4973.333333
185.946673	 	4980.000000
183.471332	 	4986.666667
181.815160	 	4993.333333
180.102427	 	5000.000000
177.331739	 	5006.666667
175.603681	 	5013.333333
173.928562	 	5020.000000
171.954753	 	5026.666667
170.954753	 	5033.333333
167.837451	 	5040.000000
166.676682	 	5046.666667
164.912680	 	5053.333333
163.628479	 	5060.000000
161.192703	 	5066.666667
159.465202	 	5073.333333
158.239512	 	5080.000000
156.396659	 	5086.666667
155.353472	 	5093.333333
153.047258	 	5100.000000
151.546840	 	5106.666667
150.183508	 	5113.333333
148.252887	 	5120.000000
147.187409	 	5126.666667
145.656342	 	5133.333333
144.186294	 	5140.000000
142.458515	 	5146.666667
140.834107	 	5153.333333
139.379942	 	5160.000000
138.215550	 	5166.666667
136.509783	 	5173.333333
135.076793	 	5180.000000
134.274898	 	5186.666667
132.261803	 	5193.333333
130.954753	 	5200.000000
129.705659	 	5206.666667
128.180443	 	5213.333333
127.089053	 	5220.000000
125.959490	 	5226.666667
124.270440	 	5233.333333
123.179329	 	5240.000000
121.793984	 	5246.666667
120.490000	 	5253.333333
119.243413	 	5260.000000
118.213321	 	5266.666667
116.978158	 	5273.333333
115.805687	 	5280.000000
114.297467	 	5286.666667
113.220008	 	5293.333333
112.059239	 	5300.000000
110.854726	 	5306.666667
109.701480	 	5313.333333
108.542661	 	5320.000000
107.262639	 	5326.666667
106.419507	 	5333.333333
105.102706	 	5340.000000
103.870886	 	5346.666667
102.981223	 	5353.333333
101.931906	 	5360.000000
100.693399	 	5366.666667
99.878966	 	5373.333333
98.682811	 	5380.000000
97.711232	 	5386.666667
96.760828	 	5393.333333
95.714575	 	5400.000000
94.802622	 	5406.666667
93.618727	 	5413.333333
92.617334	 	5420.000000
91.762221	 	5426.666667
91.091560	 	5433.333333
89.988468	 	5440.000000
88.957540	 	5446.666667
87.999891	 	5453.333333
87.132519	 	5460.000000
86.561329	 	5466.666667
85.563558	 	5473.333333
84.741045	 	5480.000000
83.856397	 	5486.666667
82.853054	 	5493.333333
82.099362	 	5500.000000
81.440404	 	5506.666667
80.631544	 	5513.333333
79.914631	 	5520.000000
79.038342	 	5526.666667
78.181558	 	5533.333333
77.398610	 	5540.000000
76.585570	 	5546.666667
75.847481	 	5553.333333
75.131126	 	5560.000000
74.499195	 	5566.666667
73.557707	 	5573.333333
72.899585	 	5580.000000
72.075957	 	5586.666667
71.240348	 	5593.333333
70.647426	 	5600.000000
69.881195	 	5606.666667
69.200504	 	5613.333333
68.707609	 	5620.000000
67.762221	 	5626.666667
67.103820	 	5633.333333
66.585013	 	5640.000000
65.958933	 	5646.666667
65.561050	 	5653.333333
64.848874	 	5660.000000
64.278521	 	5666.666667
63.579161	 	5673.333333
62.784790	 	5680.000000
62.329510	 	5686.666667
61.918532	 	5693.333333
61.237283	 	5700.000000
60.647147	 	5706.666667
59.983174	 	5713.333333
59.295238	 	5720.000000
58.745782	 	5726.666667
58.146729	 	5733.333333
57.609811	 	5740.000000
57.333689	 	5746.666667
56.480248	 	5753.333333
55.870886	 	5760.000000
55.189359	 	5766.666667
54.651605	 	5773.333333
54.179050	 	5780.000000
53.512848	 	5786.666667
52.969242	 	5793.333333
52.369911	 	5800.000000
51.721262	 	5806.666667
51.152023	 	5813.333333
50.523993	 	5820.000000
50.090724	 	5826.666667
49.408640	 	5833.333333
48.904600	 	5840.000000
48.412820	 	5846.666667
47.957818	 	5853.333333
47.343720	 	5860.000000
46.907665	 	5866.666667
46.577211	 	5873.333333
46.056732	 	5880.000000
45.578883	 	5886.666667
45.119981	 	5893.333333
44.638509	 	5900.000000
44.388858	 	5906.666667
43.821569	 	5913.333333
43.531237	 	5920.000000
42.986239	 	5926.666667
42.483870	 	5933.333333
42.147286	 	5940.000000
41.720426	 	5946.666667
41.385514	 	5953.333333
40.949181	 	5960.000000
40.539875	 	5966.666667
40.312792	 	5973.333333
39.791755	 	5980.000000
39.595600	 	5986.666667
39.306941	 	5993.333333
39.174313	 	6000.000000
38.648261	 	6006.666667
38.252329	 	6013.333333
38.013266	 	6020.000000
37.722098	 	6026.666667
37.520092	 	6033.333333
37.105492	 	6040.000000
36.845531	 	6046.666667
36.536531	 	6053.333333
36.241741	 	6060.000000
35.905715	 	6066.666667
35.447648	 	6073.333333
35.371304	 	6080.000000
34.864199	 	6086.666667
34.590585	 	6093.333333
34.213321	 	6100.000000
33.933578	 	6106.666667
33.623463	 	6113.333333
33.214436	 	6120.000000
32.998777	 	6126.666667
32.666372	 	6133.333333
32.355144	 	6140.000000
32.130568	 	6146.666667
31.687269	 	6153.333333
31.457400	 	6160.000000
31.139763	 	6166.666667
30.836057	 	6173.333333
30.582505	 	6180.000000
30.523714	 	6186.666667
30.134191	 	6193.333333
29.778938	 	6200.000000
29.599780	 	6206.666667
29.372140	 	6213.333333
29.158431	 	6220.000000
28.796492	 	6226.666667
28.555199	 	6233.333333
28.371304	 	6240.000000
27.967292	 	6246.666667
27.732686	 	6253.333333
27.503932	 	6260.000000
27.319479	 	6266.666667
26.950574	 	6273.333333
26.607303	 	6280.000000
26.490279	 	6286.666667
26.122210	 	6293.333333
25.914909	 	6300.000000
25.853611	 	6306.666667
25.684205	 	6313.333333
25.455729	 	6320.000000
25.281028	 	6326.666667
24.968406	 	6333.333333
24.674453	 	6340.000000
24.440125	 	6346.666667
24.147565	 	6353.333333
24.078186	 	6360.000000
23.934414	 	6366.666667
23.579997	 	6373.333333
23.473004	 	6380.000000
23.351521	 	6386.666667
23.101870	 	6393.333333
22.972307	 	6400.000000
22.731572	 	6406.666667
22.576654	 	6413.333333
22.273505	 	6420.000000
22.177935	 	6426.666667
22.062304	 	6433.333333
21.775874	 	6440.000000
21.749125	 	6446.666667
21.457958	 	6453.333333
21.373254	 	6460.000000
21.040014	 	6466.666667
20.900421	 	6473.333333
20.669159	 	6480.000000
20.562444	 	6486.666667
20.445698	 	6493.333333
20.302761	 	6500.000000
20.129175	 	6506.666667
20.063697	 	6513.333333
19.888440	 	6520.000000
19.726835	 	6526.666667
19.583341	 	6533.333333
19.471889	 	6540.000000
19.257066	 	6546.666667
19.134748	 	6553.333333
19.021346	 	6560.000000
18.822126	 	6566.666667
18.701758	 	6573.333333
18.526779	 	6580.000000
18.426751	 	6586.666667
18.276570	 	6593.333333
18.167069	 	6600.000000
18.014380	 	6606.666667
17.948624	 	6613.333333
17.933020	 	6620.000000
17.805966	 	6626.666667
17.596994	 	6633.333333
17.430095	 	6640.000000
17.457958	 	6646.666667
17.233104	 	6653.333333
17.144779	 	6660.000000
16.825191	 	6666.666667
16.766122	 	6673.333333
16.581669	 	6680.000000
16.462137	 	6686.666667
16.274341	 	6693.333333
16.073728	 	6700.000000
16.045865	 	6706.666667
15.779496	 	6713.333333
15.770022	 	6720.000000
15.661636	 	6726.666667
15.526500	 	6733.333333
15.504210	 	6740.000000
15.383285	 	6746.666667
15.267375	 	6753.333333
15.265982	 	6760.000000
14.920482	 	6766.666667
15.001006	 	6773.333333
14.848874	 	6780.000000
14.867543	 	6786.666667
14.646032	 	6793.333333
14.634330	 	6800.000000
14.479691	 	6806.666667
14.491115	 	6813.333333
14.424801	 	6820.000000
14.379106	 	6826.666667
14.340098	 	6833.333333
14.188802	 	6840.000000
14.095461	 	6846.666667
14.124717	 	6853.333333
13.872558	 	6860.000000
13.784232	 	6866.666667
13.634609	 	6873.333333
13.728507	 	6880.000000
13.546005	 	6886.666667
13.451828	 	6893.333333
13.475790	 	6900.000000
13.441797	 	6906.666667
13.333968	 	6913.333333
13.284093	 	6920.000000
13.081251	 	6926.666667
13.040293	 	6933.333333
12.842466	 	6940.000000
12.869772	 	6946.666667
12.683647	 	6953.333333
12.605910	 	6960.000000
12.452942	 	6966.666667
12.357373	 	6973.333333
12.163168	 	6980.000000
12.219173	 	6986.666667
12.043636	 	6993.333333
11.939707	 	7000.000000
11.721541	 	7006.666667
11.734915	 	7013.333333
11.416999	 	7020.000000
11.482198	 	7026.666667
11.324494	 	7033.333333
11.255394	 	7040.000000
10.982895	 	7046.666667
10.957818	 	7053.333333
10.839401	 	7060.000000
10.813210	 	7066.666667
10.641296	 	7073.333333
10.581948	 	7080.000000
10.430931	 	7086.666667
10.331460	 	7093.333333
10.282421	 	7100.000000
10.184901	 	7106.666667
10.161218	 	7113.333333
10.059239	 	7120.000000
9.985124	 	7126.666667
10.032212	 	7133.333333
9.784790	 	7140.000000
9.838008	 	7146.666667
9.695350	 	7153.333333
9.666094	 	7160.000000
9.634051	 	7166.666667
9.603402	 	7173.333333
9.335918	 	7180.000000
9.304154	 	7186.666667
9.189081	 	7193.333333
9.242299	 	7200.000000
9.223909	 	7206.666667
9.119423	 	7213.333333
8.993204	 	7220.000000
8.925219	 	7226.666667
8.746339	 	7233.333333
8.722655	 	7240.000000
8.775316	 	7246.666667
8.624021	 	7253.333333
8.546005	 	7260.000000
8.503096	 	7266.666667
8.469103	 	7273.333333
8.483034	 	7280.000000
8.340376	 	7286.666667
8.309727	 	7293.333333
8.292452	 	7300.000000
8.171806	 	7306.666667
8.169298	 	7313.333333
8.014101	 	7320.000000
7.980945	 	7326.666667
7.957540	 	7333.333333
7.909894	 	7340.000000
7.834107	 	7346.666667
7.660800	 	7353.333333
7.668323	 	7360.000000
7.585848	 	7366.666667
7.479969	 	7373.333333
7.510897	 	7380.000000
7.384121	 	7386.666667
7.438175	 	7393.333333
7.343720	 	7400.000000
7.152580	 	7406.666667
7.276849	 	7413.333333
7.147843	 	7420.000000
7.123603	 	7426.666667
6.863920	 	7433.333333
6.860298	 	7440.000000
6.780889	 	7446.666667
6.635723	 	7453.333333
6.731850	 	7460.000000
6.574425	 	7466.666667
6.579161	 	7473.333333
6.379384	 	7480.000000
6.212207	 	7486.666667
6.228925	 	7493.333333
6.154809	 	7500.000000
6.116080	 	7506.666667
6.018560	 	7513.333333
5.978716	 	7520.000000
5.946116	 	7526.666667
5.845531	 	7533.333333
5.852775	 	7540.000000
5.968685	 	7546.666667
5.858905	 	7553.333333
5.875344	 	7560.000000
5.864199	 	7566.666667
5.831042	 	7573.333333
5.778660	 	7580.000000
5.745782	 	7586.666667
5.860855	 	7593.333333
5.799836	 	7600.000000
5.783675	 	7606.666667
5.750240	 	7613.333333
5.583619	 	7620.000000
5.719033	 	7626.666667
5.593093	 	7633.333333
5.598944	 	7640.000000
5.562722	 	7646.666667
5.619563	 	7653.333333
5.474675	 	7660.000000
5.459072	 	7666.666667
5.349292	 	7673.333333
5.385235	 	7680.000000
5.283257	 	7686.666667
5.355701	 	7693.333333
5.372140	 	7700.000000
5.228646	 	7706.666667
5.268769	 	7713.333333
5.085431	 	7720.000000
5.130568	 	7726.666667
5.213600	 	7733.333333
5.247871	 	7740.000000
5.138649	 	7746.666667
5.059518	 	7753.333333
5.155645	 	7760.000000
5.101312	 	7766.666667
5.055617	 	7773.333333
5.027476	 	7780.000000
4.977322	 	7786.666667
5.075121	 	7793.333333
4.968128	 	7800.000000
5.025525	 	7806.666667
4.903764	 	7813.333333
4.846367	 	7820.000000
4.820454	 	7826.666667
4.767515	 	7833.333333
4.771973	 	7840.000000
4.729900	 	7846.666667
4.673059	 	7853.333333
4.600616	 	7860.000000
4.569409	 	7866.666667
4.544611	 	7873.333333
4.543497	 	7880.000000
4.386350	 	7886.666667
4.455450	 	7893.333333
4.284929	 	7900.000000
4.336754	 	7906.666667
4.259295	 	7913.333333
4.280750	 	7920.000000
4.118866	 	7926.666667
3.875901	 	7933.333333
4.045587	 	7940.000000
3.936921	 	7946.666667
3.866985	 	7953.333333
3.765843	 	7960.000000
3.872001	 	7966.666667
3.834943	 	7973.333333
3.750240	 	7980.000000
3.789526	 	7986.666667
3.676682	 	7993.333333
3.639624	 	8000.000000
3.642132	 	8006.666667
3.719590	 	8013.333333
3.594207	 	8020.000000
3.587242	 	8026.666667
3.519535	 	8033.333333
3.547955	 	8040.000000
3.495294	 	8046.666667
3.567180	 	8053.333333
3.337033	 	8060.000000
3.346785	 	8066.666667
3.265146	 	8073.333333
3.192145	 	8080.000000
3.170970	 	8086.666667
3.131962	 	8093.333333
3.133912	 	8100.000000
3.106328	 	8106.666667
3.198833	 	8113.333333
3.218615	 	8120.000000
3.271276	 	8126.666667
3.192981	 	8133.333333
3.285765	 	8140.000000
3.294124	 	8146.666667
3.206077	 	8153.333333
3.316971	 	8160.000000
3.162332	 	8166.666667
3.159825	 	8173.333333
3.147565	 	8180.000000
3.089053	 	8186.666667
3.055617	 	8193.333333
2.916860	 	8200.000000
2.914352	 	8206.666667
2.853890	 	8213.333333
2.961441	 	8220.000000
2.896799	 	8226.666667
2.943887	 	8233.333333
2.916581	 	8240.000000
2.976208	 	8246.666667
2.874787	 	8253.333333
2.879245	 	8260.000000
2.781168	 	8266.666667
2.874787	 	8273.333333
2.891226	 	8280.000000
2.761385	 	8286.666667
2.826863	 	8293.333333
2.821847	 	8300.000000
2.884818	 	8306.666667
2.865314	 	8313.333333
2.781725	 	8320.000000
2.890947	 	8326.666667
2.765843	 	8333.333333
3.013544	 	8340.000000
2.818225	 	8346.666667
2.917417	 	8353.333333
2.812095	 	8360.000000
2.764728	 	8366.666667
2.834664	 	8373.333333
2.780332	 	8380.000000
2.694235	 	8386.666667
2.643525	 	8393.333333
2.626528	 	8400.000000
2.668880	 	8406.666667
2.608417	 	8413.333333
2.578604	 	8420.000000
2.566344	 	8426.666667
2.574425	 	8433.333333
2.436782	 	8440.000000
2.254001	 	8446.666667
2.303597	 	8453.333333
2.347342	 	8460.000000
2.272112	 	8466.666667
2.274062	 	8473.333333
2.211371	 	8480.000000
2.129733	 	8486.666667
2.135862	 	8493.333333
2.034999	 	8500.000000
2.089053	 	8506.666667
2.081808	 	8513.333333
2.093511	 	8520.000000
1.902928	 	8526.666667
2.001285	 	8533.333333
1.961441	 	8540.000000
1.956425	 	8546.666667
1.910173	 	8553.333333
1.918532	 	8560.000000
1.819340	 	8566.666667
1.959212	 	8573.333333
1.840237	 	8580.000000
1.789805	 	8586.666667
1.849153	 	8593.333333
1.783675	 	8600.000000
1.900421	 	8606.666667
1.832714	 	8613.333333
1.793984	 	8620.000000
1.692842	 	8626.666667
1.695350	 	8633.333333
1.584734	 	8640.000000
1.823519	 	8646.666667
1.692842	 	8653.333333
1.690334	 	8660.000000
1.684483	 	8666.666667
1.666930	 	8673.333333
1.628200	 	8680.000000
1.540153	 	8686.666667
1.600337	 	8693.333333
1.485821	 	8700.000000
1.441519	 	8706.666667
1.474954	 	8713.333333
1.384957	 	8720.000000
1.366567	 	8726.666667
1.371025	 	8733.333333
1.199668	 	8740.000000
1.264032	 	8746.666667
1.233383	 	8753.333333
1.203291	 	8760.000000
1.192981	 	8766.666667
1.193539	 	8773.333333
1.203848	 	8780.000000
1.206077	 	8786.666667
1.210814	 	8793.333333
1.143107	 	8800.000000
1.089889	 	8806.666667
1.191031	 	8813.333333
1.024132	 	8820.000000
1.037785	 	8826.666667
0.973422	 	8833.333333
1.012430	 	8840.000000
0.995433	 	8846.666667
1.007136	 	8853.333333
0.848039	 	8860.000000
0.909058	 	8866.666667
0.818504	 	8873.333333
0.871165	 	8880.000000
0.737980	 	8886.666667
0.903764	 	8893.333333
0.833550	 	8900.000000
0.809030	 	8906.666667
0.659964	 	8913.333333
0.746896	 	8920.000000
0.569409	 	8926.666667
0.714018	 	8933.333333
0.599501	 	8940.000000
0.632380	 	8946.666667
0.410312	 	8953.333333
0.673895	 	8960.000000
0.539596	 	8966.666667
0.593650	 	8973.333333
0.583341	 	8980.000000
0.622070	 	8986.666667
0.574425	 	8993.333333
0.615383	 	9000.000000
0.696743	 	9006.666667
0.720426	 	9013.333333
0.666930	 	9020.000000
0.806523	 	9026.666667
0.768351	 	9033.333333
0.955868	 	9040.000000
0.772530	 	9046.666667
0.850546	 	9053.333333
0.858069	 	9060.000000
0.899864	 	9066.666667
0.824355	 	9073.333333
0.878688	 	9080.000000
0.891226	 	9086.666667
1.015216	 	9093.333333
1.011315	 	9100.000000
1.067041	 	9106.666667
0.929677	 	9113.333333
0.985681	 	9120.000000
0.905436	 	9126.666667
0.995155	 	9133.333333
0.850268	 	9140.000000
0.899306	 	9146.666667
0.724884	 	9153.333333
0.834943	 	9160.000000
0.793706	 	9166.666667
0.772809	 	9173.333333
0.627364	 	9180.000000
0.597830	 	9186.666667
0.553527	 	9193.333333
0.594207	 	9200.000000
0.372976	 	9206.666667
0.244249	 	9213.333333
0.313349	 	9220.000000
0.310006	 	9226.666667
0.348178	 	9233.333333
0.197439	 	9240.000000
0.294681	 	9246.666667
0.181279	 	9253.333333
0.343162	 	9260.000000
0.308334	 	9266.666667
0.334525	 	9273.333333
0.296074	 	9280.000000
0.359323	 	9286.666667
0.286879	 	9293.333333
0.303597	 	9300.000000
0.267654	 	9306.666667
0.360159	 	9313.333333
0.372140	 	9320.000000
0.232268	 	9326.666667
0.388858	 	9333.333333
0.398610	 	9340.000000
0.374090	 	9346.666667
0.289387	 	9353.333333
0.372697	 	9360.000000
0.318086	 	9366.666667
0.340098	 	9373.333333
0.388579	 	9380.000000
0.442633	 	9386.666667
0.326445	 	9393.333333
0.420343	 	9400.000000
0.325609	 	9406.666667
0.276849	 	9413.333333
0.291337	 	9420.000000
0.170691	 	9426.666667
0.248986	 	9433.333333
0.178214	 	9440.000000
0.187687	 	9446.666667
0.181836	 	9453.333333
0.092118	 	9460.000000
0.206634	 	9466.666667
0.017166	 	9473.333333
0.081251	 	9480.000000
0.037228	 	9486.666667
0.164561	 	9493.333333
0.246200	 	9500.000000
0.092675	 	9506.666667
0.088495	 	9513.333333
0.093789	 	9520.000000
0.256787	 	9526.666667
0.279356	 	9533.333333
0.209421	 	9540.000000
0.167069	 	9546.666667
0.206913	 	9553.333333
0.281307	 	9560.000000
0.203569	 	9566.666667
0.238398	 	9573.333333
0.218058	 	9580.000000
0.265146	 	9586.666667
0.360995	 	9593.333333
0.204127	 	9600.000000
0.241463	 	9606.666667
0.158431	 	9613.333333
0.119145	 	9620.000000
0.208585	 	9626.666667
0.122210	 	9633.333333
0.086824	 	9640.000000
-0.031872	 	9646.666667
0.221402	 	9653.333333
0.150630	 	9660.000000
0.156202	 	9666.666667
0.128339	 	9673.333333
0.122210	 	9680.000000
0.049209	 	9686.666667
0.173756	 	9693.333333
0.114129	 	9700.000000
0.063697	 	9706.666667
0.023575	 	9713.333333
0.074843	 	9720.000000
0.001842	 	9726.666667
0.092396	 	9733.333333
-0.025185	 	9740.000000
0.174035	 	9746.666667
0.085988	 	9753.333333
0.027754	 	9760.000000
-0.021563	 	9766.666667
-0.197657	 	9773.333333
-0.132457	 	9780.000000
-0.025185	 	9786.666667
-0.048869	 	9793.333333
-0.122984	 	9800.000000
-0.072831	 	9806.666667
0.006021	 	9813.333333
-0.083697	 	9820.000000
-0.104037	 	9826.666667
-0.175924	 	9833.333333
-0.187905	 	9840.000000
-0.293784	 	9846.666667
-0.285425	 	9853.333333
-0.377651	 	9860.000000
-0.338922	 	9866.666667
-0.328055	 	9873.333333
-0.323318	 	9880.000000
-0.438950	 	9886.666667
-0.440621	 	9893.333333
-0.591917	 	9900.000000
-0.501920	 	9906.666667
-0.530061	 	9913.333333
-0.528668	 	9920.000000
-0.663246	 	9926.666667
-0.563218	 	9933.333333
-0.588852	 	9940.000000
-0.631204	 	9946.666667
-0.615322	 	9953.333333
-0.616158	 	9960.000000
-0.570741	 	9966.666667
-0.657673	 	9973.333333
-0.706991	 	9980.000000
-0.737083	 	9986.666667
-0.843798	 	9993.333333
-0.772469	 	10000.000000
-0.828473	 	10006.666667
-0.767175	 	10013.333333
-0.816492	 	10020.000000
-0.818164	 	10026.666667
-1.014597	 	10033.333333
-0.828752	 	10040.000000
-0.896737	 	10046.666667
-0.990635	 	10053.333333
-0.864138	 	10060.000000
-0.990357	 	10066.666667
-0.937138	 	10073.333333
-0.979211	 	10080.000000
-0.919863	 	10086.666667
-0.965837	 	10093.333333
-0.848534	 	10100.000000
-0.981998	 	10106.666667
-0.919863	 	10113.333333
-0.902867	 	10120.000000
-0.876119	 	10126.666667
-0.836275	 	10133.333333
-0.885313	 	10140.000000
-0.812591	 	10146.666667
-0.767732	 	10153.333333
-0.789465	 	10160.000000
-0.748785	 	10166.666667
-0.700025	 	10173.333333
-0.725938	 	10180.000000
-0.800053	 	10186.666667
-0.679128	 	10193.333333
-0.929894	 	10200.000000
-0.795038	 	10206.666667
-0.860515	 	10213.333333
-0.752129	 	10220.000000
-0.785843	 	10226.666667
-0.755751	 	10233.333333
-0.768568	 	10240.000000
-0.851878	 	10246.666667
-0.779992	 	10253.333333
-0.786400	 	10260.000000
-0.736525	 	10266.666667
-0.637612	 	10273.333333
-0.722315	 	10280.000000
-0.700304	 	10286.666667
-0.737919	 	10293.333333
-0.572692	 	10300.000000
-0.677456	 	10306.666667
-0.629253	 	10313.333333
-0.730953	 	10320.000000
-0.632597	 	10326.666667
-0.686372	 	10333.333333
-0.690552	 	10340.000000
-0.683029	 	10346.666667
-0.713399	 	10353.333333
-0.713399	 	10360.000000
-0.683586	 	10366.666667
-0.687487	 	10373.333333
-0.734296	 	10380.000000
-0.747949	 	10386.666667
-0.701975	 	10393.333333
-0.750736	 	10400.000000
-0.858844	 	10406.666667
-0.737361	 	10413.333333
-0.817328	 	10420.000000
-0.757980	 	10426.666667
-0.842405	 	10433.333333
-0.785843	 	10440.000000
-0.854107	 	10446.666667
-0.819557	 	10453.333333
-0.885871	 	10460.000000
-0.926829	 	10466.666667
-1.034101	 	10473.333333
-0.870546	 	10480.000000
-0.913734	 	10486.666667
-0.835717	 	10493.333333
-1.043575	 	10500.000000
-1.000945	 	10506.666667
-1.096514	 	10513.333333
-1.153912	 	10520.000000
-1.015990	 	10526.666667
-1.079239	 	10533.333333
-0.945776	 	10540.000000
-1.036888	 	10546.666667
-1.089270	 	10553.333333
-1.133851	 	10560.000000
-1.065586	 	10566.666667
-1.054441	 	10573.333333
-1.213539	 	10580.000000
-1.124099	 	10586.666667
-1.130786	 	10593.333333
-1.214653	 	10600.000000
-1.192363	 	10606.666667
-1.215768	 	10613.333333
-1.104873	 	10620.000000
-1.060571	 	10626.666667
-1.166450	 	10633.333333
-1.178989	 	10640.000000
-1.142488	 	10646.666667
-1.029365	 	10653.333333
-1.071716	 	10660.000000
-0.978097	 	10666.666667
-1.056670	 	10673.333333
-0.970295	 	10680.000000
-1.078403	 	10686.666667
-0.952184	 	10693.333333
-0.974753	 	10700.000000
-0.962772	 	10706.666667
-1.073667	 	10713.333333
-1.153633	 	10720.000000
-1.089270	 	10726.666667
-1.057785	 	10733.333333
-1.057506	 	10740.000000
-1.080632	 	10746.666667
-1.153912	 	10753.333333
-1.044411	 	10760.000000
-1.164778	 	10766.666667
-1.069487	 	10773.333333
-1.073109	 	10780.000000
-0.971410	 	10786.666667
-0.963051	 	10793.333333
-1.183725	 	10800.000000
-1.108495	 	10806.666667
-1.166172	 	10813.333333
-1.121034	 	10820.000000
-1.150568	 	10826.666667
-1.090663	 	10833.333333
-1.159206	 	10840.000000
-1.213539	 	10846.666667
-1.293784	 	10853.333333
-1.212703	 	10860.000000
-1.260905	 	10866.666667
-1.237222	 	10873.333333
-1.306322	 	10880.000000
-1.055277	 	10886.666667
-1.326105	 	10893.333333
-1.167843	 	10900.000000
-1.267871	 	10906.666667
-1.148339	 	10913.333333
-1.196821	 	10920.000000
-1.254497	 	10926.666667
-1.205180	 	10933.333333
-1.253661	 	10940.000000
-1.227470	 	10946.666667
-1.218554	 	10953.333333
-1.160599	 	10960.000000
-1.174530	 	10966.666667
-1.208245	 	10973.333333
-1.103480	 	10980.000000
-1.091778	 	10986.666667
-1.023235	 	10993.333333
-1.107381	 	11000.000000
-1.068373	 	11006.666667
-1.036330	 	11013.333333
-1.015990	 	11020.000000
-1.176481	 	11026.666667
-1.120755	 	11033.333333
-1.265642	 	11040.000000
-1.077568	 	11046.666667
-1.229978	 	11053.333333
-1.239730	 	11060.000000
-1.358704	 	11066.666667
-1.226634	 	11073.333333
-1.299914	 	11080.000000
-1.319975	 	11086.666667
-1.379044	 	11093.333333
-1.477958	 	11100.000000
-1.426133	 	11106.666667
-1.390468	 	11113.333333
-1.530619	 	11120.000000
-1.456225	 	11126.666667
-1.488546	 	11133.333333
-1.526996	 	11140.000000
-1.599719	 	11146.666667
-1.637891	 	11153.333333
-1.670490	 	11160.000000
-1.646807	 	11166.666667
-1.616436	 	11173.333333
-1.600833	 	11180.000000
-1.671326	 	11186.666667
-1.616994	 	11193.333333
-1.646807	 	11200.000000
-1.528111	 	11206.666667
-1.537306	 	11213.333333
-1.521981	 	11220.000000
-1.454274	 	11226.666667
-1.568233	 	11233.333333
-1.496068	 	11240.000000
-1.547058	 	11246.666667
-1.474614	 	11253.333333
-1.406629	 	11260.000000
-1.433098	 	11266.666667
-1.377094	 	11273.333333
-1.498576	 	11280.000000
-1.377651	 	11286.666667
-1.463748	 	11293.333333
-1.441457	 	11300.000000
-1.344773	 	11306.666667
-1.356197	 	11313.333333
-1.513343	 	11320.000000
-1.489381	 	11326.666667
-1.546222	 	11333.333333
-1.546222	 	11340.000000
-1.545943	 	11346.666667
-1.486316	 	11353.333333
-1.501362	 	11360.000000
-1.698353	 	11366.666667
-1.546779	 	11373.333333
-1.720365	 	11380.000000
-1.461240	 	11386.666667
-1.421117	 	11393.333333
-1.600276	 	11400.000000
-1.605012	 	11406.666667
-1.529504	 	11413.333333
-1.521981	 	11420.000000
-1.528111	 	11426.666667
-1.560989	 	11433.333333
-1.624795	 	11440.000000
-1.584951	 	11446.666667
-1.458175	 	11453.333333
-1.575756	 	11460.000000
-1.539535	 	11466.666667
-1.626467	 	11473.333333
-1.486038	 	11480.000000
-1.581886	 	11486.666667
-1.486595	 	11493.333333
-1.662131	 	11500.000000
-1.586344	 	11506.666667
-1.609471	 	11513.333333
-1.566283	 	11520.000000
-1.543714	 	11526.666667
-1.576035	 	11533.333333
-1.663803	 	11540.000000
-1.640398	 	11546.666667
-1.708941	 	11553.333333
-1.529225	 	11560.000000
-1.674670	 	11566.666667
-1.649036	 	11573.333333
-1.691109	 	11580.000000
-1.593589	 	11586.666667
-1.487152	 	11593.333333
-1.643742	 	11600.000000
-1.537584	 	11606.666667
-1.565726	 	11613.333333
-1.604455	 	11620.000000
-1.573249	 	11626.666667
-1.657673	 	11633.333333
-1.654330	 	11640.000000
-1.629810	 	11646.666667
-1.726495	 	11653.333333
-1.649872	 	11660.000000
-1.819000	 	11666.666667
-1.748785	 	11673.333333
-1.771354	 	11680.000000
-1.767453	 	11686.666667
-1.829588	 	11693.333333
-1.676342	 	11700.000000
-1.607520	 	11706.666667
-1.648479	 	11713.333333
-1.636498	 	11720.000000
-1.611978	 	11726.666667
-1.484923	 	11733.333333
-1.543714	 	11740.000000
-1.542321	 	11746.666667
-1.500805	 	11753.333333
-1.458454	 	11760.000000
-1.622287	 	11766.666667
-1.485481	 	11773.333333
-1.486874	 	11780.000000
-1.533683	 	11786.666667
-1.559317	 	11793.333333
-1.576314	 	11800.000000
-1.659067	 	11806.666667
-1.478515	 	11813.333333
-1.586902	 	11820.000000
-1.543714	 	11826.666667
-1.543714	 	11833.333333
-1.550123	 	11840.000000
-1.522260	 	11846.666667
-1.519473	 	11853.333333
-1.586902	 	11860.000000
-1.542042	 	11866.666667
-1.717579	 	11873.333333
-1.729560	 	11880.000000
-1.762995	 	11886.666667
-1.796431	 	11893.333333
-1.837668	 	11900.000000
-1.810362	 	11906.666667
-1.815935	 	11913.333333
-1.751293	 	11920.000000
-1.947448	 	11926.666667
-1.723151	 	11933.333333
-1.864416	 	11940.000000
-1.989521	 	11946.666667
-1.710892	 	11953.333333
-1.903424	 	11960.000000
-1.772747	 	11966.666667
-1.968345	 	11973.333333
-1.905932	 	11980.000000
-1.847977	 	11986.666667
-1.820671	 	11993.333333
-1.978654	 	12000.000000
-1.953020	 	12006.666667
-1.833767	 	12013.333333
-1.886985	 	12020.000000
-1.888378	 	12026.666667
-1.882527	 	12033.333333
-1.873890	 	12040.000000
-1.768568	 	12046.666667
-1.854664	 	12053.333333
-1.778041	 	12060.000000
-1.852992	 	12066.666667
-1.753800	 	12073.333333
-1.804790	 	12080.000000
-1.735690	 	12086.666667
-1.728167	 	12093.333333
-1.669933	 	12100.000000
-1.742098	 	12106.666667
-1.693059	 	12113.333333
-1.622845	 	12120.000000
-1.528668	 	12126.666667
-1.621730	 	12133.333333
-1.510836	 	12140.000000
-1.578543	 	12146.666667
-1.414152	 	12153.333333
-1.545943	 	12160.000000
-1.528947	 	12166.666667
-1.611978	 	12173.333333
-1.474335	 	12180.000000
-1.612535	 	12186.666667
-1.633711	 	12193.333333
-1.757144	 	12200.000000
-1.670212	 	12206.666667
-1.744048	 	12213.333333
-1.695846	 	12220.000000
-1.707548	 	12226.666667
-1.736525	 	12233.333333
-1.814542	 	12240.000000
-1.708384	 	12246.666667
-1.678571	 	12253.333333
-1.642627	 	12260.000000
-1.719808	 	12266.666667
-1.724823	 	12273.333333
-1.713956	 	12280.000000
-1.742934	 	12286.666667
-1.737919	 	12293.333333
-1.742377	 	12300.000000
-1.879741	 	12306.666667
-1.788350	 	12313.333333
-1.867203	 	12320.000000
-1.830702	 	12326.666667
-1.906768	 	12333.333333
-1.744884	 	12340.000000
-1.726773	 	12346.666667
-1.701418	 	12353.333333
-1.878069	 	12360.000000
-1.647643	 	12366.666667
-1.605291	 	12373.333333
-1.683586	 	12380.000000
-1.783892	 	12386.666667
-1.729838	 	12393.333333
-1.879184	 	12400.000000
-1.735411	 	12406.666667
-1.874168	 	12413.333333
-1.762159	 	12420.000000
-1.801446	 	12426.666667
-1.766617	 	12433.333333
-1.820950	 	12440.000000
-1.886707	 	12446.666667
-1.826801	 	12453.333333
-1.949398	 	12460.000000
-2.001223	 	12466.666667
-1.897294	 	12473.333333
-1.845469	 	12480.000000
-1.813706	 	12486.666667
-1.965280	 	12493.333333
-1.853828	 	12500.000000
-1.720922	 	12506.666667
-1.696124	 	12513.333333
-1.714514	 	12520.000000
-1.765224	 	12526.666667
-1.776091	 	12533.333333
-1.769682	 	12540.000000
-1.792530	 	12546.666667
-1.726216	 	12553.333333
-1.600833	 	12560.000000
-1.654608	 	12566.666667
-1.752965	 	12573.333333
-1.673277	 	12580.000000
-1.674113	 	12586.666667
-1.709498	 	12593.333333
-1.764110	 	12600.000000
-1.825130	 	12606.666667
-1.726216	 	12613.333333
-1.848534	 	12620.000000
-1.782778	 	12626.666667
-1.782221	 	12633.333333
-1.689158	 	12640.000000
-1.796431	 	12646.666667
-1.678571	 	12653.333333
-1.644299	 	12660.000000
-1.725659	 	12666.666667
-1.680800	 	12673.333333
-1.701418	 	12680.000000
-1.689437	 	12686.666667
-1.636776	 	12693.333333
-1.727331	 	12700.000000
-1.689437	 	12706.666667
-1.716186	 	12713.333333
-1.620058	 	12720.000000
-1.728167	 	12726.666667
-1.612257	 	12733.333333
-1.670769	 	12740.000000
-1.600276	 	12746.666667
-1.758816	 	12753.333333
-1.658231	 	12760.000000
-1.693895	 	12766.666667
-1.704483	 	12773.333333
-1.795038	 	12780.000000
-1.701140	 	12786.666667
-1.713956	 	12793.333333
-1.745442	 	12800.000000
-1.886149	 	12806.666667
-1.822343	 	12813.333333
-1.882806	 	12820.000000
-1.754079	 	12826.666667
-1.894787	 	12833.333333
-1.842683	 	12840.000000
-1.895623	 	12846.666667
-1.914848	 	12853.333333
-1.907882	 	12860.000000
-1.849928	 	12866.666667
-1.940482	 	12873.333333
-1.759930	 	12880.000000
-1.914569	 	12886.666667
-1.778598	 	12893.333333
-1.943547	 	12900.000000
-1.877790	 	12906.666667
-1.907325	 	12913.333333
-1.963051	 	12920.000000
-2.027693	 	12926.666667
-2.019334	 	12933.333333
-2.021284	 	12940.000000
-1.980047	 	12946.666667
-2.052212	 	12953.333333
-1.976147	 	12960.000000
-1.915963	 	12966.666667
-1.923207	 	12973.333333
-1.887821	 	12980.000000
-1.915963	 	12986.666667
-2.012090	 	12993.333333
-1.989521	 	13000.000000
-2.045247	 	13006.666667
-1.911226	 	13013.333333
-2.102087	 	13020.000000
-1.927108	 	13026.666667
-2.062243	 	13033.333333
-2.012647	 	13040.000000
-2.128835	 	13046.666667
-2.025185	 	13053.333333
-2.017662	 	13060.000000
-1.920421	 	13066.666667
-2.037724	 	13073.333333
-1.873890	 	13080.000000
-2.010139	 	13086.666667
-1.982276	 	13093.333333
-2.091778	 	13100.000000
-2.034101	 	13106.666667
-2.048311	 	13113.333333
-2.053884	 	13120.000000
-2.062800	 	13126.666667
-2.068651	 	13133.333333
-2.291555	 	13140.000000
-2.093728	 	13146.666667
-2.117969	 	13153.333333
-2.179824	 	13160.000000
-2.097629	 	13166.666667
-2.159763	 	13173.333333
-2.145553	 	13180.000000
-2.204065	 	13186.666667
-2.167565	 	13193.333333
-2.172301	 	13200.000000
-2.154748	 	13206.666667
-2.285982	 	13213.333333
-2.239730	 	13220.000000
-2.184561	 	13226.666667
-2.319975	 	13233.333333
-2.316631	 	13240.000000
-2.337807	 	13246.666667
-2.407743	 	13253.333333
-2.303536	 	13260.000000
-2.235550	 	13266.666667
-2.368735	 	13273.333333
-2.279852	 	13280.000000
-2.261741	 	13286.666667
-2.214096	 	13293.333333
-2.271493	 	13300.000000
-2.198214	 	13306.666667
-2.197935	 	13313.333333
-2.147503	 	13320.000000
-2.111282	 	13326.666667
