#peak 	 	#time 
0.785272	 	0.000000
0.905263	 	6.666667
0.962162	 	13.333333
1.262162	 	20.000000
0.959095	 	26.666667
0.869809	 	33.333333
1.007739	 	40.000000
1.045250	 	46.666667
0.880568	 	53.333333
0.995647	 	60.000000
0.840885	 	66.666667
1.035330	 	73.333333
0.946044	 	80.000000
0.840885	 	86.666667
0.995647	 	93.333333
0.725806	 	100.000000
0.741679	 	106.666667
0.737711	 	113.333333
0.628584	 	120.000000
0.692076	 	126.666667
1.041282	 	133.333333
0.918266	 	140.000000
0.779377	 	146.666667
0.646441	 	153.333333
0.898425	 	160.000000
0.914298	 	166.666667
0.703980	 	173.333333
0.973822	 	180.000000
0.918266	 	186.666667
0.688107	 	193.333333
0.789298	 	200.000000
0.872631	 	206.666667
0.803187	 	213.333333
0.767472	 	220.000000
0.914298	 	226.666667
0.834933	 	233.333333
0.703980	 	240.000000
0.973822	 	246.666667
0.668266	 	253.333333
0.775409	 	260.000000
0.892472	 	266.666667
0.747631	 	273.333333
0.787314	 	280.000000
0.880568	 	286.666667
1.013504	 	293.333333
0.957949	 	300.000000
0.815092	 	306.666667
0.680171	 	313.333333
0.628584	 	320.000000
0.616679	 	326.666667
0.634536	 	333.333333
0.692076	 	340.000000
0.656361	 	346.666667
0.795250	 	353.333333
0.832949	 	360.000000
0.600806	 	366.666667
0.826996	 	373.333333
0.807155	 	380.000000
0.571044	 	386.666667
0.745647	 	393.333333
0.674219	 	400.000000
0.323028	 	406.666667
0.696044	 	413.333333
0.715885	 	420.000000
0.757552	 	426.666667
0.567076	 	433.333333
0.545250	 	440.000000
0.688107	 	446.666667
0.614695	 	453.333333
0.711917	 	460.000000
0.757552	 	466.666667
0.747631	 	473.333333
0.457949	 	480.000000
0.547234	 	486.666667
0.451996	 	493.333333
0.868663	 	500.000000
0.434139	 	506.666667
0.650409	 	513.333333
0.672234	 	520.000000
0.529377	 	526.666667
0.817076	 	533.333333
0.741679	 	540.000000
0.666282	 	546.666667
0.662314	 	553.333333
0.543266	 	560.000000
0.715885	 	566.666667
0.692076	 	573.333333
0.850806	 	580.000000
0.767472	 	586.666667
0.908346	 	593.333333
0.650409	 	600.000000
0.963901	 	606.666667
0.612711	 	613.333333
0.684139	 	620.000000
0.549219	 	626.666667
0.624615	 	633.333333
0.723822	 	640.000000
0.698028	 	646.666667
0.576996	 	653.333333
0.739695	 	660.000000
0.973822	 	666.666667
0.959933	 	673.333333
0.940092	 	680.000000
0.767472	 	686.666667
0.924219	 	693.333333
0.967869	 	700.000000
0.779377	 	706.666667
0.753584	 	713.333333
0.650409	 	720.000000
0.783346	 	726.666667
0.832949	 	733.333333
1.106758	 	740.000000
0.446044	 	746.666667
0.735726	 	753.333333
0.866679	 	760.000000
1.063107	 	766.666667
0.751599	 	773.333333
0.634536	 	780.000000
0.886520	 	786.666667
0.844853	 	793.333333
1.047234	 	800.000000
1.136520	 	806.666667
0.826996	 	813.333333
1.029377	 	820.000000
1.118663	 	826.666667
0.721838	 	833.333333
0.811123	 	840.000000
1.122631	 	846.666667
0.795250	 	853.333333
0.983742	 	860.000000
0.912314	 	866.666667
0.977790	 	873.333333
1.007552	 	880.000000
0.918266	 	886.666667
0.773425	 	893.333333
0.894457	 	900.000000
1.205965	 	906.666667
1.009536	 	913.333333
0.993663	 	920.000000
1.142472	 	926.666667
0.805171	 	933.333333
1.112711	 	940.000000
1.053187	 	946.666667
0.854774	 	953.333333
0.785330	 	960.000000
0.878584	 	966.666667
1.055171	 	973.333333
0.989695	 	980.000000
0.936123	 	986.666667
0.838901	 	993.333333
0.965885	 	1000.000000
1.084933	 	1006.666667
1.007552	 	1013.333333
0.821044	 	1020.000000
0.854774	 	1026.666667
1.071044	 	1033.333333
1.205965	 	1040.000000
0.930171	 	1046.666667
0.948028	 	1053.333333
0.888504	 	1060.000000
0.846838	 	1066.666667
0.928187	 	1073.333333
0.906361	 	1080.000000
1.158346	 	1086.666667
0.789298	 	1093.333333
0.717869	 	1100.000000
0.797234	 	1106.666667
1.122631	 	1113.333333
0.898425	 	1120.000000
0.844853	 	1126.666667
0.711917	 	1133.333333
0.898425	 	1140.000000
0.946044	 	1146.666667
0.936123	 	1153.333333
0.828980	 	1160.000000
0.721838	 	1166.666667
0.908346	 	1173.333333
0.938107	 	1180.000000
0.715885	 	1186.666667
0.856758	 	1193.333333
0.848822	 	1200.000000
1.198028	 	1206.666667
0.991679	 	1213.333333
0.916282	 	1220.000000
0.944060	 	1226.666667
0.783346	 	1233.333333
0.578980	 	1240.000000
0.789298	 	1246.666667
0.914298	 	1253.333333
0.705965	 	1260.000000
0.642472	 	1266.666667
0.779377	 	1273.333333
0.652393	 	1280.000000
0.602790	 	1286.666667
0.674219	 	1293.333333
0.515488	 	1300.000000
0.622631	 	1306.666667
0.465885	 	1313.333333
0.610726	 	1320.000000
0.559139	 	1326.666667
0.979774	 	1333.333333
0.694060	 	1340.000000
0.569060	 	1346.666667
0.815092	 	1353.333333
0.674219	 	1360.000000
0.451996	 	1366.666667
0.757552	 	1373.333333
0.809139	 	1380.000000
0.781361	 	1386.666667
0.676203	 	1393.333333
0.670250	 	1400.000000
0.817076	 	1406.666667
0.461917	 	1413.333333
0.461917	 	1420.000000
0.610726	 	1426.666667
0.446044	 	1433.333333
0.630568	 	1440.000000
0.547234	 	1446.666667
0.654377	 	1453.333333
0.569060	 	1460.000000
0.715885	 	1466.666667
0.785330	 	1473.333333
0.844853	 	1480.000000
0.628584	 	1486.666667
0.852790	 	1493.333333
0.789298	 	1500.000000
0.785330	 	1506.666667
0.803187	 	1513.333333
0.648425	 	1520.000000
0.672234	 	1526.666667
0.586917	 	1533.333333
0.622631	 	1540.000000
0.723822	 	1546.666667
0.594853	 	1553.333333
0.713901	 	1560.000000
0.672234	 	1566.666667
0.672234	 	1573.333333
0.559139	 	1580.000000
0.765488	 	1586.666667
0.682155	 	1593.333333
0.703980	 	1600.000000
0.825012	 	1606.666667
0.690092	 	1613.333333
0.721838	 	1620.000000
0.588901	 	1626.666667
0.725806	 	1633.333333
0.819060	 	1640.000000
0.686123	 	1646.666667
0.743663	 	1653.333333
0.638504	 	1660.000000
0.584933	 	1666.666667
0.787314	 	1673.333333
0.525409	 	1680.000000
0.680171	 	1686.666667
0.727790	 	1693.333333
0.753584	 	1700.000000
0.632552	 	1706.666667
0.493663	 	1713.333333
0.692076	 	1720.000000
0.592869	 	1726.666667
0.654377	 	1733.333333
0.471838	 	1740.000000
0.483742	 	1746.666667
0.565092	 	1753.333333
0.451996	 	1760.000000
0.616679	 	1766.666667
0.713901	 	1773.333333
0.580965	 	1780.000000
0.733742	 	1786.666667
0.487711	 	1793.333333
0.263504	 	1800.000000
0.501599	 	1806.666667
0.588901	 	1813.333333
0.650409	 	1820.000000
0.809139	 	1826.666667
0.632552	 	1833.333333
0.491679	 	1840.000000
0.477790	 	1846.666667
0.620647	 	1853.333333
0.644457	 	1860.000000
0.787314	 	1866.666667
0.598822	 	1873.333333
0.860726	 	1880.000000
0.582949	 	1886.666667
0.614695	 	1893.333333
0.561123	 	1900.000000
0.640488	 	1906.666667
0.580965	 	1913.333333
0.602790	 	1920.000000
0.698028	 	1926.666667
0.594853	 	1933.333333
0.620647	 	1940.000000
0.608742	 	1946.666667
0.793266	 	1953.333333
0.797234	 	1960.000000
0.648425	 	1966.666667
0.632552	 	1973.333333
0.759536	 	1980.000000
0.707949	 	1986.666667
0.642472	 	1993.333333
0.729774	 	2000.000000
0.573028	 	2006.666667
0.717869	 	2013.333333
0.600806	 	2020.000000
0.751599	 	2026.666667
0.737711	 	2033.333333
0.803187	 	2040.000000
0.771441	 	2046.666667
0.705965	 	2053.333333
0.743663	 	2060.000000
0.690092	 	2066.666667
0.692076	 	2073.333333
0.813107	 	2080.000000
1.031361	 	2086.666667
0.870647	 	2093.333333
0.914298	 	2100.000000
0.918266	 	2106.666667
0.731758	 	2113.333333
0.604774	 	2120.000000
0.709933	 	2126.666667
0.777393	 	2133.333333
0.709933	 	2140.000000
0.787314	 	2146.666667
0.797234	 	2153.333333
0.868663	 	2160.000000
0.775409	 	2166.666667
0.692076	 	2173.333333
0.616679	 	2180.000000
0.707949	 	2186.666667
0.866679	 	2193.333333
1.027393	 	2200.000000
0.924219	 	2206.666667
0.624615	 	2213.333333
0.880568	 	2220.000000
0.969853	 	2226.666667
0.793266	 	2233.333333
0.825012	 	2240.000000
0.944060	 	2246.666667
0.696044	 	2253.333333
0.761520	 	2260.000000
0.777393	 	2266.666667
0.737711	 	2273.333333
0.751599	 	2280.000000
0.672234	 	2286.666667
0.946044	 	2293.333333
0.769457	 	2300.000000
1.106758	 	2306.666667
0.940092	 	2313.333333
0.981758	 	2320.000000
0.920250	 	2326.666667
0.825012	 	2333.333333
0.592869	 	2340.000000
0.801203	 	2346.666667
0.765488	 	2353.333333
0.789298	 	2360.000000
1.029377	 	2366.666667
0.950012	 	2373.333333
1.067076	 	2380.000000
0.826996	 	2386.666667
0.906361	 	2393.333333
0.618663	 	2400.000000
0.781361	 	2406.666667
0.666282	 	2413.333333
0.535330	 	2420.000000
0.775409	 	2426.666667
0.467869	 	2433.333333
0.662314	 	2440.000000
0.777393	 	2446.666667
0.815092	 	2453.333333
0.757552	 	2460.000000
0.580965	 	2466.666667
0.652393	 	2473.333333
0.682155	 	2480.000000
0.719853	 	2486.666667
0.775409	 	2493.333333
0.701996	 	2500.000000
0.805171	 	2506.666667
0.634536	 	2513.333333
0.626599	 	2520.000000
0.670250	 	2526.666667
0.610726	 	2533.333333
0.600806	 	2540.000000
0.539298	 	2546.666667
0.789298	 	2553.333333
0.503584	 	2560.000000
0.525409	 	2566.666667
0.678187	 	2573.333333
0.648425	 	2580.000000
0.785330	 	2586.666667
0.678187	 	2593.333333
0.541282	 	2600.000000
0.592869	 	2606.666667
0.705965	 	2613.333333
0.836917	 	2620.000000
0.842869	 	2626.666667
0.448028	 	2633.333333
0.567076	 	2640.000000
0.785330	 	2646.666667
0.698028	 	2653.333333
0.922234	 	2660.000000
0.868663	 	2666.666667
0.856758	 	2673.333333
0.950012	 	2680.000000
0.821044	 	2686.666667
0.592869	 	2693.333333
0.779377	 	2700.000000
0.698028	 	2706.666667
0.412314	 	2713.333333
0.654377	 	2720.000000
0.719853	 	2726.666667
0.582949	 	2733.333333
0.747631	 	2740.000000
0.491679	 	2746.666667
0.620647	 	2753.333333
0.491679	 	2760.000000
0.684139	 	2766.666667
0.701996	 	2773.333333
2.711917	 	2780.000000
13.596838	 	2786.666667
110.955965	 	2793.333333
457.575012	 	2800.000000
943.019457	 	2806.666667
1402.755568	 	2813.333333
1802.172234	 	2820.000000
2138.868663	 	2826.666667
2414.745647	 	2833.333333
2636.815092	 	2840.000000
2810.005568	 	2846.666667
2938.900409	 	2853.333333
3026.471838	 	2860.000000
3080.803187	 	2866.666667
3109.495647	 	2873.333333
3118.567076	 	2880.000000
3109.154377	 	2886.666667
3089.033346	 	2893.333333
3052.789298	 	2900.000000
3012.594853	 	2906.666667
2966.455965	 	2913.333333
2920.013504	 	2920.000000
2877.110726	 	2926.666667
2831.755568	 	2933.333333
2776.868663	 	2940.000000
2724.916282	 	2946.666667
2670.200012	 	2953.333333
2617.436123	 	2960.000000
2563.826996	 	2966.666667
2512.825012	 	2973.333333
2462.378584	 	2980.000000
2417.588901	 	2986.666667
2368.186123	 	2993.333333
2324.001599	 	3000.000000
2280.178187	 	3006.666667
2239.757552	 	3013.333333
2198.521441	 	3020.000000
2161.362711	 	3026.666667
2121.797234	 	3033.333333
2087.231758	 	3040.000000
2053.059139	 	3046.666667
2022.075012	 	3053.333333
1988.436123	 	3060.000000
1957.073028	 	3066.666667
1925.797234	 	3073.333333
1896.825012	 	3080.000000
1868.694060	 	3086.666667
1842.116679	 	3093.333333
1815.221838	 	3100.000000
1789.430171	 	3106.666667
1765.630568	 	3113.333333
1742.920250	 	3120.000000
1718.985726	 	3126.666667
1696.481758	 	3133.333333
1673.852790	 	3140.000000
1653.265488	 	3146.666667
1633.130568	 	3153.333333
1614.196044	 	3160.000000
1593.416282	 	3166.666667
1573.134536	 	3173.333333
1554.575012	 	3180.000000
1536.684139	 	3186.666667
1519.209933	 	3193.333333
1502.069060	 	3200.000000
1484.951996	 	3206.666667
1467.757552	 	3213.333333
1452.499615	 	3220.000000
1437.122631	 	3226.666667
1420.852790	 	3233.333333
1403.832949	 	3240.000000
1389.815092	 	3246.666667
1375.745647	 	3253.333333
1362.180171	 	3260.000000
1347.781361	 	3266.666667
1334.418266	 	3273.333333
1322.126599	 	3280.000000
1310.352790	 	3286.666667
1298.378584	 	3293.333333
1285.410330	 	3300.000000
1272.517472	 	3306.666667
1260.178187	 	3313.333333
1248.174219	 	3320.000000
1236.715885	 	3326.666667
1225.158346	 	3333.333333
1213.301203	 	3340.000000
1202.916282	 	3346.666667
1192.511520	 	3353.333333
1182.263504	 	3360.000000
1171.455965	 	3366.666667
1160.507552	 	3373.333333
1150.150409	 	3380.000000
1140.694060	 	3386.666667
1130.408346	 	3393.333333
1120.628584	 	3400.000000
1110.904377	 	3406.666667
1102.271441	 	3413.333333
1093.096838	 	3420.000000
1084.285330	 	3426.666667
1075.539298	 	3433.333333
1068.830965	 	3440.000000
1059.551203	 	3446.666667
1052.247631	 	3453.333333
1044.656361	 	3460.000000
1036.713901	 	3466.666667
1027.293266	 	3473.333333
1020.328980	 	3480.000000
1013.694060	 	3486.666667
1005.850806	 	3493.333333
997.114695	 	3500.000000
990.584933	 	3506.666667
983.019457	 	3513.333333
975.299219	 	3520.000000
967.688107	 	3526.666667
962.664298	 	3533.333333
955.130568	 	3540.000000
948.400409	 	3546.666667
943.745647	 	3553.333333
937.338901	 	3560.000000
931.007552	 	3566.666667
924.765488	 	3573.333333
918.495647	 	3580.000000
911.374615	 	3586.666667
906.501599	 	3593.333333
900.908346	 	3600.000000
894.186123	 	3606.666667
887.703980	 	3613.333333
882.858742	 	3620.000000
876.073028	 	3626.666667
869.830965	 	3633.333333
863.582949	 	3640.000000
858.797234	 	3646.666667
852.156361	 	3653.333333
846.705965	 	3660.000000
841.158346	 	3666.666667
835.541282	 	3673.333333
829.813107	 	3680.000000
824.203980	 	3686.666667
819.543266	 	3693.333333
813.765488	 	3700.000000
808.273425	 	3706.666667
802.519457	 	3713.333333
797.692076	 	3720.000000
792.799219	 	3726.666667
788.287314	 	3733.333333
783.217869	 	3740.000000
778.023425	 	3746.666667
773.912314	 	3753.333333
769.354774	 	3760.000000
764.354774	 	3766.666667
760.906361	 	3773.333333
755.410330	 	3780.000000
750.263504	 	3786.666667
745.523425	 	3793.333333
741.436123	 	3800.000000
736.293266	 	3806.666667
731.491679	 	3813.333333
726.565092	 	3820.000000
723.003584	 	3826.666667
718.668266	 	3833.333333
713.686123	 	3840.000000
710.138504	 	3846.666667
705.676203	 	3853.333333
700.463901	 	3860.000000
696.467869	 	3866.666667
692.521441	 	3873.333333
687.521441	 	3880.000000
682.573028	 	3886.666667
679.463901	 	3893.333333
675.832949	 	3900.000000
673.073028	 	3906.666667
669.908346	 	3913.333333
666.350806	 	3920.000000
662.513504	 	3926.666667
659.027393	 	3933.333333
655.152393	 	3940.000000
650.084933	 	3946.666667
646.144457	 	3953.333333
643.207949	 	3960.000000
639.444060	 	3966.666667
634.882552	 	3973.333333
631.834933	 	3980.000000
629.404377	 	3986.666667
625.259536	 	3993.333333
621.700012	 	4000.000000
619.330965	 	4006.666667
616.293266	 	4013.333333
613.041282	 	4020.000000
610.219853	 	4026.666667
606.690092	 	4033.333333
603.065092	 	4040.000000
600.078980	 	4046.666667
596.517472	 	4053.333333
592.942076	 	4060.000000
590.652393	 	4066.666667
587.588901	 	4073.333333
584.200012	 	4080.000000
580.432155	 	4086.666667
577.247631	 	4093.333333
573.902393	 	4100.000000
569.745647	 	4106.666667
566.416282	 	4113.333333
562.823028	 	4120.000000
558.888504	 	4126.666667
555.942076	 	4133.333333
552.765488	 	4140.000000
549.457949	 	4146.666667
546.297234	 	4153.333333
543.156361	 	4160.000000
540.424219	 	4166.666667
537.180171	 	4173.333333
534.313107	 	4180.000000
532.073028	 	4186.666667
529.007552	 	4193.333333
525.908346	 	4200.000000
523.156361	 	4206.666667
520.765488	 	4213.333333
517.658346	 	4220.000000
515.442076	 	4226.666667
512.198028	 	4233.333333
509.830965	 	4240.000000
507.039298	 	4246.666667
504.426203	 	4253.333333
502.469853	 	4260.000000
499.753584	 	4266.666667
497.271441	 	4273.333333
495.442076	 	4280.000000
492.733742	 	4286.666667
490.650409	 	4293.333333
488.394457	 	4300.000000
485.846838	 	4306.666667
482.503584	 	4313.333333
480.434139	 	4320.000000
478.547234	 	4326.666667
475.158346	 	4333.333333
473.594853	 	4340.000000
471.467869	 	4346.666667
468.787314	 	4353.333333
466.317076	 	4360.000000
463.660330	 	4366.666667
461.846838	 	4373.333333
459.408346	 	4380.000000
456.586917	 	4386.666667
454.158346	 	4393.333333
451.576996	 	4400.000000
448.832949	 	4406.666667
446.104774	 	4413.333333
443.936123	 	4420.000000
441.894457	 	4426.666667
439.606758	 	4433.333333
436.513504	 	4440.000000
433.555171	 	4446.666667
431.971838	 	4453.333333
429.576996	 	4460.000000
427.741679	 	4466.666667
426.436123	 	4473.333333
424.106758	 	4480.000000
422.283346	 	4486.666667
419.797234	 	4493.333333
417.817076	 	4500.000000
415.852790	 	4506.666667
413.620647	 	4513.333333
411.499615	 	4520.000000
409.430171	 	4526.666667
407.045250	 	4533.333333
405.132552	 	4540.000000
403.041282	 	4546.666667
400.834933	 	4553.333333
398.765488	 	4560.000000
396.420250	 	4566.666667
394.275409	 	4573.333333
392.134536	 	4580.000000
390.311123	 	4586.666667
388.485726	 	4593.333333
386.243663	 	4600.000000
384.025409	 	4606.666667
382.317076	 	4613.333333
379.967869	 	4620.000000
377.521441	 	4626.666667
374.959933	 	4633.333333
372.844853	 	4640.000000
370.918266	 	4646.666667
368.451996	 	4653.333333
366.932155	 	4660.000000
364.928187	 	4666.666667
362.951996	 	4673.333333
361.378584	 	4680.000000
359.317076	 	4686.666667
357.297234	 	4693.333333
355.434139	 	4700.000000
353.487711	 	4706.666667
350.932155	 	4713.333333
349.001599	 	4720.000000
347.243663	 	4726.666667
344.969853	 	4733.333333
342.628584	 	4740.000000
340.888504	 	4746.666667
338.906361	 	4753.333333
337.075012	 	4760.000000
335.027393	 	4766.666667
333.767472	 	4773.333333
332.553187	 	4780.000000
331.118663	 	4786.666667
329.723822	 	4793.333333
328.330965	 	4800.000000
327.063107	 	4806.666667
325.773425	 	4813.333333
323.900409	 	4820.000000
322.451996	 	4826.666667
321.231758	 	4833.333333
318.880568	 	4840.000000
317.971838	 	4846.666667
316.961917	 	4853.333333
315.211917	 	4860.000000
313.553187	 	4866.666667
312.259536	 	4873.333333
310.890488	 	4880.000000
308.912314	 	4886.666667
307.170250	 	4893.333333
305.354774	 	4900.000000
303.451996	 	4906.666667
302.217869	 	4913.333333
300.398425	 	4920.000000
298.707949	 	4926.666667
296.648425	 	4933.333333
294.705965	 	4940.000000
293.295250	 	4946.666667
292.390488	 	4953.333333
290.640488	 	4960.000000
289.285330	 	4966.666667
287.967869	 	4973.333333
286.594853	 	4980.000000
284.624615	 	4986.666667
283.285330	 	4993.333333
281.743663	 	5000.000000
280.465885	 	5006.666667
279.767472	 	5013.333333
277.876599	 	5020.000000
276.404377	 	5026.666667
275.918266	 	5033.333333
274.582949	 	5040.000000
273.313107	 	5046.666667
272.257552	 	5053.333333
271.154377	 	5060.000000
270.384536	 	5066.666667
269.438107	 	5073.333333
268.450012	 	5080.000000
267.152393	 	5086.666667
266.190092	 	5093.333333
265.771441	 	5100.000000
264.771441	 	5106.666667
263.281361	 	5113.333333
262.547234	 	5120.000000
261.991679	 	5126.666667
260.757552	 	5133.333333
259.364695	 	5140.000000
257.924219	 	5146.666667
256.271441	 	5153.333333
254.828980	 	5160.000000
253.186123	 	5166.666667
252.126599	 	5173.333333
250.713901	 	5180.000000
249.690092	 	5186.666667
248.017472	 	5193.333333
246.803187	 	5200.000000
245.164298	 	5206.666667
243.519457	 	5213.333333
241.848822	 	5220.000000
240.499615	 	5226.666667
239.029377	 	5233.333333
237.547234	 	5240.000000
236.253584	 	5246.666667
234.894457	 	5253.333333
233.412314	 	5260.000000
231.600806	 	5266.666667
230.366679	 	5273.333333
229.229774	 	5280.000000
228.376599	 	5286.666667
227.136520	 	5293.333333
226.170250	 	5300.000000
224.967869	 	5306.666667
223.531361	 	5313.333333
222.870647	 	5320.000000
222.049219	 	5326.666667
221.073028	 	5333.333333
219.602790	 	5340.000000
218.769457	 	5346.666667
217.763504	 	5353.333333
216.372631	 	5360.000000
215.140488	 	5366.666667
214.392472	 	5373.333333
213.205965	 	5380.000000
212.368663	 	5386.666667
211.769457	 	5393.333333
210.503584	 	5400.000000
209.598822	 	5406.666667
208.334933	 	5413.333333
207.205965	 	5420.000000
206.408346	 	5426.666667
204.660330	 	5433.333333
203.031361	 	5440.000000
201.557155	 	5446.666667
200.039298	 	5453.333333
198.878584	 	5460.000000
197.594853	 	5466.666667
196.576996	 	5473.333333
195.319060	 	5480.000000
194.269457	 	5486.666667
193.416282	 	5493.333333
192.082949	 	5500.000000
191.017472	 	5506.666667
189.888504	 	5513.333333
188.823028	 	5520.000000
188.394457	 	5526.666667
187.289298	 	5533.333333
186.469853	 	5540.000000
185.344853	 	5546.666667
184.608742	 	5553.333333
183.741679	 	5560.000000
182.995647	 	5566.666667
182.015488	 	5573.333333
181.239695	 	5580.000000
180.170250	 	5586.666667
179.263504	 	5593.333333
178.459933	 	5600.000000
177.955965	 	5606.666667
176.989695	 	5613.333333
176.084933	 	5620.000000
175.176203	 	5626.666667
173.616679	 	5633.333333
172.860726	 	5640.000000
171.823028	 	5646.666667
171.065092	 	5653.333333
170.116679	 	5660.000000
168.507552	 	5666.666667
167.763504	 	5673.333333
167.418266	 	5680.000000
166.563107	 	5686.666667
165.755568	 	5693.333333
164.787314	 	5700.000000
163.713901	 	5706.666667
162.545250	 	5713.333333
162.059139	 	5720.000000
161.120647	 	5726.666667
160.198028	 	5733.333333
159.392472	 	5740.000000
158.989695	 	5746.666667
158.122631	 	5753.333333
157.582949	 	5760.000000
156.868663	 	5766.666667
155.779377	 	5773.333333
154.894457	 	5780.000000
153.902393	 	5786.666667
153.001599	 	5793.333333
152.342869	 	5800.000000
152.100806	 	5806.666667
151.037314	 	5813.333333
150.319060	 	5820.000000
149.918266	 	5826.666667
149.338901	 	5833.333333
148.872631	 	5840.000000
148.144457	 	5846.666667
147.225806	 	5853.333333
146.626599	 	5860.000000
146.299219	 	5866.666667
145.898425	 	5873.333333
144.533346	 	5880.000000
144.092869	 	5886.666667
143.479774	 	5893.333333
142.751599	 	5900.000000
142.323028	 	5906.666667
141.789298	 	5913.333333
140.999615	 	5920.000000
140.053187	 	5926.666667
139.416282	 	5933.333333
138.719853	 	5940.000000
138.025409	 	5946.666667
137.073028	 	5953.333333
136.646441	 	5960.000000
136.110726	 	5966.666667
135.448028	 	5973.333333
134.511520	 	5980.000000
133.898425	 	5986.666667
132.975806	 	5993.333333
132.368663	 	6000.000000
131.158346	 	6006.666667
130.739695	 	6013.333333
130.273425	 	6020.000000
129.259536	 	6026.666667
128.463901	 	6033.333333
127.858742	 	6040.000000
127.231758	 	6046.666667
126.053187	 	6053.333333
125.575012	 	6060.000000
125.053187	 	6066.666667
124.503584	 	6073.333333
124.049219	 	6080.000000
123.527393	 	6086.666667
122.789298	 	6093.333333
122.799219	 	6100.000000
122.410330	 	6106.666667
121.797234	 	6113.333333
121.227790	 	6120.000000
121.253584	 	6126.666667
119.981758	 	6133.333333
119.858742	 	6140.000000
119.178187	 	6146.666667
118.600806	 	6153.333333
117.973822	 	6160.000000
117.291282	 	6166.666667
116.340885	 	6173.333333
115.961917	 	6180.000000
115.660330	 	6186.666667
114.757552	 	6193.333333
113.769457	 	6200.000000
112.957949	 	6206.666667
112.856758	 	6213.333333
112.311123	 	6220.000000
112.120647	 	6226.666667
111.874615	 	6233.333333
111.757552	 	6240.000000
111.190092	 	6246.666667
110.838901	 	6253.333333
110.340885	 	6260.000000
109.668266	 	6266.666667
109.307155	 	6273.333333
108.620647	 	6280.000000
108.166282	 	6286.666667
108.205965	 	6293.333333
107.682155	 	6300.000000
107.521441	 	6306.666667
107.364695	 	6313.333333
106.813107	 	6320.000000
106.140488	 	6326.666667
105.922234	 	6333.333333
105.878584	 	6340.000000
105.182155	 	6346.666667
104.638504	 	6353.333333
104.682155	 	6360.000000
103.971838	 	6366.666667
103.348822	 	6373.333333
102.428187	 	6380.000000
102.444060	 	6386.666667
101.771441	 	6393.333333
101.330965	 	6400.000000
100.731758	 	6406.666667
100.495647	 	6413.333333
100.053187	 	6420.000000
99.745647	 	6426.666667
99.650409	 	6433.333333
99.636520	 	6440.000000
98.977790	 	6446.666667
99.043266	 	6453.333333
98.926203	 	6460.000000
98.227790	 	6466.666667
97.634536	 	6473.333333
97.271441	 	6480.000000
96.614695	 	6486.666667
96.269457	 	6493.333333
95.106758	 	6500.000000
95.011520	 	6506.666667
94.531361	 	6513.333333
93.926203	 	6520.000000
93.201996	 	6526.666667
92.757552	 	6533.333333
91.987711	 	6540.000000
91.604774	 	6546.666667
91.257552	 	6553.333333
90.749615	 	6560.000000
90.186123	 	6566.666667
89.606758	 	6573.333333
89.180171	 	6580.000000
88.620647	 	6586.666667
88.529377	 	6593.333333
87.809139	 	6600.000000
87.253584	 	6606.666667
86.834933	 	6613.333333
86.803187	 	6620.000000
86.283346	 	6626.666667
85.951996	 	6633.333333
85.586917	 	6640.000000
85.231758	 	6646.666667
84.523425	 	6653.333333
84.213901	 	6660.000000
83.672234	 	6666.666667
83.247631	 	6673.333333
82.797234	 	6680.000000
82.509536	 	6686.666667
81.848822	 	6693.333333
81.332949	 	6700.000000
80.666282	 	6706.666667
80.166282	 	6713.333333
79.610726	 	6720.000000
79.061123	 	6726.666667
78.475806	 	6733.333333
77.896441	 	6740.000000
77.317076	 	6746.666667
76.868663	 	6753.333333
76.392472	 	6760.000000
75.648425	 	6766.666667
75.582949	 	6773.333333
74.918266	 	6780.000000
74.360726	 	6786.666667
74.021441	 	6793.333333
73.108742	 	6800.000000
72.674219	 	6806.666667
72.876599	 	6813.333333
72.412314	 	6820.000000
71.582949	 	6826.666667
71.573028	 	6833.333333
70.950012	 	6840.000000
70.852790	 	6846.666667
70.323028	 	6853.333333
69.826996	 	6860.000000
69.596838	 	6866.666667
69.344853	 	6873.333333
69.295250	 	6880.000000
68.916282	 	6886.666667
69.013504	 	6893.333333
68.711917	 	6900.000000
68.690092	 	6906.666667
68.261520	 	6913.333333
68.410330	 	6920.000000
67.920250	 	6926.666667
67.390488	 	6933.333333
67.515488	 	6940.000000
67.138504	 	6946.666667
66.497631	 	6953.333333
66.303187	 	6960.000000
65.870647	 	6966.666667
65.874615	 	6973.333333
65.283346	 	6980.000000
65.305171	 	6986.666667
64.378584	 	6993.333333
63.926203	 	7000.000000
63.813107	 	7006.666667
63.507552	 	7013.333333
62.789298	 	7020.000000
62.434139	 	7026.666667
62.106758	 	7033.333333
61.569060	 	7040.000000
61.362711	 	7046.666667
61.287314	 	7053.333333
60.672234	 	7060.000000
60.317076	 	7066.666667
60.082949	 	7073.333333
59.602790	 	7080.000000
59.586917	 	7086.666667
59.213901	 	7093.333333
58.598822	 	7100.000000
58.160330	 	7106.666667
58.067076	 	7113.333333
57.628584	 	7120.000000
57.338901	 	7126.666667
57.209933	 	7133.333333
56.912314	 	7140.000000
56.501599	 	7146.666667
56.473822	 	7153.333333
56.275409	 	7160.000000
56.148425	 	7166.666667
55.471838	 	7173.333333
55.338901	 	7180.000000
54.959933	 	7186.666667
54.634536	 	7193.333333
53.973822	 	7200.000000
53.815092	 	7206.666667
53.644457	 	7213.333333
53.005568	 	7220.000000
52.934139	 	7226.666667
52.983742	 	7233.333333
52.807155	 	7240.000000
52.178187	 	7246.666667
52.039298	 	7253.333333
51.598822	 	7260.000000
51.176203	 	7266.666667
51.100806	 	7273.333333
50.586917	 	7280.000000
50.378584	 	7286.666667
49.963901	 	7293.333333
49.892472	 	7300.000000
49.531361	 	7306.666667
49.473822	 	7313.333333
49.479774	 	7320.000000
49.348822	 	7326.666667
49.225806	 	7333.333333
48.840885	 	7340.000000
48.850806	 	7346.666667
48.801203	 	7353.333333
48.515488	 	7360.000000
48.265488	 	7366.666667
48.319060	 	7373.333333
48.227790	 	7380.000000
47.771441	 	7386.666667
47.723822	 	7393.333333
47.313107	 	7400.000000
46.832949	 	7406.666667
46.620647	 	7413.333333
46.578980	 	7420.000000
46.170250	 	7426.666667
46.065092	 	7433.333333
45.602790	 	7440.000000
45.926203	 	7446.666667
45.723822	 	7453.333333
45.501599	 	7460.000000
45.118663	 	7466.666667
45.156361	 	7473.333333
45.061123	 	7480.000000
44.850806	 	7486.666667
44.769457	 	7493.333333
44.525409	 	7500.000000
44.061123	 	7506.666667
43.892472	 	7513.333333
43.993663	 	7520.000000
43.549219	 	7526.666667
43.362711	 	7533.333333
43.374615	 	7540.000000
43.338901	 	7546.666667
43.057155	 	7553.333333
42.739695	 	7560.000000
42.656361	 	7566.666667
42.257552	 	7573.333333
41.963901	 	7580.000000
41.761520	 	7586.666667
41.832949	 	7593.333333
41.576996	 	7600.000000
41.620647	 	7606.666667
41.138504	 	7613.333333
40.932155	 	7620.000000
40.763504	 	7626.666667
40.569060	 	7633.333333
40.634536	 	7640.000000
40.438107	 	7646.666667
40.104774	 	7653.333333
39.862711	 	7660.000000
39.588901	 	7666.666667
39.323028	 	7673.333333
39.241679	 	7680.000000
38.578980	 	7686.666667
38.442076	 	7693.333333
38.404377	 	7700.000000
38.172234	 	7706.666667
38.102790	 	7713.333333
37.961917	 	7720.000000
37.781361	 	7726.666667
37.844853	 	7733.333333
37.586917	 	7740.000000
37.513504	 	7746.666667
37.235726	 	7753.333333
36.983742	 	7760.000000
36.751599	 	7766.666667
36.471838	 	7773.333333
36.360726	 	7780.000000
36.005568	 	7786.666667
35.797234	 	7793.333333
35.287314	 	7800.000000
34.852790	 	7806.666667
34.495647	 	7813.333333
34.354774	 	7820.000000
33.856758	 	7826.666667
34.065092	 	7833.333333
33.922234	 	7840.000000
33.511520	 	7846.666667
33.269457	 	7853.333333
33.241679	 	7860.000000
32.979774	 	7866.666667
32.519457	 	7873.333333
32.390488	 	7880.000000
31.773425	 	7886.666667
31.757552	 	7893.333333
31.473822	 	7900.000000
31.608742	 	7906.666667
31.235726	 	7913.333333
31.162314	 	7920.000000
31.122631	 	7926.666667
31.126599	 	7933.333333
30.678187	 	7940.000000
30.650409	 	7946.666667
30.799219	 	7953.333333
30.205965	 	7960.000000
30.325012	 	7966.666667
30.459933	 	7973.333333
30.388504	 	7980.000000
29.932155	 	7986.666667
30.114695	 	7993.333333
30.152393	 	8000.000000
29.826996	 	8006.666667
29.592869	 	8013.333333
29.477790	 	8020.000000
29.138504	 	8026.666667
29.239695	 	8033.333333
28.795250	 	8040.000000
28.541282	 	8046.666667
28.412314	 	8053.333333
28.263504	 	8060.000000
28.184139	 	8066.666667
27.793266	 	8073.333333
27.231758	 	8080.000000
27.146441	 	8086.666667
27.055171	 	8093.333333
26.539298	 	8100.000000
26.380568	 	8106.666667
26.132552	 	8113.333333
25.781361	 	8120.000000
25.684139	 	8126.666667
25.338901	 	8133.333333
25.219853	 	8140.000000
24.981758	 	8146.666667
24.481758	 	8153.333333
24.533346	 	8160.000000
24.243663	 	8166.666667
24.285330	 	8173.333333
24.255568	 	8180.000000
23.983742	 	8186.666667
23.892472	 	8193.333333
23.717869	 	8200.000000
24.061123	 	8206.666667
23.739695	 	8213.333333
23.676203	 	8220.000000
23.354774	 	8226.666667
23.529377	 	8233.333333
23.229774	 	8240.000000
23.338901	 	8246.666667
23.023425	 	8253.333333
23.090885	 	8260.000000
22.878584	 	8266.666667
22.850806	 	8273.333333
22.809139	 	8280.000000
22.630568	 	8286.666667
22.765488	 	8293.333333
22.668266	 	8300.000000
22.491679	 	8306.666667
21.997631	 	8313.333333
22.075012	 	8320.000000
21.559139	 	8326.666667
21.487711	 	8333.333333
21.198028	 	8340.000000
20.838901	 	8346.666667
20.630568	 	8353.333333
20.701996	 	8360.000000
20.315092	 	8366.666667
20.223822	 	8373.333333
20.098822	 	8380.000000
20.205965	 	8386.666667
19.549219	 	8393.333333
19.541282	 	8400.000000
19.700012	 	8406.666667
19.428187	 	8413.333333
19.517472	 	8420.000000
19.426203	 	8426.666667
19.350806	 	8433.333333
19.352790	 	8440.000000
19.196044	 	8446.666667
18.815092	 	8453.333333
18.672234	 	8460.000000
18.527393	 	8466.666667
18.705965	 	8473.333333
18.571044	 	8480.000000
18.729774	 	8486.666667
18.692076	 	8493.333333
18.364695	 	8500.000000
18.461917	 	8506.666667
18.380568	 	8513.333333
18.315092	 	8520.000000
18.414298	 	8526.666667
18.444060	 	8533.333333
18.455965	 	8540.000000
18.600806	 	8546.666667
18.588901	 	8553.333333
18.386520	 	8560.000000
18.446044	 	8566.666667
18.255568	 	8573.333333
18.366679	 	8580.000000
18.122631	 	8586.666667
17.918266	 	8593.333333
17.912314	 	8600.000000
17.602790	 	8606.666667
17.757552	 	8613.333333
17.715885	 	8620.000000
17.535330	 	8626.666667
17.620647	 	8633.333333
17.364695	 	8640.000000
17.061123	 	8646.666667
16.870647	 	8653.333333
16.606758	 	8660.000000
16.658346	 	8666.666667
16.271441	 	8673.333333
16.237711	 	8680.000000
16.061123	 	8686.666667
16.041282	 	8693.333333
15.825012	 	8700.000000
15.293266	 	8706.666667
15.140488	 	8713.333333
15.154377	 	8720.000000
14.995647	 	8726.666667
14.684139	 	8733.333333
14.446044	 	8740.000000
14.703980	 	8746.666667
14.515488	 	8753.333333
14.632552	 	8760.000000
14.670250	 	8766.666667
14.465885	 	8773.333333
14.535330	 	8780.000000
14.553187	 	8786.666667
14.438107	 	8793.333333
14.358742	 	8800.000000
14.672234	 	8806.666667
14.444060	 	8813.333333
14.243663	 	8820.000000
14.069060	 	8826.666667
13.733742	 	8833.333333
13.523425	 	8840.000000
13.511520	 	8846.666667
13.323028	 	8853.333333
13.269457	 	8860.000000
13.144457	 	8866.666667
13.190092	 	8873.333333
12.936123	 	8880.000000
12.852790	 	8886.666667
12.967869	 	8893.333333
13.158346	 	8900.000000
12.854774	 	8906.666667
12.894457	 	8913.333333
12.767472	 	8920.000000
12.596838	 	8926.666667
12.414298	 	8933.333333
12.311123	 	8940.000000
12.007552	 	8946.666667
11.930171	 	8953.333333
11.981758	 	8960.000000
11.678187	 	8966.666667
11.777393	 	8973.333333
11.557155	 	8980.000000
11.789298	 	8986.666667
11.803187	 	8993.333333
11.588901	 	9000.000000
11.707949	 	9006.666667
11.521441	 	9013.333333
11.319060	 	9020.000000
11.061123	 	9026.666667
11.269457	 	9033.333333
10.936123	 	9040.000000
11.015488	 	9046.666667
10.819060	 	9053.333333
10.648425	 	9060.000000
10.763504	 	9066.666667
10.640488	 	9073.333333
10.997631	 	9080.000000
10.694060	 	9086.666667
10.588901	 	9093.333333
10.650409	 	9100.000000
10.307155	 	9106.666667
10.527393	 	9113.333333
10.360726	 	9120.000000
9.912314	 	9126.666667
10.001599	 	9133.333333
9.571044	 	9140.000000
9.307155	 	9146.666667
9.285330	 	9153.333333
9.527393	 	9160.000000
9.251599	 	9166.666667
9.412314	 	9173.333333
9.584933	 	9180.000000
9.438107	 	9186.666667
9.160330	 	9193.333333
9.168266	 	9200.000000
9.283346	 	9206.666667
9.136520	 	9213.333333
9.082949	 	9220.000000
9.209933	 	9226.666667
9.263504	 	9233.333333
9.112711	 	9240.000000
8.840885	 	9246.666667
8.977790	 	9253.333333
8.932155	 	9260.000000
8.967869	 	9266.666667
8.799219	 	9273.333333
8.815092	 	9280.000000
8.658346	 	9286.666667
8.876599	 	9293.333333
8.705965	 	9300.000000
8.828980	 	9306.666667
8.614695	 	9313.333333
8.870647	 	9320.000000
8.989695	 	9326.666667
8.698028	 	9333.333333
8.654377	 	9340.000000
8.507552	 	9346.666667
8.848822	 	9353.333333
8.612711	 	9360.000000
8.719853	 	9366.666667
8.672234	 	9373.333333
8.759536	 	9380.000000
8.743663	 	9386.666667
8.489695	 	9393.333333
8.507552	 	9400.000000
8.666282	 	9406.666667
8.332949	 	9413.333333
8.166282	 	9420.000000
8.049219	 	9426.666667
7.963901	 	9433.333333
8.039298	 	9440.000000
7.864695	 	9446.666667
8.176203	 	9453.333333
7.876599	 	9460.000000
7.630568	 	9466.666667
7.370647	 	9473.333333
7.453980	 	9480.000000
7.108742	 	9486.666667
7.043266	 	9493.333333
6.951996	 	9500.000000
6.850806	 	9506.666667
6.692076	 	9513.333333
6.569060	 	9520.000000
6.473822	 	9526.666667
6.356758	 	9533.333333
6.547234	 	9540.000000
6.330965	 	9546.666667
6.092869	 	9553.333333
6.092869	 	9560.000000
6.110726	 	9566.666667
6.078980	 	9573.333333
5.836917	 	9580.000000
6.275409	 	9586.666667
5.803187	 	9593.333333
5.632552	 	9600.000000
5.832949	 	9606.666667
5.723822	 	9613.333333
5.582949	 	9620.000000
5.277393	 	9626.666667
5.160330	 	9633.333333
4.993663	 	9640.000000
4.936123	 	9646.666667
5.027393	 	9653.333333
4.711917	 	9660.000000
5.120647	 	9666.666667
4.878584	 	9673.333333
4.932155	 	9680.000000
4.787314	 	9686.666667
4.803187	 	9693.333333
4.834933	 	9700.000000
4.872631	 	9706.666667
5.027393	 	9713.333333
4.826996	 	9720.000000
4.747631	 	9726.666667
4.592869	 	9733.333333
4.644457	 	9740.000000
4.553187	 	9746.666667
4.394457	 	9753.333333
4.144457	 	9760.000000
4.156361	 	9766.666667
4.118663	 	9773.333333
4.094853	 	9780.000000
3.567076	 	9786.666667
3.999615	 	9793.333333
3.779377	 	9800.000000
3.759536	 	9806.666667
3.461917	 	9813.333333
3.416282	 	9820.000000
3.406361	 	9826.666667
3.440092	 	9833.333333
3.146441	 	9840.000000
3.174219	 	9846.666667
2.991679	 	9853.333333
3.039298	 	9860.000000
2.703980	 	9866.666667
2.745647	 	9873.333333
2.418266	 	9880.000000
2.586917	 	9886.666667
2.569060	 	9893.333333
2.578980	 	9900.000000
2.642472	 	9906.666667
2.374615	 	9913.333333
2.047234	 	9920.000000
2.190092	 	9926.666667
1.876599	 	9933.333333
1.963901	 	9940.000000
1.872631	 	9946.666667
1.723822	 	9953.333333
1.620647	 	9960.000000
1.888504	 	9966.666667
1.817076	 	9973.333333
1.672234	 	9980.000000
1.610726	 	9986.666667
1.616679	 	9993.333333
1.628584	 	10000.000000
1.759536	 	10006.666667
1.825012	 	10013.333333
1.384536	 	10020.000000
1.503584	 	10026.666667
1.745647	 	10033.333333
1.771441	 	10040.000000
1.576996	 	10046.666667
1.765488	 	10053.333333
1.479774	 	10060.000000
1.366679	 	10066.666667
1.529377	 	10073.333333
1.660330	 	10080.000000
1.067076	 	10086.666667
1.249615	 	10093.333333
1.473822	 	10100.000000
1.422234	 	10106.666667
1.352790	 	10113.333333
1.380568	 	10120.000000
1.198028	 	10126.666667
1.108742	 	10133.333333
0.735726	 	10140.000000
1.049219	 	10146.666667
0.920250	 	10153.333333
0.862711	 	10160.000000
0.789298	 	10166.666667
1.029377	 	10173.333333
0.779377	 	10180.000000
0.666282	 	10186.666667
0.620647	 	10193.333333
0.934139	 	10200.000000
0.700012	 	10206.666667
0.753584	 	10213.333333
0.809139	 	10220.000000
0.688107	 	10226.666667
0.295250	 	10233.333333
0.414298	 	10240.000000
0.372631	 	10246.666667
0.388504	 	10253.333333
0.285330	 	10260.000000
0.203980	 	10266.666667
0.203980	 	10273.333333
0.146441	 	10280.000000
-0.401178	 	10286.666667
-0.161099	 	10293.333333
-0.387289	 	10300.000000
-0.409115	 	10306.666667
-0.180940	 	10313.333333
0.007552	 	10320.000000
-0.012289	 	10326.666667
-0.020226	 	10333.333333
-0.173004	 	10340.000000
0.005568	 	10346.666667
-0.369432	 	10353.333333
-0.040067	 	10360.000000
-0.073797	 	10366.666667
-0.125385	 	10373.333333
-0.063877	 	10380.000000
0.164298	 	10386.666667
0.104774	 	10393.333333
0.039298	 	10400.000000
0.219853	 	10406.666667
0.094853	 	10413.333333
0.019457	 	10420.000000
-0.145226	 	10426.666667
-0.268242	 	10433.333333
-0.196813	 	10440.000000
-0.018242	 	10446.666667
-0.222607	 	10453.333333
-0.305940	 	10460.000000
-0.180940	 	10466.666667
-0.161099	 	10473.333333
-0.284115	 	10480.000000
-0.538083	 	10486.666667
-0.151178	 	10493.333333
-0.379353	 	10500.000000
-0.369432	 	10506.666667
-0.561893	 	10513.333333
-0.401178	 	10520.000000
-0.605543	 	10526.666667
-0.770226	 	10533.333333
-0.708718	 	10540.000000
-0.690861	 	10546.666667
-0.799988	 	10553.333333
-0.561893	 	10560.000000
-0.861496	 	10566.666667
-0.919035	 	10573.333333
-1.171020	 	10580.000000
-0.905147	 	10586.666667
-0.978559	 	10593.333333
-1.000385	 	10600.000000
-1.230543	 	10606.666667
-1.155147	 	10613.333333
-1.176972	 	10620.000000
-1.428956	 	10626.666667
-1.286099	 	10633.333333
-1.347607	 	10640.000000
-1.756337	 	10646.666667
-1.464670	 	10653.333333
-1.381337	 	10660.000000
-1.798004	 	10666.666667
-1.801972	 	10673.333333
-1.637289	 	10680.000000
-1.571813	 	10686.666667
-1.520226	 	10693.333333
-1.809908	 	10700.000000
-1.676972	 	10706.666667
-1.774194	 	10713.333333
-1.657131	 	10720.000000
-1.786099	 	10726.666667
-1.379353	 	10733.333333
-1.980543	 	10740.000000
-1.875385	 	10746.666667
-1.784115	 	10753.333333
-1.849591	 	10760.000000
-1.734512	 	10766.666667
-1.682924	 	10773.333333
-1.782131	 	10780.000000
-1.732528	 	10786.666667
-1.819829	 	10793.333333
-1.839670	 	10800.000000
-1.934908	 	10806.666667
-1.928956	 	10813.333333
-2.042051	 	10820.000000
-2.091654	 	10826.666667
-2.214670	 	10833.333333
-2.188877	 	10840.000000
-2.024194	 	10846.666667
-2.276178	 	10853.333333
-2.178956	 	10860.000000
-2.113480	 	10866.666667
-2.563877	 	10873.333333
-2.409115	 	10880.000000
-2.244432	 	10886.666667
-2.546020	 	10893.333333
-2.409115	 	10900.000000
-2.371416	 	10906.666667
-2.071813	 	10913.333333
-2.220623	 	10920.000000
-2.333718	 	10926.666667
-2.351575	 	10933.333333
-2.401178	 	10940.000000
-2.623401	 	10946.666667
-2.651178	 	10953.333333
-2.639274	 	10960.000000
-2.575781	 	10966.666667
-2.549988	 	10973.333333
-2.484512	 	10980.000000
-2.367448	 	10986.666667
-2.299988	 	10993.333333
-2.462686	 	11000.000000
-2.161099	 	11006.666667
-2.573797	 	11013.333333
-2.280147	 	11020.000000
-2.524194	 	11026.666667
-2.452766	 	11033.333333
-2.484512	 	11040.000000
-2.700781	 	11046.666667
-2.690861	 	11053.333333
-2.561893	 	11060.000000
-2.617448	 	11066.666667
-2.746416	 	11073.333333
-2.724591	 	11080.000000
-2.811893	 	11086.666667
-2.742448	 	11093.333333
-2.805940	 	11100.000000
-3.188877	 	11106.666667
-2.970623	 	11113.333333
-3.065861	 	11120.000000
-2.780147	 	11126.666667
-2.738480	 	11133.333333
-2.919035	 	11140.000000
-2.831734	 	11146.666667
-2.869432	 	11153.333333
-2.633321	 	11160.000000
-2.506337	 	11166.666667
-2.577766	 	11173.333333
-2.885305	 	11180.000000
-2.442845	 	11186.666667
-2.627369	 	11193.333333
-2.629353	 	11200.000000
-2.512289	 	11206.666667
-2.752369	 	11213.333333
-2.549988	 	11220.000000
-2.651178	 	11226.666667
-2.780147	 	11233.333333
-2.911099	 	11240.000000
-2.938877	 	11246.666667
-2.877369	 	11253.333333
-2.865464	 	11260.000000
-2.847607	 	11266.666667
-2.746416	 	11273.333333
-3.101575	 	11280.000000
-2.946813	 	11286.666667
-3.030147	 	11293.333333
-3.188877	 	11300.000000
-3.202766	 	11306.666667
-3.163083	 	11313.333333
-3.327766	 	11320.000000
-3.357528	 	11326.666667
-3.496416	 	11333.333333
-3.460702	 	11340.000000
-3.559908	 	11346.666667
-3.424988	 	11353.333333
-3.617448	 	11360.000000
-3.585702	 	11366.666667
-3.480543	 	11373.333333
-3.492448	 	11380.000000
-3.653162	 	11386.666667
-3.827766	 	11393.333333
-3.740464	 	11400.000000
-3.496416	 	11406.666667
-3.629353	 	11413.333333
-3.496416	 	11420.000000
-3.343639	 	11426.666667
-3.407131	 	11433.333333
-3.526178	 	11440.000000
-3.548004	 	11446.666667
-3.413083	 	11453.333333
-3.585702	 	11460.000000
-3.607528	 	11466.666667
-3.667051	 	11473.333333
-3.490464	 	11480.000000
-3.567845	 	11486.666667
-3.526178	 	11493.333333
-4.008321	 	11500.000000
-3.792051	 	11506.666667
-3.794035	 	11513.333333
-3.863480	 	11520.000000
-3.803956	 	11526.666667
-3.972607	 	11533.333333
-3.645226	 	11540.000000
-3.738480	 	11546.666667
-3.736496	 	11553.333333
-3.829750	 	11560.000000
-3.815861	 	11566.666667
-3.851575	 	11573.333333
-4.010305	 	11580.000000
-3.702766	 	11586.666667
-3.923004	 	11593.333333
-3.936893	 	11600.000000
-4.133321	 	11606.666667
-4.042051	 	11613.333333
-4.159115	 	11620.000000
-4.000385	 	11626.666667
-4.319829	 	11633.333333
-4.274194	 	11640.000000
-4.141258	 	11646.666667
-4.496416	 	11653.333333
-4.542051	 	11660.000000
-4.544035	 	11666.666667
-4.389274	 	11673.333333
-4.522210	 	11680.000000
-4.123401	 	11686.666667
-4.204750	 	11693.333333
-4.383321	 	11700.000000
-4.176972	 	11706.666667
-4.440861	 	11713.333333
-4.262289	 	11720.000000
-4.020226	 	11726.666667
-4.024194	 	11733.333333
-4.202766	 	11740.000000
-4.357528	 	11746.666667
-4.147210	 	11753.333333
-4.036099	 	11760.000000
-4.196813	 	11766.666667
-4.020226	 	11773.333333
-4.169035	 	11780.000000
-4.040067	 	11786.666667
-3.770226	 	11793.333333
-3.903162	 	11800.000000
-3.938877	 	11806.666667
-3.736496	 	11813.333333
-3.801972	 	11820.000000
-3.944829	 	11826.666667
-4.022210	 	11833.333333
-4.238480	 	11840.000000
-4.196813	 	11846.666667
-4.042051	 	11853.333333
-4.171020	 	11860.000000
-4.135305	 	11866.666667
-4.184908	 	11873.333333
-4.220623	 	11880.000000
-4.278162	 	11886.666667
-4.230543	 	11893.333333
-4.361496	 	11900.000000
-4.510305	 	11906.666667
-4.143242	 	11913.333333
-4.246416	 	11920.000000
-4.085702	 	11926.666667
-4.240464	 	11933.333333
-4.345623	 	11940.000000
-4.272210	 	11946.666667
-4.274194	 	11953.333333
-4.496416	 	11960.000000
-4.381337	 	11966.666667
-4.617448	 	11973.333333
-4.676972	 	11980.000000
-4.647210	 	11986.666667
-4.510305	 	11993.333333
-4.671020	 	12000.000000
-4.555940	 	12006.666667
-4.347607	 	12013.333333
-4.528162	 	12020.000000
-4.415067	 	12026.666667
-4.665067	 	12033.333333
-4.522210	 	12040.000000
-4.492448	 	12046.666667
-4.430940	 	12053.333333
-4.661099	 	12060.000000
-4.315861	 	12066.666667
-4.171020	 	12073.333333
-4.417051	 	12080.000000
-4.565861	 	12086.666667
-4.536099	 	12093.333333
-4.524194	 	12100.000000
-4.452766	 	12106.666667
-4.442845	 	12113.333333
-4.222607	 	12120.000000
-4.540067	 	12126.666667
-4.579750	 	12133.333333
-4.786099	 	12140.000000
-4.538083	 	12146.666667
-4.557924	 	12153.333333
-4.555940	 	12160.000000
-4.752369	 	12166.666667
-4.684908	 	12173.333333
-4.960702	 	12180.000000
-5.057924	 	12186.666667
-4.869432	 	12193.333333
-4.950781	 	12200.000000
-4.891258	 	12206.666667
-5.079750	 	12213.333333
-4.946813	 	12220.000000
-4.944829	 	12226.666667
-5.002369	 	12233.333333
-5.020226	 	12240.000000
-4.726575	 	12246.666667
-4.692845	 	12253.333333
-4.809908	 	12260.000000
-4.760305	 	12266.666667
-5.174988	 	12273.333333
-4.825781	 	12280.000000
-4.907131	 	12286.666667
-4.859512	 	12293.333333
-4.998401	 	12300.000000
-5.143242	 	12306.666667
-5.089670	 	12313.333333
-5.232528	 	12320.000000
-5.276178	 	12326.666667
-5.159115	 	12333.333333
-5.323797	 	12340.000000
-5.147210	 	12346.666667
-5.347607	 	12353.333333
-5.246416	 	12360.000000
-5.448797	 	12366.666667
-5.309908	 	12373.333333
-5.319829	 	12380.000000
-5.559908	 	12386.666667
-5.617448	 	12393.333333
-5.645226	 	12400.000000
-5.569829	 	12406.666667
-5.419035	 	12413.333333
-5.730543	 	12420.000000
-5.821813	 	12426.666667
-5.555940	 	12433.333333
-5.601575	 	12440.000000
-5.891258	 	12446.666667
-5.722607	 	12453.333333
-5.821813	 	12460.000000
-5.790067	 	12466.666667
-5.710702	 	12473.333333
-5.716654	 	12480.000000
-5.766258	 	12486.666667
-5.756337	 	12493.333333
-5.415067	 	12500.000000
-5.442845	 	12506.666667
-5.351575	 	12513.333333
-5.514274	 	12520.000000
-5.325781	 	12526.666667
-5.548004	 	12533.333333
-5.067845	 	12540.000000
-5.357528	 	12546.666667
-5.230543	 	12553.333333
-5.313877	 	12560.000000
-5.073797	 	12566.666667
-4.950781	 	12573.333333
-5.006337	 	12580.000000
-5.026178	 	12586.666667
-5.206734	 	12593.333333
-5.252369	 	12600.000000
-5.147210	 	12606.666667
-5.292051	 	12613.333333
-5.218639	 	12620.000000
-5.020226	 	12626.666667
-5.081734	 	12633.333333
-5.522210	 	12640.000000
-5.329750	 	12646.666667
-5.299988	 	12653.333333
-5.520226	 	12660.000000
-5.377369	 	12666.666667
-5.411099	 	12673.333333
-5.444829	 	12680.000000
-5.548004	 	12686.666667
-5.349591	 	12693.333333
-5.811893	 	12700.000000
-5.766258	 	12706.666667
-5.482528	 	12713.333333
-5.661099	 	12720.000000
-5.726575	 	12726.666667
-5.536099	 	12733.333333
-5.895226	 	12740.000000
-5.915067	 	12746.666667
-5.851575	 	12753.333333
-5.629353	 	12760.000000
-5.722607	 	12766.666667
-5.778162	 	12773.333333
-5.788083	 	12780.000000
-5.659115	 	12786.666667
-5.692845	 	12793.333333
-5.510305	 	12800.000000
-5.663083	 	12806.666667
-5.389274	 	12813.333333
-5.555940	 	12820.000000
-5.940861	 	12826.666667
-5.788083	 	12833.333333
-5.746416	 	12840.000000
-5.801972	 	12846.666667
-5.593639	 	12853.333333
-5.536099	 	12860.000000
-5.536099	 	12866.666667
-5.397210	 	12873.333333
-5.536099	 	12880.000000
-5.419035	 	12886.666667
-5.605543	 	12893.333333
-5.480543	 	12900.000000
-5.506337	 	12906.666667
-5.484512	 	12913.333333
-5.674988	 	12920.000000
-5.204750	 	12926.666667
-5.694829	 	12933.333333
-5.518242	 	12940.000000
-5.553956	 	12946.666667
-5.482528	 	12953.333333
-5.359512	 	12960.000000
-5.161099	 	12966.666667
-5.044035	 	12973.333333
-5.248401	 	12980.000000
-5.169035	 	12986.666667
-4.885305	 	12993.333333
-4.696813	 	13000.000000
-5.079750	 	13006.666667
-5.387289	 	13013.333333
-5.093639	 	13020.000000
-5.419035	 	13026.666667
-5.323797	 	13033.333333
-5.258321	 	13040.000000
-5.077766	 	13046.666667
-4.919035	 	13053.333333
-5.250385	 	13060.000000
-5.115464	 	13066.666667
-5.091654	 	13073.333333
-5.262289	 	13080.000000
-5.236496	 	13086.666667
-5.319829	 	13093.333333
-5.345623	 	13100.000000
-5.385305	 	13106.666667
-5.319829	 	13113.333333
-5.536099	 	13120.000000
-5.355543	 	13126.666667
-5.405147	 	13133.333333
-5.512289	 	13140.000000
-5.522210	 	13146.666667
-5.403162	 	13153.333333
-5.299988	 	13160.000000
-5.083718	 	13166.666667
-5.049988	 	13173.333333
-5.113480	 	13180.000000
-5.171020	 	13186.666667
-5.232528	 	13193.333333
-5.301972	 	13200.000000
-5.270226	 	13206.666667
-5.180940	 	13213.333333
-5.403162	 	13220.000000
-5.565861	 	13226.666667
-5.551972	 	13233.333333
-5.397210	 	13240.000000
-5.607528	 	13246.666667
-5.563877	 	13253.333333
-5.526178	 	13260.000000
-5.583718	 	13266.666667
-5.649194	 	13273.333333
-5.605543	 	13280.000000
-5.811893	 	13286.666667
-5.569829	 	13293.333333
-5.778162	 	13300.000000
-5.700781	 	13306.666667
-5.561893	 	13313.333333
-5.518242	 	13320.000000
-5.845623	 	13326.666667
