#peak 	 	#time 
1.240295	 	0.000000
1.377402	 	6.666667
1.580314	 	13.333333
1.626848	 	20.000000
1.549344	 	26.666667
1.656250	 	33.333333
1.588427	 	40.000000
1.705581	 	46.666667
1.550644	 	53.333333
1.503363	 	60.000000
1.769320	 	66.666667
1.632204	 	73.333333
1.595561	 	80.000000
1.616838	 	86.666667
1.778776	 	93.333333
1.730313	 	100.000000
1.782322	 	106.666667
1.606199	 	113.333333
1.820147	 	120.000000
1.837878	 	126.666667
2.066010	 	133.333333
1.696034	 	140.000000
1.757500	 	146.666667
1.685396	 	153.333333
1.722039	 	160.000000
1.823694	 	166.666667
1.718493	 	173.333333
1.564828	 	180.000000
1.661755	 	186.666667
1.659391	 	193.333333
1.672393	 	200.000000
1.705490	 	206.666667
1.532913	 	213.333333
1.680668	 	220.000000
1.783504	 	226.666667
1.606199	 	233.333333
1.601471	 	240.000000
1.605017	 	246.666667
1.677121	 	253.333333
1.557736	 	260.000000
1.645207	 	266.666667
1.437169	 	273.333333
1.534095	 	280.000000
1.573103	 	286.666667
1.439533	 	293.333333
1.655845	 	300.000000
1.502181	 	306.666667
1.372157	 	313.333333
1.454899	 	320.000000
1.603835	 	326.666667
1.735041	 	333.333333
1.712582	 	340.000000
1.574285	 	346.666667
1.761046	 	353.333333
1.504545	 	360.000000
1.579013	 	366.666667
1.566010	 	373.333333
1.655845	 	380.000000
1.788233	 	386.666667
1.683032	 	393.333333
1.794143	 	400.000000
1.810691	 	406.666667
1.739769	 	413.333333
1.746861	 	420.000000
1.870975	 	426.666667
1.956081	 	433.333333
1.934805	 	440.000000
1.935987	 	446.666667
1.932441	 	453.333333
1.821329	 	460.000000
1.984450	 	466.666667
1.927712	 	473.333333
1.920620	 	480.000000
1.908800	 	486.666667
1.948989	 	493.333333
1.989178	 	500.000000
1.725585	 	506.666667
1.933623	 	513.333333
1.709036	 	520.000000
1.696034	 	526.666667
1.661755	 	533.333333
1.874521	 	540.000000
1.641660	 	546.666667
1.623930	 	553.333333
1.446625	 	560.000000
1.421802	 	566.666667
1.469084	 	573.333333
1.571920	 	580.000000
1.525821	 	586.666667
1.355608	 	593.333333
1.402890	 	600.000000
1.537642	 	606.666667
1.470266	 	613.333333
1.381613	 	620.000000
1.560100	 	626.666667
1.685396	 	633.333333
1.687760	 	640.000000
1.459627	 	646.666667
1.675939	 	653.333333
1.588469	 	660.000000
1.601471	 	666.666667
1.584923	 	673.333333
1.742133	 	680.000000
1.601471	 	686.666667
1.779958	 	693.333333
1.679485	 	700.000000
1.849698	 	706.666667
1.749225	 	713.333333
1.769320	 	720.000000
1.575467	 	726.666667
1.685396	 	733.333333
1.770502	 	740.000000
1.725585	 	746.666667
1.836696	 	753.333333
1.965537	 	760.000000
1.817783	 	766.666667
1.777594	 	773.333333
1.920620	 	780.000000
2.067192	 	786.666667
1.915892	 	793.333333
1.972630	 	800.000000
1.989178	 	806.666667
2.101471	 	813.333333
1.902890	 	820.000000
1.926530	 	826.666667
1.908800	 	833.333333
1.670029	 	840.000000
1.817783	 	846.666667
1.600289	 	853.333333
1.641660	 	860.000000
1.579013	 	866.666667
1.487996	 	873.333333
1.529367	 	880.000000
1.661755	 	886.666667
1.680668	 	893.333333
1.575467	 	900.000000
1.607381	 	906.666667
1.482086	 	913.333333
1.151117	 	920.000000
1.407618	 	926.666667
1.370975	 	933.333333
1.388705	 	940.000000
1.437169	 	946.666667
1.303599	 	953.333333
1.268138	 	960.000000
1.452535	 	966.666667
1.366247	 	973.333333
1.363883	 	980.000000
1.218493	 	986.666667
1.188942	 	993.333333
1.232677	 	1000.000000
0.891069	 	1006.666667
0.967902	 	1013.333333
1.222039	 	1020.000000
1.128658	 	1026.666667
1.250407	 	1033.333333
1.256318	 	1040.000000
1.402890	 	1046.666667
1.420620	 	1053.333333
1.367429	 	1060.000000
1.424166	 	1066.666667
1.158209	 	1073.333333
1.282322	 	1080.000000
1.310691	 	1086.666667
1.243315	 	1093.333333
1.179485	 	1100.000000
1.471448	 	1106.666667
1.473812	 	1113.333333
1.310691	 	1120.000000
1.517547	 	1126.666667
1.644024	 	1133.333333
1.567192	 	1140.000000
1.627476	 	1146.666667
1.621566	 	1153.333333
1.679485	 	1160.000000
1.679485	 	1166.666667
1.745679	 	1173.333333
1.986814	 	1180.000000
2.121566	 	1186.666667
1.930077	 	1193.333333
2.010455	 	1200.000000
2.042370	 	1206.666667
1.965537	 	1213.333333
1.966720	 	1220.000000
1.737405	 	1226.666667
1.854426	 	1233.333333
1.562464	 	1240.000000
1.771684	 	1246.666667
1.802417	 	1253.333333
1.733859	 	1260.000000
1.730313	 	1266.666667
1.755136	 	1273.333333
1.660573	 	1280.000000
1.622748	 	1286.666667
1.534095	 	1293.333333
1.835514	 	1300.000000
1.649935	 	1306.666667
1.535277	 	1313.333333
1.577831	 	1320.000000
1.603835	 	1326.666667
1.681850	 	1333.333333
1.829604	 	1340.000000
1.710218	 	1346.666667
1.788233	 	1353.333333
1.529367	 	1360.000000
1.530549	 	1366.666667
1.684214	 	1373.333333
1.830786	 	1380.000000
1.725585	 	1386.666667
1.811873	 	1393.333333
1.920620	 	1400.000000
1.990360	 	1406.666667
1.937169	 	1413.333333
1.748043	 	1420.000000
2.256318	 	1426.666667
2.106199	 	1433.333333
2.123930	 	1440.000000
2.030549	 	1446.666667
1.865065	 	1453.333333
2.108563	 	1460.000000
2.034095	 	1466.666667
1.973812	 	1473.333333
1.941897	 	1480.000000
1.891069	 	1486.666667
1.958445	 	1493.333333
1.946625	 	1500.000000
1.839060	 	1506.666667
1.764592	 	1513.333333
1.666483	 	1520.000000
1.626294	 	1526.666667
1.517547	 	1533.333333
1.802417	 	1540.000000
1.522275	 	1546.666667
1.543552	 	1553.333333
1.735041	 	1560.000000
1.581377	 	1566.666667
1.659391	 	1573.333333
1.732677	 	1580.000000
1.740951	 	1586.666667
1.595561	 	1593.333333
1.359155	 	1600.000000
1.733859	 	1606.666667
1.534095	 	1613.333333
1.729131	 	1620.000000
1.808327	 	1626.666667
1.748043	 	1633.333333
1.648753	 	1640.000000
1.606199	 	1646.666667
1.805963	 	1653.333333
1.652299	 	1660.000000
1.829604	 	1666.666667
1.790597	 	1673.333333
1.778776	 	1680.000000
1.973812	 	1686.666667
1.739769	 	1693.333333
1.634568	 	1700.000000
1.752772	 	1706.666667
1.711400	 	1713.333333
1.711400	 	1720.000000
1.651117	 	1726.666667
1.943079	 	1733.333333
1.713764	 	1740.000000
1.626294	 	1746.666667
1.652299	 	1753.333333
1.943079	 	1760.000000
1.680668	 	1766.666667
1.603835	 	1773.333333
1.703126	 	1780.000000
1.699580	 	1786.666667
1.720857	 	1793.333333
1.729131	 	1800.000000
1.638114	 	1806.666667
1.588469	 	1813.333333
1.805963	 	1820.000000
1.560100	 	1826.666667
1.627476	 	1833.333333
1.547098	 	1840.000000
1.427712	 	1846.666667
1.519911	 	1853.333333
1.574285	 	1860.000000
1.701944	 	1866.666667
1.716129	 	1873.333333
1.534095	 	1880.000000
1.555372	 	1886.666667
1.561282	 	1893.333333
1.529367	 	1900.000000
1.479722	 	1906.666667
1.396980	 	1913.333333
1.573103	 	1920.000000
1.506909	 	1926.666667
1.553008	 	1933.333333
1.493906	 	1940.000000
1.532913	 	1946.666667
1.593197	 	1953.333333
1.493906	 	1960.000000
1.365065	 	1966.666667
1.477358	 	1973.333333
1.649935	 	1980.000000
1.568374	 	1986.666667
1.644024	 	1993.333333
1.666483	 	2000.000000
1.822511	 	2006.666667
1.883977	 	2013.333333
1.769320	 	2020.000000
1.979722	 	2026.666667
1.927712	 	2033.333333
1.999816	 	2040.000000
2.070738	 	2046.666667
2.123930	 	2053.333333
2.073103	 	2060.000000
2.008091	 	2066.666667
2.010455	 	2073.333333
1.969084	 	2080.000000
2.008091	 	2086.666667
2.151117	 	2093.333333
1.969084	 	2100.000000
2.079013	 	2106.666667
1.917074	 	2113.333333
1.972630	 	2120.000000
2.003363	 	2126.666667
2.291779	 	2133.333333
2.389887	 	2140.000000
2.100289	 	2146.666667
2.360337	 	2153.333333
2.349698	 	2160.000000
2.432441	 	2166.666667
2.196034	 	2173.333333
2.100289	 	2180.000000
2.226767	 	2186.666667
2.288233	 	2193.333333
2.398162	 	2200.000000
2.402890	 	2206.666667
2.438351	 	2213.333333
2.361519	 	2220.000000
2.383977	 	2226.666667
2.323694	 	2233.333333
2.314237	 	2240.000000
2.343788	 	2246.666667
2.287050	 	2253.333333
2.392251	 	2260.000000
2.441897	 	2266.666667
2.473812	 	2273.333333
2.329604	 	2280.000000
2.568374	 	2286.666667
2.555372	 	2293.333333
2.671211	 	2300.000000
2.733859	 	2306.666667
2.937169	 	2313.333333
2.867429	 	2320.000000
3.168847	 	2326.666667
2.839060	 	2333.333333
3.009273	 	2340.000000
2.979722	 	2346.666667
3.159391	 	2353.333333
3.171211	 	2360.000000
3.148753	 	2366.666667
3.141660	 	2373.333333
2.963173	 	2380.000000
2.848516	 	2386.666667
2.763410	 	2393.333333
2.874521	 	2400.000000
2.948989	 	2406.666667
2.774048	 	2413.333333
2.878067	 	2420.000000
2.589651	 	2426.666667
2.516365	 	2433.333333
2.534095	 	2440.000000
2.406436	 	2446.666667
2.581377	 	2453.333333
2.590833	 	2460.000000
2.349698	 	2466.666667
2.534095	 	2473.333333
2.778776	 	2480.000000
2.724403	 	2486.666667
2.644024	 	2493.333333
2.594379	 	2500.000000
2.431259	 	2506.666667
2.541188	 	2513.333333
2.763410	 	2520.000000
2.909982	 	2526.666667
2.823694	 	2533.333333
2.729131	 	2540.000000
2.662937	 	2546.666667
2.804781	 	2553.333333
2.785868	 	2560.000000
2.688942	 	2566.666667
2.525821	 	2573.333333
2.532913	 	2580.000000
2.577831	 	2586.666667
2.655845	 	2593.333333
2.691306	 	2600.000000
2.614474	 	2606.666667
2.629840	 	2613.333333
2.434805	 	2620.000000
2.316601	 	2626.666667
2.407618	 	2633.333333
2.438351	 	2640.000000
2.564828	 	2646.666667
2.472630	 	2653.333333
2.451353	 	2660.000000
2.253954	 	2666.666667
2.288233	 	2673.333333
2.289415	 	2680.000000
2.170029	 	2686.666667
2.431259	 	2693.333333
2.343788	 	2700.000000
2.224403	 	2706.666667
2.271684	 	2713.333333
2.034095	 	2720.000000
2.055372	 	2726.666667
2.024639	 	2733.333333
1.985632	 	2740.000000
1.805963	 	2746.666667
1.904072	 	2753.333333
1.882795	 	2760.000000
1.875703	 	2766.666667
2.126294	 	2773.333333
3.467902	 	2780.000000
11.204308	 	2786.666667
120.083741	 	2793.333333
656.164119	 	2800.000000
1497.732677	 	2806.666667
2319.865065	 	2813.333333
3013.011637	 	2820.000000
3581.326058	 	2826.666667
4059.673575	 	2833.333333
4450.900526	 	2840.000000
4752.340242	 	2846.666667
4980.935987	 	2853.333333
5146.966720	 	2860.000000
5262.171211	 	2866.666667
5336.120384	 	2873.333333
5374.460809	 	2880.000000
5386.073103	 	2886.666667
5374.810691	 	2893.333333
5346.961991	 	2900.000000
5305.412346	 	2906.666667
5252.924166	 	2913.333333
5197.795325	 	2920.000000
5152.739769	 	2926.666667
5093.998634	 	2933.333333
5022.071920	 	2940.000000
4944.527003	 	2946.666667
4870.510455	 	2953.333333
4802.651117	 	2960.000000
4736.641660	 	2966.666667
4670.889887	 	2973.333333
4608.596743	 	2980.000000
4548.170029	 	2986.666667
4491.490360	 	2993.333333
4436.439533	 	3000.000000
4383.294143	 	3006.666667
4330.324876	 	3013.333333
4280.256318	 	3020.000000
4232.739769	 	3026.666667
4186.053008	 	3033.333333
4139.899344	 	3040.000000
4096.248043	 	3046.666667
4053.724403	 	3053.333333
4011.898162	 	3060.000000
3970.464355	 	3066.666667
3931.434805	 	3073.333333
3894.568374	 	3080.000000
3858.652299	 	3086.666667
3823.177121	 	3093.333333
3789.089651	 	3100.000000
3756.675939	 	3106.666667
3723.784686	 	3113.333333
3693.509273	 	3120.000000
3664.516365	 	3126.666667
3635.874521	 	3133.333333
3608.294143	 	3140.000000
3581.175939	 	3146.666667
3554.063646	 	3153.333333
3527.869793	 	3160.000000
3501.374521	 	3166.666667
3476.428894	 	3173.333333
3451.323694	 	3180.000000
3425.797689	 	3186.666667
3400.378067	 	3193.333333
3376.222039	 	3200.000000
3352.614474	 	3206.666667
3329.015183	 	3213.333333
3306.361519	 	3220.000000
3283.302417	 	3226.666667
3261.107381	 	3233.333333
3239.490360	 	3240.000000
3219.058918	 	3246.666667
3199.164119	 	3253.333333
3179.127476	 	3260.000000
3160.826058	 	3266.666667
3141.242133	 	3273.333333
3121.402890	 	3280.000000
3101.764592	 	3286.666667
3081.607381	 	3293.333333
3062.369793	 	3300.000000
3043.411164	 	3306.666667
3024.188942	 	3313.333333
3005.873339	 	3320.000000
2987.177121	 	3326.666667
2969.147571	 	3333.333333
2952.214946	 	3340.000000
2934.238587	 	3346.666667
2917.331968	 	3353.333333
2900.448989	 	3360.000000
2884.385159	 	3366.666667
2868.757500	 	3373.333333
2853.109746	 	3380.000000
2836.789415	 	3386.666667
2820.430077	 	3393.333333
2803.865065	 	3400.000000
2788.887523	 	3406.666667
2773.079013	 	3413.333333
2758.621566	 	3420.000000
2744.030549	 	3426.666667
2730.407618	 	3433.333333
2714.631022	 	3440.000000
2700.337878	 	3446.666667
2687.654663	 	3453.333333
2673.464355	 	3460.000000
2659.030549	 	3466.666667
2647.790597	 	3473.333333
2634.497452	 	3480.000000
2618.781140	 	3486.666667
2605.193670	 	3493.333333
2594.707854	 	3500.000000
2580.123930	 	3506.666667
2566.781140	 	3513.333333
2554.593197	 	3520.000000
2542.161755	 	3526.666667
2528.931259	 	3533.333333
2515.457263	 	3540.000000
2503.990360	 	3546.666667
2489.787050	 	3553.333333
2477.170029	 	3560.000000
2464.285868	 	3566.666667
2451.365065	 	3573.333333
2439.285868	 	3580.000000
2426.801235	 	3586.666667
2413.881613	 	3593.333333
2400.463173	 	3600.000000
2389.435987	 	3606.666667
2375.759864	 	3613.333333
2364.174757	 	3620.000000
2352.484450	 	3626.666667
2339.537642	 	3633.333333
2328.153481	 	3640.000000
2314.187760	 	3646.666667
2303.316601	 	3653.333333
2289.727949	 	3660.000000
2277.453717	 	3666.666667
2265.716129	 	3673.333333
2253.687760	 	3680.000000
2243.186578	 	3686.666667
2231.664119	 	3693.333333
2220.638114	 	3700.000000
2208.506909	 	3706.666667
2198.399344	 	3713.333333
2187.902890	 	3720.000000
2176.405254	 	3726.666667
2167.043552	 	3733.333333
2157.102653	 	3740.000000
2146.693670	 	3746.666667
2135.893433	 	3753.333333
2125.974994	 	3760.000000
2116.891069	 	3766.666667
2106.709036	 	3773.333333
2097.422984	 	3780.000000
2087.719675	 	3786.666667
2078.383977	 	3793.333333
2068.596743	 	3800.000000
2059.679485	 	3806.666667
2050.308327	 	3813.333333
2040.605017	 	3820.000000
2030.886341	 	3826.666667
2021.861519	 	3833.333333
2014.204308	 	3840.000000
2005.141660	 	3846.666667
1997.441897	 	3853.333333
1989.415892	 	3860.000000
1979.912346	 	3866.666667
1970.180668	 	3873.333333
1961.928894	 	3880.000000
1953.920620	 	3886.666667
1943.305963	 	3893.333333
1934.569556	 	3900.000000
1924.740951	 	3906.666667
1915.865065	 	3913.333333
1905.796507	 	3920.000000
1897.076649	 	3926.666667
1888.025821	 	3933.333333
1878.103835	 	3940.000000
1869.706672	 	3946.666667
1860.814237	 	3953.333333
1852.035277	 	3960.000000
1844.069556	 	3966.666667
1835.850880	 	3973.333333
1826.534095	 	3980.000000
1817.220857	 	3986.666667
1809.211400	 	3993.333333
1799.284686	 	4000.000000
1788.820147	 	4006.666667
1779.593197	 	4013.333333
1770.519911	 	4020.000000
1760.593197	 	4026.666667
1751.385159	 	4033.333333
1742.933623	 	4040.000000
1733.965537	 	4046.666667
1724.662937	 	4053.333333
1715.804781	 	4060.000000
1707.573103	 	4066.666667
1698.292961	 	4073.333333
1690.268138	 	4080.000000
1682.809509	 	4086.666667
1674.592015	 	4093.333333
1666.040006	 	4100.000000
1659.270502	 	4106.666667
1650.407618	 	4113.333333
1642.435987	 	4120.000000
1635.421802	 	4126.666667
1627.785868	 	4133.333333
1618.841424	 	4140.000000
1611.105017	 	4146.666667
1602.965537	 	4153.333333
1595.445443	 	4160.000000
1587.685396	 	4166.666667
1580.616838	 	4173.333333
1574.566010	 	4180.000000
1567.521093	 	4186.666667
1560.198398	 	4193.333333
1553.172393	 	4200.000000
1546.466720	 	4206.666667
1538.860337	 	4213.333333
1530.772866	 	4220.000000
1524.356790	 	4226.666667
1517.152299	 	4233.333333
1510.350880	 	4240.000000
1503.648753	 	4246.666667
1496.470266	 	4253.333333
1489.609746	 	4260.000000
1482.116838	 	4266.666667
1474.655845	 	4273.333333
1467.259864	 	4280.000000
1460.333150	 	4286.666667
1452.979722	 	4293.333333
1446.373339	 	4300.000000
1439.700762	 	4306.666667
1432.719675	 	4313.333333
1426.036459	 	4320.000000
1418.432441	 	4326.666667
1411.789415	 	4333.333333
1404.898162	 	4340.000000
1397.610928	 	4346.666667
1391.731495	 	4353.333333
1385.621566	 	4360.000000
1379.751590	 	4366.666667
1373.759864	 	4373.333333
1367.118020	 	4380.000000
1360.862701	 	4386.666667
1354.493906	 	4393.333333
1347.696034	 	4400.000000
1341.816601	 	4406.666667
1335.433623	 	4413.333333
1328.822511	 	4420.000000
1322.097925	 	4426.666667
1314.701944	 	4433.333333
1308.089651	 	4440.000000
1302.127476	 	4446.666667
1295.622748	 	4453.333333
1288.666483	 	4460.000000
1282.217311	 	4466.666667
1275.430077	 	4473.333333
1269.235041	 	4480.000000
1262.805963	 	4486.666667
1256.503363	 	4493.333333
1250.470266	 	4500.000000
1244.304781	 	4506.666667
1237.964355	 	4513.333333
1232.335514	 	4520.000000
1226.576649	 	4526.666667
1220.508091	 	4533.333333
1214.344970	 	4540.000000
1207.925348	 	4546.666667
1201.941897	 	4553.333333
1196.641660	 	4560.000000
1191.518729	 	4566.666667
1185.777594	 	4573.333333
1180.333150	 	4580.000000
1174.829604	 	4586.666667
1169.042370	 	4593.333333
1163.120384	 	4600.000000
1157.284686	 	4606.666667
1150.709036	 	4613.333333
1144.183032	 	4620.000000
1138.982086	 	4626.666667
1134.140478	 	4633.333333
1127.972630	 	4640.000000
1123.022275	 	4646.666667
1118.376885	 	4653.333333
1113.651117	 	4660.000000
1109.541188	 	4666.666667
1104.820147	 	4673.333333
1100.037642	 	4680.000000
1095.729131	 	4686.666667
1091.622748	 	4693.333333
1087.302417	 	4700.000000
1082.305963	 	4706.666667
1076.790597	 	4713.333333
1071.960809	 	4720.000000
1066.925348	 	4726.666667
1062.545916	 	4733.333333
1057.967902	 	4740.000000
1053.635750	 	4746.666667
1049.991542	 	4753.333333
1045.633386	 	4760.000000
1040.927712	 	4766.666667
1035.920620	 	4773.333333
1031.057736	 	4780.000000
1026.002181	 	4786.666667
1020.071920	 	4793.333333
1014.898162	 	4800.000000
1010.336696	 	4806.666667
1005.876885	 	4813.333333
1000.550644	 	4820.000000
995.828422	 	4826.666667
990.918256	 	4833.333333
986.821329	 	4840.000000
982.184214	 	4846.666667
978.277594	 	4853.333333
973.794143	 	4860.000000
969.216129	 	4866.666667
965.084923	 	4873.333333
960.288233	 	4880.000000
955.865065	 	4886.666667
952.272866	 	4893.333333
948.075467	 	4900.000000
943.008091	 	4906.666667
939.222039	 	4913.333333
934.817783	 	4920.000000
930.344970	 	4926.666667
925.706672	 	4933.333333
921.816601	 	4940.000000
917.869793	 	4946.666667
913.281140	 	4953.333333
909.022275	 	4960.000000
904.096743	 	4966.666667
899.307145	 	4973.333333
894.388705	 	4980.000000
889.881613	 	4986.666667
884.579013	 	4993.333333
879.961991	 	5000.000000
874.815419	 	5006.666667
870.440715	 	5013.333333
865.670029	 	5020.000000
861.361519	 	5026.666667
856.623930	 	5033.333333
853.062464	 	5040.000000
848.744497	 	5046.666667
844.836696	 	5053.333333
840.887523	 	5060.000000
836.798871	 	5066.666667
832.298871	 	5073.333333
828.360337	 	5080.000000
824.483268	 	5086.666667
819.685396	 	5093.333333
815.522275	 	5100.000000
811.901708	 	5106.666667
808.543552	 	5113.333333
804.913528	 	5120.000000
801.142842	 	5126.666667
797.378067	 	5133.333333
793.296507	 	5140.000000
789.237405	 	5146.666667
785.521093	 	5153.333333
781.069556	 	5160.000000
777.010455	 	5166.666667
773.602653	 	5173.333333
770.155845	 	5180.000000
766.592015	 	5186.666667
763.487996	 	5193.333333
760.115656	 	5200.000000
756.628658	 	5206.666667
752.979722	 	5213.333333
748.816601	 	5220.000000
745.738587	 	5226.666667
742.159391	 	5233.333333
738.487996	 	5240.000000
734.965537	 	5246.666667
732.326058	 	5253.333333
728.331968	 	5260.000000
724.479722	 	5266.666667
721.440715	 	5273.333333
717.620384	 	5280.000000
714.297689	 	5286.666667
711.500998	 	5293.333333
707.967902	 	5300.000000
704.084923	 	5306.666667
700.946625	 	5313.333333
697.606199	 	5320.000000
694.714946	 	5326.666667
691.167665	 	5333.333333
687.567192	 	5340.000000
684.411164	 	5346.666667
681.659391	 	5353.333333
678.336696	 	5360.000000
675.011637	 	5366.666667
672.148753	 	5373.333333
669.216129	 	5380.000000
665.817783	 	5386.666667
662.504545	 	5393.333333
658.998634	 	5400.000000
656.125112	 	5406.666667
652.668847	 	5413.333333
649.836696	 	5420.000000
646.634568	 	5426.666667
643.044734	 	5433.333333
639.807145	 	5440.000000
636.732677	 	5446.666667
633.574285	 	5453.333333
630.627476	 	5460.000000
626.887523	 	5466.666667
624.231495	 	5473.333333
621.465537	 	5480.000000
618.443079	 	5486.666667
615.487996	 	5493.333333
612.985632	 	5500.000000
610.105017	 	5506.666667
607.194852	 	5513.333333
604.891069	 	5520.000000
602.729131	 	5526.666667
599.802417	 	5533.333333
597.057736	 	5540.000000
594.805963	 	5546.666667
592.743315	 	5553.333333
589.982086	 	5560.000000
587.288233	 	5566.666667
584.510455	 	5573.333333
582.119202	 	5580.000000
579.867429	 	5586.666667
576.775230	 	5593.333333
573.248043	 	5600.000000
570.320147	 	5606.666667
566.876885	 	5613.333333
562.701944	 	5620.000000
559.467902	 	5626.666667
556.112110	 	5633.333333
552.970266	 	5640.000000
550.404072	 	5646.666667
547.398162	 	5653.333333
543.919438	 	5660.000000
540.940715	 	5666.666667
538.031731	 	5673.333333
535.419438	 	5680.000000
532.424166	 	5686.666667
529.607381	 	5693.333333
526.888705	 	5700.000000
524.333150	 	5706.666667
521.758682	 	5713.333333
519.894616	 	5720.000000
517.580195	 	5726.666667
515.834332	 	5733.333333
513.922984	 	5740.000000
511.790597	 	5746.666667
509.661755	 	5753.333333
507.298871	 	5760.000000
505.034095	 	5766.666667
503.158209	 	5773.333333
500.882795	 	5780.000000
498.596743	 	5786.666667
496.411164	 	5793.333333
494.538824	 	5800.000000
491.690124	 	5806.666667
489.375703	 	5813.333333
486.978540	 	5820.000000
484.984450	 	5826.666667
483.000998	 	5833.333333
480.829604	 	5840.000000
478.471448	 	5846.666667
476.172393	 	5853.333333
473.873339	 	5860.000000
471.917074	 	5866.666667
469.291779	 	5873.333333
467.151117	 	5880.000000
464.171211	 	5886.666667
461.562464	 	5893.333333
459.344970	 	5900.000000
457.134568	 	5906.666667
455.217311	 	5913.333333
453.268138	 	5920.000000
451.200762	 	5926.666667
448.842606	 	5933.333333
447.146389	 	5940.000000
445.692488	 	5946.666667
443.191306	 	5953.333333
440.528185	 	5960.000000
438.490360	 	5966.666667
436.035277	 	5973.333333
434.268138	 	5980.000000
432.763410	 	5986.666667
431.029367	 	5993.333333
430.159391	 	6000.000000
428.618020	 	6006.666667
427.106199	 	6013.333333
425.511637	 	6020.000000
423.361519	 	6026.666667
421.448989	 	6033.333333
419.000998	 	6040.000000
416.772866	 	6046.666667
414.382795	 	6053.333333
412.112110	 	6060.000000
409.774048	 	6066.666667
407.536459	 	6073.333333
405.344970	 	6080.000000
403.673575	 	6086.666667
401.463173	 	6093.333333
400.218493	 	6100.000000
398.677121	 	6106.666667
396.692488	 	6113.333333
394.748043	 	6120.000000
392.867429	 	6126.666667
390.722039	 	6133.333333
389.275230	 	6140.000000
387.225585	 	6146.666667
384.898162	 	6153.333333
383.295325	 	6160.000000
381.134568	 	6166.666667
379.187760	 	6173.333333
377.908800	 	6180.000000
376.025821	 	6186.666667
374.250407	 	6193.333333
371.900526	 	6200.000000
370.316601	 	6206.666667
368.482086	 	6213.333333
366.640478	 	6220.000000
364.353244	 	6226.666667
362.770502	 	6233.333333
360.908800	 	6240.000000
359.018729	 	6246.666667
357.248043	 	6253.333333
355.493906	 	6260.000000
353.584923	 	6266.666667
351.474994	 	6273.333333
349.846152	 	6280.000000
348.593197	 	6286.666667
346.881613	 	6293.333333
345.368611	 	6300.000000
344.096743	 	6306.666667
342.937169	 	6313.333333
341.593197	 	6320.000000
340.336696	 	6326.666667
338.876885	 	6333.333333
337.159391	 	6340.000000
335.375703	 	6346.666667
333.821329	 	6353.333333
332.394616	 	6360.000000
330.739769	 	6366.666667
329.470266	 	6373.333333
328.356790	 	6380.000000
326.990360	 	6386.666667
326.057736	 	6393.333333
325.237405	 	6400.000000
324.450171	 	6406.666667
323.314237	 	6413.333333
322.153481	 	6420.000000
320.718493	 	6426.666667
319.031731	 	6433.333333
317.693670	 	6440.000000
316.203126	 	6446.666667
314.497452	 	6453.333333
312.782322	 	6460.000000
311.227949	 	6466.666667
309.672393	 	6473.333333
308.187760	 	6480.000000
307.063646	 	6486.666667
306.154663	 	6493.333333
304.592015	 	6500.000000
303.599107	 	6506.666667
301.839060	 	6513.333333
300.391069	 	6520.000000
299.893433	 	6526.666667
298.274048	 	6533.333333
296.928894	 	6540.000000
296.087287	 	6546.666667
294.730313	 	6553.333333
293.522275	 	6560.000000
292.245679	 	6566.666667
291.603835	 	6573.333333
290.340242	 	6580.000000
288.618020	 	6586.666667
287.353244	 	6593.333333
286.032913	 	6600.000000
284.341424	 	6606.666667
282.337878	 	6613.333333
280.636932	 	6620.000000
278.711400	 	6626.666667
277.164119	 	6633.333333
275.921802	 	6640.000000
273.930077	 	6646.666667
272.556554	 	6653.333333
271.239769	 	6660.000000
270.081377	 	6666.666667
268.826058	 	6673.333333
267.535277	 	6680.000000
266.657027	 	6686.666667
265.144024	 	6693.333333
263.718493	 	6700.000000
262.914710	 	6706.666667
261.568374	 	6713.333333
260.834332	 	6720.000000
259.378067	 	6726.666667
258.380431	 	6733.333333
257.614474	 	6740.000000
256.703126	 	6746.666667
255.248043	 	6753.333333
254.089651	 	6760.000000
253.198398	 	6766.666667
251.794143	 	6773.333333
250.830786	 	6780.000000
249.556554	 	6786.666667
248.170029	 	6793.333333
246.827240	 	6800.000000
245.499816	 	6806.666667
244.564828	 	6813.333333
243.692488	 	6820.000000
242.635750	 	6826.666667
241.733859	 	6833.333333
240.447807	 	6840.000000
239.304781	 	6846.666667
238.153481	 	6853.333333
236.804781	 	6860.000000
235.797689	 	6866.666667
233.957263	 	6873.333333
232.477358	 	6880.000000
231.258682	 	6886.666667
230.087287	 	6893.333333
228.986814	 	6900.000000
227.751590	 	6906.666667
226.609746	 	6913.333333
225.707854	 	6920.000000
224.899344	 	6926.666667
223.781140	 	6933.333333
222.592015	 	6940.000000
221.785868	 	6946.666667
220.094379	 	6953.333333
218.505727	 	6960.000000
217.266956	 	6966.666667
215.983268	 	6973.333333
214.493906	 	6980.000000
213.527003	 	6986.666667
212.887523	 	6993.333333
211.933623	 	7000.000000
210.671211	 	7006.666667
209.532913	 	7013.333333
208.677121	 	7020.000000
207.530549	 	7026.666667
206.573103	 	7033.333333
205.255136	 	7040.000000
204.238587	 	7046.666667
203.320147	 	7053.333333
202.450171	 	7060.000000
201.229131	 	7066.666667
200.433623	 	7073.333333
199.192488	 	7080.000000
198.361519	 	7086.666667
197.002181	 	7093.333333
196.291779	 	7100.000000
195.142842	 	7106.666667
194.265774	 	7113.333333
193.126294	 	7120.000000
192.336696	 	7126.666667
191.363883	 	7133.333333
190.350880	 	7140.000000
189.379249	 	7146.666667
188.535277	 	7153.333333
187.776412	 	7160.000000
186.776412	 	7166.666667
185.654663	 	7173.333333
184.569556	 	7180.000000
183.600289	 	7186.666667
182.867429	 	7193.333333
182.250407	 	7200.000000
180.933623	 	7206.666667
179.804781	 	7213.333333
178.905254	 	7220.000000
177.956081	 	7226.666667
176.602653	 	7233.333333
175.737405	 	7240.000000
175.050644	 	7246.666667
174.174757	 	7253.333333
173.006909	 	7260.000000
171.964355	 	7266.666667
170.967902	 	7273.333333
169.848516	 	7280.000000
168.607381	 	7286.666667
167.750407	 	7293.333333
166.733859	 	7300.000000
165.938351	 	7306.666667
165.094379	 	7313.333333
164.746861	 	7320.000000
163.466720	 	7326.666667
163.016365	 	7333.333333
162.379249	 	7340.000000
161.680668	 	7346.666667
160.633386	 	7353.333333
159.979722	 	7360.000000
158.982086	 	7366.666667
157.802417	 	7373.333333
157.321329	 	7380.000000
156.031731	 	7386.666667
155.334332	 	7393.333333
154.701944	 	7400.000000
153.355608	 	7406.666667
152.694852	 	7413.333333
151.833150	 	7420.000000
151.315419	 	7426.666667
150.288233	 	7433.333333
149.277594	 	7440.000000
148.222039	 	7446.666667
147.131022	 	7453.333333
146.329604	 	7460.000000
145.512819	 	7466.666667
144.817783	 	7473.333333
144.099107	 	7480.000000
143.123930	 	7486.666667
142.454899	 	7493.333333
142.146389	 	7500.000000
141.318965	 	7506.666667
140.691306	 	7513.333333
139.987996	 	7520.000000
139.266956	 	7526.666667
138.696034	 	7533.333333
137.805963	 	7540.000000
137.188942	 	7546.666667
136.356790	 	7553.333333
135.881613	 	7560.000000
135.419438	 	7566.666667
134.363883	 	7573.333333
133.353244	 	7580.000000
132.355608	 	7586.666667
131.570738	 	7593.333333
130.733859	 	7600.000000
129.880431	 	7606.666667
128.960809	 	7613.333333
128.394616	 	7620.000000
127.607381	 	7626.666667
126.765774	 	7633.333333
126.225585	 	7640.000000
125.398162	 	7646.666667
124.914710	 	7653.333333
124.725585	 	7660.000000
124.144024	 	7666.666667
123.700762	 	7673.333333
123.186578	 	7680.000000
122.840242	 	7686.666667
121.865065	 	7693.333333
121.014001	 	7700.000000
120.129840	 	7706.666667
119.629840	 	7713.333333
119.269320	 	7720.000000
118.698398	 	7726.666667
118.056554	 	7733.333333
116.996270	 	7740.000000
116.944261	 	7746.666667
116.196034	 	7753.333333
115.529367	 	7760.000000
115.040006	 	7766.666667
114.599107	 	7773.333333
113.872157	 	7780.000000
113.075467	 	7786.666667
112.655845	 	7793.333333
112.454899	 	7800.000000
111.446625	 	7806.666667
110.600289	 	7813.333333
110.257500	 	7820.000000
109.374521	 	7826.666667
108.926530	 	7833.333333
108.134568	 	7840.000000
107.782322	 	7846.666667
107.100289	 	7853.333333
106.718493	 	7860.000000
105.690124	 	7866.666667
105.253954	 	7873.333333
104.394616	 	7880.000000
103.771684	 	7886.666667
103.119202	 	7893.333333
102.203126	 	7900.000000
101.613292	 	7906.666667
101.076649	 	7913.333333
100.602653	 	7920.000000
100.153481	 	7926.666667
99.684214	 	7933.333333
99.263410	 	7940.000000
99.017547	 	7946.666667
98.329604	 	7953.333333
98.006909	 	7960.000000
97.440715	 	7966.666667
96.729131	 	7973.333333
96.272866	 	7980.000000
95.720857	 	7986.666667
95.471448	 	7993.333333
95.014001	 	8000.000000
94.814237	 	8006.666667
94.524639	 	8013.333333
94.040006	 	8020.000000
94.084923	 	8026.666667
93.490360	 	8033.333333
92.829604	 	8040.000000
92.201944	 	8046.666667
92.062464	 	8053.333333
91.510455	 	8060.000000
90.972630	 	8066.666667
90.730313	 	8073.333333
90.365065	 	8080.000000
89.430077	 	8086.666667
88.938351	 	8093.333333
88.655845	 	8100.000000
88.230313	 	8106.666667
87.820147	 	8113.333333
87.231495	 	8120.000000
86.856790	 	8126.666667
86.265774	 	8133.333333
85.805963	 	8140.000000
85.514001	 	8146.666667
85.064828	 	8153.333333
84.670029	 	8160.000000
84.367429	 	8166.666667
84.009273	 	8173.333333
83.497452	 	8180.000000
82.788233	 	8186.666667
82.337878	 	8193.333333
81.993906	 	8200.000000
81.491542	 	8206.666667
80.976176	 	8213.333333
80.313055	 	8220.000000
79.711400	 	8226.666667
79.126294	 	8233.333333
78.743315	 	8240.000000
78.460809	 	8246.666667
77.827240	 	8253.333333
77.180668	 	8260.000000
76.868611	 	8266.666667
76.239769	 	8273.333333
75.872157	 	8280.000000
75.191306	 	8286.666667
75.237405	 	8293.333333
75.035277	 	8300.000000
74.274048	 	8306.666667
74.017547	 	8313.333333
74.035277	 	8320.000000
73.648753	 	8326.666667
73.185396	 	8333.333333
73.008091	 	8340.000000
72.828422	 	8346.666667
72.088469	 	8353.333333
71.515183	 	8360.000000
71.210218	 	8366.666667
70.714946	 	8373.333333
70.194852	 	8380.000000
69.852062	 	8386.666667
69.259864	 	8393.333333
68.673575	 	8400.000000
68.386341	 	8406.666667
68.088469	 	8413.333333
67.863883	 	8420.000000
67.596743	 	8426.666667
67.213764	 	8433.333333
66.766956	 	8440.000000
66.340242	 	8446.666667
66.274048	 	8453.333333
65.976176	 	8460.000000
66.071920	 	8466.666667
66.048280	 	8473.333333
65.610928	 	8480.000000
65.421802	 	8486.666667
65.170029	 	8493.333333
65.012819	 	8500.000000
64.906436	 	8506.666667
64.347334	 	8513.333333
64.181850	 	8520.000000
63.868611	 	8526.666667
63.947807	 	8533.333333
63.508091	 	8540.000000
63.142842	 	8546.666667
62.782322	 	8553.333333
62.687760	 	8560.000000
62.535277	 	8566.666667
62.192488	 	8573.333333
61.697216	 	8580.000000
61.424166	 	8586.666667
60.915892	 	8593.333333
60.602653	 	8600.000000
60.295325	 	8606.666667
60.112110	 	8613.333333
59.854426	 	8620.000000
59.531731	 	8626.666667
59.406436	 	8633.333333
59.055372	 	8640.000000
58.443079	 	8646.666667
58.422984	 	8653.333333
58.136932	 	8660.000000
57.443079	 	8666.666667
57.279958	 	8673.333333
57.038824	 	8680.000000
56.540006	 	8686.666667
56.266956	 	8693.333333
56.063646	 	8700.000000
55.729131	 	8706.666667
55.439533	 	8713.333333
54.973812	 	8720.000000
54.446625	 	8726.666667
53.969084	 	8733.333333
53.383977	 	8740.000000
52.809509	 	8746.666667
52.451353	 	8753.333333
52.199580	 	8760.000000
52.094379	 	8766.666667
51.571920	 	8773.333333
51.136932	 	8780.000000
50.738587	 	8786.666667
50.278776	 	8793.333333
50.316601	 	8800.000000
49.867429	 	8806.666667
49.719675	 	8813.333333
49.584923	 	8820.000000
49.430077	 	8826.666667
48.984450	 	8833.333333
48.639296	 	8840.000000
48.394616	 	8846.666667
48.162937	 	8853.333333
48.142842	 	8860.000000
47.638114	 	8866.666667
47.498634	 	8873.333333
47.464355	 	8880.000000
46.852062	 	8886.666667
46.719675	 	8893.333333
46.121566	 	8900.000000
45.983268	 	8906.666667
45.764592	 	8913.333333
45.411164	 	8920.000000
45.297689	 	8926.666667
45.019911	 	8933.333333
44.820147	 	8940.000000
44.508091	 	8946.666667
44.466720	 	8953.333333
43.998634	 	8960.000000
43.775230	 	8966.666667
43.447807	 	8973.333333
43.148753	 	8980.000000
42.714946	 	8986.666667
42.641660	 	8993.333333
42.622748	 	9000.000000
42.107381	 	9006.666667
42.023457	 	9013.333333
41.957263	 	9020.000000
41.500998	 	9026.666667
41.376885	 	9033.333333
41.187760	 	9040.000000
40.997452	 	9046.666667
40.804781	 	9053.333333
40.811873	 	9060.000000
40.445443	 	9066.666667
39.809509	 	9073.333333
39.918256	 	9080.000000
39.396980	 	9086.666667
38.978540	 	9093.333333
38.752772	 	9100.000000
38.466720	 	9106.666667
38.179485	 	9113.333333
37.917074	 	9120.000000
37.667665	 	9126.666667
37.810691	 	9133.333333
37.321329	 	9140.000000
37.374521	 	9146.666667
36.952535	 	9153.333333
36.800053	 	9160.000000
36.525821	 	9166.666667
36.314237	 	9173.333333
35.865065	 	9180.000000
35.701944	 	9186.666667
35.470266	 	9193.333333
34.927712	 	9200.000000
34.269320	 	9206.666667
33.888705	 	9213.333333
33.836696	 	9220.000000
33.587287	 	9226.666667
33.201944	 	9233.333333
32.901708	 	9240.000000
32.660573	 	9246.666667
32.483268	 	9253.333333
32.491542	 	9260.000000
32.211400	 	9266.666667
32.032913	 	9273.333333
31.629840	 	9280.000000
31.515183	 	9286.666667
31.144024	 	9293.333333
31.023457	 	9300.000000
31.032913	 	9306.666667
30.901708	 	9313.333333
30.547098	 	9320.000000
30.432441	 	9326.666667
30.421802	 	9333.333333
29.947807	 	9340.000000
29.860337	 	9346.666667
29.768138	 	9353.333333
29.599107	 	9360.000000
29.100289	 	9366.666667
29.257500	 	9373.333333
29.175939	 	9380.000000
28.729131	 	9386.666667
28.570738	 	9393.333333
28.418256	 	9400.000000
28.162937	 	9406.666667
27.834332	 	9413.333333
27.758682	 	9420.000000
27.432441	 	9426.666667
27.157027	 	9433.333333
26.857972	 	9440.000000
26.496270	 	9446.666667
26.082559	 	9453.333333
26.141660	 	9460.000000
25.813055	 	9466.666667
25.149935	 	9473.333333
25.021093	 	9480.000000
24.685396	 	9486.666667
24.311873	 	9493.333333
24.118020	 	9500.000000
23.921802	 	9506.666667
23.727949	 	9513.333333
23.251590	 	9520.000000
22.880431	 	9526.666667
22.580195	 	9533.333333
22.474994	 	9540.000000
22.305963	 	9546.666667
22.534095	 	9553.333333
22.342606	 	9560.000000
22.219675	 	9566.666667
22.110928	 	9573.333333
21.805963	 	9580.000000
21.618020	 	9586.666667
21.660573	 	9593.333333
21.674757	 	9600.000000
21.498634	 	9606.666667
21.239769	 	9613.333333
21.009273	 	9620.000000
20.902890	 	9626.666667
20.787050	 	9633.333333
20.594379	 	9640.000000
20.554190	 	9646.666667
20.427712	 	9653.333333
20.531731	 	9660.000000
20.361519	 	9666.666667
20.253954	 	9673.333333
20.121566	 	9680.000000
20.108563	 	9686.666667
20.145207	 	9693.333333
19.461991	 	9700.000000
19.511637	 	9706.666667
19.383977	 	9713.333333
19.391069	 	9720.000000
19.217311	 	9726.666667
19.035277	 	9733.333333
18.699580	 	9740.000000
18.430077	 	9746.666667
18.569556	 	9753.333333
18.142842	 	9760.000000
18.017547	 	9766.666667
17.868611	 	9773.333333
17.655845	 	9780.000000
17.317783	 	9786.666667
17.458445	 	9793.333333
16.896980	 	9800.000000
16.928894	 	9806.666667
16.646389	 	9813.333333
16.718493	 	9820.000000
16.212582	 	9826.666667
16.025821	 	9833.333333
15.869793	 	9840.000000
15.688942	 	9846.666667
15.713764	 	9853.333333
15.550644	 	9860.000000
15.622748	 	9866.666667
15.509273	 	9873.333333
15.275230	 	9880.000000
14.989178	 	9886.666667
15.073103	 	9893.333333
14.957263	 	9900.000000
14.761046	 	9906.666667
14.710218	 	9913.333333
14.699580	 	9920.000000
14.671211	 	9926.666667
14.649935	 	9933.333333
14.373339	 	9940.000000
14.419438	 	9946.666667
14.211400	 	9953.333333
14.204308	 	9960.000000
14.014001	 	9966.666667
13.768138	 	9973.333333
13.811873	 	9980.000000
13.284686	 	9986.666667
13.132204	 	9993.333333
13.161755	 	10000.000000
12.996270	 	10006.666667
13.082559	 	10013.333333
12.876885	 	10020.000000
12.753954	 	10026.666667
12.503363	 	10033.333333
12.542370	 	10040.000000
12.268138	 	10046.666667
11.965537	 	10053.333333
11.987996	 	10060.000000
11.753954	 	10066.666667
11.621566	 	10073.333333
11.550644	 	10080.000000
11.373339	 	10086.666667
11.365065	 	10093.333333
11.352062	 	10100.000000
11.185396	 	10106.666667
11.258682	 	10113.333333
10.789415	 	10120.000000
10.778776	 	10126.666667
10.631022	 	10133.333333
10.491542	 	10140.000000
10.346152	 	10146.666667
10.265774	 	10153.333333
10.184214	 	10160.000000
10.051826	 	10166.666667
10.043552	 	10173.333333
9.798871	 	10180.000000
9.810691	 	10186.666667
9.622748	 	10193.333333
9.270502	 	10200.000000
9.261046	 	10206.666667
9.126294	 	10213.333333
9.074285	 	10220.000000
9.068374	 	10226.666667
8.973812	 	10233.333333
8.900526	 	10240.000000
8.379249	 	10246.666667
8.532913	 	10253.333333
8.289415	 	10260.000000
8.192488	 	10266.666667
8.042370	 	10273.333333
8.327240	 	10280.000000
8.190124	 	10286.666667
7.948989	 	10293.333333
7.761046	 	10300.000000
7.586105	 	10306.666667
7.777594	 	10313.333333
7.732677	 	10320.000000
7.804781	 	10326.666667
7.355608	 	10333.333333
7.259864	 	10340.000000
7.227949	 	10346.666667
7.354426	 	10353.333333
7.212582	 	10360.000000
7.225585	 	10366.666667
7.281140	 	10373.333333
7.265774	 	10380.000000
7.060100	 	10386.666667
7.121566	 	10393.333333
7.110928	 	10400.000000
6.710218	 	10406.666667
6.687760	 	10413.333333
6.853244	 	10420.000000
6.437169	 	10426.666667
6.217311	 	10433.333333
6.166483	 	10440.000000
5.849698	 	10446.666667
5.732677	 	10453.333333
5.365065	 	10460.000000
5.443079	 	10466.666667
5.105017	 	10473.333333
4.905254	 	10480.000000
5.040006	 	10486.666667
4.743315	 	10493.333333
4.608563	 	10500.000000
4.505727	 	10506.666667
4.419438	 	10513.333333
4.311873	 	10520.000000
3.987996	 	10526.666667
3.998634	 	10533.333333
4.107381	 	10540.000000
3.827240	 	10546.666667
3.544734	 	10553.333333
3.586105	 	10560.000000
3.808327	 	10566.666667
3.742133	 	10573.333333
3.645207	 	10580.000000
3.716129	 	10586.666667
3.540006	 	10593.333333
3.464355	 	10600.000000
3.418256	 	10606.666667
3.231495	 	10613.333333
3.048280	 	10620.000000
3.162937	 	10626.666667
3.131022	 	10633.333333
3.222039	 	10640.000000
3.240951	 	10646.666667
3.500998	 	10653.333333
3.420620	 	10660.000000
3.399344	 	10666.666667
3.251590	 	10673.333333
3.292961	 	10680.000000
3.245679	 	10686.666667
3.499816	 	10693.333333
3.242133	 	10700.000000
3.171211	 	10706.666667
2.983268	 	10713.333333
3.057736	 	10720.000000
3.125112	 	10726.666667
2.971448	 	10733.333333
2.655845	 	10740.000000
2.413528	 	10746.666667
2.386341	 	10753.333333
2.289415	 	10760.000000
2.115656	 	10766.666667
2.092015	 	10773.333333
1.778776	 	10780.000000
1.555372	 	10786.666667
1.558918	 	10793.333333
1.236223	 	10800.000000
1.441897	 	10806.666667
1.300053	 	10813.333333
1.209036	 	10820.000000
1.409982	 	10826.666667
1.290597	 	10833.333333
1.243315	 	10840.000000
1.164119	 	10846.666667
1.041188	 	10853.333333
0.939533	 	10860.000000
0.964355	 	10866.666667
0.660573	 	10873.333333
0.939533	 	10880.000000
0.726767	 	10886.666667
0.453717	 	10893.333333
0.408800	 	10900.000000
0.236223	 	10906.666667
0.012819	 	10913.333333
0.235041	 	10920.000000
-0.043919	 	10926.666667
0.210218	 	10933.333333
0.094379	 	10940.000000
-0.052193	 	10946.666667
0.213764	 	10953.333333
0.166483	 	10960.000000
0.082559	 	10966.666667
0.043552	 	10973.333333
0.201944	 	10980.000000
0.178303	 	10986.666667
-0.012004	 	10993.333333
-0.295692	 	11000.000000
-0.425715	 	11006.666667
-0.340609	 	11013.333333
-0.315786	 	11020.000000
-0.295692	 	11026.666667
-0.521460	 	11033.333333
-0.571106	 	11040.000000
-0.642028	 	11046.666667
-0.971815	 	11053.333333
-1.100656	 	11060.000000
-1.086472	 	11066.666667
-1.157394	 	11073.333333
-1.561649	 	11080.000000
-1.722406	 	11086.666667
-1.663304	 	11093.333333
-1.618387	 	11100.000000
-1.562831	 	11106.666667
-1.786236	 	11113.333333
-2.056921	 	11120.000000
-1.874888	 	11126.666667
-1.971815	 	11133.333333
-2.036827	 	11140.000000
-2.253139	 	11146.666667
-2.196401	 	11153.333333
-2.426897	 	11160.000000
-2.651484	 	11166.666667
-2.772051	 	11173.333333
-2.781507	 	11180.000000
-2.710585	 	11186.666667
-2.847701	 	11193.333333
-3.100656	 	11200.000000
-2.969451	 	11206.666667
-3.123115	 	11213.333333
-3.276779	 	11220.000000
-3.640845	 	11226.666667
-3.331153	 	11233.333333
-3.527370	 	11240.000000
-3.703493	 	11246.666667
-3.880798	 	11253.333333
-3.768505	 	11260.000000
-3.822879	 	11266.666667
-3.874888	 	11273.333333
-3.773233	 	11280.000000
-3.881980	 	11286.666667
-3.859522	 	11293.333333
-3.806330	 	11300.000000
-3.586472	 	11306.666667
-3.631389	 	11313.333333
-3.585290	 	11320.000000
-3.341791	 	11326.666667
-3.380798	 	11333.333333
-3.396165	 	11340.000000
-3.525006	 	11346.666667
-3.546283	 	11353.333333
-3.533280	 	11360.000000
-3.587654	 	11366.666667
-3.689309	 	11373.333333
-3.577016	 	11380.000000
-3.549829	 	11386.666667
-3.552193	 	11393.333333
-3.865432	 	11400.000000
-4.080562	 	11406.666667
-4.216496	 	11413.333333
-4.368978	 	11420.000000
-4.446992	 	11426.666667
-4.577016	 	11433.333333
-4.454084	 	11440.000000
-4.747228	 	11446.666667
-4.699947	 	11453.333333
-4.821697	 	11460.000000
-4.669214	 	11466.666667
-4.670396	 	11473.333333
-4.717678	 	11480.000000
-4.699947	 	11486.666667
-4.833517	 	11493.333333
-4.838245	 	11500.000000
-4.662122	 	11506.666667
-4.880798	 	11513.333333
-4.949356	 	11520.000000
-4.831153	 	11526.666667
-4.861886	 	11533.333333
-5.123115	 	11540.000000
-4.886708	 	11546.666667
-5.029734	 	11553.333333
-5.026188	 	11560.000000
-5.328789	 	11566.666667
-5.364250	 	11573.333333
-5.402075	 	11580.000000
-5.522642	 	11586.666667
-5.306330	 	11593.333333
-5.513186	 	11600.000000
-5.493091	 	11606.666667
-5.753139	 	11613.333333
-5.831153	 	11620.000000
-5.868978	 	11626.666667
-5.870160	 	11633.333333
-5.946992	 	11640.000000
-6.217678	 	11646.666667
-6.249593	 	11653.333333
-6.497819	 	11660.000000
-6.472997	 	11666.666667
-6.757867	 	11673.333333
-6.534463	 	11680.000000
-6.533280	 	11686.666667
-6.763777	 	11693.333333
-6.939900	 	11700.000000
-7.280325	 	11706.666667
-7.066377	 	11713.333333
-7.094746	 	11720.000000
-7.160940	 	11726.666667
-7.389072	 	11733.333333
-7.541555	 	11740.000000
-7.633753	 	11746.666667
-7.785054	 	11753.333333
-7.860704	 	11760.000000
-7.774415	 	11766.666667
-8.060467	 	11773.333333
-7.965905	 	11780.000000
-7.990727	 	11786.666667
-7.897347	 	11793.333333
-7.974179	 	11800.000000
-8.303966	 	11806.666667
-8.469451	 	11813.333333
-8.695219	 	11820.000000
-8.749593	 	11826.666667
-8.789782	 	11833.333333
-8.876070	 	11840.000000
-9.035645	 	11846.666667
-9.188127	 	11853.333333
-9.052193	 	11860.000000
-9.281507	 	11866.666667
-9.068741	 	11873.333333
-9.034463	 	11880.000000
-9.145574	 	11886.666667
-8.850065	 	11893.333333
-8.863068	 	11900.000000
-9.025006	 	11906.666667
-8.915077	 	11913.333333
-8.853611	 	11920.000000
-8.611295	 	11926.666667
-8.597110	 	11933.333333
-8.575834	 	11940.000000
-8.475361	 	11946.666667
-8.439900	 	11953.333333
-8.432808	 	11960.000000
-8.481271	 	11966.666667
-8.430444	 	11973.333333
-8.578198	 	11980.000000
-8.555739	 	11986.666667
-7.999002	 	11993.333333
-8.591200	 	12000.000000
-8.574652	 	12006.666667
-8.439900	 	12013.333333
-8.616023	 	12020.000000
-8.594746	 	12026.666667
-8.854793	 	12033.333333
-8.712950	 	12040.000000
-8.679853	 	12046.666667
-8.675124	 	12053.333333
-8.710585	 	12060.000000
-8.881980	 	12066.666667
-9.112477	 	12073.333333
-9.342973	 	12080.000000
-9.129025	 	12086.666667
-9.413895	 	12093.333333
-9.423351	 	12100.000000
-9.475361	 	12106.666667
-9.561649	 	12113.333333
-9.500184	 	12120.000000
-9.675124	 	12126.666667
-9.564013	 	12133.333333
-9.605384	 	12140.000000
-9.761413	 	12146.666667
-9.770869	 	12153.333333
-9.793328	 	12160.000000
-9.777961	 	12166.666667
-9.841791	 	12173.333333
-9.780325	 	12180.000000
-9.838245	 	12186.666667
-9.647938	 	12193.333333
-9.698765	 	12200.000000
-10.055739	 	12206.666667
-10.098292	 	12213.333333
-10.008458	 	12220.000000
-10.013186	 	12226.666667
-9.975361	 	12233.333333
-9.950538	 	12240.000000
-9.993091	 	12246.666667
-10.123115	 	12253.333333
-9.982453	 	12260.000000
-10.036827	 	12266.666667
-9.994273	 	12273.333333
-10.039191	 	12280.000000
-10.039191	 	12286.666667
-10.079380	 	12293.333333
-10.039191	 	12300.000000
-10.059285	 	12306.666667
-10.025006	 	12313.333333
-10.071106	 	12320.000000
-9.653848	 	12326.666667
-9.857158	 	12333.333333
-9.834699	 	12340.000000
-9.717678	 	12346.666667
-9.844155	 	12353.333333
-9.870160	 	12360.000000
-9.993091	 	12366.666667
-9.887890	 	12373.333333
-9.978907	 	12380.000000
-10.220042	 	12386.666667
-10.069923	 	12393.333333
-10.104202	 	12400.000000
-10.173942	 	12406.666667
-10.298056	 	12413.333333
-10.341791	 	12420.000000
-10.218860	 	12426.666667
-10.403257	 	12433.333333
-10.259049	 	12440.000000
-10.396165	 	12446.666667
-10.385526	 	12453.333333
-10.285054	 	12460.000000
-10.578198	 	12466.666667
-10.386708	 	12473.333333
-10.394983	 	12480.000000
-10.496637	 	12486.666667
-10.526188	 	12493.333333
-10.495455	 	12500.000000
-10.431626	 	12506.666667
-10.367796	 	12513.333333
-10.396165	 	12520.000000
-10.117205	 	12526.666667
-10.072288	 	12533.333333
-10.262595	 	12540.000000
-10.319332	 	12546.666667
-10.404439	 	12553.333333
-10.392619	 	12560.000000
-10.433990	 	12566.666667
-10.366614	 	12573.333333
-10.418623	 	12580.000000
-10.409167	 	12586.666667
-10.441082	 	12593.333333
-10.379616	 	12600.000000
-10.655030	 	12606.666667
-10.551011	 	12613.333333
-10.701129	 	12620.000000
-10.769687	 	12626.666667
-10.760231	 	12633.333333
-10.631389	 	12640.000000
-10.815786	 	12646.666667
-11.223588	 	12653.333333
-11.116023	 	12660.000000
-11.209403	 	12666.666667
-11.107749	 	12673.333333
-11.045101	 	12680.000000
-11.126661	 	12686.666667
-11.145574	 	12693.333333
-11.140845	 	12700.000000
-11.158576	 	12706.666667
-11.302784	 	12713.333333
-11.266141	 	12720.000000
-11.243682	 	12726.666667
-11.449356	 	12733.333333
-11.695219	 	12740.000000
-11.696401	 	12746.666667
-11.539191	 	12753.333333
-11.761413	 	12760.000000
-11.690491	 	12766.666667
-11.740136	 	12773.333333
-11.657394	 	12780.000000
-11.818150	 	12786.666667
-11.705857	 	12793.333333
-11.912713	 	12800.000000
-11.746046	 	12806.666667
-11.656212	 	12813.333333
-11.546283	 	12820.000000
-11.759049	 	12826.666667
-11.829971	 	12833.333333
-11.855976	 	12840.000000
-11.902075	 	12846.666667
-11.780325	 	12853.333333
-11.880798	 	12860.000000
-11.785054	 	12866.666667
-11.618387	 	12873.333333
-11.480089	 	12880.000000
-11.559285	 	12886.666667
-11.756685	 	12893.333333
-11.535645	 	12900.000000
-11.391437	 	12906.666667
-11.500184	 	12913.333333
-11.459994	 	12920.000000
-11.755503	 	12926.666667
-11.655030	 	12933.333333
-11.844155	 	12940.000000
-11.669214	 	12946.666667
-11.630207	 	12953.333333
-11.747228	 	12960.000000
-11.826425	 	12966.666667
-11.749593	 	12973.333333
-11.770869	 	12980.000000
-11.840609	 	12986.666667
-11.802784	 	12993.333333
-11.890254	 	13000.000000
-11.532098	 	13006.666667
-11.792146	 	13013.333333
-11.768505	 	13020.000000
-11.737772	 	13026.666667
-11.816968	 	13033.333333
-11.842973	 	13040.000000
-11.747228	 	13046.666667
-11.917441	 	13053.333333
-11.923351	 	13060.000000
-12.101838	 	13066.666667
-11.894983	 	13073.333333
-11.738954	 	13080.000000
-11.951720	 	13086.666667
-12.021460	 	13093.333333
-12.080562	 	13100.000000
-12.173942	 	13106.666667
-12.266141	 	13113.333333
-12.156212	 	13120.000000
-12.034463	 	13126.666667
-12.041555	 	13133.333333
-11.897347	 	13140.000000
-12.038009	 	13146.666667
-11.922169	 	13153.333333
-12.150302	 	13160.000000
-12.285054	 	13166.666667
-12.322879	 	13173.333333
-12.293328	 	13180.000000
-12.107749	 	13186.666667
-12.078198	 	13193.333333
-12.300420	 	13200.000000
-12.247228	 	13206.666667
-12.233044	 	13213.333333
-12.415077	 	13220.000000
-12.392619	 	13226.666667
-12.383162	 	13233.333333
-12.275597	 	13240.000000
-12.315786	 	13246.666667
-12.230680	 	13253.333333
-12.437536	 	13260.000000
-12.487181	 	13266.666667
-12.773233	 	13273.333333
-12.554557	 	13280.000000
-12.644392	 	13286.666667
-12.574652	 	13293.333333
-12.653848	 	13300.000000
-12.603020	 	13306.666667
-12.569923	 	13313.333333
-12.560467	 	13320.000000
-12.682217	 	13326.666667
