#peak 	 	#time 
0.457089	 	0.000000
0.579528	 	6.666667
0.576981	 	13.333333
0.330227	 	20.000000
0.361396	 	26.666667
0.439726	 	33.333333
0.182583	 	40.000000
0.381281	 	46.666667
0.170892	 	53.333333
0.516346	 	60.000000
0.363100	 	66.666667
0.251411	 	73.333333
0.479983	 	80.000000
0.311152	 	86.666667
0.163100	 	93.333333
0.357905	 	100.000000
0.531931	 	106.666667
0.479983	 	113.333333
0.555307	 	120.000000
0.430632	 	126.666667
0.464398	 	133.333333
0.334528	 	140.000000
0.633229	 	146.666667
0.731931	 	153.333333
0.828035	 	160.000000
0.552710	 	166.666667
0.305957	 	173.333333
0.251411	 	180.000000
0.734528	 	186.666667
0.446216	 	193.333333
0.544918	 	200.000000
0.939723	 	206.666667
0.705957	 	213.333333
0.417645	 	220.000000
0.417645	 	226.666667
-0.107030	 	233.333333
0.700762	 	240.000000
0.425437	 	246.666667
0.822840	 	253.333333
0.599463	 	260.000000
0.518944	 	266.666667
0.711152	 	273.333333
0.713749	 	280.000000
0.342320	 	286.666667
0.111152	 	293.333333
0.269593	 	300.000000
0.646216	 	306.666667
0.713749	 	313.333333
1.077385	 	320.000000
0.355307	 	326.666667
0.339723	 	333.333333
0.181281	 	340.000000
0.111152	 	346.666667
0.430632	 	353.333333
0.404658	 	360.000000
0.176087	 	366.666667
0.259203	 	373.333333
0.433229	 	380.000000
0.077385	 	386.666667
-0.221316	 	393.333333
0.233229	 	400.000000
0.435827	 	406.666667
0.599463	 	413.333333
0.321541	 	420.000000
0.350113	 	426.666667
-0.148589	 	433.333333
0.061801	 	440.000000
-0.060277	 	446.666667
-0.047290	 	453.333333
0.420242	 	460.000000
0.505957	 	466.666667
0.487775	 	473.333333
0.272190	 	480.000000
-0.109628	 	486.666667
-0.153784	 	493.333333
-0.143394	 	500.000000
0.095567	 	506.666667
0.246216	 	513.333333
0.173489	 	520.000000
0.124139	 	526.666667
-0.018719	 	533.333333
-0.081056	 	540.000000
-0.127810	 	546.666667
-0.294043	 	553.333333
-0.200537	 	560.000000
0.090372	 	566.666667
0.321541	 	573.333333
0.391671	 	580.000000
-0.249887	 	586.666667
-0.268069	 	593.333333
-0.078459	 	600.000000
-0.021316	 	606.666667
0.025437	 	613.333333
0.287775	 	620.000000
0.638424	 	626.666667
0.633229	 	633.333333
0.215048	 	640.000000
0.113749	 	646.666667
0.186476	 	653.333333
0.261801	 	660.000000
0.731931	 	666.666667
0.661801	 	673.333333
0.474788	 	680.000000
0.433229	 	686.666667
0.183879	 	693.333333
0.170892	 	700.000000
0.368294	 	706.666667
0.661801	 	713.333333
0.903359	 	720.000000
0.635827	 	726.666667
0.841022	 	733.333333
0.809853	 	740.000000
0.469593	 	746.666667
0.516346	 	753.333333
0.664398	 	760.000000
0.448814	 	766.666667
0.630632	 	773.333333
0.503359	 	780.000000
0.407255	 	786.666667
0.347515	 	793.333333
0.404658	 	800.000000
0.425437	 	806.666667
0.381281	 	813.333333
0.490372	 	820.000000
0.641022	 	826.666667
0.565697	 	833.333333
0.412450	 	840.000000
0.215048	 	846.666667
0.438424	 	853.333333
0.331931	 	860.000000
0.212450	 	866.666667
0.724139	 	873.333333
0.404658	 	880.000000
0.373489	 	886.666667
0.402061	 	893.333333
0.285178	 	900.000000
0.464398	 	906.666667
0.368294	 	913.333333
0.550113	 	920.000000
0.576087	 	926.666667
0.622840	 	933.333333
0.516346	 	940.000000
0.648814	 	946.666667
0.513749	 	953.333333
0.690372	 	960.000000
0.617645	 	966.666667
0.692970	 	973.333333
0.833229	 	980.000000
0.215048	 	986.666667
0.189074	 	993.333333
0.521541	 	1000.000000
0.433229	 	1006.666667
0.822840	 	1013.333333
0.791671	 	1020.000000
0.942320	 	1026.666667
0.747515	 	1033.333333
0.812450	 	1040.000000
0.573489	 	1046.666667
0.765697	 	1053.333333
0.482580	 	1060.000000
0.705957	 	1066.666667
0.750113	 	1073.333333
0.591671	 	1080.000000
0.539723	 	1086.666667
0.656606	 	1093.333333
0.443619	 	1100.000000
0.316346	 	1106.666667
0.628035	 	1113.333333
0.659203	 	1120.000000
0.524139	 	1126.666667
0.952710	 	1133.333333
0.396866	 	1140.000000
0.243619	 	1146.666667
0.404658	 	1153.333333
0.474788	 	1160.000000
0.596866	 	1166.666667
0.750113	 	1173.333333
0.877385	 	1180.000000
0.791671	 	1186.666667
0.641022	 	1193.333333
0.422840	 	1200.000000
0.622840	 	1206.666667
0.441022	 	1213.333333
0.672190	 	1220.000000
0.648814	 	1226.666667
0.705957	 	1233.333333
0.654009	 	1240.000000
0.576087	 	1246.666667
0.916346	 	1253.333333
0.542320	 	1260.000000
0.383879	 	1266.666667
0.443619	 	1273.333333
0.763100	 	1280.000000
0.669593	 	1286.666667
0.550113	 	1293.333333
0.565697	 	1300.000000
0.651411	 	1306.666667
0.539723	 	1313.333333
0.292970	 	1320.000000
0.474788	 	1326.666667
0.586476	 	1333.333333
0.482580	 	1340.000000
0.874788	 	1346.666667
0.841022	 	1353.333333
0.628035	 	1360.000000
0.305957	 	1366.666667
0.272190	 	1373.333333
0.560502	 	1380.000000
0.438424	 	1386.666667
0.773489	 	1393.333333
0.851411	 	1400.000000
0.830632	 	1406.666667
0.266996	 	1413.333333
0.383879	 	1420.000000
0.251411	 	1426.666667
0.409853	 	1433.333333
0.451411	 	1440.000000
0.742320	 	1446.666667
0.386476	 	1453.333333
0.628035	 	1460.000000
0.311152	 	1466.666667
0.248814	 	1473.333333
0.316346	 	1480.000000
0.503359	 	1486.666667
0.609853	 	1493.333333
0.843619	 	1500.000000
0.651411	 	1506.666667
0.804658	 	1513.333333
0.589074	 	1520.000000
0.090372	 	1526.666667
0.464398	 	1533.333333
0.321541	 	1540.000000
0.360502	 	1546.666667
0.646216	 	1553.333333
0.666996	 	1560.000000
0.591671	 	1566.666667
0.718944	 	1573.333333
0.155307	 	1580.000000
0.189074	 	1586.666667
0.285178	 	1593.333333
0.282580	 	1600.000000
0.287775	 	1606.666667
0.495567	 	1613.333333
0.365697	 	1620.000000
0.435827	 	1626.666667
0.620242	 	1633.333333
0.386476	 	1640.000000
-0.062874	 	1646.666667
0.591671	 	1653.333333
0.399463	 	1660.000000
0.635827	 	1666.666667
0.394268	 	1673.333333
0.303359	 	1680.000000
0.334528	 	1686.666667
0.454009	 	1693.333333
0.360502	 	1700.000000
0.539723	 	1706.666667
0.303359	 	1713.333333
0.799463	 	1720.000000
0.381281	 	1726.666667
0.682580	 	1733.333333
0.802061	 	1740.000000
0.757905	 	1746.666667
0.399463	 	1753.333333
0.391671	 	1760.000000
0.355307	 	1766.666667
0.866996	 	1773.333333
0.864398	 	1780.000000
0.755307	 	1786.666667
1.015048	 	1793.333333
0.716346	 	1800.000000
0.742320	 	1806.666667
0.976087	 	1813.333333
0.570892	 	1820.000000
0.794268	 	1826.666667
0.752710	 	1833.333333
0.563100	 	1840.000000
0.661801	 	1846.666667
0.773489	 	1853.333333
0.638424	 	1860.000000
0.625437	 	1866.666667
0.835827	 	1873.333333
0.892970	 	1880.000000
0.913749	 	1886.666667
0.835827	 	1893.333333
0.838424	 	1900.000000
0.983879	 	1906.666667
0.342320	 	1913.333333
0.095567	 	1920.000000
0.555307	 	1926.666667
0.669593	 	1933.333333
0.763100	 	1940.000000
0.913749	 	1946.666667
0.425437	 	1953.333333
0.698165	 	1960.000000
0.687775	 	1966.666667
0.441022	 	1973.333333
0.957905	 	1980.000000
0.838424	 	1986.666667
1.098165	 	1993.333333
0.781281	 	2000.000000
0.908554	 	2006.666667
0.360502	 	2013.333333
0.544918	 	2020.000000
0.866996	 	2026.666667
0.677385	 	2033.333333
1.012450	 	2040.000000
0.830632	 	2046.666667
1.028035	 	2053.333333
0.625437	 	2060.000000
0.446216	 	2066.666667
0.466996	 	2073.333333
0.643619	 	2080.000000
0.765697	 	2086.666667
0.828035	 	2093.333333
0.950113	 	2100.000000
0.251411	 	2106.666667
0.648814	 	2113.333333
0.495567	 	2120.000000
0.217645	 	2126.666667
0.466996	 	2133.333333
0.570892	 	2140.000000
0.942320	 	2146.666667
0.942320	 	2153.333333
0.659203	 	2160.000000
0.513749	 	2166.666667
0.612450	 	2173.333333
0.583879	 	2180.000000
0.479983	 	2186.666667
0.695567	 	2193.333333
0.679983	 	2200.000000
0.731931	 	2206.666667
0.791671	 	2213.333333
0.664398	 	2220.000000
0.420242	 	2226.666667
0.381281	 	2233.333333
0.129333	 	2240.000000
0.394268	 	2246.666667
0.570892	 	2253.333333
0.573489	 	2260.000000
0.521541	 	2266.666667
0.264398	 	2273.333333
-0.109628	 	2280.000000
0.189074	 	2286.666667
0.160502	 	2293.333333
0.360502	 	2300.000000
0.586476	 	2306.666667
0.287775	 	2313.333333
0.022840	 	2320.000000
0.007255	 	2326.666667
0.466996	 	2333.333333
0.212450	 	2340.000000
0.599463	 	2346.666667
0.300762	 	2353.333333
0.622840	 	2360.000000
0.339723	 	2366.666667
0.635827	 	2373.333333
0.199463	 	2380.000000
0.583879	 	2386.666667
0.199463	 	2393.333333
0.134528	 	2400.000000
0.568294	 	2406.666667
0.570892	 	2413.333333
0.118944	 	2420.000000
0.054009	 	2426.666667
0.028035	 	2433.333333
0.272190	 	2440.000000
0.157905	 	2446.666667
0.508554	 	2453.333333
0.139723	 	2460.000000
0.568294	 	2466.666667
0.100762	 	2473.333333
0.087775	 	2480.000000
0.064398	 	2486.666667
0.274788	 	2493.333333
0.526736	 	2500.000000
0.015048	 	2506.666667
0.404658	 	2513.333333
0.181281	 	2520.000000
-0.379758	 	2526.666667
-0.049887	 	2533.333333
-0.047290	 	2540.000000
0.077385	 	2546.666667
0.394268	 	2553.333333
0.092970	 	2560.000000
0.002061	 	2566.666667
0.222840	 	2573.333333
0.373489	 	2580.000000
0.363100	 	2586.666667
-0.088848	 	2593.333333
0.498165	 	2600.000000
0.534528	 	2606.666667
0.098165	 	2613.333333
0.248814	 	2620.000000
-0.099238	 	2626.666667
-0.104433	 	2633.333333
0.339723	 	2640.000000
0.363100	 	2646.666667
0.243619	 	2653.333333
0.150113	 	2660.000000
0.428035	 	2666.666667
-0.223913	 	2673.333333
0.147515	 	2680.000000
-0.257680	 	2686.666667
0.264398	 	2693.333333
-0.036900	 	2700.000000
0.033229	 	2706.666667
0.111152	 	2713.333333
0.529333	 	2720.000000
0.142320	 	2726.666667
-0.042095	 	2733.333333
0.066996	 	2740.000000
0.147515	 	2746.666667
0.378684	 	2753.333333
0.487775	 	2760.000000
0.399463	 	2766.666667
0.459203	 	2773.333333
3.105957	 	2780.000000
29.181281	 	2786.666667
211.617645	 	2793.333333
696.892970	 	2800.000000
1339.030632	 	2806.666667
1955.796866	 	2813.333333
2453.664398	 	2820.000000
2837.617645	 	2826.666667
3146.279983	 	2833.333333
3374.573489	 	2840.000000
3526.479983	 	2846.666667
3619.802061	 	2853.333333
3676.012450	 	2860.000000
3693.718944	 	2866.666667
3680.882580	 	2873.333333
3645.241022	 	2880.000000
3606.991671	 	2886.666667
3560.841022	 	2893.333333
3511.116346	 	2900.000000
3445.521541	 	2906.666667
3383.189074	 	2913.333333
3331.687775	 	2920.000000
3296.381281	 	2926.666667
3244.290372	 	2933.333333
3186.137126	 	2940.000000
3119.041022	 	2946.666667
3066.326736	 	2953.333333
3018.155307	 	2960.000000
2978.248814	 	2966.666667
2928.981281	 	2973.333333
2882.926736	 	2980.000000
2837.602061	 	2986.666667
2806.576087	 	2993.333333
2770.905957	 	3000.000000
2733.072190	 	3006.666667
2691.612450	 	3013.333333
2657.129333	 	3020.000000
2628.186476	 	3026.666667
2604.233229	 	3033.333333
2571.430632	 	3040.000000
2539.838424	 	3046.666667
2506.100762	 	3053.333333
2479.570892	 	3060.000000
2456.295567	 	3066.666667
2435.415048	 	3073.333333
2408.547515	 	3080.000000
2381.142320	 	3086.666667
2353.622840	 	3093.333333
2329.786476	 	3100.000000
2309.498165	 	3106.666667
2289.048814	 	3113.333333
2267.744918	 	3120.000000
2250.773489	 	3126.666667
2234.311152	 	3133.333333
2214.898165	 	3140.000000
2192.978684	 	3146.666667
2170.996866	 	3153.333333
2150.952710	 	3160.000000
2134.859203	 	3166.666667
2117.350113	 	3173.333333
2099.937126	 	3180.000000
2078.589074	 	3186.666667
2057.854009	 	3193.333333
2040.612450	 	3200.000000
2024.783879	 	3206.666667
2007.529333	 	3213.333333
1991.186476	 	3220.000000
1975.822840	 	3226.666667
1961.007255	 	3233.333333
1944.370892	 	3240.000000
1924.116346	 	3246.666667
1905.996866	 	3253.333333
1891.586476	 	3260.000000
1881.041022	 	3266.666667
1870.202061	 	3273.333333
1854.526736	 	3280.000000
1839.246216	 	3286.666667
1823.586476	 	3293.333333
1809.903359	 	3300.000000
1797.615048	 	3306.666667
1786.373489	 	3313.333333
1772.324139	 	3320.000000
1762.357905	 	3326.666667
1751.189074	 	3333.333333
1737.033229	 	3340.000000
1721.654009	 	3346.666667
1706.142320	 	3353.333333
1694.939723	 	3360.000000
1686.391671	 	3366.666667
1676.664398	 	3373.333333
1664.137126	 	3380.000000
1648.726736	 	3386.666667
1635.968294	 	3393.333333
1624.583879	 	3400.000000
1613.994268	 	3406.666667
1603.163100	 	3413.333333
1592.017645	 	3420.000000
1582.326736	 	3426.666667
1572.835827	 	3433.333333
1562.324139	 	3440.000000
1548.918944	 	3446.666667
1541.396866	 	3453.333333
1531.217645	 	3460.000000
1525.755307	 	3466.666667
1515.508554	 	3473.333333
1505.259203	 	3480.000000
1496.124139	 	3486.666667
1485.178684	 	3493.333333
1475.828035	 	3500.000000
1466.443619	 	3506.666667
1459.828035	 	3513.333333
1449.952710	 	3520.000000
1439.879983	 	3526.666667
1432.082580	 	3533.333333
1422.191671	 	3540.000000
1412.254009	 	3546.666667
1400.607255	 	3553.333333
1394.072190	 	3560.000000
1385.685178	 	3566.666667
1375.996866	 	3573.333333
1366.430632	 	3580.000000
1355.929333	 	3586.666667
1347.924139	 	3593.333333
1338.534528	 	3600.000000
1331.285178	 	3606.666667
1323.150113	 	3613.333333
1314.638424	 	3620.000000
1303.279983	 	3626.666667
1292.835827	 	3633.333333
1284.500762	 	3640.000000
1275.022840	 	3646.666667
1268.407255	 	3653.333333
1257.900762	 	3660.000000
1249.854009	 	3666.666667
1244.563100	 	3673.333333
1233.648814	 	3680.000000
1226.121541	 	3686.666667
1219.835827	 	3693.333333
1211.381281	 	3700.000000
1206.002061	 	3706.666667
1199.303359	 	3713.333333
1192.209853	 	3720.000000
1186.737126	 	3726.666667
1177.950113	 	3733.333333
1171.134528	 	3740.000000
1167.012450	 	3746.666667
1158.308554	 	3753.333333
1152.228035	 	3760.000000
1146.254009	 	3766.666667
1139.256606	 	3773.333333
1133.641022	 	3780.000000
1128.389074	 	3786.666667
1120.628035	 	3793.333333
1114.124139	 	3800.000000
1107.308554	 	3806.666667
1099.391671	 	3813.333333
1093.183879	 	3820.000000
1086.550113	 	3826.666667
1079.472190	 	3833.333333
1074.417645	 	3840.000000
1066.950113	 	3846.666667
1059.061801	 	3853.333333
1053.222840	 	3860.000000
1045.417645	 	3866.666667
1039.378684	 	3873.333333
1033.796866	 	3880.000000
1025.924139	 	3886.666667
1019.885178	 	3893.333333
1014.191671	 	3900.000000
1005.474788	 	3906.666667
998.420242	 	3913.333333
992.202061	 	3920.000000
986.817645	 	3926.666667
981.568294	 	3933.333333
975.630632	 	3940.000000
970.004658	 	3946.666667
963.947515	 	3953.333333
956.872190	 	3960.000000
952.261801	 	3966.666667
947.937126	 	3973.333333
943.376087	 	3980.000000
939.866996	 	3986.666667
934.285178	 	3993.333333
928.217645	 	4000.000000
923.607255	 	4006.666667
917.690372	 	4013.333333
912.241022	 	4020.000000
908.646216	 	4026.666667
903.417645	 	4033.333333
897.222840	 	4040.000000
892.459203	 	4046.666667
886.560502	 	4053.333333
880.318944	 	4060.000000
875.879983	 	4066.666667
870.703359	 	4073.333333
867.822840	 	4080.000000
864.742320	 	4086.666667
859.142320	 	4093.333333
854.607255	 	4100.000000
850.809853	 	4106.666667
845.378684	 	4113.333333
841.708554	 	4120.000000
838.630632	 	4126.666667
834.786476	 	4133.333333
831.069593	 	4140.000000
825.350113	 	4146.666667
819.685178	 	4153.333333
815.326736	 	4160.000000
810.815048	 	4166.666667
806.451411	 	4173.333333
802.726736	 	4180.000000
797.492970	 	4186.666667
792.773489	 	4193.333333
786.513749	 	4200.000000
781.963100	 	4206.666667
778.513749	 	4213.333333
774.552710	 	4220.000000
771.142320	 	4226.666667
767.981281	 	4233.333333
762.817645	 	4240.000000
757.918944	 	4246.666667
753.877385	 	4253.333333
750.264398	 	4260.000000
747.126736	 	4266.666667
744.054009	 	4273.333333
740.220242	 	4280.000000
736.222840	 	4286.666667
732.022840	 	4293.333333
727.669593	 	4300.000000
723.999463	 	4306.666667
720.550113	 	4313.333333
716.222840	 	4320.000000
712.687775	 	4326.666667
707.326736	 	4333.333333
702.659203	 	4340.000000
699.035827	 	4346.666667
695.402061	 	4353.333333
691.848814	 	4360.000000
689.615048	 	4366.666667
685.674788	 	4373.333333
681.134528	 	4380.000000
676.848814	 	4386.666667
672.607255	 	4393.333333
667.508554	 	4400.000000
662.960502	 	4406.666667
659.817645	 	4413.333333
656.212450	 	4420.000000
652.747515	 	4426.666667
648.526736	 	4433.333333
644.396866	 	4440.000000
640.560502	 	4446.666667
637.098165	 	4453.333333
633.326736	 	4460.000000
629.900762	 	4466.666667
626.799463	 	4473.333333
622.760502	 	4480.000000
619.054009	 	4486.666667
615.747515	 	4493.333333
611.659203	 	4500.000000
608.864398	 	4506.666667
606.124139	 	4513.333333
602.170892	 	4520.000000
598.311152	 	4526.666667
594.451411	 	4533.333333
591.030632	 	4540.000000
588.056606	 	4546.666667
584.487775	 	4553.333333
581.978684	 	4560.000000
578.861801	 	4566.666667
575.791671	 	4573.333333
572.679983	 	4580.000000
569.095567	 	4586.666667
566.568294	 	4593.333333
564.095567	 	4600.000000
562.433229	 	4606.666667
560.028035	 	4613.333333
557.342320	 	4620.000000
554.420242	 	4626.666667
551.046216	 	4633.333333
549.043619	 	4640.000000
546.973489	 	4646.666667
544.347515	 	4653.333333
542.178684	 	4660.000000
539.492970	 	4666.666667
536.329333	 	4673.333333
533.007255	 	4680.000000
529.768294	 	4686.666667
527.326736	 	4693.333333
525.526736	 	4700.000000
523.290372	 	4706.666667
520.583879	 	4713.333333
516.895567	 	4720.000000
513.789074	 	4726.666667
511.656606	 	4733.333333
508.828035	 	4740.000000
506.118944	 	4746.666667
502.989074	 	4753.333333
500.474788	 	4760.000000
498.077385	 	4766.666667
494.807255	 	4773.333333
491.791671	 	4780.000000
489.479983	 	4786.666667
487.160502	 	4793.333333
485.233229	 	4800.000000
482.539723	 	4806.666667
479.843619	 	4813.333333
477.009853	 	4820.000000
475.459203	 	4826.666667
473.144918	 	4833.333333
470.895567	 	4840.000000
469.202061	 	4846.666667
467.204658	 	4853.333333
464.903359	 	4860.000000
462.228035	 	4866.666667
460.041022	 	4873.333333
458.438424	 	4880.000000
455.991671	 	4886.666667
454.272190	 	4893.333333
452.420242	 	4900.000000
450.085178	 	4906.666667
448.524139	 	4913.333333
446.789074	 	4920.000000
444.586476	 	4926.666667
442.970892	 	4933.333333
440.672190	 	4940.000000
438.243619	 	4946.666667
435.396866	 	4953.333333
432.768294	 	4960.000000
431.012450	 	4966.666667
428.744918	 	4973.333333
427.004658	 	4980.000000
425.378684	 	4986.666667
423.054009	 	4993.333333
420.365697	 	5000.000000
418.051411	 	5006.666667
415.412450	 	5013.333333
413.041022	 	5020.000000
410.233229	 	5026.666667
408.791671	 	5033.333333
407.474788	 	5040.000000
406.072190	 	5046.666667
403.264398	 	5053.333333
401.168294	 	5060.000000
398.963100	 	5066.666667
397.337126	 	5073.333333
395.505957	 	5080.000000
394.365697	 	5086.666667
392.638424	 	5093.333333
390.838424	 	5100.000000
389.365697	 	5106.666667
387.298165	 	5113.333333
385.641022	 	5120.000000
383.386476	 	5126.666667
380.825437	 	5133.333333
379.043619	 	5140.000000
376.599463	 	5146.666667
374.347515	 	5153.333333
373.326736	 	5160.000000
370.726736	 	5166.666667
368.744918	 	5173.333333
366.560502	 	5180.000000
365.989074	 	5186.666667
364.118944	 	5193.333333
362.552710	 	5200.000000
361.441022	 	5206.666667
360.487775	 	5213.333333
358.747515	 	5220.000000
357.277385	 	5226.666667
355.181281	 	5233.333333
353.768294	 	5240.000000
352.105957	 	5246.666667
349.903359	 	5253.333333
348.116346	 	5260.000000
346.874788	 	5266.666667
344.755307	 	5273.333333
342.305957	 	5280.000000
340.004658	 	5286.666667
339.105957	 	5293.333333
337.295567	 	5300.000000
336.152710	 	5306.666667
335.085178	 	5313.333333
333.269593	 	5320.000000
331.103359	 	5326.666667
329.446216	 	5333.333333
327.129333	 	5340.000000
325.552710	 	5346.666667
324.646216	 	5353.333333
322.965697	 	5360.000000
321.474788	 	5366.666667
319.682580	 	5373.333333
317.085178	 	5380.000000
314.690372	 	5386.666667
313.095567	 	5393.333333
311.851411	 	5400.000000
310.207255	 	5406.666667
309.422840	 	5413.333333
307.994268	 	5420.000000
306.246216	 	5426.666667
304.098165	 	5433.333333
302.108554	 	5440.000000
300.890372	 	5446.666667
298.817645	 	5453.333333
297.446216	 	5460.000000
296.441022	 	5466.666667
295.955307	 	5473.333333
294.802061	 	5480.000000
293.326736	 	5486.666667
292.209853	 	5493.333333
291.095567	 	5500.000000
290.264398	 	5506.666667
288.973489	 	5513.333333
287.264398	 	5520.000000
286.228035	 	5526.666667
284.441022	 	5533.333333
283.451411	 	5540.000000
281.986476	 	5546.666667
280.594268	 	5553.333333
278.809853	 	5560.000000
276.822840	 	5566.666667
275.402061	 	5573.333333
274.020242	 	5580.000000
273.041022	 	5586.666667
271.763100	 	5593.333333
270.604658	 	5600.000000
269.313749	 	5606.666667
268.220242	 	5613.333333
266.739723	 	5620.000000
265.373489	 	5626.666667
264.726736	 	5633.333333
263.326736	 	5640.000000
261.692970	 	5646.666667
260.589074	 	5653.333333
259.682580	 	5660.000000
257.563100	 	5666.666667
256.152710	 	5673.333333
254.511152	 	5680.000000
253.513749	 	5686.666667
251.809853	 	5693.333333
250.503359	 	5700.000000
249.131931	 	5706.666667
247.274788	 	5713.333333
245.451411	 	5720.000000
244.204658	 	5726.666667
242.976087	 	5733.333333
241.729333	 	5740.000000
240.841022	 	5746.666667
239.648814	 	5753.333333
238.215048	 	5760.000000
236.989074	 	5766.666667
235.230632	 	5773.333333
234.355307	 	5780.000000
233.643619	 	5786.666667
232.903359	 	5793.333333
232.046216	 	5800.000000
231.181281	 	5806.666667
229.830632	 	5813.333333
228.799463	 	5820.000000
227.820242	 	5826.666667
226.295567	 	5833.333333
225.586476	 	5840.000000
225.222840	 	5846.666667
224.703359	 	5853.333333
223.648814	 	5860.000000
222.989074	 	5866.666667
221.321541	 	5873.333333
219.983879	 	5880.000000
218.625437	 	5886.666667
217.438424	 	5893.333333
216.477385	 	5900.000000
214.937126	 	5906.666667
213.747515	 	5913.333333
212.789074	 	5920.000000
211.679983	 	5926.666667
210.539723	 	5933.333333
209.560502	 	5940.000000
208.617645	 	5946.666667
208.165697	 	5953.333333
206.617645	 	5960.000000
205.898165	 	5966.666667
205.274788	 	5973.333333
204.789074	 	5980.000000
203.931931	 	5986.666667
203.002061	 	5993.333333
201.664398	 	6000.000000
201.126736	 	6006.666667
199.386476	 	6013.333333
198.599463	 	6020.000000
197.025437	 	6026.666667
195.300762	 	6033.333333
194.207255	 	6040.000000
192.396866	 	6046.666667
191.066996	 	6053.333333
189.430632	 	6060.000000
189.077385	 	6066.666667
188.228035	 	6073.333333
186.768294	 	6080.000000
185.199463	 	6086.666667
184.150113	 	6093.333333
184.103359	 	6100.000000
183.861801	 	6106.666667
182.711152	 	6113.333333
182.183879	 	6120.000000
181.477385	 	6126.666667
180.477385	 	6133.333333
179.254009	 	6140.000000
178.978684	 	6146.666667
178.326736	 	6153.333333
177.261801	 	6160.000000
177.121541	 	6166.666667
176.072190	 	6173.333333
175.035827	 	6180.000000
173.274788	 	6186.666667
172.100762	 	6193.333333
170.965697	 	6200.000000
170.121541	 	6206.666667
169.396866	 	6213.333333
168.376087	 	6220.000000
167.425437	 	6226.666667
165.918944	 	6233.333333
165.228035	 	6240.000000
164.259203	 	6246.666667
163.859203	 	6253.333333
163.594268	 	6260.000000
163.118944	 	6266.666667
162.531931	 	6273.333333
161.526736	 	6280.000000
160.041022	 	6286.666667
159.266996	 	6293.333333
158.737126	 	6300.000000
157.508554	 	6306.666667
157.251411	 	6313.333333
157.035827	 	6320.000000
156.950113	 	6326.666667
155.921541	 	6333.333333
155.256606	 	6340.000000
154.459203	 	6346.666667
152.905957	 	6353.333333
151.804658	 	6360.000000
150.752710	 	6366.666667
150.186476	 	6373.333333
149.415048	 	6380.000000
148.259203	 	6386.666667
147.596866	 	6393.333333
147.199463	 	6400.000000
146.768294	 	6406.666667
146.703359	 	6413.333333
146.363100	 	6420.000000
145.804658	 	6426.666667
145.646216	 	6433.333333
144.882580	 	6440.000000
143.817645	 	6446.666667
143.085178	 	6453.333333
142.438424	 	6460.000000
141.747515	 	6466.666667
141.282580	 	6473.333333
140.687775	 	6480.000000
140.121541	 	6486.666667
139.334528	 	6493.333333
138.991671	 	6500.000000
138.386476	 	6506.666667
138.230632	 	6513.333333
137.544918	 	6520.000000
136.718944	 	6526.666667
136.150113	 	6533.333333
135.874788	 	6540.000000
135.189074	 	6546.666667
133.833229	 	6553.333333
133.451411	 	6560.000000
133.077385	 	6566.666667
132.126736	 	6573.333333
131.373489	 	6580.000000
131.173489	 	6586.666667
130.409853	 	6593.333333
129.539723	 	6600.000000
128.666996	 	6606.666667
127.508554	 	6613.333333
126.383879	 	6620.000000
125.204658	 	6626.666667
124.134528	 	6633.333333
123.360502	 	6640.000000
122.526736	 	6646.666667
122.266996	 	6653.333333
121.376087	 	6660.000000
120.498165	 	6666.666667
119.373489	 	6673.333333
118.599463	 	6680.000000
118.654009	 	6686.666667
117.594268	 	6693.333333
117.277385	 	6700.000000
116.082580	 	6706.666667
115.866996	 	6713.333333
115.490372	 	6720.000000
114.737126	 	6726.666667
114.150113	 	6733.333333
113.443619	 	6740.000000
112.664398	 	6746.666667
112.435827	 	6753.333333
112.337126	 	6760.000000
112.059203	 	6766.666667
111.518944	 	6773.333333
111.035827	 	6780.000000
110.163100	 	6786.666667
109.438424	 	6793.333333
108.690372	 	6800.000000
108.017645	 	6806.666667
107.794268	 	6813.333333
107.609853	 	6820.000000
106.586476	 	6826.666667
106.144918	 	6833.333333
105.074788	 	6840.000000
104.207255	 	6846.666667
104.157905	 	6853.333333
103.233229	 	6860.000000
102.830632	 	6866.666667
102.474788	 	6873.333333
101.643619	 	6880.000000
100.485178	 	6886.666667
99.822840	 	6893.333333
98.924139	 	6900.000000
98.308554	 	6906.666667
98.186476	 	6913.333333
97.282580	 	6920.000000
97.043619	 	6926.666667
95.848814	 	6933.333333
94.942320	 	6940.000000
94.321541	 	6946.666667
93.454009	 	6953.333333
93.630632	 	6960.000000
93.573489	 	6966.666667
92.804658	 	6973.333333
92.518944	 	6980.000000
92.155307	 	6986.666667
91.448814	 	6993.333333
90.609853	 	7000.000000
90.318944	 	7006.666667
90.269593	 	7013.333333
90.251411	 	7020.000000
89.926736	 	7026.666667
89.435827	 	7033.333333
88.965697	 	7040.000000
88.139723	 	7046.666667
87.298165	 	7053.333333
86.877385	 	7060.000000
86.591671	 	7066.666667
86.718944	 	7073.333333
86.079983	 	7080.000000
85.391671	 	7086.666667
85.059203	 	7093.333333
84.666996	 	7100.000000
84.269593	 	7106.666667
84.090372	 	7113.333333
84.137126	 	7120.000000
84.768294	 	7126.666667
84.602061	 	7133.333333
84.511152	 	7140.000000
83.815048	 	7146.666667
83.609853	 	7153.333333
83.305957	 	7160.000000
83.326736	 	7166.666667
83.321541	 	7173.333333
82.872190	 	7180.000000
82.809853	 	7186.666667
82.583879	 	7193.333333
82.344918	 	7200.000000
81.913749	 	7206.666667
81.583879	 	7213.333333
81.482580	 	7220.000000
81.347515	 	7226.666667
81.015048	 	7233.333333
80.134528	 	7240.000000
80.038424	 	7246.666667
79.505957	 	7253.333333
78.916346	 	7260.000000
78.963100	 	7266.666667
79.072190	 	7273.333333
78.799463	 	7280.000000
78.272190	 	7286.666667
78.329333	 	7293.333333
77.757905	 	7300.000000
77.360502	 	7306.666667
77.428035	 	7313.333333
76.773489	 	7320.000000
76.994268	 	7326.666667
76.326736	 	7333.333333
75.589074	 	7340.000000
74.820242	 	7346.666667
74.864398	 	7353.333333
74.700762	 	7360.000000
74.326736	 	7366.666667
73.464398	 	7373.333333
73.576087	 	7380.000000
73.165697	 	7386.666667
72.905957	 	7393.333333
72.443619	 	7400.000000
72.017645	 	7406.666667
71.254009	 	7413.333333
70.757905	 	7420.000000
69.770892	 	7426.666667
69.581281	 	7433.333333
68.944918	 	7440.000000
68.443619	 	7446.666667
68.456606	 	7453.333333
68.100762	 	7460.000000
67.716346	 	7466.666667
67.015048	 	7473.333333
66.550113	 	7480.000000
65.646216	 	7486.666667
65.144918	 	7493.333333
64.272190	 	7500.000000
64.035827	 	7506.666667
63.596866	 	7513.333333
63.204658	 	7520.000000
62.428035	 	7526.666667
62.339723	 	7533.333333
61.594268	 	7540.000000
61.357905	 	7546.666667
60.791671	 	7553.333333
60.355307	 	7560.000000
59.963100	 	7566.666667
59.108554	 	7573.333333
59.022840	 	7580.000000
58.422840	 	7586.666667
58.285178	 	7593.333333
58.173489	 	7600.000000
57.685178	 	7606.666667
57.243619	 	7613.333333
56.526736	 	7620.000000
56.890372	 	7626.666667
56.937126	 	7633.333333
56.381281	 	7640.000000
55.963100	 	7646.666667
55.544918	 	7653.333333
55.209853	 	7660.000000
54.664398	 	7666.666667
54.786476	 	7673.333333
54.950113	 	7680.000000
54.368294	 	7686.666667
54.659203	 	7693.333333
54.139723	 	7700.000000
54.331931	 	7706.666667
53.651411	 	7713.333333
53.687775	 	7720.000000
53.337126	 	7726.666667
52.950113	 	7733.333333
52.763100	 	7740.000000
52.547515	 	7746.666667
52.446216	 	7753.333333
51.524139	 	7760.000000
50.895567	 	7766.666667
50.438424	 	7773.333333
49.648814	 	7780.000000
49.646216	 	7786.666667
49.368294	 	7793.333333
48.835827	 	7800.000000
48.796866	 	7806.666667
47.812450	 	7813.333333
47.609853	 	7820.000000
47.615048	 	7826.666667
46.970892	 	7833.333333
47.087775	 	7840.000000
46.942320	 	7846.666667
46.716346	 	7853.333333
46.448814	 	7860.000000
46.292970	 	7866.666667
46.022840	 	7873.333333
46.092970	 	7880.000000
45.586476	 	7886.666667
45.711152	 	7893.333333
45.830632	 	7900.000000
45.708554	 	7906.666667
45.404658	 	7913.333333
45.230632	 	7920.000000
44.872190	 	7926.666667
44.498165	 	7933.333333
44.248814	 	7940.000000
44.446216	 	7946.666667
44.256606	 	7953.333333
44.041022	 	7960.000000
43.147515	 	7966.666667
43.059203	 	7973.333333
42.698165	 	7980.000000
42.222840	 	7986.666667
41.947515	 	7993.333333
41.378684	 	8000.000000
41.331931	 	8006.666667
40.687775	 	8013.333333
40.879983	 	8020.000000
40.350113	 	8026.666667
40.035827	 	8033.333333
39.170892	 	8040.000000
39.248814	 	8046.666667
39.079983	 	8053.333333
38.900762	 	8060.000000
39.015048	 	8066.666667
38.973489	 	8073.333333
38.547515	 	8080.000000
38.246216	 	8086.666667
38.503359	 	8093.333333
38.061801	 	8100.000000
38.160502	 	8106.666667
37.846216	 	8113.333333
37.544918	 	8120.000000
37.438424	 	8126.666667
36.859203	 	8133.333333
36.570892	 	8140.000000
36.396866	 	8146.666667
36.090372	 	8153.333333
35.607255	 	8160.000000
35.139723	 	8166.666667
34.989074	 	8173.333333
34.773489	 	8180.000000
35.015048	 	8186.666667
34.664398	 	8193.333333
34.926736	 	8200.000000
34.908554	 	8206.666667
34.944918	 	8213.333333
34.835827	 	8220.000000
34.978684	 	8226.666667
35.225437	 	8233.333333
34.892970	 	8240.000000
35.030632	 	8246.666667
35.147515	 	8253.333333
34.586476	 	8260.000000
34.438424	 	8266.666667
34.118944	 	8273.333333
33.963100	 	8280.000000
34.025437	 	8286.666667
33.669593	 	8293.333333
34.033229	 	8300.000000
33.466996	 	8306.666667
33.087775	 	8313.333333
32.742320	 	8320.000000
32.305957	 	8326.666667
31.825437	 	8333.333333
31.726736	 	8340.000000
31.841022	 	8346.666667
31.957905	 	8353.333333
32.233229	 	8360.000000
31.378684	 	8366.666667
31.526736	 	8373.333333
30.482580	 	8380.000000
30.898165	 	8386.666667
30.578684	 	8393.333333
30.500762	 	8400.000000
30.776087	 	8406.666667
30.383879	 	8413.333333
29.846216	 	8420.000000
29.734528	 	8426.666667
29.329333	 	8433.333333
29.163100	 	8440.000000
28.874788	 	8446.666667
29.069593	 	8453.333333
28.628035	 	8460.000000
28.370892	 	8466.666667
28.290372	 	8473.333333
27.698165	 	8480.000000
27.656606	 	8486.666667
28.144918	 	8493.333333
27.544918	 	8500.000000
27.373489	 	8506.666667
27.077385	 	8513.333333
26.773489	 	8520.000000
26.635827	 	8526.666667
26.386476	 	8533.333333
25.890372	 	8540.000000
26.069593	 	8546.666667
25.446216	 	8553.333333
25.531931	 	8560.000000
25.622840	 	8566.666667
25.334528	 	8573.333333
25.168294	 	8580.000000
24.924139	 	8586.666667
24.521541	 	8593.333333
24.576087	 	8600.000000
24.209853	 	8606.666667
24.570892	 	8613.333333
24.713749	 	8620.000000
24.524139	 	8626.666667
24.376087	 	8633.333333
24.747515	 	8640.000000
24.290372	 	8646.666667
23.700762	 	8653.333333
23.729333	 	8660.000000
23.747515	 	8666.666667
23.783879	 	8673.333333
23.957905	 	8680.000000
23.892970	 	8686.666667
23.441022	 	8693.333333
23.194268	 	8700.000000
23.246216	 	8706.666667
23.415048	 	8713.333333
23.259203	 	8720.000000
23.233229	 	8726.666667
23.137126	 	8733.333333
23.069593	 	8740.000000
22.843619	 	8746.666667
22.277385	 	8753.333333
22.015048	 	8760.000000
21.921541	 	8766.666667
22.178684	 	8773.333333
21.937126	 	8780.000000
21.633229	 	8786.666667
21.396866	 	8793.333333
21.017645	 	8800.000000
21.072190	 	8806.666667
20.877385	 	8813.333333
20.352710	 	8820.000000
20.804658	 	8826.666667
20.724139	 	8833.333333
20.692970	 	8840.000000
20.602061	 	8846.666667
20.215048	 	8853.333333
19.799463	 	8860.000000
19.957905	 	8866.666667
19.952710	 	8873.333333
20.438424	 	8880.000000
20.272190	 	8886.666667
20.191671	 	8893.333333
19.854009	 	8900.000000
19.703359	 	8906.666667
19.233229	 	8913.333333
18.968294	 	8920.000000
18.895567	 	8926.666667
19.235827	 	8933.333333
18.929333	 	8940.000000
18.825437	 	8946.666667
18.641022	 	8953.333333
18.508554	 	8960.000000
18.098165	 	8966.666667
18.090372	 	8973.333333
18.321541	 	8980.000000
18.002061	 	8986.666667
18.228035	 	8993.333333
17.817645	 	9000.000000
17.622840	 	9006.666667
17.287775	 	9013.333333
17.544918	 	9020.000000
17.422840	 	9026.666667
17.420242	 	9033.333333
17.441022	 	9040.000000
17.524139	 	9046.666667
17.589074	 	9053.333333
17.363100	 	9060.000000
17.254009	 	9066.666667
17.066996	 	9073.333333
17.334528	 	9080.000000
17.547515	 	9086.666667
17.456606	 	9093.333333
17.391671	 	9100.000000
17.539723	 	9106.666667
17.347515	 	9113.333333
16.750113	 	9120.000000
16.879983	 	9126.666667
16.404658	 	9133.333333
16.360502	 	9140.000000
16.565697	 	9146.666667
16.685178	 	9153.333333
16.412450	 	9160.000000
15.835827	 	9166.666667
15.537126	 	9173.333333
15.350113	 	9180.000000
15.186476	 	9186.666667
15.337126	 	9193.333333
15.303359	 	9200.000000
15.599463	 	9206.666667
15.287775	 	9213.333333
14.635827	 	9220.000000
14.529333	 	9226.666667
14.586476	 	9233.333333
14.142320	 	9240.000000
13.978684	 	9246.666667
14.711152	 	9253.333333
14.752710	 	9260.000000
14.168294	 	9266.666667
13.877385	 	9273.333333
13.560502	 	9280.000000
13.308554	 	9286.666667
13.599463	 	9293.333333
13.544918	 	9300.000000
13.986476	 	9306.666667
13.955307	 	9313.333333
13.266996	 	9320.000000
13.124139	 	9326.666667
12.737126	 	9333.333333
12.487775	 	9340.000000
13.056606	 	9346.666667
12.960502	 	9353.333333
12.846216	 	9360.000000
12.620242	 	9366.666667
12.500762	 	9373.333333
12.241022	 	9380.000000
12.020242	 	9386.666667
11.682580	 	9393.333333
11.973489	 	9400.000000
12.552710	 	9406.666667
12.022840	 	9413.333333
12.511152	 	9420.000000
12.243619	 	9426.666667
11.687775	 	9433.333333
12.131931	 	9440.000000
12.054009	 	9446.666667
11.918944	 	9453.333333
12.004658	 	9460.000000
12.191671	 	9466.666667
11.531931	 	9473.333333
11.695567	 	9480.000000
11.368294	 	9486.666667
11.157905	 	9493.333333
11.066996	 	9500.000000
10.885178	 	9506.666667
11.025437	 	9513.333333
10.955307	 	9520.000000
10.191671	 	9526.666667
10.451411	 	9533.333333
10.155307	 	9540.000000
9.986476	 	9546.666667
9.882580	 	9553.333333
9.679983	 	9560.000000
9.846216	 	9566.666667
9.498165	 	9573.333333
9.350113	 	9580.000000
9.404658	 	9586.666667
9.191671	 	9593.333333
9.446216	 	9600.000000
9.241022	 	9606.666667
9.365697	 	9613.333333
9.794268	 	9620.000000
9.373489	 	9626.666667
9.916346	 	9633.333333
9.679983	 	9640.000000
9.822840	 	9646.666667
9.822840	 	9653.333333
9.347515	 	9660.000000
9.550113	 	9666.666667
9.718944	 	9673.333333
9.415048	 	9680.000000
9.342320	 	9686.666667
9.365697	 	9693.333333
9.308554	 	9700.000000
9.589074	 	9706.666667
9.344918	 	9713.333333
9.534528	 	9720.000000
9.402061	 	9726.666667
8.843619	 	9733.333333
8.776087	 	9740.000000
8.537126	 	9746.666667
8.586476	 	9753.333333
8.352710	 	9760.000000
8.331931	 	9766.666667
8.085178	 	9773.333333
7.731931	 	9780.000000
8.066996	 	9786.666667
7.776087	 	9793.333333
7.830632	 	9800.000000
8.105957	 	9806.666667
8.113749	 	9813.333333
7.898165	 	9820.000000
7.459203	 	9826.666667
7.599463	 	9833.333333
7.160502	 	9840.000000
7.163100	 	9846.666667
7.256606	 	9853.333333
7.116346	 	9860.000000
6.700762	 	9866.666667
6.877385	 	9873.333333
6.176087	 	9880.000000
6.144918	 	9886.666667
5.895567	 	9893.333333
5.846216	 	9900.000000
5.978684	 	9906.666667
6.054009	 	9913.333333
5.918944	 	9920.000000
5.835827	 	9926.666667
6.157905	 	9933.333333
5.324139	 	9940.000000
5.409853	 	9946.666667
5.051411	 	9953.333333
5.329333	 	9960.000000
5.350113	 	9966.666667
5.511152	 	9973.333333
5.318944	 	9980.000000
5.331931	 	9986.666667
5.033229	 	9993.333333
4.843619	 	10000.000000
4.726736	 	10006.666667
4.861801	 	10013.333333
4.628035	 	10020.000000
4.833229	 	10026.666667
4.903359	 	10033.333333
4.422840	 	10040.000000
4.454009	 	10046.666667
4.300762	 	10053.333333
4.295567	 	10060.000000
4.544918	 	10066.666667
4.513749	 	10073.333333
4.285178	 	10080.000000
3.809853	 	10086.666667
3.479983	 	10093.333333
3.656606	 	10100.000000
3.505957	 	10106.666667
3.557905	 	10113.333333
3.664398	 	10120.000000
3.687775	 	10126.666667
3.389074	 	10133.333333
3.339723	 	10140.000000
3.602061	 	10146.666667
3.544918	 	10153.333333
3.503359	 	10160.000000
3.687775	 	10166.666667
3.492970	 	10173.333333
3.329333	 	10180.000000
3.243619	 	10186.666667
3.368294	 	10193.333333
3.591671	 	10200.000000
3.654009	 	10206.666667
3.381281	 	10213.333333
3.100762	 	10220.000000
2.809853	 	10226.666667
2.708554	 	10233.333333
2.918944	 	10240.000000
3.209853	 	10246.666667
3.168294	 	10253.333333
2.994268	 	10260.000000
2.692970	 	10266.666667
2.757905	 	10273.333333
2.186476	 	10280.000000
2.391671	 	10286.666667
2.404658	 	10293.333333
2.841022	 	10300.000000
2.609853	 	10306.666667
3.012450	 	10313.333333
2.352710	 	10320.000000
2.064398	 	10326.666667
2.144918	 	10333.333333
2.056606	 	10340.000000
1.854009	 	10346.666667
1.877385	 	10353.333333
1.794268	 	10360.000000
1.763100	 	10366.666667
1.511152	 	10373.333333
1.677385	 	10380.000000
1.609853	 	10386.666667
1.924139	 	10393.333333
1.926736	 	10400.000000
1.864398	 	10406.666667
1.952710	 	10413.333333
1.695567	 	10420.000000
1.604658	 	10426.666667
1.581281	 	10433.333333
1.066996	 	10440.000000
1.357905	 	10446.666667
1.472190	 	10453.333333
1.609853	 	10460.000000
2.007255	 	10466.666667
1.596866	 	10473.333333
1.638424	 	10480.000000
1.217645	 	10486.666667
1.318944	 	10493.333333
1.147515	 	10500.000000
0.898165	 	10506.666667
1.305957	 	10513.333333
1.246216	 	10520.000000
0.692970	 	10526.666667
1.017645	 	10533.333333
0.874788	 	10540.000000
0.851411	 	10546.666667
0.841022	 	10553.333333
0.950113	 	10560.000000
0.947515	 	10566.666667
1.108554	 	10573.333333
0.854009	 	10580.000000
0.905957	 	10586.666667
0.991671	 	10593.333333
0.799463	 	10600.000000
0.937126	 	10606.666667
0.781281	 	10613.333333
0.731931	 	10620.000000
0.446216	 	10626.666667
0.438424	 	10633.333333
0.298165	 	10640.000000
-0.101835	 	10646.666667
-0.148589	 	10653.333333
-0.257680	 	10660.000000
-0.148589	 	10666.666667
-0.029108	 	10673.333333
-0.120017	 	10680.000000
-0.686251	 	10686.666667
-0.481056	 	10693.333333
-0.338199	 	10700.000000
-0.255082	 	10706.666667
-0.044693	 	10713.333333
-0.164173	 	10720.000000
-0.169368	 	10726.666667
-0.236900	 	10733.333333
-0.509628	 	10740.000000
-0.447290	 	10746.666667
-0.844693	 	10753.333333
-0.727810	 	10760.000000
-0.707030	 	10766.666667
-0.758978	 	10773.333333
-0.670667	 	10780.000000
-0.527810	 	10786.666667
-1.029108	 	10793.333333
-0.875861	 	10800.000000
-0.795342	 	10806.666667
-0.429108	 	10813.333333
-0.896641	 	10820.000000
-0.449887	 	10826.666667
-0.691446	 	10833.333333
-0.649887	 	10840.000000
-1.010926	 	10846.666667
-0.774563	 	10853.333333
-0.891446	 	10860.000000
-0.452485	 	10866.666667
-0.894043	 	10873.333333
-0.673264	 	10880.000000
-1.008329	 	10886.666667
-1.270667	 	10893.333333
-1.018719	 	10900.000000
-0.613524	 	10906.666667
-1.099238	 	10913.333333
-1.247290	 	10920.000000
-0.709628	 	10926.666667
-1.257680	 	10933.333333
-1.244693	 	10940.000000
-1.382355	 	10946.666667
-1.021316	 	10953.333333
-0.990147	 	10960.000000
-0.956381	 	10966.666667
-1.109628	 	10973.333333
-1.229108	 	10980.000000
-1.021316	 	10986.666667
-1.203134	 	10993.333333
-1.169368	 	11000.000000
-1.244693	 	11006.666667
-1.320017	 	11013.333333
-1.413524	 	11020.000000
-1.447290	 	11026.666667
-1.210926	 	11033.333333
-1.514822	 	11040.000000
-1.626511	 	11046.666667
-1.639498	 	11053.333333
-1.361576	 	11060.000000
-1.735602	 	11066.666667
-1.423913	 	11073.333333
-1.774563	 	11080.000000
-1.956381	 	11086.666667
-1.943394	 	11093.333333
-2.039498	 	11100.000000
-1.735602	 	11106.666667
-1.862874	 	11113.333333
-1.977160	 	11120.000000
-2.000537	 	11126.666667
-1.751186	 	11133.333333
-1.821316	 	11140.000000
-2.120017	 	11146.666667
-2.288848	 	11153.333333
-2.522615	 	11160.000000
-2.610926	 	11166.666667
-2.561576	 	11173.333333
-2.434303	 	11180.000000
-2.229108	 	11186.666667
-2.530407	 	11193.333333
-2.499238	 	11200.000000
-3.112225	 	11206.666667
-2.922615	 	11213.333333
-3.138199	 	11220.000000
-3.421316	 	11226.666667
-3.343394	 	11233.333333
-3.174563	 	11240.000000
-2.855082	 	11246.666667
-3.226511	 	11253.333333
-3.447290	 	11260.000000
-3.577160	 	11266.666667
-3.236900	 	11273.333333
-3.179758	 	11280.000000
-3.613524	 	11286.666667
-3.068069	 	11293.333333
-3.494043	 	11300.000000
-3.397939	 	11306.666667
-3.691446	 	11313.333333
-3.751186	 	11320.000000
-3.597939	 	11326.666667
-3.584952	 	11333.333333
-3.465472	 	11340.000000
-3.403134	 	11346.666667
-3.127810	 	11353.333333
-3.987550	 	11360.000000
-3.938199	 	11366.666667
-3.831706	 	11373.333333
-3.829108	 	11380.000000
-3.538199	 	11386.666667
-3.675861	 	11393.333333
-3.333004	 	11400.000000
-3.584952	 	11406.666667
-3.530407	 	11413.333333
-3.813524	 	11420.000000
-3.714822	 	11426.666667
-4.122615	 	11433.333333
-3.686251	 	11440.000000
-3.821316	 	11446.666667
-3.925212	 	11453.333333
-4.055082	 	11460.000000
-4.107030	 	11466.666667
-4.078459	 	11473.333333
-4.265472	 	11480.000000
-4.161576	 	11486.666667
-3.803134	 	11493.333333
-4.026511	 	11500.000000
-4.091446	 	11506.666667
-4.340797	 	11513.333333
-4.003134	 	11520.000000
-4.278459	 	11526.666667
-3.979758	 	11533.333333
-4.171965	 	11540.000000
-4.307030	 	11546.666667
-4.668069	 	11553.333333
-4.192745	 	11560.000000
-4.275861	 	11566.666667
-4.203134	 	11573.333333
-4.065472	 	11580.000000
-4.270667	 	11586.666667
-4.218719	 	11593.333333
-4.483654	 	11600.000000
-4.400537	 	11606.666667
-4.210926	 	11613.333333
-4.512225	 	11620.000000
-4.252485	 	11626.666667
-4.255082	 	11633.333333
-4.203134	 	11640.000000
-4.184952	 	11646.666667
-4.304433	 	11653.333333
-4.418719	 	11660.000000
-4.268069	 	11666.666667
-4.288848	 	11673.333333
-4.403134	 	11680.000000
-4.314822	 	11686.666667
-4.455082	 	11693.333333
-4.642095	 	11700.000000
-4.626511	 	11706.666667
-4.699238	 	11713.333333
-4.852485	 	11720.000000
-4.779758	 	11726.666667
-4.309628	 	11733.333333
-4.875861	 	11740.000000
-4.520017	 	11746.666667
-4.935602	 	11753.333333
-4.787550	 	11760.000000
-4.779758	 	11766.666667
-4.870667	 	11773.333333
-4.278459	 	11780.000000
-4.496641	 	11786.666667
-4.813524	 	11793.333333
-4.533004	 	11800.000000
-4.652485	 	11806.666667
-4.712225	 	11813.333333
-4.808329	 	11820.000000
-4.730407	 	11826.666667
-5.052485	 	11833.333333
-4.805732	 	11840.000000
-4.740797	 	11846.666667
-4.803134	 	11853.333333
-4.935602	 	11860.000000
-5.364173	 	11866.666667
-5.166771	 	11873.333333
-5.083654	 	11880.000000
-5.182355	 	11886.666667
-5.122615	 	11893.333333
-5.421316	 	11900.000000
-5.348589	 	11906.666667
-5.133004	 	11913.333333
-5.675861	 	11920.000000
-5.647290	 	11926.666667
-5.733004	 	11933.333333
-5.358978	 	11940.000000
-5.551186	 	11946.666667
-5.366771	 	11953.333333
-5.769368	 	11960.000000
-6.013524	 	11966.666667
-6.057680	 	11973.333333
-6.055082	 	11980.000000
-5.818719	 	11986.666667
-5.556381	 	11993.333333
-5.933004	 	12000.000000
-5.587550	 	12006.666667
-5.878459	 	12013.333333
-5.553784	 	12020.000000
-5.707030	 	12026.666667
-5.475861	 	12033.333333
-5.717420	 	12040.000000
-5.587550	 	12046.666667
-5.686251	 	12053.333333
-5.569368	 	12060.000000
-5.743394	 	12066.666667
-6.101835	 	12073.333333
-6.273264	 	12080.000000
-5.953784	 	12086.666667
-6.140797	 	12093.333333
-5.704433	 	12100.000000
-5.870667	 	12106.666667
-6.008329	 	12113.333333
-6.304433	 	12120.000000
-6.553784	 	12126.666667
-6.494043	 	12133.333333
-6.145991	 	12140.000000
-6.390147	 	12146.666667
-6.514822	 	12153.333333
-6.281056	 	12160.000000
-6.753784	 	12166.666667
-6.486251	 	12173.333333
-6.488848	 	12180.000000
-6.629108	 	12186.666667
-6.423913	 	12193.333333
-6.255082	 	12200.000000
-6.410926	 	12206.666667
-6.520017	 	12213.333333
-6.987550	 	12220.000000
-7.008329	 	12226.666667
-6.727810	 	12233.333333
-6.582355	 	12240.000000
-6.543394	 	12246.666667
-6.343394	 	12253.333333
-6.145991	 	12260.000000
-6.107030	 	12266.666667
-6.488848	 	12273.333333
-6.530407	 	12280.000000
-6.223913	 	12286.666667
-5.933004	 	12293.333333
-5.605732	 	12300.000000
-5.990147	 	12306.666667
-5.971965	 	12313.333333
-6.060277	 	12320.000000
-6.000537	 	12326.666667
-6.000537	 	12333.333333
-5.836900	 	12340.000000
-5.514822	 	12346.666667
-5.548589	 	12353.333333
-5.920017	 	12360.000000
-6.070667	 	12366.666667
-6.756381	 	12373.333333
-6.299238	 	12380.000000
-6.356381	 	12386.666667
-6.034303	 	12393.333333
-6.075861	 	12400.000000
-5.984952	 	12406.666667
-6.468069	 	12413.333333
-6.296641	 	12420.000000
-6.714822	 	12426.666667
-6.184952	 	12433.333333
-6.143394	 	12440.000000
-6.213524	 	12446.666667
-5.948589	 	12453.333333
-5.745991	 	12460.000000
-6.416121	 	12466.666667
-6.862874	 	12473.333333
-6.735602	 	12480.000000
-6.333004	 	12486.666667
-6.099238	 	12493.333333
-6.042095	 	12500.000000
-5.795342	 	12506.666667
-6.151186	 	12513.333333
-6.325212	 	12520.000000
-6.629108	 	12526.666667
-6.314822	 	12533.333333
-6.078459	 	12540.000000
-6.252485	 	12546.666667
-5.860277	 	12553.333333
-5.704433	 	12560.000000
-6.338199	 	12566.666667
-6.242095	 	12573.333333
-6.984952	 	12580.000000
-6.504433	 	12586.666667
-6.127810	 	12593.333333
-6.218719	 	12600.000000
-5.935602	 	12606.666667
-6.195342	 	12613.333333
-6.595342	 	12620.000000
-6.530407	 	12626.666667
-6.779758	 	12633.333333
-6.795342	 	12640.000000
-6.371965	 	12646.666667
-6.379758	 	12653.333333
-5.888848	 	12660.000000
-6.195342	 	12666.666667
-6.114822	 	12673.333333
-6.545991	 	12680.000000
-6.574563	 	12686.666667
-6.083654	 	12693.333333
-6.049887	 	12700.000000
-5.818719	 	12706.666667
-5.722615	 	12713.333333
-5.896641	 	12720.000000
-5.914822	 	12726.666667
-6.413524	 	12733.333333
-6.371965	 	12740.000000
-6.260277	 	12746.666667
-6.156381	 	12753.333333
-6.055082	 	12760.000000
-6.101835	 	12766.666667
-5.914822	 	12773.333333
-5.873264	 	12780.000000
-6.426511	 	12786.666667
-6.151186	 	12793.333333
-6.190147	 	12800.000000
-5.964173	 	12806.666667
-6.304433	 	12813.333333
-5.740797	 	12820.000000
-6.153784	 	12826.666667
-6.120017	 	12833.333333
-6.075861	 	12840.000000
-6.535602	 	12846.666667
-6.133004	 	12853.333333
-6.065472	 	12860.000000
-6.164173	 	12866.666667
-5.953784	 	12873.333333
-5.958978	 	12880.000000
-6.187550	 	12886.666667
-6.353784	 	12893.333333
-6.512225	 	12900.000000
-6.483654	 	12906.666667
-6.226511	 	12913.333333
-6.299238	 	12920.000000
-6.039498	 	12926.666667
-6.410926	 	12933.333333
-6.517420	 	12940.000000
-6.792745	 	12946.666667
-6.618719	 	12953.333333
-6.808329	 	12960.000000
-6.312225	 	12966.666667
-6.283654	 	12973.333333
-6.252485	 	12980.000000
-6.197939	 	12986.666667
-6.281056	 	12993.333333
-6.525212	 	13000.000000
-6.242095	 	13006.666667
-6.252485	 	13013.333333
-6.120017	 	13020.000000
-6.073264	 	13026.666667
-5.933004	 	13033.333333
-6.182355	 	13040.000000
-6.094043	 	13046.666667
-6.475861	 	13053.333333
-6.501835	 	13060.000000
-6.507030	 	13066.666667
-6.473264	 	13073.333333
-6.226511	 	13080.000000
-5.997939	 	13086.666667
-5.784952	 	13093.333333
-5.922615	 	13100.000000
-6.081056	 	13106.666667
-6.164173	 	13113.333333
-6.247290	 	13120.000000
-6.286251	 	13126.666667
-6.197939	 	13133.333333
-6.356381	 	13140.000000
-6.210926	 	13146.666667
-6.338199	 	13153.333333
-6.408329	 	13160.000000
-6.491446	 	13166.666667
-6.527810	 	13173.333333
-6.465472	 	13180.000000
-6.301835	 	13186.666667
-6.382355	 	13193.333333
-6.631706	 	13200.000000
-6.639498	 	13206.666667
-6.623913	 	13213.333333
-6.574563	 	13220.000000
-6.904433	 	13226.666667
-6.597939	 	13233.333333
-6.678459	 	13240.000000
-6.551186	 	13246.666667
-6.688848	 	13253.333333
-6.675861	 	13260.000000
-7.003134	 	13266.666667
-6.813524	 	13273.333333
-6.738199	 	13280.000000
-6.571965	 	13286.666667
-6.665472	 	13293.333333
-6.751186	 	13300.000000
-6.499238	 	13306.666667
-6.813524	 	13313.333333
-6.940797	 	13320.000000
-6.920017	 	13326.666667
