#peak 	 	#time 
0.930113	 	0.000000
1.162531	 	6.666667
1.696272	 	13.333333
1.897243	 	20.000000
1.985173	 	26.666667
1.963369	 	33.333333
1.803903	 	40.000000
1.728005	 	46.666667
1.592778	 	53.333333
1.549732	 	60.000000
1.561321	 	66.666667
1.645758	 	73.333333
1.798076	 	80.000000
1.857679	 	86.666667
1.806355	 	93.333333
1.892447	 	100.000000
1.690460	 	106.666667
1.771586	 	113.333333
1.755030	 	120.000000
2.036487	 	126.666667
2.106023	 	133.333333
1.981851	 	140.000000
1.839467	 	146.666667
1.837811	 	153.333333
1.693772	 	160.000000
1.980196	 	166.666667
2.001719	 	173.333333
1.831189	 	180.000000
1.910659	 	186.666667
1.902381	 	193.333333
1.854368	 	200.000000
1.814633	 	206.666667
1.683838	 	213.333333
1.622580	 	220.000000
1.418937	 	226.666667
1.498408	 	233.333333
1.864302	 	240.000000
1.718606	 	246.666667
1.783176	 	253.333333
1.821255	 	260.000000
1.976884	 	266.666667
1.927215	 	273.333333
1.952050	 	280.000000
1.909004	 	286.666667
2.019931	 	293.333333
1.918937	 	300.000000
1.682182	 	306.666667
1.897414	 	313.333333
1.794765	 	320.000000
1.665626	 	326.666667
1.860990	 	333.333333
1.526553	 	340.000000
1.887480	 	346.666667
1.796421	 	353.333333
1.733507	 	360.000000
2.034831	 	366.666667
1.966951	 	373.333333
1.870924	 	380.000000
2.011653	 	386.666667
1.703706	 	393.333333
1.947083	 	400.000000
2.021586	 	406.666667
2.006686	 	413.333333
2.072911	 	420.000000
1.829533	 	426.666667
2.134169	 	433.333333
2.208672	 	440.000000
1.996752	 	446.666667
2.038143	 	453.333333
1.993441	 	460.000000
1.892447	 	466.666667
2.157348	 	473.333333
2.034831	 	480.000000
2.046421	 	486.666667
1.966951	 	493.333333
1.950394	 	500.000000
2.066288	 	506.666667
1.847745	 	513.333333
1.748408	 	520.000000
1.877547	 	526.666667
1.799732	 	533.333333
1.968606	 	540.000000
1.741785	 	546.666667
1.844434	 	553.333333
2.031520	 	560.000000
1.834500	 	566.666667
1.490129	 	573.333333
1.554699	 	580.000000
1.486818	 	586.666667
1.662315	 	593.333333
1.682182	 	600.000000
1.571255	 	606.666667
1.478540	 	613.333333
1.541454	 	620.000000
1.723573	 	626.666667
1.778209	 	633.333333
1.562977	 	640.000000
1.579533	 	646.666667
1.617613	 	653.333333
1.531520	 	660.000000
1.225229	 	666.666667
1.440460	 	673.333333
1.347745	 	680.000000
1.571255	 	686.666667
1.635825	 	693.333333
1.647414	 	700.000000
1.592778	 	706.666667
1.629202	 	713.333333
1.882513	 	720.000000
1.791454	 	726.666667
2.026553	 	733.333333
2.228540	 	740.000000
2.319600	 	746.666667
2.163970	 	753.333333
2.170593	 	760.000000
1.950394	 	766.666667
2.059666	 	773.333333
2.120924	 	780.000000
2.091123	 	786.666667
2.175560	 	793.333333
2.160659	 	800.000000
1.940460	 	806.666667
2.115957	 	813.333333
1.915626	 	820.000000
1.894103	 	826.666667
1.769931	 	833.333333
1.904037	 	840.000000
1.678871	 	846.666667
1.784831	 	853.333333
1.874235	 	860.000000
1.513308	 	866.666667
1.596090	 	873.333333
1.642447	 	880.000000
1.314633	 	886.666667
1.625891	 	893.333333
1.259997	 	900.000000
1.481851	 	906.666667
1.463639	 	913.333333
1.463639	 	920.000000
1.491785	 	926.666667
1.698739	 	933.333333
1.480196	 	940.000000
1.597745	 	946.666667
1.286487	 	953.333333
1.240129	 	960.000000
1.177215	 	966.666667
1.122580	 	973.333333
1.134169	 	980.000000
1.407348	 	986.666667
1.306355	 	993.333333
1.314633	 	1000.000000
1.183838	 	1006.666667
1.233507	 	1013.333333
1.031520	 	1020.000000
1.157348	 	1026.666667
1.263308	 	1033.333333
1.208672	 	1040.000000
1.256686	 	1046.666667
1.281520	 	1053.333333
0.854368	 	1060.000000
0.889136	 	1066.666667
0.817944	 	1073.333333
1.099401	 	1080.000000
1.011653	 	1086.666667
1.092778	 	1093.333333
1.324566	 	1100.000000
1.009997	 	1106.666667
1.150725	 	1113.333333
1.251719	 	1120.000000
1.198739	 	1126.666667
1.124235	 	1133.333333
1.013308	 	1140.000000
1.251719	 	1146.666667
1.387480	 	1153.333333
1.405692	 	1160.000000
1.536487	 	1166.666667
1.356023	 	1173.333333
1.357679	 	1180.000000
1.314633	 	1186.666667
1.423904	 	1193.333333
1.276553	 	1200.000000
1.289798	 	1206.666667
1.281520	 	1213.333333
1.159004	 	1220.000000
1.243441	 	1226.666667
1.213639	 	1233.333333
1.198739	 	1240.000000
1.354368	 	1246.666667
1.466951	 	1253.333333
1.453706	 	1260.000000
0.980196	 	1266.666667
1.352712	 	1273.333333
1.053043	 	1280.000000
1.344434	 	1286.666667
1.147414	 	1293.333333
1.127547	 	1300.000000
1.365957	 	1306.666667
1.346090	 	1313.333333
1.011653	 	1320.000000
1.039798	 	1326.666667
1.235162	 	1333.333333
1.215295	 	1340.000000
1.092778	 	1346.666667
1.134169	 	1353.333333
1.172249	 	1360.000000
1.173904	 	1366.666667
1.266619	 	1373.333333
1.026553	 	1380.000000
0.738474	 	1386.666667
1.364302	 	1393.333333
1.203706	 	1400.000000
1.379202	 	1406.666667
0.985162	 	1413.333333
1.172249	 	1420.000000
0.993441	 	1426.666667
1.312977	 	1433.333333
1.286487	 	1440.000000
1.018275	 	1446.666667
0.809666	 	1453.333333
1.099401	 	1460.000000
1.211984	 	1466.666667
1.175560	 	1473.333333
1.011653	 	1480.000000
0.907348	 	1486.666667
1.082845	 	1493.333333
1.062977	 	1500.000000
0.958672	 	1506.666667
1.062977	 	1513.333333
1.202050	 	1520.000000
1.192116	 	1526.666667
1.124235	 	1533.333333
1.028209	 	1540.000000
0.634169	 	1546.666667
1.046421	 	1553.333333
0.875891	 	1560.000000
0.895758	 	1566.666667
1.107679	 	1573.333333
1.380858	 	1580.000000
1.107679	 	1586.666667
1.183838	 	1593.333333
1.101057	 	1600.000000
1.364302	 	1606.666667
1.233507	 	1613.333333
1.316288	 	1620.000000
1.326222	 	1626.666667
1.440460	 	1633.333333
1.271586	 	1640.000000
1.362646	 	1646.666667
1.556355	 	1653.333333
1.644103	 	1660.000000
1.375891	 	1666.666667
1.455361	 	1673.333333
1.490129	 	1680.000000
1.195427	 	1686.666667
1.375891	 	1693.333333
1.190460	 	1700.000000
1.243441	 	1706.666667
1.072911	 	1713.333333
1.205361	 	1720.000000
1.329533	 	1726.666667
1.607679	 	1733.333333
1.221917	 	1740.000000
1.203706	 	1746.666667
0.930527	 	1753.333333
1.019931	 	1760.000000
1.170593	 	1766.666667
1.390792	 	1773.333333
1.210328	 	1780.000000
1.423904	 	1786.666667
1.066288	 	1793.333333
1.162315	 	1800.000000
1.241785	 	1806.666667
1.084500	 	1813.333333
1.160659	 	1820.000000
1.163970	 	1826.666667
0.983507	 	1833.333333
1.263308	 	1840.000000
1.135825	 	1846.666667
0.915626	 	1853.333333
0.884169	 	1860.000000
0.940460	 	1866.666667
1.091123	 	1873.333333
1.402381	 	1880.000000
1.256686	 	1886.666667
1.114302	 	1893.333333
1.124235	 	1900.000000
0.998408	 	1906.666667
1.140792	 	1913.333333
1.137480	 	1920.000000
1.107679	 	1926.666667
1.486818	 	1933.333333
1.485162	 	1940.000000
1.170593	 	1946.666667
1.317944	 	1953.333333
1.066288	 	1960.000000
0.978540	 	1966.666667
1.183838	 	1973.333333
1.172249	 	1980.000000
1.003374	 	1986.666667
1.463639	 	1993.333333
1.331189	 	2000.000000
1.877547	 	2006.666667
1.678871	 	2013.333333
1.803043	 	2020.000000
1.905692	 	2026.666667
2.005030	 	2033.333333
2.144103	 	2040.000000
2.253374	 	2046.666667
2.238474	 	2053.333333
2.175560	 	2060.000000
2.668937	 	2066.666667
2.319600	 	2073.333333
2.271586	 	2080.000000
2.432182	 	2086.666667
2.437149	 	2093.333333
2.453706	 	2100.000000
2.685494	 	2106.666667
2.635825	 	2113.333333
2.617613	 	2120.000000
2.351057	 	2126.666667
2.392447	 	2133.333333
2.205361	 	2140.000000
2.457017	 	2146.666667
2.326222	 	2153.333333
2.665626	 	2160.000000
2.579533	 	2166.666667
2.157348	 	2173.333333
2.074566	 	2180.000000
2.347745	 	2186.666667
2.405692	 	2193.333333
2.395758	 	2200.000000
2.528209	 	2206.666667
2.475229	 	2213.333333
2.159004	 	2220.000000
2.178871	 	2226.666667
1.905692	 	2233.333333
2.339467	 	2240.000000
2.124235	 	2246.666667
2.225229	 	2253.333333
2.543109	 	2260.000000
2.294765	 	2266.666667
2.695427	 	2273.333333
2.581189	 	2280.000000
2.945427	 	2286.666667
2.915626	 	2293.333333
2.774898	 	2300.000000
3.192116	 	2306.666667
3.213639	 	2313.333333
3.106023	 	2320.000000
3.394103	 	2326.666667
3.039798	 	2333.333333
2.885825	 	2340.000000
3.019931	 	2346.666667
2.970262	 	2353.333333
2.796421	 	2360.000000
2.948739	 	2366.666667
3.014964	 	2373.333333
2.801388	 	2380.000000
2.615957	 	2386.666667
2.796421	 	2393.333333
2.690460	 	2400.000000
2.738474	 	2406.666667
2.690460	 	2413.333333
2.874235	 	2420.000000
2.614302	 	2426.666667
2.649070	 	2433.333333
2.384169	 	2440.000000
2.579533	 	2446.666667
2.423904	 	2453.333333
2.624235	 	2460.000000
2.571255	 	2466.666667
2.685494	 	2473.333333
3.018275	 	2480.000000
2.660659	 	2486.666667
2.640792	 	2493.333333
2.769931	 	2500.000000
2.894103	 	2506.666667
2.652381	 	2513.333333
2.842778	 	2520.000000
2.725229	 	2526.666667
2.753374	 	2533.333333
2.764964	 	2540.000000
2.543109	 	2546.666667
2.839467	 	2553.333333
2.514964	 	2560.000000
2.427215	 	2566.666667
2.687149	 	2573.333333
2.574566	 	2580.000000
2.683838	 	2586.666667
2.531520	 	2593.333333
2.544765	 	2600.000000
2.503374	 	2606.666667
2.354368	 	2613.333333
2.541454	 	2620.000000
2.256686	 	2626.666667
2.306355	 	2633.333333
2.193772	 	2640.000000
2.102712	 	2646.666667
2.173904	 	2653.333333
2.228540	 	2660.000000
2.452050	 	2666.666667
2.308010	 	2673.333333
2.303043	 	2680.000000
2.428871	 	2686.666667
2.250063	 	2693.333333
2.422249	 	2700.000000
2.485162	 	2706.666667
2.365957	 	2713.333333
2.322911	 	2720.000000
2.380858	 	2726.666667
2.410659	 	2733.333333
2.380858	 	2740.000000
2.902381	 	2746.666667
2.779864	 	2753.333333
3.938805	 	2760.000000
5.360990	 	2766.666667
6.334500	 	2773.333333
8.144103	 	2780.000000
13.677215	 	2786.666667
101.970262	 	2793.333333
637.356023	 	2800.000000
1589.461984	 	2806.666667
2557.443772	 	2813.333333
3386.337811	 	2820.000000
4064.505030	 	2826.666667
4630.665626	 	2833.333333
5087.549732	 	2840.000000
5440.018275	 	2846.666667
5702.089467	 	2853.333333
5884.089467	 	2860.000000
6013.203706	 	2866.666667
6089.448739	 	2873.333333
6127.364302	 	2880.000000
6128.495096	 	2886.666667
6112.745096	 	2893.333333
6078.685494	 	2900.000000
6038.960328	 	2906.666667
5986.062977	 	2913.333333
5929.874235	 	2920.000000
5889.887480	 	2926.666667
5857.806355	 	2933.333333
5818.165626	 	2940.000000
5768.041454	 	2946.666667
5708.819600	 	2953.333333
5656.067944	 	2960.000000
5606.841123	 	2966.666667
5559.900725	 	2973.333333
5516.766619	 	2980.000000
5467.834500	 	2986.666667
5420.314633	 	2993.333333
5376.952050	 	3000.000000
5338.743441	 	3006.666667
5297.940460	 	3013.333333
5257.561321	 	3020.000000
5216.733507	 	3026.666667
5181.539798	 	3033.333333
5144.794765	 	3040.000000
5112.612646	 	3046.666667
5078.256686	 	3053.333333
5045.875891	 	3060.000000
5015.710328	 	3066.666667
4988.905692	 	3073.333333
4960.546421	 	3080.000000
4931.236818	 	3086.666667
4902.038143	 	3093.333333
4876.106023	 	3100.000000
4847.230196	 	3106.666667
4820.258341	 	3113.333333
4795.071255	 	3120.000000
4770.789798	 	3126.666667
4744.811321	 	3133.333333
4720.490129	 	3140.000000
4694.851057	 	3146.666667
4669.713639	 	3153.333333
4644.930527	 	3160.000000
4622.326222	 	3166.666667
4599.486818	 	3173.333333
4576.801388	 	3180.000000
4553.707017	 	3186.666667
4531.549732	 	3193.333333
4509.423904	 	3200.000000
4489.349401	 	3206.666667
4467.349401	 	3213.333333
4445.299732	 	3220.000000
4423.768275	 	3226.666667
4402.059666	 	3233.333333
4383.135825	 	3240.000000
4362.490129	 	3246.666667
4341.793109	 	3253.333333
4319.413970	 	3260.000000
4298.692116	 	3266.666667
4278.880858	 	3273.333333
4259.761653	 	3280.000000
4240.581189	 	3286.666667
4222.420593	 	3293.333333
4201.543109	 	3300.000000
4183.511653	 	3306.666667
4166.526553	 	3313.333333
4148.405692	 	3320.000000
4129.920593	 	3326.666667
4110.746752	 	3333.333333
4092.721917	 	3340.000000
4073.521586	 	3346.666667
4056.082845	 	3353.333333
4037.000063	 	3360.000000
4017.135825	 	3366.666667
3997.604368	 	3373.333333
3980.211984	 	3380.000000
3962.771586	 	3386.666667
3944.412315	 	3393.333333
3926.798076	 	3400.000000
3908.036487	 	3406.666667
3889.920593	 	3413.333333
3871.266619	 	3420.000000
3851.892447	 	3426.666667
3835.427215	 	3433.333333
3818.053043	 	3440.000000
3802.327878	 	3446.666667
3784.079533	 	3453.333333
3767.405692	 	3460.000000
3750.488474	 	3466.666667
3735.152381	 	3473.333333
3718.746752	 	3480.000000
3701.016619	 	3486.666667
3686.120924	 	3493.333333
3668.543109	 	3500.000000
3652.129202	 	3506.666667
3636.890792	 	3513.333333
3618.842778	 	3520.000000
3602.263308	 	3526.666667
3588.862646	 	3533.333333
3569.990129	 	3540.000000
3555.172249	 	3546.666667
3542.940460	 	3553.333333
3524.759997	 	3560.000000
3510.309666	 	3566.666667
3497.144103	 	3573.333333
3481.970262	 	3580.000000
3468.410659	 	3586.666667
3449.655692	 	3593.333333
3435.409004	 	3600.000000
3417.384169	 	3606.666667
3399.458672	 	3613.333333
3386.251719	 	3620.000000
3368.976884	 	3626.666667
3352.291454	 	3633.333333
3339.645758	 	3640.000000
3323.827878	 	3646.666667
3308.299732	 	3653.333333
3296.500063	 	3660.000000
3280.728540	 	3666.666667
3265.021586	 	3673.333333
3251.152381	 	3680.000000
3237.536487	 	3686.666667
3223.910659	 	3693.333333
3206.899070	 	3700.000000
3192.453706	 	3706.666667
3177.299732	 	3713.333333
3162.221917	 	3720.000000
3146.990129	 	3726.666667
3131.505030	 	3733.333333
3119.885825	 	3740.000000
3103.836156	 	3746.666667
3089.932182	 	3753.333333
3075.581189	 	3760.000000
3060.577878	 	3766.666667
3047.860990	 	3773.333333
3033.852712	 	3780.000000
3019.087811	 	3786.666667
3008.029864	 	3793.333333
2994.635825	 	3800.000000
2979.764964	 	3806.666667
2967.397414	 	3813.333333
2954.409004	 	3820.000000
2940.620924	 	3826.666667
2927.574566	 	3833.333333
2913.890792	 	3840.000000
2902.357679	 	3846.666667
2888.382513	 	3853.333333
2875.627547	 	3860.000000
2863.243441	 	3866.666667
2849.559666	 	3873.333333
2835.885825	 	3880.000000
2823.513308	 	3886.666667
2811.205361	 	3893.333333
2798.079533	 	3900.000000
2786.975229	 	3906.666667
2773.975229	 	3913.333333
2761.763308	 	3920.000000
2749.991785	 	3926.666667
2736.759997	 	3933.333333
2723.531520	 	3940.000000
2712.836156	 	3946.666667
2700.268275	 	3953.333333
2688.682182	 	3960.000000
2677.135825	 	3966.666667
2665.667282	 	3973.333333
2654.851057	 	3980.000000
2643.498408	 	3986.666667
2632.390792	 	3993.333333
2620.879202	 	4000.000000
2609.159004	 	4006.666667
2597.038143	 	4013.333333
2586.044765	 	4020.000000
2573.389136	 	4026.666667
2562.223573	 	4033.333333
2551.251719	 	4040.000000
2538.746752	 	4046.666667
2527.112646	 	4053.333333
2515.857679	 	4060.000000
2503.258341	 	4066.666667
2491.707017	 	4073.333333
2479.360990	 	4080.000000
2467.776553	 	4086.666667
2456.127547	 	4093.333333
2443.561321	 	4100.000000
2431.319600	 	4106.666667
2420.152381	 	4113.333333
2408.268275	 	4120.000000
2397.372580	 	4126.666667
2386.632513	 	4133.333333
2375.159004	 	4140.000000
2365.163970	 	4146.666667
2353.667282	 	4153.333333
2343.814633	 	4160.000000
2333.642447	 	4166.666667
2322.756686	 	4173.333333
2312.303043	 	4180.000000
2301.562977	 	4186.666667
2289.549732	 	4193.333333
2276.985162	 	4200.000000
2267.130858	 	4206.666667
2256.913970	 	4213.333333
2245.904037	 	4220.000000
2234.455361	 	4226.666667
2225.495096	 	4233.333333
2214.544765	 	4240.000000
2203.071255	 	4246.666667
2192.665626	 	4253.333333
2183.071255	 	4260.000000
2171.928871	 	4266.666667
2162.241785	 	4273.333333
2152.804699	 	4280.000000
2144.309666	 	4286.666667
2134.922249	 	4293.333333
2124.862646	 	4300.000000
2114.644103	 	4306.666667
2106.708672	 	4313.333333
2097.344434	 	4320.000000
2086.983507	 	4326.666667
2077.405692	 	4333.333333
2068.067944	 	4340.000000
2057.506686	 	4346.666667
2047.281520	 	4353.333333
2037.776553	 	4360.000000
2027.230196	 	4366.666667
2017.066288	 	4373.333333
2008.160659	 	4380.000000
1998.263308	 	4386.666667
1989.226884	 	4393.333333
1978.288143	 	4400.000000
1969.514964	 	4406.666667
1960.284831	 	4413.333333
1950.620924	 	4420.000000
1942.069600	 	4426.666667
1932.852712	 	4433.333333
1922.609335	 	4440.000000
1913.531520	 	4446.666667
1903.953706	 	4453.333333
1895.465295	 	4460.000000
1886.624235	 	4466.666667
1877.513308	 	4473.333333
1868.223573	 	4480.000000
1859.519931	 	4486.666667
1849.440460	 	4493.333333
1839.761653	 	4500.000000
1830.205361	 	4506.666667
1822.332845	 	4513.333333
1813.859335	 	4520.000000
1805.996752	 	4526.666667
1798.034831	 	4533.333333
1790.756686	 	4540.000000
1783.167282	 	4546.666667
1775.221917	 	4553.333333
1767.693772	 	4560.000000
1759.826222	 	4566.666667
1751.481851	 	4573.333333
1742.726884	 	4580.000000
1734.808010	 	4586.666667
1727.663970	 	4593.333333
1720.154037	 	4600.000000
1712.273242	 	4606.666667
1704.657348	 	4613.333333
1698.173904	 	4620.000000
1690.427215	 	4626.666667
1682.937149	 	4633.333333
1674.203706	 	4640.000000
1667.150725	 	4646.666667
1659.966951	 	4653.333333
1651.867613	 	4660.000000
1643.808010	 	4666.666667
1636.269931	 	4673.333333
1628.584500	 	4680.000000
1620.711984	 	4686.666667
1613.058010	 	4693.333333
1605.016619	 	4700.000000
1597.627547	 	4706.666667
1590.567944	 	4713.333333
1583.233507	 	4720.000000
1576.708672	 	4726.666667
1570.110990	 	4733.333333
1562.048076	 	4740.000000
1554.716951	 	4746.666667
1548.364302	 	4753.333333
1541.329533	 	4760.000000
1534.294765	 	4766.666667
1528.061321	 	4773.333333
1521.556355	 	4780.000000
1514.427215	 	4786.666667
1506.304699	 	4793.333333
1499.824566	 	4800.000000
1492.604368	 	4806.666667
1484.766619	 	4813.333333
1478.508341	 	4820.000000
1472.274898	 	4826.666667
1465.427215	 	4833.333333
1459.394103	 	4840.000000
1452.150725	 	4846.666667
1445.089467	 	4853.333333
1437.890792	 	4860.000000
1430.119268	 	4866.666667
1422.841123	 	4873.333333
1416.470262	 	4880.000000
1409.304699	 	4886.666667
1402.872580	 	4893.333333
1396.344434	 	4900.000000
1389.400725	 	4906.666667
1381.538143	 	4913.333333
1375.428871	 	4920.000000
1369.033176	 	4926.666667
1361.413970	 	4933.333333
1354.524898	 	4940.000000
1348.702050	 	4946.666667
1341.961984	 	4953.333333
1336.034831	 	4960.000000
1329.882513	 	4966.666667
1324.354368	 	4973.333333
1318.159004	 	4980.000000
1312.092778	 	4986.666667
1305.755030	 	4993.333333
1299.516619	 	5000.000000
1293.235162	 	5006.666667
1287.864302	 	5013.333333
1282.571255	 	5020.000000
1276.258341	 	5026.666667
1269.711984	 	5033.333333
1263.579533	 	5040.000000
1257.877547	 	5046.666667
1251.576222	 	5053.333333
1244.415626	 	5060.000000
1238.268275	 	5066.666667
1233.339467	 	5073.333333
1227.519931	 	5080.000000
1221.192116	 	5086.666667
1215.594434	 	5093.333333
1210.190460	 	5100.000000
1203.349401	 	5106.666667
1196.437149	 	5113.333333
1190.433838	 	5120.000000
1184.352712	 	5126.666667
1178.774898	 	5133.333333
1173.523242	 	5140.000000
1167.837811	 	5146.666667
1162.241785	 	5153.333333
1157.000063	 	5160.000000
1151.606023	 	5166.666667
1147.102712	 	5173.333333
1142.127547	 	5180.000000
1136.235162	 	5186.666667
1130.501719	 	5193.333333
1124.592778	 	5200.000000
1118.764964	 	5206.666667
1112.968606	 	5213.333333
1107.824566	 	5220.000000
1102.763308	 	5226.666667
1097.657348	 	5233.333333
1092.904037	 	5240.000000
1087.748408	 	5246.666667
1082.753374	 	5253.333333
1078.092778	 	5260.000000
1072.834500	 	5266.666667
1068.263308	 	5273.333333
1063.531520	 	5280.000000
1058.147414	 	5286.666667
1053.556355	 	5293.333333
1048.428871	 	5300.000000
1042.846090	 	5306.666667
1037.319600	 	5313.333333
1031.773242	 	5320.000000
1026.102712	 	5326.666667
1020.864302	 	5333.333333
1015.357679	 	5340.000000
1009.821255	 	5346.666667
1004.529864	 	5353.333333
999.918937	 	5360.000000
995.370924	 	5366.666667
991.236818	 	5373.333333
986.735162	 	5380.000000
981.968606	 	5386.666667
977.495096	 	5393.333333
973.678871	 	5400.000000
968.925560	 	5406.666667
964.240129	 	5413.333333
960.114302	 	5420.000000
955.096090	 	5426.666667
950.480196	 	5433.333333
944.829533	 	5440.000000
940.238474	 	5446.666667
935.913970	 	5453.333333
931.587811	 	5460.000000
926.606023	 	5466.666667
922.076222	 	5473.333333
917.165626	 	5480.000000
913.251719	 	5486.666667
909.274898	 	5493.333333
905.266619	 	5500.000000
901.933838	 	5506.666667
898.597745	 	5513.333333
894.543109	 	5520.000000
891.501719	 	5526.666667
887.574566	 	5533.333333
883.365957	 	5540.000000
879.680527	 	5546.666667
876.180527	 	5553.333333
872.817944	 	5560.000000
869.264964	 	5566.666667
865.216951	 	5573.333333
861.514964	 	5580.000000
857.385825	 	5586.666667
852.963639	 	5593.333333
849.258341	 	5600.000000
844.890792	 	5606.666667
840.773242	 	5613.333333
836.857679	 	5620.000000
832.826222	 	5626.666667
829.147414	 	5633.333333
824.988474	 	5640.000000
820.356023	 	5646.666667
816.346090	 	5653.333333
811.844434	 	5660.000000
807.811321	 	5666.666667
803.745096	 	5673.333333
799.808010	 	5680.000000
796.574566	 	5686.666667
792.553043	 	5693.333333
789.996752	 	5700.000000
786.779864	 	5706.666667
783.816288	 	5713.333333
780.854368	 	5720.000000
776.115957	 	5726.666667
771.920593	 	5733.333333
768.632513	 	5740.000000
765.180527	 	5746.666667
761.145758	 	5753.333333
757.750063	 	5760.000000
754.463639	 	5766.666667
750.197083	 	5773.333333
746.544765	 	5780.000000
743.442116	 	5786.666667
740.468606	 	5793.333333
737.483507	 	5800.000000
733.190460	 	5806.666667
729.351057	 	5813.333333
725.053043	 	5820.000000
721.308010	 	5826.666667
716.976884	 	5833.333333
712.428871	 	5840.000000
708.213639	 	5846.666667
704.205361	 	5853.333333
699.690460	 	5860.000000
695.894103	 	5866.666667
692.178871	 	5873.333333
688.117613	 	5880.000000
684.183838	 	5886.666667
680.917282	 	5893.333333
677.374235	 	5900.000000
674.250063	 	5906.666667
670.347745	 	5913.333333
666.556355	 	5920.000000
663.018275	 	5926.666667
660.314633	 	5933.333333
657.415626	 	5940.000000
654.933838	 	5946.666667
651.759997	 	5953.333333
649.135825	 	5960.000000
646.334500	 	5966.666667
643.359335	 	5973.333333
640.751719	 	5980.000000
638.539798	 	5986.666667
636.026553	 	5993.333333
634.016619	 	6000.000000
631.442116	 	6006.666667
628.692116	 	6013.333333
626.460328	 	6020.000000
623.541454	 	6026.666667
620.476884	 	6033.333333
617.779864	 	6040.000000
613.832845	 	6046.666667
610.561321	 	6053.333333
607.649070	 	6060.000000
604.768275	 	6066.666667
601.271586	 	6073.333333
597.806355	 	6080.000000
595.168937	 	6086.666667
592.203706	 	6093.333333
589.387480	 	6100.000000
586.246752	 	6106.666667
583.036487	 	6113.333333
580.039798	 	6120.000000
576.622580	 	6126.666667
573.514964	 	6133.333333
570.228540	 	6140.000000
566.741785	 	6146.666667
562.786487	 	6153.333333
559.596090	 	6160.000000
556.950394	 	6166.666667
553.615957	 	6173.333333
550.559666	 	6180.000000
548.370924	 	6186.666667
545.806355	 	6193.333333
543.039798	 	6200.000000
540.670593	 	6206.666667
538.594434	 	6213.333333
536.274898	 	6220.000000
534.243441	 	6226.666667
532.582845	 	6233.333333
529.644103	 	6240.000000
527.738474	 	6246.666667
526.043109	 	6253.333333
523.374235	 	6260.000000
521.036487	 	6266.666667
518.667282	 	6273.333333
516.041454	 	6280.000000
512.826222	 	6286.666667
509.890792	 	6293.333333
507.738474	 	6300.000000
504.690460	 	6306.666667
501.837811	 	6313.333333
499.529864	 	6320.000000
496.961984	 	6326.666667
494.498408	 	6333.333333
492.190460	 	6340.000000
489.481851	 	6346.666667
487.011653	 	6353.333333
484.899070	 	6360.000000
482.481851	 	6366.666667
479.839467	 	6373.333333
477.884169	 	6380.000000
474.711984	 	6386.666667
472.326222	 	6393.333333
470.329533	 	6400.000000
468.693772	 	6406.666667
466.190460	 	6413.333333
464.495096	 	6420.000000
462.927215	 	6426.666667
461.587811	 	6433.333333
459.640792	 	6440.000000
457.806355	 	6446.666667
456.291454	 	6453.333333
455.117613	 	6460.000000
453.311321	 	6466.666667
451.207017	 	6473.333333
449.415626	 	6480.000000
447.344434	 	6486.666667
445.526553	 	6493.333333
443.587811	 	6500.000000
441.405692	 	6506.666667
439.721917	 	6513.333333
437.784831	 	6520.000000
436.506686	 	6526.666667
434.854368	 	6533.333333
432.980196	 	6540.000000
431.091123	 	6546.666667
429.188805	 	6553.333333
426.970262	 	6560.000000
424.798076	 	6566.666667
422.834500	 	6573.333333
421.130858	 	6580.000000
419.579533	 	6586.666667
417.067944	 	6593.333333
414.437149	 	6600.000000
411.952050	 	6606.666667
409.768275	 	6613.333333
407.185494	 	6620.000000
404.145758	 	6626.666667
401.220262	 	6633.333333
399.106023	 	6640.000000
396.435494	 	6646.666667
393.740129	 	6653.333333
391.183838	 	6660.000000
389.380858	 	6666.666667
386.801388	 	6673.333333
385.115957	 	6680.000000
383.554699	 	6686.666667
381.705361	 	6693.333333
379.584500	 	6700.000000
378.033176	 	6706.666667
376.102712	 	6713.333333
374.215295	 	6720.000000
372.668937	 	6726.666667
370.857679	 	6733.333333
369.074566	 	6740.000000
367.751719	 	6746.666667
366.385825	 	6753.333333
364.453706	 	6760.000000
362.834500	 	6766.666667
361.385825	 	6773.333333
359.536487	 	6780.000000
357.248408	 	6786.666667
355.963639	 	6793.333333
354.347745	 	6800.000000
352.668937	 	6806.666667
350.579533	 	6813.333333
348.920593	 	6820.000000
347.346090	 	6826.666667
346.207017	 	6833.333333
344.273242	 	6840.000000
343.221917	 	6846.666667
341.922249	 	6853.333333
340.468606	 	6860.000000
338.831189	 	6866.666667
337.081189	 	6873.333333
335.720262	 	6880.000000
334.256686	 	6886.666667
332.649070	 	6893.333333
331.008341	 	6900.000000
330.031520	 	6906.666667
329.135825	 	6913.333333
328.089467	 	6920.000000
327.109335	 	6926.666667
325.640792	 	6933.333333
323.884169	 	6940.000000
322.728540	 	6946.666667
320.649070	 	6953.333333
319.130858	 	6960.000000
317.642447	 	6966.666667
315.851057	 	6973.333333
313.894103	 	6980.000000
312.324566	 	6986.666667
310.529864	 	6993.333333
308.659004	 	7000.000000
307.066288	 	7006.666667
305.081189	 	7013.333333
303.905692	 	7020.000000
301.958672	 	7026.666667
300.000063	 	7033.333333
298.657348	 	7040.000000
297.524898	 	7046.666667
295.659004	 	7053.333333
293.875891	 	7060.000000
292.604368	 	7066.666667
290.894103	 	7073.333333
288.925560	 	7080.000000
287.221917	 	7086.666667
285.846090	 	7093.333333
283.955361	 	7100.000000
283.072911	 	7106.666667
281.776553	 	7113.333333
280.784831	 	7120.000000
279.498408	 	7126.666667
278.496752	 	7133.333333
277.236818	 	7140.000000
276.443772	 	7146.666667
275.276553	 	7153.333333
274.498408	 	7160.000000
273.514964	 	7166.666667
272.294765	 	7173.333333
271.038143	 	7180.000000
269.654037	 	7186.666667
268.135825	 	7193.333333
266.581189	 	7200.000000
264.764964	 	7206.666667
263.561321	 	7213.333333
261.922249	 	7220.000000
260.197083	 	7226.666667
258.649070	 	7233.333333
257.009997	 	7240.000000
255.321255	 	7246.666667
253.846090	 	7253.333333
252.718606	 	7260.000000
251.556355	 	7266.666667
250.688805	 	7273.333333
249.721917	 	7280.000000
248.839467	 	7286.666667
247.177215	 	7293.333333
245.558010	 	7300.000000
244.519931	 	7306.666667
243.092778	 	7313.333333
242.092778	 	7320.000000
241.220262	 	7326.666667
240.150725	 	7333.333333
239.413970	 	7340.000000
238.533176	 	7346.666667
237.677215	 	7353.333333
236.124235	 	7360.000000
235.293109	 	7366.666667
234.226884	 	7373.333333
233.144103	 	7380.000000
232.094434	 	7386.666667
231.445427	 	7393.333333
230.336156	 	7400.000000
228.897414	 	7406.666667
227.553043	 	7413.333333
226.374235	 	7420.000000
225.450394	 	7426.666667
224.461984	 	7433.333333
223.495096	 	7440.000000
222.779864	 	7446.666667
221.894103	 	7453.333333
220.983507	 	7460.000000
220.039798	 	7466.666667
218.933838	 	7473.333333
217.928871	 	7480.000000
216.779864	 	7486.666667
215.687149	 	7493.333333
214.228540	 	7500.000000
213.061321	 	7506.666667
211.203706	 	7513.333333
209.750063	 	7520.000000
208.274898	 	7526.666667
206.905692	 	7533.333333
205.677215	 	7540.000000
203.900725	 	7546.666667
202.589467	 	7553.333333
200.730196	 	7560.000000
199.723573	 	7566.666667
198.132513	 	7573.333333
197.046421	 	7580.000000
195.579533	 	7586.666667
194.428871	 	7593.333333
193.634169	 	7600.000000
193.130858	 	7606.666667
192.124235	 	7613.333333
191.365957	 	7620.000000
190.447083	 	7626.666667
189.715295	 	7633.333333
188.223573	 	7640.000000
187.670593	 	7646.666667
186.526553	 	7653.333333
185.572911	 	7660.000000
185.039798	 	7666.666667
184.336156	 	7673.333333
183.356023	 	7680.000000
182.756686	 	7686.666667
182.132513	 	7693.333333
181.298076	 	7700.000000
180.708672	 	7706.666667
179.458672	 	7713.333333
178.364302	 	7720.000000
177.145758	 	7726.666667
176.069600	 	7733.333333
174.268275	 	7740.000000
173.157348	 	7746.666667
172.336156	 	7753.333333
171.652381	 	7760.000000
170.211984	 	7766.666667
169.586156	 	7773.333333
168.506686	 	7780.000000
167.546421	 	7786.666667
166.596090	 	7793.333333
165.721917	 	7800.000000
164.190460	 	7806.666667
163.071255	 	7813.333333
162.082845	 	7820.000000
161.362646	 	7826.666667
160.534831	 	7833.333333
159.918937	 	7840.000000
159.066288	 	7846.666667
158.455361	 	7853.333333
157.948739	 	7860.000000
157.198739	 	7866.666667
156.743441	 	7873.333333
155.920593	 	7880.000000
155.246752	 	7886.666667
154.622580	 	7893.333333
154.259997	 	7900.000000
154.000063	 	7906.666667
153.523242	 	7913.333333
153.299732	 	7920.000000
152.940460	 	7926.666667
152.745096	 	7933.333333
152.228540	 	7940.000000
151.771586	 	7946.666667
150.971917	 	7953.333333
150.493441	 	7960.000000
149.488474	 	7966.666667
148.594434	 	7973.333333
148.236818	 	7980.000000
147.203706	 	7986.666667
146.783176	 	7993.333333
145.917282	 	8000.000000
145.473573	 	8006.666667
144.576222	 	8013.333333
144.442116	 	8020.000000
143.963639	 	8026.666667
143.271586	 	8033.333333
142.480196	 	8040.000000
141.740129	 	8046.666667
140.644103	 	8053.333333
140.190460	 	8060.000000
139.351057	 	8066.666667
138.629202	 	8073.333333
137.579533	 	8080.000000
137.288143	 	8086.666667
136.404037	 	8093.333333
135.390792	 	8100.000000
134.672249	 	8106.666667
133.659004	 	8113.333333
133.263308	 	8120.000000
132.981851	 	8126.666667
132.582845	 	8133.333333
132.266619	 	8140.000000
131.998408	 	8146.666667
131.218606	 	8153.333333
130.293109	 	8160.000000
129.933838	 	8166.666667
129.317944	 	8173.333333
128.496752	 	8180.000000
127.620924	 	8186.666667
127.157348	 	8193.333333
125.851057	 	8200.000000
124.889136	 	8206.666667
124.024898	 	8213.333333
122.961984	 	8220.000000
122.312977	 	8226.666667
121.673904	 	8233.333333
120.799732	 	8240.000000
119.991785	 	8246.666667
119.243441	 	8253.333333
118.579533	 	8260.000000
118.094434	 	8266.666667
117.165626	 	8273.333333
116.293109	 	8280.000000
115.889136	 	8286.666667
115.114302	 	8293.333333
114.145758	 	8300.000000
113.812977	 	8306.666667
113.034831	 	8313.333333
112.170593	 	8320.000000
111.503374	 	8326.666667
110.533176	 	8333.333333
109.604368	 	8340.000000
109.354368	 	8346.666667
108.614302	 	8353.333333
108.193772	 	8360.000000
107.889136	 	8366.666667
107.114302	 	8373.333333
106.784831	 	8380.000000
106.208672	 	8386.666667
105.587811	 	8393.333333
105.039798	 	8400.000000
104.283176	 	8406.666667
103.698739	 	8413.333333
103.006686	 	8420.000000
102.774898	 	8426.666667
101.779864	 	8433.333333
101.526553	 	8440.000000
101.303043	 	8446.666667
100.804699	 	8453.333333
100.377547	 	8460.000000
99.900725	 	8466.666667
99.172249	 	8473.333333
99.203706	 	8480.000000
98.584500	 	8486.666667
98.294765	 	8493.333333
97.445427	 	8500.000000
97.185494	 	8506.666667
96.776553	 	8513.333333
96.452050	 	8520.000000
95.856023	 	8526.666667
95.259997	 	8533.333333
94.803043	 	8540.000000
93.763308	 	8546.666667
93.170593	 	8553.333333
92.841123	 	8560.000000
92.354368	 	8566.666667
91.917282	 	8573.333333
90.910659	 	8580.000000
90.723573	 	8586.666667
89.917282	 	8593.333333
89.293109	 	8600.000000
89.026553	 	8606.666667
88.342778	 	8613.333333
87.889136	 	8620.000000
87.384169	 	8626.666667
86.493441	 	8633.333333
86.465295	 	8640.000000
86.210328	 	8646.666667
85.755030	 	8653.333333
85.505030	 	8660.000000
84.995096	 	8666.666667
84.488474	 	8673.333333
83.763308	 	8680.000000
83.243441	 	8686.666667
82.142447	 	8693.333333
82.385825	 	8700.000000
81.746752	 	8706.666667
81.528209	 	8713.333333
81.336156	 	8720.000000
81.228540	 	8726.666667
81.142447	 	8733.333333
81.092778	 	8740.000000
80.726884	 	8746.666667
80.715295	 	8753.333333
80.349401	 	8760.000000
80.092778	 	8766.666667
79.804699	 	8773.333333
79.667282	 	8780.000000
79.317944	 	8786.666667
78.615957	 	8793.333333
77.933838	 	8800.000000
77.471917	 	8806.666667
77.006686	 	8813.333333
76.778209	 	8820.000000
76.114302	 	8826.666667
75.635825	 	8833.333333
74.920593	 	8840.000000
74.332845	 	8846.666667
74.053043	 	8853.333333
73.470262	 	8860.000000
72.769931	 	8866.666667
72.240129	 	8873.333333
71.667282	 	8880.000000
70.821255	 	8886.666667
70.655692	 	8893.333333
70.453706	 	8900.000000
69.693772	 	8906.666667
68.816288	 	8913.333333
68.223573	 	8920.000000
67.728540	 	8926.666667
67.013308	 	8933.333333
66.610990	 	8940.000000
66.256686	 	8946.666667
65.837811	 	8953.333333
65.571255	 	8960.000000
65.370924	 	8966.666667
64.755030	 	8973.333333
64.101057	 	8980.000000
63.889136	 	8986.666667
63.564633	 	8993.333333
63.308010	 	9000.000000
62.991785	 	9006.666667
62.922249	 	9013.333333
62.705361	 	9020.000000
62.996752	 	9026.666667
62.486818	 	9033.333333
62.230196	 	9040.000000
61.887480	 	9046.666667
61.218606	 	9053.333333
60.606023	 	9060.000000
60.309666	 	9066.666667
59.811321	 	9073.333333
59.407348	 	9080.000000
58.692116	 	9086.666667
58.221917	 	9093.333333
57.652381	 	9100.000000
57.514964	 	9106.666667
57.117613	 	9113.333333
56.960328	 	9120.000000
56.347745	 	9126.666667
55.879202	 	9133.333333
55.250063	 	9140.000000
55.147414	 	9146.666667
54.602712	 	9153.333333
54.225229	 	9160.000000
54.213639	 	9166.666667
54.001719	 	9173.333333
53.534831	 	9180.000000
53.354368	 	9186.666667
52.975229	 	9193.333333
52.846090	 	9200.000000
52.490129	 	9206.666667
52.374235	 	9213.333333
52.177215	 	9220.000000
51.688805	 	9226.666667
51.692116	 	9233.333333
51.480196	 	9240.000000
51.240129	 	9246.666667
51.150725	 	9253.333333
50.640792	 	9260.000000
50.463639	 	9266.666667
50.129202	 	9273.333333
49.915626	 	9280.000000
49.597745	 	9286.666667
49.412315	 	9293.333333
49.356023	 	9300.000000
49.013308	 	9306.666667
49.011653	 	9313.333333
49.033176	 	9320.000000
48.592778	 	9326.666667
48.365957	 	9333.333333
47.950394	 	9340.000000
47.139136	 	9346.666667
47.064633	 	9353.333333
46.433838	 	9360.000000
46.218606	 	9366.666667
45.377547	 	9373.333333
44.991785	 	9380.000000
44.733507	 	9386.666667
44.457017	 	9393.333333
43.880858	 	9400.000000
43.433838	 	9406.666667
43.059666	 	9413.333333
42.582845	 	9420.000000
42.264964	 	9426.666667
42.289798	 	9433.333333
41.635825	 	9440.000000
41.387480	 	9446.666667
40.950394	 	9453.333333
40.466951	 	9460.000000
40.001719	 	9466.666667
39.918937	 	9473.333333
39.895758	 	9480.000000
39.248408	 	9486.666667
38.937149	 	9493.333333
38.869268	 	9500.000000
38.167282	 	9506.666667
37.851057	 	9513.333333
37.466951	 	9520.000000
37.082845	 	9526.666667
36.647414	 	9533.333333
36.223573	 	9540.000000
35.877547	 	9546.666667
35.660659	 	9553.333333
35.144103	 	9560.000000
34.721917	 	9566.666667
34.197083	 	9573.333333
34.468606	 	9580.000000
34.049732	 	9586.666667
33.806355	 	9593.333333
33.541454	 	9600.000000
33.180527	 	9606.666667
32.814633	 	9613.333333
32.741785	 	9620.000000
32.066288	 	9626.666667
31.882513	 	9633.333333
31.412315	 	9640.000000
31.230196	 	9646.666667
31.266619	 	9653.333333
31.026553	 	9660.000000
30.913970	 	9666.666667
30.826222	 	9673.333333
30.531520	 	9680.000000
30.440460	 	9686.666667
30.155692	 	9693.333333
29.976884	 	9700.000000
29.615957	 	9706.666667
29.791454	 	9713.333333
29.264964	 	9720.000000
29.155692	 	9726.666667
28.788143	 	9733.333333
28.629202	 	9740.000000
28.506686	 	9746.666667
28.609335	 	9753.333333
28.177215	 	9760.000000
28.215295	 	9766.666667
27.778209	 	9773.333333
27.587811	 	9780.000000
27.417282	 	9786.666667
27.457017	 	9793.333333
27.380858	 	9800.000000
26.983507	 	9806.666667
26.786487	 	9813.333333
26.447083	 	9820.000000
26.394103	 	9826.666667
26.013308	 	9833.333333
25.819600	 	9840.000000
25.243441	 	9846.666667
25.293109	 	9853.333333
25.104368	 	9860.000000
25.011653	 	9866.666667
24.569600	 	9873.333333
24.264964	 	9880.000000
24.360990	 	9886.666667
23.564633	 	9893.333333
23.581189	 	9900.000000
23.162315	 	9906.666667
23.250063	 	9913.333333
23.375891	 	9920.000000
22.998408	 	9926.666667
22.913970	 	9933.333333
22.365957	 	9940.000000
21.895758	 	9946.666667
21.993441	 	9953.333333
21.400725	 	9960.000000
21.663970	 	9966.666667
21.460328	 	9973.333333
21.551388	 	9980.000000
21.360990	 	9986.666667
20.899070	 	9993.333333
21.043109	 	10000.000000
21.036487	 	10006.666667
20.695427	 	10013.333333
20.774898	 	10020.000000
20.410659	 	10026.666667
20.269931	 	10033.333333
19.673904	 	10040.000000
19.341123	 	10046.666667
19.109335	 	10053.333333
19.273242	 	10060.000000
18.751719	 	10066.666667
18.466951	 	10073.333333
18.120924	 	10080.000000
18.076222	 	10086.666667
17.915626	 	10093.333333
17.834500	 	10100.000000
17.405692	 	10106.666667
17.357679	 	10113.333333
17.051388	 	10120.000000
17.197083	 	10126.666667
16.511653	 	10133.333333
16.422249	 	10140.000000
16.130858	 	10146.666667
16.039798	 	10153.333333
15.726884	 	10160.000000
15.836156	 	10166.666667
15.556355	 	10173.333333
15.594434	 	10180.000000
15.516619	 	10186.666667
15.094434	 	10193.333333
14.952050	 	10200.000000
15.096090	 	10206.666667
15.061321	 	10213.333333
15.445427	 	10220.000000
14.937149	 	10226.666667
14.763308	 	10233.333333
15.193772	 	10240.000000
14.842778	 	10246.666667
14.948739	 	10253.333333
14.943772	 	10260.000000
15.362646	 	10266.666667
15.579533	 	10273.333333
15.329533	 	10280.000000
15.460328	 	10286.666667
15.824566	 	10293.333333
15.231851	 	10300.000000
14.985162	 	10306.666667
14.961984	 	10313.333333
14.521586	 	10320.000000
14.559666	 	10326.666667
14.149070	 	10333.333333
13.817944	 	10340.000000
13.514964	 	10346.666667
12.803043	 	10353.333333
12.316288	 	10360.000000
12.281520	 	10366.666667
12.351057	 	10373.333333
12.051388	 	10380.000000
11.791454	 	10386.666667
11.031520	 	10393.333333
11.115957	 	10400.000000
10.756686	 	10406.666667
10.885825	 	10413.333333
10.723573	 	10420.000000
10.864302	 	10426.666667
10.390792	 	10433.333333
10.518275	 	10440.000000
10.597745	 	10446.666667
10.298076	 	10453.333333
9.877547	 	10460.000000
9.849401	 	10466.666667
9.509997	 	10473.333333
9.367613	 	10480.000000
9.485162	 	10486.666667
9.298076	 	10493.333333
9.026553	 	10500.000000
9.048076	 	10506.666667
8.829533	 	10513.333333
8.862646	 	10520.000000
8.569600	 	10526.666667
8.561321	 	10533.333333
8.400725	 	10540.000000
8.584500	 	10546.666667
8.329533	 	10553.333333
8.263308	 	10560.000000
7.817944	 	10566.666667
7.817944	 	10573.333333
7.329533	 	10580.000000
7.433838	 	10586.666667
7.149070	 	10593.333333
7.256686	 	10600.000000
7.034831	 	10606.666667
7.274898	 	10613.333333
6.821255	 	10620.000000
7.048076	 	10626.666667
6.912315	 	10633.333333
7.067944	 	10640.000000
7.008341	 	10646.666667
6.602712	 	10653.333333
6.692116	 	10660.000000
6.397414	 	10666.666667
6.415626	 	10673.333333
6.356023	 	10680.000000
6.203706	 	10686.666667
6.096090	 	10693.333333
5.852712	 	10700.000000
5.428871	 	10706.666667
5.410659	 	10713.333333
5.367613	 	10720.000000
5.369268	 	10726.666667
5.322911	 	10733.333333
5.291454	 	10740.000000
4.943772	 	10746.666667
4.615957	 	10753.333333
4.341123	 	10760.000000
4.096090	 	10766.666667
3.882513	 	10773.333333
3.513308	 	10780.000000
3.465295	 	10786.666667
3.193772	 	10793.333333
3.253374	 	10800.000000
3.226884	 	10806.666667
3.341123	 	10813.333333
3.513308	 	10820.000000
3.733507	 	10826.666667
3.602712	 	10833.333333
3.471917	 	10840.000000
3.637480	 	10846.666667
3.892447	 	10853.333333
3.836156	 	10860.000000
4.104368	 	10866.666667
4.240129	 	10873.333333
4.130858	 	10880.000000
4.576222	 	10886.666667
3.917282	 	10893.333333
3.960328	 	10900.000000
3.824566	 	10906.666667
3.145758	 	10913.333333
2.864302	 	10920.000000
2.808010	 	10926.666667
2.854368	 	10933.333333
2.904037	 	10940.000000
2.688805	 	10946.666667
2.364302	 	10953.333333
1.817944	 	10960.000000
1.551388	 	10966.666667
1.274898	 	10973.333333
1.357679	 	10980.000000
0.864302	 	10986.666667
1.160659	 	10993.333333
0.455361	 	11000.000000
0.250063	 	11006.666667
0.084500	 	11013.333333
0.423904	 	11020.000000
0.096090	 	11026.666667
0.220262	 	11033.333333
0.587811	 	11040.000000
0.665626	 	11046.666667
0.533176	 	11053.333333
0.839467	 	11060.000000
0.331189	 	11066.666667
0.548076	 	11073.333333
0.558010	 	11080.000000
0.526553	 	11086.666667
0.461984	 	11093.333333
0.620924	 	11100.000000
0.539798	 	11106.666667
0.581189	 	11113.333333
0.420593	 	11120.000000
0.409004	 	11126.666667
0.033176	 	11133.333333
0.251719	 	11140.000000
0.023242	 	11146.666667
0.036487	 	11153.333333
0.203706	 	11160.000000
-0.183712	 	11166.666667
-0.503248	 	11173.333333
-0.501592	 	11180.000000
-0.783049	 	11186.666667
-0.572785	 	11193.333333
-0.763182	 	11200.000000
-0.516493	 	11206.666667
-1.342652	 	11213.333333
-1.542983	 	11220.000000
-1.612520	 	11226.666667
-1.869142	 	11233.333333
-2.001592	 	11240.000000
-2.143977	 	11246.666667
-1.832718	 	11253.333333
-1.672122	 	11260.000000
-1.817818	 	11266.666667
-1.983381	 	11273.333333
-2.115831	 	11280.000000
-2.228414	 	11286.666667
-2.183712	 	11293.333333
-1.999937	 	11300.000000
-2.193645	 	11306.666667
-2.264838	 	11313.333333
-2.577751	 	11320.000000
-2.781394	 	11326.666667
-2.672122	 	11333.333333
-2.925434	 	11340.000000
-2.993314	 	11346.666667
-2.928745	 	11353.333333
-3.162189	 	11360.000000
-3.120798	 	11366.666667
-3.256559	 	11373.333333
-3.296294	 	11380.000000
-3.339341	 	11386.666667
-3.061195	 	11393.333333
-3.721791	 	11400.000000
-3.751592	 	11406.666667
-4.011526	 	11413.333333
-3.811195	 	11420.000000
-4.004904	 	11426.666667
-4.067818	 	11433.333333
-4.253248	 	11440.000000
-4.632387	 	11446.666667
-4.541328	 	11453.333333
-4.569473	 	11460.000000
-4.529738	 	11466.666667
-4.380732	 	11473.333333
-4.645632	 	11480.000000
-4.961857	 	11486.666667
-4.865831	 	11493.333333
-5.124109	 	11500.000000
-4.940334	 	11506.666667
-5.317818	 	11513.333333
-5.316162	 	11520.000000
-5.407222	 	11526.666667
-5.935367	 	11533.333333
-5.978414	 	11540.000000
-6.168811	 	11546.666667
-5.910533	 	11553.333333
-5.781394	 	11560.000000
-5.897288	 	11566.666667
-5.928745	 	11573.333333
-5.923778	 	11580.000000
-5.706891	 	11586.666667
-5.642321	 	11593.333333
-5.978414	 	11600.000000
-5.766493	 	11606.666667
-5.584374	 	11613.333333
-5.605897	 	11620.000000
-5.660533	 	11626.666667
-5.283049	 	11633.333333
-5.521460	 	11640.000000
-5.965169	 	11646.666667
-5.849275	 	11653.333333
-6.042983	 	11660.000000
-5.963513	 	11666.666667
-5.758215	 	11673.333333
-6.087685	 	11680.000000
-6.254904	 	11686.666667
-6.624109	 	11693.333333
-6.733381	 	11700.000000
-7.266493	 	11706.666667
-7.390665	 	11713.333333
-7.291328	 	11720.000000
-7.291328	 	11726.666667
-7.218480	 	11733.333333
-7.657222	 	11740.000000
-7.842652	 	11746.666667
-8.306228	 	11753.333333
-8.248281	 	11760.000000
-8.637354	 	11766.666667
-8.496626	 	11773.333333
-8.577751	 	11780.000000
-8.678745	 	11786.666667
-8.542983	 	11793.333333
-8.968480	 	11800.000000
-8.710202	 	11806.666667
-9.397288	 	11813.333333
-9.369142	 	11820.000000
-9.259871	 	11826.666667
-9.074440	 	11833.333333
-9.286361	 	11840.000000
-9.451924	 	11846.666667
-9.481725	 	11853.333333
-9.605897	 	11860.000000
-9.877420	 	11866.666667
-9.806228	 	11873.333333
-10.021460	 	11880.000000
-9.912189	 	11886.666667
-9.875765	 	11893.333333
-10.072785	 	11900.000000
-10.504904	 	11906.666667
-10.049606	 	11913.333333
-10.284705	 	11920.000000
-10.528083	 	11926.666667
-10.336030	 	11933.333333
-10.206891	 	11940.000000
-9.975102	 	11946.666667
-10.170467	 	11953.333333
-10.079407	 	11960.000000
-9.981725	 	11966.666667
-10.089341	 	11973.333333
-9.991659	 	11980.000000
-10.183712	 	11986.666667
-10.026427	 	11993.333333
-10.071129	 	12000.000000
-10.412189	 	12006.666667
-10.529738	 	12013.333333
-10.721791	 	12020.000000
-10.794639	 	12026.666667
-10.655566	 	12033.333333
-10.312851	 	12040.000000
-10.501592	 	12046.666667
-10.764838	 	12053.333333
-10.306228	 	12060.000000
-10.663844	 	12066.666667
-10.708546	 	12073.333333
-10.708546	 	12080.000000
-10.658877	 	12086.666667
-10.521460	 	12093.333333
-10.701924	 	12100.000000
-10.680400	 	12106.666667
-10.890665	 	12113.333333
-10.900599	 	12120.000000
-10.996626	 	12126.666667
-11.019804	 	12133.333333
-10.784705	 	12140.000000
-11.235036	 	12146.666667
-10.981725	 	12153.333333
-10.898943	 	12160.000000
-11.124109	 	12166.666667
-11.036361	 	12173.333333
-11.236692	 	12180.000000
-11.334374	 	12186.666667
-11.379076	 	12193.333333
-11.291328	 	12200.000000
-11.193645	 	12206.666667
-11.453579	 	12213.333333
-11.523116	 	12220.000000
-11.480069	 	12226.666667
-11.576096	 	12233.333333
-11.660533	 	12240.000000
-11.577751	 	12246.666667
-11.821129	 	12253.333333
-11.831063	 	12260.000000
-11.918811	 	12266.666667
-12.021460	 	12273.333333
-12.498281	 	12280.000000
-12.359208	 	12286.666667
-12.610864	 	12293.333333
-12.652255	 	12300.000000
-12.668811	 	12306.666667
-12.425434	 	12313.333333
-12.301261	 	12320.000000
-12.402255	 	12326.666667
-12.610864	 	12333.333333
-12.581063	 	12340.000000
-12.715169	 	12346.666667
-12.524771	 	12353.333333
-12.453579	 	12360.000000
-12.258215	 	12366.666667
-12.645632	 	12373.333333
-12.071129	 	12380.000000
-12.142321	 	12386.666667
-12.655566	 	12393.333333
-12.423778	 	12400.000000
-12.504904	 	12406.666667
-12.327751	 	12413.333333
-12.412189	 	12420.000000
-12.324440	 	12426.666667
-12.107553	 	12433.333333
-12.056228	 	12440.000000
-12.279738	 	12446.666667
-12.163844	 	12453.333333
-11.985036	 	12460.000000
-12.248281	 	12466.666667
-12.334374	 	12473.333333
-12.178745	 	12480.000000
-12.244970	 	12486.666667
-12.225102	 	12493.333333
-12.332718	 	12500.000000
-12.640665	 	12506.666667
-12.516493	 	12513.333333
-12.533049	 	12520.000000
-12.324440	 	12526.666667
-12.382387	 	12533.333333
-12.231725	 	12540.000000
-12.884043	 	12546.666667
-12.640665	 	12553.333333
-12.834374	 	12560.000000
-12.814506	 	12566.666667
-13.104242	 	12573.333333
-13.148943	 	12580.000000
-13.336030	 	12586.666667
-13.173778	 	12593.333333
-13.594308	 	12600.000000
-13.379076	 	12606.666667
-13.533049	 	12613.333333
-13.884043	 	12620.000000
-13.923778	 	12626.666667
-14.392321	 	12633.333333
-14.117487	 	12640.000000
-13.849275	 	12646.666667
-14.051261	 	12653.333333
-14.145632	 	12660.000000
-14.546294	 	12666.666667
-14.554573	 	12673.333333
-14.716824	 	12680.000000
-14.597619	 	12686.666667
-14.951924	 	12693.333333
-14.562851	 	12700.000000
-14.698612	 	12706.666667
-14.880732	 	12713.333333
-14.996626	 	12720.000000
-14.985036	 	12726.666667
-15.099275	 	12733.333333
-15.018149	 	12740.000000
-15.115831	 	12746.666667
-15.011526	 	12753.333333
-15.240003	 	12760.000000
-15.092652	 	12766.666667
-15.233381	 	12773.333333
-15.076096	 	12780.000000
-15.249937	 	12786.666667
-14.884043	 	12793.333333
-15.268149	 	12800.000000
-14.824440	 	12806.666667
-14.887354	 	12813.333333
-14.786361	 	12820.000000
-15.172122	 	12826.666667
-15.127420	 	12833.333333
-15.228414	 	12840.000000
-15.326096	 	12846.666667
-15.392321	 	12853.333333
-15.292983	 	12860.000000
-15.574440	 	12866.666667
-15.764838	 	12873.333333
-16.024771	 	12880.000000
-16.071129	 	12886.666667
-16.248281	 	12893.333333
-16.014838	 	12900.000000
-16.132387	 	12906.666667
-16.208546	 	12913.333333
-16.170467	 	12920.000000
-16.107553	 	12926.666667
-16.188679	 	12933.333333
-16.355897	 	12940.000000
-16.228414	 	12946.666667
-16.360864	 	12953.333333
-16.158877	 	12960.000000
-16.145632	 	12966.666667
-16.094308	 	12973.333333
-16.033049	 	12980.000000
-16.244970	 	12986.666667
-16.264838	 	12993.333333
-16.160533	 	13000.000000
-16.042983	 	13006.666667
-16.322785	 	13013.333333
-16.036361	 	13020.000000
-15.927089	 	13026.666667
-16.013182	 	13033.333333
-16.251592	 	13040.000000
-16.258215	 	13046.666667
-16.322785	 	13053.333333
-16.180400	 	13060.000000
-16.223447	 	13066.666667
-16.311195	 	13073.333333
-16.458546	 	13080.000000
-16.099275	 	13086.666667
-16.185367	 	13093.333333
-16.240003	 	13100.000000
-16.412189	 	13106.666667
-16.345963	 	13113.333333
-16.109208	 	13120.000000
-15.908877	 	13126.666667
-16.132387	 	13133.333333
-16.152255	 	13140.000000
-16.206891	 	13146.666667
-16.238347	 	13153.333333
-16.170467	 	13160.000000
-16.218480	 	13166.666667
-16.139010	 	13173.333333
-16.215169	 	13180.000000
-16.211857	 	13186.666667
-16.158877	 	13193.333333
-16.317818	 	13200.000000
-16.254904	 	13206.666667
-16.523116	 	13213.333333
-16.367487	 	13220.000000
-16.678745	 	13226.666667
-16.610864	 	13233.333333
-16.660533	 	13240.000000
-16.663844	 	13246.666667
-16.662189	 	13253.333333
-16.880732	 	13260.000000
-16.839341	 	13266.666667
-17.082718	 	13273.333333
-16.696957	 	13280.000000
-16.923778	 	13286.666667
-17.148943	 	13293.333333
-17.198612	 	13300.000000
-17.296294	 	13306.666667
-17.367487	 	13313.333333
-17.160533	 	13320.000000
-17.334374	 	13326.666667
