#peak 	 	#time 
0.873860	 	0.000000
0.893816	 	6.666667
1.101010	 	13.333333
1.044485	 	20.000000
1.255483	 	26.666667
1.217121	 	33.333333
1.219290	 	40.000000
1.411778	 	46.666667
1.109858	 	53.333333
0.889218	 	60.000000
1.044022	 	66.666667
1.029787	 	73.333333
1.020891	 	80.000000
1.205944	 	86.666667
1.092065	 	93.333333
0.862528	 	100.000000
1.015552	 	106.666667
1.197047	 	113.333333
1.252207	 	120.000000
0.983524	 	126.666667
0.960392	 	133.333333
1.280677	 	140.000000
1.172136	 	146.666667
1.106300	 	153.333333
0.953275	 	160.000000
0.990641	 	166.666667
0.923026	 	173.333333
1.013773	 	180.000000
0.848293	 	186.666667
1.038684	 	193.333333
1.202385	 	200.000000
1.004876	 	206.666667
0.979965	 	213.333333
1.095624	 	220.000000
0.830499	 	226.666667
1.051140	 	233.333333
0.981745	 	240.000000
1.163239	 	246.666667
1.036905	 	253.333333
1.070713	 	260.000000
1.149004	 	266.666667
1.325161	 	273.333333
1.213061	 	280.000000
1.334058	 	286.666667
1.390997	 	293.333333
1.189930	 	300.000000
1.300250	 	306.666667
1.446157	 	313.333333
1.184592	 	320.000000
1.252207	 	326.666667
1.394556	 	333.333333
1.657901	 	340.000000
1.435481	 	346.666667
1.616976	 	353.333333
1.775339	 	360.000000
1.789574	 	366.666667
1.627652	 	373.333333
2.006656	 	380.000000
1.437261	 	386.666667
1.495979	 	393.333333
1.453275	 	400.000000
1.739752	 	406.666667
1.634770	 	413.333333
1.579609	 	420.000000
1.602741	 	426.666667
1.620535	 	433.333333
1.510214	 	440.000000
1.574271	 	446.666667
1.531567	 	453.333333
1.962172	 	460.000000
1.873204	 	466.666667
1.412350	 	473.333333
1.407012	 	480.000000
1.759325	 	486.666667
1.471068	 	493.333333
1.826940	 	500.000000
1.705944	 	506.666667
1.325161	 	513.333333
1.186371	 	520.000000
1.556478	 	526.666667
1.389218	 	533.333333
1.592065	 	540.000000
1.503097	 	546.666667
1.549360	 	553.333333
1.442599	 	560.000000
1.396335	 	566.666667
1.444378	 	573.333333
1.376762	 	580.000000
1.431923	 	586.666667
1.245090	 	593.333333
1.346513	 	600.000000
1.282456	 	606.666667
1.243310	 	613.333333
1.353631	 	620.000000
1.181033	 	626.666667
1.526229	 	633.333333
1.378542	 	640.000000
1.492421	 	646.666667
1.040463	 	653.333333
1.328720	 	660.000000
1.421246	 	666.666667
1.253987	 	673.333333
1.818044	 	680.000000
1.602741	 	686.666667
1.323382	 	693.333333
1.227296	 	700.000000
1.239752	 	706.666667
1.517332	 	713.333333
1.447937	 	720.000000
1.535125	 	726.666667
1.431923	 	733.333333
1.424805	 	740.000000
1.334058	 	746.666667
1.125873	 	753.333333
1.334058	 	760.000000
1.483524	 	766.666667
1.421246	 	773.333333
1.577830	 	780.000000
1.303809	 	786.666667
1.232634	 	793.333333
1.374983	 	800.000000
1.303809	 	806.666667
1.385659	 	813.333333
1.296691	 	820.000000
1.074271	 	826.666667
0.912350	 	833.333333
1.287794	 	840.000000
1.303809	 	846.666667
1.344734	 	853.333333
1.291353	 	860.000000
1.195268	 	866.666667
1.245090	 	873.333333
1.197047	 	880.000000
1.122314	 	886.666667
0.887439	 	893.333333
1.216620	 	900.000000
0.985303	 	906.666667
0.748649	 	913.333333
1.221958	 	920.000000
0.874983	 	926.666667
1.252207	 	933.333333
0.853631	 	940.000000
1.173915	 	946.666667
0.978186	 	953.333333
0.632990	 	960.000000
1.040463	 	966.666667
1.106300	 	973.333333
0.933702	 	980.000000
1.020891	 	986.666667
0.672136	 	993.333333
0.901673	 	1000.000000
0.846513	 	1006.666667
0.862528	 	1013.333333
0.789574	 	1020.000000
0.451495	 	1026.666667
0.753987	 	1033.333333
0.616976	 	1040.000000
0.750428	 	1046.666667
0.762883	 	1053.333333
0.520891	 	1060.000000
0.652563	 	1066.666667
0.782456	 	1073.333333
0.549360	 	1080.000000
0.761104	 	1086.666667
0.608079	 	1093.333333
0.672136	 	1100.000000
0.826940	 	1106.666667
0.898115	 	1113.333333
0.794912	 	1120.000000
0.723737	 	1126.666667
0.805588	 	1133.333333
0.837616	 	1140.000000
0.761104	 	1146.666667
0.581389	 	1153.333333
0.841175	 	1160.000000
0.775339	 	1166.666667
0.668577	 	1173.333333
0.887439	 	1180.000000
0.675695	 	1186.666667
0.960392	 	1193.333333
0.542243	 	1200.000000
0.823382	 	1206.666667
0.707723	 	1213.333333
0.782456	 	1220.000000
1.061816	 	1226.666667
1.079609	 	1233.333333
0.842955	 	1240.000000
0.814485	 	1246.666667
1.008435	 	1253.333333
0.992421	 	1260.000000
0.976407	 	1266.666667
0.777118	 	1273.333333
0.853631	 	1280.000000
0.574271	 	1286.666667
0.828720	 	1293.333333
0.976407	 	1300.000000
0.837616	 	1306.666667
0.974627	 	1313.333333
0.917688	 	1320.000000
1.040463	 	1326.666667
0.695268	 	1333.333333
0.915908	 	1340.000000
0.912350	 	1346.666667
0.641887	 	1353.333333
1.081389	 	1360.000000
0.866086	 	1366.666667
0.919467	 	1373.333333
0.960392	 	1380.000000
1.132990	 	1386.666667
1.049360	 	1393.333333
1.118755	 	1400.000000
0.832278	 	1406.666667
0.794912	 	1413.333333
1.040463	 	1420.000000
1.042243	 	1426.666667
1.035125	 	1433.333333
1.083168	 	1440.000000
0.716620	 	1446.666667
1.125873	 	1453.333333
1.204165	 	1460.000000
1.172136	 	1466.666667
1.286015	 	1473.333333
1.387439	 	1480.000000
1.127652	 	1486.666667
0.810926	 	1493.333333
1.024449	 	1500.000000
1.289574	 	1506.666667
1.531567	 	1513.333333
1.433702	 	1520.000000
1.270001	 	1526.666667
0.988862	 	1533.333333
1.253987	 	1540.000000
1.081389	 	1546.666667
1.584947	 	1553.333333
1.513773	 	1560.000000
1.431923	 	1566.666667
1.035125	 	1573.333333
0.995979	 	1580.000000
0.892777	 	1586.666667
1.056478	 	1593.333333
1.131211	 	1600.000000
1.218399	 	1606.666667
1.302029	 	1613.333333
1.561816	 	1620.000000
1.408791	 	1626.666667
0.844734	 	1633.333333
1.013773	 	1640.000000
1.234414	 	1646.666667
1.111638	 	1653.333333
1.312705	 	1660.000000
1.479965	 	1666.666667
1.342955	 	1673.333333
1.045802	 	1680.000000
1.218399	 	1686.666667
0.917688	 	1693.333333
0.969289	 	1700.000000
1.004876	 	1706.666667
1.141887	 	1713.333333
1.298471	 	1720.000000
1.001318	 	1726.666667
0.988862	 	1733.333333
0.933702	 	1740.000000
1.052919	 	1746.666667
0.770001	 	1753.333333
1.253987	 	1760.000000
0.867866	 	1766.666667
0.892777	 	1773.333333
0.697047	 	1780.000000
0.796691	 	1786.666667
0.803809	 	1793.333333
0.741531	 	1800.000000
0.819823	 	1806.666667
0.944378	 	1813.333333
0.914129	 	1820.000000
0.858969	 	1826.666667
0.901673	 	1833.333333
0.871424	 	1840.000000
0.711282	 	1846.666667
0.689930	 	1853.333333
0.842955	 	1860.000000
0.873204	 	1866.666667
1.045802	 	1873.333333
0.677474	 	1880.000000
0.649004	 	1886.666667
0.939040	 	1893.333333
0.857189	 	1900.000000
1.182812	 	1906.666667
1.095624	 	1913.333333
0.842955	 	1920.000000
0.841175	 	1926.666667
1.008435	 	1933.333333
0.835837	 	1940.000000
0.873204	 	1946.666667
1.024449	 	1953.333333
0.846513	 	1960.000000
0.844734	 	1966.666667
0.832278	 	1973.333333
0.946157	 	1980.000000
0.798471	 	1986.666667
0.987083	 	1993.333333
1.109858	 	2000.000000
0.796691	 	2006.666667
0.946157	 	2013.333333
1.088506	 	2020.000000
0.990641	 	2026.666667
0.944378	 	2033.333333
0.883880	 	2040.000000
1.019111	 	2046.666667
0.791353	 	2053.333333
0.931923	 	2060.000000
0.962172	 	2066.666667
0.987083	 	2073.333333
0.914129	 	2080.000000
0.853631	 	2086.666667
0.784236	 	2093.333333
0.885659	 	2100.000000
0.899894	 	2106.666667
0.965730	 	2113.333333
1.083168	 	2120.000000
1.188150	 	2126.666667
1.120535	 	2133.333333
1.106300	 	2140.000000
1.090286	 	2146.666667
1.216620	 	2153.333333
1.298471	 	2160.000000
1.350072	 	2166.666667
1.165019	 	2173.333333
1.449716	 	2180.000000
1.296691	 	2186.666667
1.351851	 	2193.333333
1.081389	 	2200.000000
1.380321	 	2206.666667
1.513773	 	2213.333333
1.239752	 	2220.000000
1.275339	 	2226.666667
1.328720	 	2233.333333
1.099182	 	2240.000000
1.253987	 	2246.666667
1.302029	 	2253.333333
1.387439	 	2260.000000
1.124093	 	2266.666667
1.136549	 	2273.333333
1.097403	 	2280.000000
1.168577	 	2286.666667
0.915908	 	2293.333333
1.376762	 	2300.000000
1.446157	 	2306.666667
1.270001	 	2313.333333
1.547581	 	2320.000000
1.446157	 	2326.666667
1.497759	 	2333.333333
1.471068	 	2340.000000
1.399894	 	2346.666667
1.567154	 	2353.333333
1.864307	 	2360.000000
1.511994	 	2366.666667
1.312705	 	2373.333333
1.323382	 	2380.000000
1.455054	 	2386.666667
1.711282	 	2393.333333
1.602741	 	2400.000000
1.257545	 	2406.666667
1.782456	 	2413.333333
1.389218	 	2420.000000
1.538684	 	2426.666667
1.522670	 	2433.333333
1.873204	 	2440.000000
1.716620	 	2446.666667
1.764663	 	2453.333333
1.704165	 	2460.000000
1.890997	 	2466.666667
1.698826	 	2473.333333
1.883880	 	2480.000000
1.634770	 	2486.666667
1.632990	 	2493.333333
1.684592	 	2500.000000
1.367866	 	2506.666667
1.412350	 	2513.333333
1.679253	 	2520.000000
1.695268	 	2526.666667
1.689930	 	2533.333333
1.447937	 	2540.000000
1.374983	 	2546.666667
1.170357	 	2553.333333
1.433702	 	2560.000000
1.483524	 	2566.666667
1.567154	 	2573.333333
1.350072	 	2580.000000
1.465730	 	2586.666667
1.383880	 	2593.333333
1.270001	 	2600.000000
1.131211	 	2606.666667
1.334058	 	2613.333333
1.230855	 	2620.000000
1.296691	 	2626.666667
1.179253	 	2633.333333
1.433702	 	2640.000000
1.314485	 	2646.666667
1.428364	 	2653.333333
1.551140	 	2660.000000
1.474627	 	2666.666667
1.483524	 	2673.333333
1.684592	 	2680.000000
1.485303	 	2686.666667
1.663239	 	2693.333333
1.768221	 	2700.000000
1.618755	 	2706.666667
1.654342	 	2713.333333
1.668577	 	2720.000000
1.604520	 	2726.666667
1.348293	 	2733.333333
1.805588	 	2740.000000
1.602741	 	2746.666667
1.689930	 	2753.333333
1.652563	 	2760.000000
1.681033	 	2766.666667
1.574271	 	2773.333333
2.629431	 	2780.000000
13.631211	 	2786.666667
152.595624	 	2793.333333
844.166798	 	2800.000000
1977.602741	 	2806.666667
3077.124093	 	2813.333333
3959.236193	 	2820.000000
4630.047581	 	2826.666667
5132.095624	 	2833.333333
5501.657901	 	2840.000000
5754.561816	 	2846.666667
5922.826940	 	2853.333333
6025.483524	 	2860.000000
6085.350072	 	2866.666667
6109.044022	 	2873.333333
6105.374983	 	2880.000000
6083.615197	 	2886.666667
6058.173915	 	2893.333333
6027.494200	 	2900.000000
5995.956834	 	2906.666667
5960.953275	 	2913.333333
5921.814485	 	2920.000000
5901.424805	 	2926.666667
5885.415908	 	2933.333333
5858.732634	 	2940.000000
5820.821602	 	2946.666667
5780.147225	 	2953.333333
5745.878542	 	2960.000000
5721.490641	 	2966.666667
5703.197047	 	2973.333333
5685.234414	 	2980.000000
5662.915908	 	2986.666667
5642.650784	 	2993.333333
5623.095624	 	3000.000000
5608.905232	 	3006.666667
5592.563595	 	3013.333333
5575.535125	 	3020.000000
5554.401673	 	3026.666667
5536.449716	 	3033.333333
5518.168577	 	3040.000000
5504.979965	 	3046.666667
5491.019111	 	3053.333333
5474.885659	 	3060.000000
5460.855410	 	3066.666667
5447.730855	 	3073.333333
5432.015552	 	3080.000000
5415.529787	 	3086.666667
5397.704165	 	3093.333333
5382.414129	 	3100.000000
5367.992421	 	3106.666667
5351.974627	 	3113.333333
5332.802029	 	3120.000000
5315.056478	 	3126.666667
5299.366086	 	3133.333333
5282.890997	 	3140.000000
5264.873204	 	3146.666667
5248.570713	 	3153.333333
5232.049360	 	3160.000000
5214.834058	 	3166.666667
5199.253987	 	3173.333333
5179.371424	 	3180.000000
5160.095624	 	3186.666667
5139.753987	 	3193.333333
5123.654342	 	3200.000000
5109.289574	 	3206.666667
5091.737972	 	3213.333333
5073.063595	 	3220.000000
5053.976407	 	3226.666667
5034.700606	 	3233.333333
5017.816264	 	3240.000000
5001.385659	 	3246.666667
4983.476407	 	3253.333333
4964.175695	 	3260.000000
4949.390997	 	3266.666667
4931.940819	 	3273.333333
4914.850072	 	3280.000000
4897.205944	 	3286.666667
4879.035125	 	3293.333333
4861.871424	 	3300.000000
4846.842955	 	3306.666667
4829.665019	 	3313.333333
4811.577830	 	3320.000000
4793.004876	 	3326.666667
4773.469289	 	3333.333333
4759.052919	 	3340.000000
4740.020891	 	3346.666667
4723.819823	 	3353.333333
4706.042243	 	3360.000000
4688.056478	 	3366.666667
4670.204165	 	3373.333333
4653.111638	 	3380.000000
4637.040463	 	3386.666667
4618.640108	 	3393.333333
4600.515552	 	3400.000000
4585.860748	 	3406.666667
4571.140108	 	3413.333333
4555.008435	 	3420.000000
4536.851851	 	3426.666667
4522.739752	 	3433.333333
4504.134770	 	3440.000000
4489.784236	 	3446.666667
4473.771780	 	3453.333333
4456.003097	 	3460.000000
4438.665019	 	3466.666667
4419.366086	 	3473.333333
4404.136549	 	3480.000000
4384.654342	 	3486.666667
4368.214841	 	3493.333333
4350.291353	 	3500.000000
4335.912350	 	3506.666667
4319.449716	 	3513.333333
4300.638328	 	3520.000000
4282.835837	 	3526.666667
4264.218399	 	3533.333333
4248.147225	 	3540.000000
4230.070713	 	3546.666667
4212.919467	 	3553.333333
4193.593844	 	3560.000000
4173.519111	 	3566.666667
4157.857189	 	3573.333333
4139.006656	 	3580.000000
4124.700606	 	3586.666667
4105.369645	 	3593.333333
4090.371424	 	3600.000000
4070.414129	 	3606.666667
4053.074271	 	3613.333333
4036.444378	 	3620.000000
4019.645446	 	3626.666667
4003.999538	 	3633.333333
3986.796691	 	3640.000000
3969.723737	 	3646.666667
3952.563595	 	3653.333333
3937.819823	 	3660.000000
3918.524449	 	3666.666667
3899.640108	 	3673.333333
3885.239752	 	3680.000000
3867.481745	 	3686.666667
3849.757545	 	3693.333333
3831.846513	 	3700.000000
3815.723737	 	3706.666667
3798.446157	 	3713.333333
3781.583168	 	3720.000000
3765.198826	 	3726.666667
3749.759325	 	3733.333333
3733.842955	 	3740.000000
3717.638328	 	3746.666667
3702.841175	 	3753.333333
3686.734414	 	3760.000000
3671.259325	 	3766.666667
3657.711282	 	3773.333333
3641.643666	 	3780.000000
3625.166798	 	3786.666667
3608.334058	 	3793.333333
3591.528008	 	3800.000000
3575.063595	 	3806.666667
3560.561816	 	3813.333333
3543.229076	 	3820.000000
3526.599182	 	3826.666667
3509.874983	 	3833.333333
3492.606300	 	3840.000000
3477.460392	 	3846.666667
3460.515552	 	3853.333333
3445.668577	 	3860.000000
3429.652563	 	3866.666667
3414.910570	 	3873.333333
3398.342955	 	3880.000000
3384.291353	 	3886.666667
3369.113417	 	3893.333333
3354.677474	 	3900.000000
3340.109858	 	3906.666667
3326.223737	 	3913.333333
3311.216620	 	3920.000000
3296.924805	 	3926.666667
3281.743310	 	3933.333333
3266.093844	 	3940.000000
3250.348293	 	3946.666667
3235.241531	 	3953.333333
3219.736193	 	3960.000000
3205.259325	 	3966.666667
3190.677474	 	3973.333333
3176.095624	 	3980.000000
3160.207723	 	3986.666667
3144.382100	 	3993.333333
3130.109858	 	4000.000000
3114.947937	 	4006.666667
3100.451495	 	4013.333333
3087.351851	 	4020.000000
3072.810926	 	4026.666667
3057.665019	 	4033.333333
3043.353631	 	4040.000000
3028.830499	 	4046.666667
3013.376762	 	4053.333333
2998.673915	 	4060.000000
2983.988862	 	4066.666667
2970.054698	 	4073.333333
2954.869645	 	4080.000000
2939.965730	 	4086.666667
2925.729076	 	4093.333333
2912.535125	 	4100.000000
2899.545802	 	4106.666667
2887.157901	 	4113.333333
2874.933702	 	4120.000000
2862.335837	 	4126.666667
2849.300250	 	4133.333333
2836.485303	 	4140.000000
2824.647225	 	4146.666667
2810.684592	 	4153.333333
2797.972848	 	4160.000000
2786.011994	 	4166.666667
2772.312705	 	4173.333333
2758.812705	 	4180.000000
2746.510214	 	4186.666667
2734.946157	 	4193.333333
2723.522670	 	4200.000000
2712.060036	 	4206.666667
2701.102741	 	4213.333333
2688.761104	 	4220.000000
2677.134770	 	4226.666667
2666.688150	 	4233.333333
2653.972848	 	4240.000000
2640.972848	 	4246.666667
2629.901673	 	4253.333333
2617.940819	 	4260.000000
2604.428364	 	4266.666667
2592.294912	 	4273.333333
2579.937261	 	4280.000000
2568.488862	 	4286.666667
2555.542243	 	4293.333333
2543.704165	 	4300.000000
2533.168577	 	4306.666667
2520.782456	 	4313.333333
2508.556478	 	4320.000000
2496.220179	 	4326.666667
2483.378542	 	4333.333333
2471.159681	 	4340.000000
2459.261104	 	4346.666667
2446.650784	 	4353.333333
2434.455054	 	4360.000000
2423.531567	 	4366.666667
2411.542243	 	4373.333333
2400.631211	 	4380.000000
2390.501318	 	4386.666667
2380.159681	 	4393.333333
2369.681033	 	4400.000000
2359.092065	 	4406.666667
2348.403453	 	4413.333333
2338.024449	 	4420.000000
2326.529787	 	4426.666667
2315.793132	 	4433.333333
2305.497759	 	4440.000000
2293.533346	 	4446.666667
2282.503097	 	4453.333333
2271.584947	 	4460.000000
2261.166798	 	4466.666667
2250.825161	 	4473.333333
2238.914129	 	4480.000000
2228.197047	 	4486.666667
2217.819823	 	4493.333333
2207.866086	 	4500.000000
2196.316264	 	4506.666667
2185.522670	 	4513.333333
2174.711282	 	4520.000000
2164.093844	 	4526.666667
2153.145446	 	4533.333333
2141.858969	 	4540.000000
2130.602741	 	4546.666667
2119.287794	 	4553.333333
2108.060036	 	4560.000000
2097.670357	 	4566.666667
2087.157901	 	4573.333333
2077.433702	 	4580.000000
2067.001318	 	4586.666667
2057.531567	 	4593.333333
2047.896335	 	4600.000000
2038.011994	 	4606.666667
2027.309147	 	4613.333333
2018.108079	 	4620.000000
2008.143666	 	4626.666667
1998.963951	 	4633.333333
1989.248649	 	4640.000000
1980.068933	 	4646.666667
1970.632990	 	4653.333333
1961.654342	 	4660.000000
1952.316264	 	4666.666667
1943.275339	 	4673.333333
1934.026229	 	4680.000000
1925.812705	 	4686.666667
1916.526229	 	4693.333333
1907.323382	 	4700.000000
1899.143666	 	4706.666667
1889.777118	 	4713.333333
1881.065374	 	4720.000000
1873.220179	 	4726.666667
1863.869645	 	4733.333333
1854.636549	 	4740.000000
1845.659681	 	4746.666667
1835.761104	 	4753.333333
1826.109858	 	4760.000000
1817.303809	 	4766.666667
1809.100962	 	4773.333333
1800.823382	 	4780.000000
1792.410570	 	4786.666667
1783.129431	 	4793.333333
1773.994200	 	4800.000000
1764.867866	 	4806.666667
1754.873204	 	4813.333333
1745.581389	 	4820.000000
1737.221958	 	4826.666667
1728.556478	 	4833.333333
1719.632990	 	4840.000000
1709.987083	 	4846.666667
1701.118755	 	4853.333333
1693.355410	 	4860.000000
1684.873204	 	4866.666667
1676.175695	 	4873.333333
1668.753987	 	4880.000000
1660.643666	 	4886.666667
1652.554698	 	4893.333333
1644.616976	 	4900.000000
1637.574271	 	4906.666667
1629.576051	 	4913.333333
1621.663239	 	4920.000000
1614.839396	 	4926.666667
1607.241531	 	4933.333333
1599.303809	 	4940.000000
1593.086727	 	4946.666667
1585.611638	 	4953.333333
1578.195268	 	4960.000000
1571.385659	 	4966.666667
1563.880321	 	4973.333333
1555.773560	 	4980.000000
1547.195268	 	4986.666667
1539.266442	 	4993.333333
1531.851851	 	5000.000000
1524.809147	 	5006.666667
1517.109858	 	5013.333333
1509.625873	 	5020.000000
1501.531567	 	5026.666667
1493.001318	 	5033.333333
1485.209503	 	5040.000000
1477.851851	 	5046.666667
1470.572492	 	5053.333333
1464.741531	 	5060.000000
1457.965730	 	5066.666667
1451.962172	 	5073.333333
1445.074271	 	5080.000000
1438.010214	 	5086.666667
1431.266442	 	5093.333333
1425.213061	 	5100.000000
1419.026229	 	5106.666667
1412.109858	 	5113.333333
1404.860748	 	5120.000000
1397.883880	 	5126.666667
1391.138328	 	5133.333333
1384.940819	 	5140.000000
1378.316264	 	5146.666667
1370.807367	 	5153.333333
1364.540463	 	5160.000000
1357.974627	 	5166.666667
1350.698826	 	5173.333333
1344.467510	 	5180.000000
1338.088506	 	5186.666667
1332.056478	 	5193.333333
1325.458613	 	5200.000000
1317.967510	 	5206.666667
1311.241531	 	5213.333333
1304.127652	 	5220.000000
1297.022670	 	5226.666667
1290.394556	 	5233.333333
1283.773560	 	5240.000000
1276.771780	 	5246.666667
1270.488862	 	5253.333333
1264.967510	 	5260.000000
1259.408791	 	5266.666667
1253.721958	 	5273.333333
1247.826940	 	5280.000000
1242.150784	 	5286.666667
1235.752207	 	5293.333333
1229.736193	 	5300.000000
1223.903453	 	5306.666667
1218.467510	 	5313.333333
1212.348293	 	5320.000000
1206.834058	 	5326.666667
1201.682812	 	5333.333333
1195.682812	 	5340.000000
1189.382100	 	5346.666667
1184.278898	 	5353.333333
1178.995979	 	5360.000000
1174.065374	 	5366.666667
1169.129431	 	5373.333333
1163.983524	 	5380.000000
1158.956834	 	5386.666667
1154.211282	 	5393.333333
1149.081389	 	5400.000000
1143.314485	 	5406.666667
1136.848293	 	5413.333333
1131.561816	 	5420.000000
1125.818044	 	5426.666667
1119.675695	 	5433.333333
1113.195268	 	5440.000000
1106.992421	 	5446.666667
1100.944378	 	5453.333333
1095.401673	 	5460.000000
1088.942599	 	5466.666667
1083.414129	 	5473.333333
1078.584947	 	5480.000000
1073.688150	 	5486.666667
1068.120535	 	5493.333333
1062.764663	 	5500.000000
1058.175695	 	5506.666667
1052.869645	 	5513.333333
1048.291353	 	5520.000000
1043.581389	 	5526.666667
1038.608079	 	5533.333333
1034.003097	 	5540.000000
1028.709503	 	5546.666667
1023.019111	 	5553.333333
1018.118755	 	5560.000000
1013.010214	 	5566.666667
1007.810926	 	5573.333333
1002.358969	 	5580.000000
997.536905	 	5586.666667
992.743310	 	5593.333333
987.862528	 	5600.000000
982.309147	 	5606.666667
977.209503	 	5613.333333
972.140108	 	5620.000000
967.595624	 	5626.666667
962.752207	 	5633.333333
958.387439	 	5640.000000
952.914129	 	5646.666667
947.778898	 	5653.333333
943.047581	 	5660.000000
938.992421	 	5666.666667
934.567154	 	5673.333333
930.108079	 	5680.000000
926.357189	 	5686.666667
921.816264	 	5693.333333
917.109858	 	5700.000000
912.634770	 	5706.666667
908.771780	 	5713.333333
905.362528	 	5720.000000
901.643666	 	5726.666667
898.745090	 	5733.333333
895.302029	 	5740.000000
890.949716	 	5746.666667
886.923026	 	5753.333333
883.522670	 	5760.000000
880.013773	 	5766.666667
875.914129	 	5773.333333
872.556478	 	5780.000000
868.979965	 	5786.666667
863.889218	 	5793.333333
859.561816	 	5800.000000
854.714841	 	5806.666667
850.431923	 	5813.333333
847.072492	 	5820.000000
842.734414	 	5826.666667
837.832278	 	5833.333333
833.839396	 	5840.000000
829.834058	 	5846.666667
825.225517	 	5853.333333
820.736193	 	5860.000000
816.802029	 	5866.666667
813.205944	 	5873.333333
809.750428	 	5880.000000
806.170357	 	5886.666667
802.531567	 	5893.333333
797.832278	 	5900.000000
794.017332	 	5906.666667
790.711282	 	5913.333333
787.106300	 	5920.000000
783.636549	 	5926.666667
779.997759	 	5933.333333
775.923026	 	5940.000000
772.326940	 	5946.666667
769.081389	 	5953.333333
765.332278	 	5960.000000
761.713061	 	5966.666667
758.380321	 	5973.333333
755.460392	 	5980.000000
751.600962	 	5986.666667
748.488862	 	5993.333333
745.428364	 	6000.000000
742.065374	 	6006.666667
738.355410	 	6013.333333
735.531567	 	6020.000000
732.166798	 	6026.666667
728.798471	 	6033.333333
725.794912	 	6040.000000
722.600962	 	6046.666667
719.020891	 	6053.333333
715.636549	 	6060.000000
712.106300	 	6066.666667
708.243310	 	6073.333333
704.134770	 	6080.000000
700.528008	 	6086.666667
696.800250	 	6093.333333
693.378542	 	6100.000000
690.296691	 	6106.666667
686.988862	 	6113.333333
683.737972	 	6120.000000
680.990641	 	6126.666667
677.971068	 	6133.333333
675.581389	 	6140.000000
671.848293	 	6146.666667
668.832278	 	6153.333333
665.727296	 	6160.000000
663.250428	 	6166.666667
659.707723	 	6173.333333
657.013773	 	6180.000000
654.490641	 	6186.666667
652.124093	 	6193.333333
649.513773	 	6200.000000
646.508435	 	6206.666667
643.302029	 	6213.333333
640.700606	 	6220.000000
637.602741	 	6226.666667
634.540463	 	6233.333333
631.177474	 	6240.000000
628.351851	 	6246.666667
624.782456	 	6253.333333
621.855410	 	6260.000000
618.383880	 	6266.666667
615.768221	 	6273.333333
613.191709	 	6280.000000
610.563595	 	6286.666667
608.602741	 	6293.333333
606.437261	 	6300.000000
603.149004	 	6306.666667
600.189930	 	6313.333333
597.616976	 	6320.000000
594.853631	 	6326.666667
591.812705	 	6333.333333
589.396335	 	6340.000000
586.332278	 	6346.666667
583.874983	 	6353.333333
581.095624	 	6360.000000
577.762883	 	6366.666667
574.634770	 	6373.333333
572.467510	 	6380.000000
569.745090	 	6386.666667
566.987083	 	6393.333333
563.960392	 	6400.000000
561.396335	 	6406.666667
558.803809	 	6413.333333
555.876762	 	6420.000000
552.946157	 	6426.666667
550.736193	 	6433.333333
548.003097	 	6440.000000
545.761104	 	6446.666667
543.629431	 	6453.333333
541.141887	 	6460.000000
538.243310	 	6466.666667
535.835837	 	6473.333333
533.342955	 	6480.000000
530.487083	 	6486.666667
527.830499	 	6493.333333
525.253987	 	6500.000000
522.524449	 	6506.666667
520.149004	 	6513.333333
517.839396	 	6520.000000
515.544022	 	6526.666667
513.286015	 	6533.333333
510.453275	 	6540.000000
508.193488	 	6546.666667
506.271780	 	6553.333333
504.209503	 	6560.000000
501.321602	 	6566.666667
498.942599	 	6573.333333
496.508435	 	6580.000000
494.150784	 	6586.666667
491.624093	 	6593.333333
489.807367	 	6600.000000
487.342955	 	6606.666667
485.286015	 	6613.333333
483.366086	 	6620.000000
480.647225	 	6626.666667
477.415908	 	6633.333333
474.802029	 	6640.000000
472.127652	 	6646.666667
468.656122	 	6653.333333
466.431923	 	6660.000000
464.054698	 	6666.666667
461.739752	 	6673.333333
459.734414	 	6680.000000
457.686371	 	6686.666667
454.832278	 	6693.333333
452.168577	 	6700.000000
449.951495	 	6706.666667
447.997759	 	6713.333333
445.252207	 	6720.000000
442.636549	 	6726.666667
440.426584	 	6733.333333
438.342955	 	6740.000000
436.209503	 	6746.666667
433.832278	 	6753.333333
431.181033	 	6760.000000
429.083168	 	6766.666667
427.310926	 	6773.333333
424.937261	 	6780.000000
422.736193	 	6786.666667
420.755766	 	6793.333333
418.750428	 	6800.000000
417.004876	 	6806.666667
415.273560	 	6813.333333
413.471068	 	6820.000000
411.796691	 	6826.666667
410.156122	 	6833.333333
408.385659	 	6840.000000
406.643666	 	6846.666667
404.665019	 	6853.333333
402.435481	 	6860.000000
400.300250	 	6866.666667
398.511994	 	6873.333333
396.184592	 	6880.000000
394.828720	 	6886.666667
392.876762	 	6893.333333
391.278898	 	6900.000000
389.517332	 	6906.666667
387.963951	 	6913.333333
386.433702	 	6920.000000
384.677474	 	6926.666667
382.389218	 	6933.333333
379.716620	 	6940.000000
377.677474	 	6946.666667
375.052919	 	6953.333333
372.789574	 	6960.000000
370.504876	 	6966.666667
368.568933	 	6973.333333
366.583168	 	6980.000000
364.791353	 	6986.666667
362.401673	 	6993.333333
360.944378	 	7000.000000
359.688150	 	7006.666667
357.289574	 	7013.333333
355.659681	 	7020.000000
353.520891	 	7026.666667
351.558257	 	7033.333333
349.753987	 	7040.000000
348.182812	 	7046.666667
346.858969	 	7053.333333
344.800250	 	7060.000000
343.423026	 	7066.666667
341.745090	 	7073.333333
340.296691	 	7080.000000
338.839396	 	7086.666667
337.200606	 	7093.333333
334.921246	 	7100.000000
333.632990	 	7106.666667
332.177474	 	7113.333333
330.666798	 	7120.000000
329.278898	 	7126.666667
327.531567	 	7133.333333
325.453275	 	7140.000000
324.362528	 	7146.666667
322.172136	 	7153.333333
320.499538	 	7160.000000
318.837616	 	7166.666667
316.983524	 	7173.333333
315.161460	 	7180.000000
313.734414	 	7186.666667
311.956834	 	7193.333333
310.335837	 	7200.000000
308.933702	 	7206.666667
306.974627	 	7213.333333
305.568933	 	7220.000000
304.239752	 	7226.666667
302.899894	 	7233.333333
301.456834	 	7240.000000
300.136549	 	7246.666667
298.620535	 	7253.333333
296.889218	 	7260.000000
295.058257	 	7266.666667
294.092065	 	7273.333333
292.366086	 	7280.000000
291.124093	 	7286.666667
289.618755	 	7293.333333
288.200606	 	7300.000000
286.670357	 	7306.666667
285.536905	 	7313.333333
284.116976	 	7320.000000
282.380321	 	7326.666667
280.636549	 	7333.333333
279.068933	 	7340.000000
277.506656	 	7346.666667
275.866086	 	7353.333333
274.341175	 	7360.000000
273.446157	 	7366.666667
271.590286	 	7373.333333
270.540463	 	7380.000000
269.058257	 	7386.666667
267.579609	 	7393.333333
265.444378	 	7400.000000
263.736193	 	7406.666667
261.899894	 	7413.333333
260.622314	 	7420.000000
258.826940	 	7426.666667
257.529787	 	7433.333333
256.213061	 	7440.000000
254.924805	 	7446.666667
253.823382	 	7453.333333
252.396335	 	7460.000000
251.163239	 	7466.666667
249.962172	 	7473.333333
248.773560	 	7480.000000
247.634770	 	7486.666667
246.750428	 	7493.333333
245.876762	 	7500.000000
245.319823	 	7506.666667
244.444378	 	7513.333333
243.720179	 	7520.000000
242.914129	 	7526.666667
241.682812	 	7533.333333
240.074271	 	7540.000000
238.871424	 	7546.666667
237.834058	 	7553.333333
237.058257	 	7560.000000
235.565374	 	7566.666667
234.778898	 	7573.333333
233.649004	 	7580.000000
232.408791	 	7586.666667
231.163239	 	7593.333333
229.741531	 	7600.000000
228.100962	 	7606.666667
226.901673	 	7613.333333
225.264663	 	7620.000000
224.120535	 	7626.666667
222.810926	 	7633.333333
221.220179	 	7640.000000
219.940819	 	7646.666667
218.688150	 	7653.333333
217.846513	 	7660.000000
216.670357	 	7666.666667
215.431923	 	7673.333333
214.419467	 	7680.000000
213.346513	 	7686.666667
212.120535	 	7693.333333
211.193488	 	7700.000000
210.506656	 	7706.666667
209.538684	 	7713.333333
208.851851	 	7720.000000
207.661460	 	7726.666667
206.387439	 	7733.333333
205.168577	 	7740.000000
204.302029	 	7746.666667
203.814485	 	7753.333333
203.120535	 	7760.000000
202.567154	 	7766.666667
201.560036	 	7773.333333
200.638328	 	7780.000000
199.761104	 	7786.666667
199.287794	 	7793.333333
198.357189	 	7800.000000
197.485303	 	7806.666667
196.727296	 	7813.333333
195.625873	 	7820.000000
195.083168	 	7826.666667
194.414129	 	7833.333333
193.207723	 	7840.000000
192.173915	 	7846.666667
191.497759	 	7853.333333
190.140108	 	7860.000000
188.858969	 	7866.666667
187.620535	 	7873.333333
186.641887	 	7880.000000
185.770001	 	7886.666667
184.974627	 	7893.333333
184.323382	 	7900.000000
183.567154	 	7906.666667
182.455054	 	7913.333333
181.691709	 	7920.000000
180.380321	 	7926.666667
179.410570	 	7933.333333
178.294912	 	7940.000000
177.554698	 	7946.666667
177.038684	 	7953.333333
176.070713	 	7960.000000
175.061816	 	7966.666667
174.154342	 	7973.333333
172.995979	 	7980.000000
171.862528	 	7986.666667
171.150784	 	7993.333333
170.568933	 	8000.000000
169.423026	 	8006.666667
168.309147	 	8013.333333
166.979965	 	8020.000000
166.006656	 	8026.666667
165.809147	 	8033.333333
164.796691	 	8040.000000
163.784236	 	8046.666667
163.154342	 	8053.333333
162.054698	 	8060.000000
160.800250	 	8066.666667
160.017332	 	8073.333333
159.421246	 	8080.000000
158.405232	 	8086.666667
158.220179	 	8093.333333
157.227296	 	8100.000000
156.545802	 	8106.666667
155.551140	 	8113.333333
154.529787	 	8120.000000
153.348293	 	8126.666667
152.793132	 	8133.333333
151.830499	 	8140.000000
150.947937	 	8146.666667
150.252207	 	8153.333333
149.809147	 	8160.000000
149.223737	 	8166.666667
148.940819	 	8173.333333
148.455054	 	8180.000000
147.581389	 	8186.666667
147.077830	 	8193.333333
147.647225	 	8200.000000
147.092065	 	8206.666667
146.011994	 	8213.333333
145.236193	 	8220.000000
144.497759	 	8226.666667
143.508435	 	8233.333333
142.592065	 	8240.000000
142.177474	 	8246.666667
141.385659	 	8253.333333
140.834058	 	8260.000000
140.100962	 	8266.666667
139.063595	 	8273.333333
138.654342	 	8280.000000
137.999538	 	8286.666667
137.213061	 	8293.333333
136.631211	 	8300.000000
136.159681	 	8306.666667
135.613417	 	8313.333333
134.917688	 	8320.000000
134.417688	 	8326.666667
133.533346	 	8333.333333
132.914129	 	8340.000000
131.971068	 	8346.666667
131.556478	 	8353.333333
130.181033	 	8360.000000
129.230855	 	8366.666667
128.221958	 	8373.333333
127.302029	 	8380.000000
125.935481	 	8386.666667
125.108079	 	8393.333333
124.079609	 	8400.000000
123.732634	 	8406.666667
122.898115	 	8413.333333
121.342955	 	8420.000000
120.834058	 	8426.666667
119.908791	 	8433.333333
119.442599	 	8440.000000
119.063595	 	8446.666667
118.366086	 	8453.333333
117.257545	 	8460.000000
117.076051	 	8466.666667
116.335837	 	8473.333333
115.764663	 	8480.000000
115.061816	 	8486.666667
114.382100	 	8493.333333
113.944378	 	8500.000000
113.271780	 	8506.666667
112.632990	 	8513.333333
111.880321	 	8520.000000
111.542243	 	8526.666667
111.097403	 	8533.333333
110.350072	 	8540.000000
110.344734	 	8546.666667
109.488862	 	8553.333333
109.339396	 	8560.000000
108.344734	 	8566.666667
108.051140	 	8573.333333
107.310926	 	8580.000000
106.837616	 	8586.666667
106.517332	 	8593.333333
106.026229	 	8600.000000
105.309147	 	8606.666667
104.793132	 	8613.333333
104.319823	 	8620.000000
103.668577	 	8626.666667
103.116976	 	8633.333333
102.221958	 	8640.000000
101.777118	 	8646.666667
101.350072	 	8653.333333
100.456834	 	8660.000000
99.892777	 	8666.666667
98.844734	 	8673.333333
98.360748	 	8680.000000
97.583168	 	8686.666667
97.487083	 	8693.333333
96.885659	 	8700.000000
96.385659	 	8706.666667
95.574271	 	8713.333333
95.200606	 	8720.000000
94.592065	 	8726.666667
94.229076	 	8733.333333
93.851851	 	8740.000000
93.084947	 	8746.666667
92.721958	 	8753.333333
92.268221	 	8760.000000
91.321602	 	8766.666667
90.652563	 	8773.333333
90.286015	 	8780.000000
89.634770	 	8786.666667
89.136549	 	8793.333333
88.248649	 	8800.000000
87.490641	 	8806.666667
86.782456	 	8813.333333
85.759325	 	8820.000000
85.479965	 	8826.666667
84.713061	 	8833.333333
84.068933	 	8840.000000
83.631211	 	8846.666667
82.981745	 	8853.333333
82.508435	 	8860.000000
81.958613	 	8866.666667
81.453275	 	8873.333333
80.958613	 	8880.000000
80.741531	 	8886.666667
80.060036	 	8893.333333
79.851851	 	8900.000000
79.672136	 	8906.666667
79.632990	 	8913.333333
79.293132	 	8920.000000
79.182812	 	8926.666667
78.499538	 	8933.333333
78.360748	 	8940.000000
78.182812	 	8946.666667
77.447937	 	8953.333333
77.479965	 	8960.000000
76.978186	 	8966.666667
76.887439	 	8973.333333
76.522670	 	8980.000000
76.280677	 	8986.666667
75.933702	 	8993.333333
75.508435	 	9000.000000
74.730855	 	9006.666667
74.513773	 	9013.333333
74.232634	 	9020.000000
73.447937	 	9026.666667
73.424805	 	9033.333333
73.221958	 	9040.000000
72.522670	 	9046.666667
72.262883	 	9053.333333
71.373204	 	9060.000000
70.551140	 	9066.666667
70.250428	 	9073.333333
69.901673	 	9080.000000
69.689930	 	9086.666667
68.965730	 	9093.333333
68.300250	 	9100.000000
67.931923	 	9106.666667
67.237972	 	9113.333333
66.310926	 	9120.000000
65.770001	 	9126.666667
65.328720	 	9133.333333
65.245090	 	9140.000000
64.488862	 	9146.666667
63.743310	 	9153.333333
62.951495	 	9160.000000
62.673915	 	9166.666667
62.446157	 	9173.333333
62.380321	 	9180.000000
62.042243	 	9186.666667
61.802029	 	9193.333333
61.177474	 	9200.000000
60.197047	 	9206.666667
59.995979	 	9213.333333
59.350072	 	9220.000000
58.723737	 	9226.666667
58.764663	 	9233.333333
58.193488	 	9240.000000
57.545802	 	9246.666667
57.227296	 	9253.333333
57.015552	 	9260.000000
56.202385	 	9266.666667
55.786015	 	9273.333333
55.693488	 	9280.000000
55.067154	 	9286.666667
54.013773	 	9293.333333
54.003097	 	9300.000000
53.367866	 	9306.666667
53.353631	 	9313.333333
53.019111	 	9320.000000
52.842955	 	9326.666667
52.487083	 	9333.333333
52.396335	 	9340.000000
52.286015	 	9346.666667
52.001318	 	9353.333333
51.663239	 	9360.000000
51.545802	 	9366.666667
51.063595	 	9373.333333
51.010214	 	9380.000000
50.663239	 	9386.666667
50.860748	 	9393.333333
50.463951	 	9400.000000
50.344734	 	9406.666667
49.992421	 	9413.333333
49.673915	 	9420.000000
49.348293	 	9426.666667
49.693488	 	9433.333333
49.407012	 	9440.000000
49.149004	 	9446.666667
48.561816	 	9453.333333
47.999538	 	9460.000000
48.097403	 	9466.666667
47.428364	 	9473.333333
46.862528	 	9480.000000
46.759325	 	9486.666667
46.149004	 	9493.333333
45.652563	 	9500.000000
45.013773	 	9506.666667
45.076051	 	9513.333333
44.309147	 	9520.000000
43.787794	 	9526.666667
43.736193	 	9533.333333
43.707723	 	9540.000000
43.181033	 	9546.666667
42.901673	 	9553.333333
42.656122	 	9560.000000
42.346513	 	9566.666667
42.102741	 	9573.333333
41.624093	 	9580.000000
41.035125	 	9586.666667
40.732634	 	9593.333333
40.625873	 	9600.000000
40.371424	 	9606.666667
39.921246	 	9613.333333
39.752207	 	9620.000000
39.339396	 	9626.666667
39.209503	 	9633.333333
38.917688	 	9640.000000
38.636549	 	9646.666667
38.513773	 	9653.333333
37.901673	 	9660.000000
37.907012	 	9666.666667
37.382100	 	9673.333333
37.175695	 	9680.000000
36.492421	 	9686.666667
36.403453	 	9693.333333
36.136549	 	9700.000000
35.787794	 	9706.666667
36.042243	 	9713.333333
35.844734	 	9720.000000
35.720179	 	9726.666667
35.878542	 	9733.333333
35.837616	 	9740.000000
35.225517	 	9746.666667
35.332278	 	9753.333333
35.170357	 	9760.000000
35.067154	 	9766.666667
34.362528	 	9773.333333
33.814485	 	9780.000000
33.746869	 	9786.666667
33.745090	 	9793.333333
33.487083	 	9800.000000
33.173915	 	9806.666667
32.730855	 	9813.333333
32.319823	 	9820.000000
32.337616	 	9826.666667
31.803809	 	9833.333333
31.935481	 	9840.000000
32.197047	 	9846.666667
32.182812	 	9853.333333
32.147225	 	9860.000000
32.298471	 	9866.666667
32.109858	 	9873.333333
32.248649	 	9880.000000
32.221958	 	9886.666667
31.874983	 	9893.333333
31.951495	 	9900.000000
31.577830	 	9906.666667
31.786015	 	9913.333333
31.654342	 	9920.000000
31.835837	 	9926.666667
31.351851	 	9933.333333
31.271780	 	9940.000000
30.704165	 	9946.666667
30.688150	 	9953.333333
30.184592	 	9960.000000
29.629431	 	9966.666667
29.423026	 	9973.333333
29.036905	 	9980.000000
28.844734	 	9986.666667
28.608079	 	9993.333333
28.120535	 	10000.000000
27.632990	 	10006.666667
27.342955	 	10013.333333
27.234414	 	10020.000000
26.716620	 	10026.666667
26.762883	 	10033.333333
26.624093	 	10040.000000
26.334058	 	10046.666667
25.963951	 	10053.333333
25.782456	 	10060.000000
25.253987	 	10066.666667
24.923026	 	10073.333333
24.431923	 	10080.000000
24.560036	 	10086.666667
24.515552	 	10093.333333
24.036905	 	10100.000000
23.640108	 	10106.666667
23.264663	 	10113.333333
22.768221	 	10120.000000
22.641887	 	10126.666667
22.492421	 	10133.333333
22.262883	 	10140.000000
21.910570	 	10146.666667
21.914129	 	10153.333333
21.732634	 	10160.000000
21.458613	 	10166.666667
21.364307	 	10173.333333
21.061816	 	10180.000000
21.335837	 	10186.666667
20.764663	 	10193.333333
20.905232	 	10200.000000
20.577830	 	10206.666667
20.552919	 	10213.333333
20.540463	 	10220.000000
20.124093	 	10226.666667
19.794912	 	10233.333333
19.753987	 	10240.000000
19.234414	 	10246.666667
19.415908	 	10253.333333
18.960392	 	10260.000000
18.485303	 	10266.666667
18.230855	 	10273.333333
18.092065	 	10280.000000
17.917688	 	10286.666667
17.705944	 	10293.333333
17.474627	 	10300.000000
17.588506	 	10306.666667
17.275339	 	10313.333333
17.006656	 	10320.000000
16.882100	 	10326.666667
16.757545	 	10333.333333
16.611638	 	10340.000000
16.649004	 	10346.666667
16.147225	 	10353.333333
16.029787	 	10360.000000
15.707723	 	10366.666667
15.777118	 	10373.333333
15.326940	 	10380.000000
14.935481	 	10386.666667
14.584947	 	10393.333333
14.092065	 	10400.000000
14.040463	 	10406.666667
13.930143	 	10413.333333
13.503097	 	10420.000000
13.492421	 	10426.666667
13.634770	 	10433.333333
13.577830	 	10440.000000
13.273560	 	10446.666667
13.223737	 	10453.333333
13.093844	 	10460.000000
13.248649	 	10466.666667
13.022670	 	10473.333333
12.990641	 	10480.000000
12.266442	 	10486.666667
12.600962	 	10493.333333
12.143666	 	10500.000000
12.108079	 	10506.666667
11.939040	 	10513.333333
11.949716	 	10520.000000
11.542243	 	10526.666667
11.554698	 	10533.333333
11.636549	 	10540.000000
11.387439	 	10546.666667
11.374983	 	10553.333333
11.360748	 	10560.000000
11.118755	 	10566.666667
11.632990	 	10573.333333
11.013773	 	10580.000000
10.919467	 	10586.666667
9.958613	 	10593.333333
10.211282	 	10600.000000
9.730855	 	10606.666667
9.786015	 	10613.333333
9.545802	 	10620.000000
9.588506	 	10626.666667
9.332278	 	10633.333333
9.159681	 	10640.000000
8.816264	 	10646.666667
8.718399	 	10653.333333
8.590286	 	10660.000000
8.592065	 	10666.666667
8.597403	 	10673.333333
8.286015	 	10680.000000
8.149004	 	10686.666667
7.921246	 	10693.333333
7.672136	 	10700.000000
8.004876	 	10706.666667
7.641887	 	10713.333333
7.351851	 	10720.000000
6.857189	 	10726.666667
6.885659	 	10733.333333
6.745090	 	10740.000000
6.910570	 	10746.666667
6.764663	 	10753.333333
6.963951	 	10760.000000
7.076051	 	10766.666667
6.967510	 	10773.333333
6.992421	 	10780.000000
7.342955	 	10786.666667
7.366086	 	10793.333333
7.316264	 	10800.000000
7.275339	 	10806.666667
7.239752	 	10813.333333
7.102741	 	10820.000000
6.624093	 	10826.666667
6.362528	 	10833.333333
6.200606	 	10840.000000
6.163239	 	10846.666667
5.700606	 	10853.333333
6.163239	 	10860.000000
5.928364	 	10866.666667
5.739752	 	10873.333333
5.353631	 	10880.000000
5.237972	 	10886.666667
4.793132	 	10893.333333
4.969289	 	10900.000000
4.592065	 	10906.666667
4.802029	 	10913.333333
4.689930	 	10920.000000
4.770001	 	10926.666667
4.428364	 	10933.333333
4.602741	 	10940.000000
4.520891	 	10946.666667
4.672136	 	10953.333333
4.326940	 	10960.000000
4.049360	 	10966.666667
4.366086	 	10973.333333
4.350072	 	10980.000000
4.360748	 	10986.666667
4.141887	 	10993.333333
4.020891	 	11000.000000
3.947937	 	11006.666667
3.789574	 	11013.333333
3.871424	 	11020.000000
3.901673	 	11026.666667
4.022670	 	11033.333333
3.544022	 	11040.000000
3.494200	 	11046.666667
3.189930	 	11053.333333
3.412350	 	11060.000000
3.691709	 	11066.666667
3.403453	 	11073.333333
3.044022	 	11080.000000
3.022670	 	11086.666667
2.627652	 	11093.333333
2.898115	 	11100.000000
2.615197	 	11106.666667
2.408791	 	11113.333333
2.353631	 	11120.000000
2.154342	 	11126.666667
1.707723	 	11133.333333
1.314485	 	11140.000000
1.415908	 	11146.666667
1.302029	 	11153.333333
1.200606	 	11160.000000
1.109858	 	11166.666667
1.070713	 	11173.333333
1.022670	 	11180.000000
1.282456	 	11186.666667
0.905232	 	11193.333333
1.337616	 	11200.000000
1.022670	 	11206.666667
0.745090	 	11213.333333
0.750428	 	11220.000000
0.257545	 	11226.666667
-0.219323	 	11233.333333
-0.379465	 	11240.000000
-0.475551	 	11246.666667
-0.625017	 	11253.333333
-0.954198	 	11260.000000
-1.112561	 	11266.666667
-1.438184	 	11273.333333
-1.475551	 	11280.000000
-1.642811	 	11286.666667
-1.594768	 	11293.333333
-1.560960	 	11300.000000
-1.779821	 	11306.666667
-1.909714	 	11313.333333
-2.100106	 	11320.000000
-2.568077	 	11326.666667
-2.422170	 	11333.333333
-3.043166	 	11340.000000
-3.020035	 	11346.666667
-3.002241	 	11353.333333
-3.206868	 	11360.000000
-3.219323	 	11366.666667
-3.302953	 	11373.333333
-3.770924	 	11380.000000
-3.998682	 	11386.666667
-3.877686	 	11393.333333
-4.091209	 	11400.000000
-4.317188	 	11406.666667
-4.235337	 	11413.333333
-4.543166	 	11420.000000
-4.541387	 	11426.666667
-4.742455	 	11433.333333
-5.178398	 	11440.000000
-5.165942	 	11446.666667
-4.769145	 	11453.333333
-5.173060	 	11460.000000
-4.845658	 	11466.666667
-5.037828	 	11473.333333
-5.028932	 	11480.000000
-5.215764	 	11486.666667
-5.213985	 	11493.333333
-5.112561	 	11500.000000
-4.895480	 	11506.666667
-5.164163	 	11513.333333
-5.190853	 	11520.000000
-5.169501	 	11526.666667
-5.568077	 	11533.333333
-5.804732	 	11540.000000
-5.681956	 	11546.666667
-5.843878	 	11553.333333
-5.991565	 	11560.000000
-6.194412	 	11566.666667
-6.196191	 	11573.333333
-6.141031	 	11580.000000
-6.356334	 	11586.666667
-6.402597	 	11593.333333
-6.484448	 	11600.000000
-6.425729	 	11606.666667
-6.569857	 	11613.333333
-6.582312	 	11620.000000
-7.007579	 	11626.666667
-6.939964	 	11633.333333
-6.874127	 	11640.000000
-7.085871	 	11646.666667
-7.014697	 	11653.333333
-7.114341	 	11660.000000
-7.091209	 	11666.666667
-7.375907	 	11673.333333
-7.609003	 	11680.000000
-7.514697	 	11686.666667
-7.678398	 	11693.333333
-7.681956	 	11700.000000
-7.717544	 	11706.666667
-7.610782	 	11713.333333
-7.870569	 	11720.000000
-7.849216	 	11726.666667
-7.955978	 	11733.333333
-7.872348	 	11740.000000
-8.130355	 	11746.666667
-7.751351	 	11753.333333
-8.221102	 	11760.000000
-8.068077	 	11766.666667
-8.290497	 	11773.333333
-8.041387	 	11780.000000
-8.633914	 	11786.666667
-8.678398	 	11793.333333
-8.786939	 	11800.000000
-8.842099	 	11806.666667
-8.968433	 	11813.333333
-8.915053	 	11820.000000
-9.176618	 	11826.666667
-8.758469	 	11833.333333
-9.183736	 	11840.000000
-9.039608	 	11846.666667
-9.117900	 	11853.333333
-9.069857	 	11860.000000
-8.979109	 	11866.666667
-9.064519	 	11873.333333
-9.037828	 	11880.000000
-8.973771	 	11886.666667
-9.505800	 	11893.333333
-8.938184	 	11900.000000
-9.320747	 	11906.666667
-9.071636	 	11913.333333
-9.135693	 	11920.000000
-9.431067	 	11926.666667
-9.543166	 	11933.333333
-9.541387	 	11940.000000
-9.564519	 	11946.666667
-9.425729	 	11953.333333
-9.952419	 	11960.000000
-9.687295	 	11966.666667
-9.854554	 	11973.333333
-10.084092	 	11980.000000
-10.121458	 	11986.666667
-10.101885	 	11993.333333
-10.036049	 	12000.000000
-10.235337	 	12006.666667
-10.320747	 	12013.333333
-10.233558	 	12020.000000
-10.989786	 	12026.666667
-10.786939	 	12033.333333
-10.929287	 	12040.000000
-10.795835	 	12046.666667
-10.845658	 	12053.333333
-10.737117	 	12060.000000
-10.778042	 	12066.666667
-10.747793	 	12073.333333
-10.400818	 	12080.000000
-10.480889	 	12086.666667
-10.943522	 	12093.333333
-10.731779	 	12100.000000
-10.886583	 	12106.666667
-10.922170	 	12113.333333
-10.920391	 	12120.000000
-10.902597	 	12126.666667
-11.213985	 	12133.333333
-11.135693	 	12140.000000
-11.173060	 	12146.666667
-11.263807	 	12153.333333
-11.580533	 	12160.000000
-11.502241	 	12166.666667
-11.765586	 	12173.333333
-11.795835	 	12180.000000
-11.625017	 	12186.666667
-11.742455	 	12193.333333
-11.915053	 	12200.000000
-12.000462	 	12206.666667
-12.004021	 	12213.333333
-12.205088	 	12220.000000
-12.354554	 	12226.666667
-12.383024	 	12233.333333
-12.692633	 	12240.000000
-12.383024	 	12246.666667
-12.530711	 	12253.333333
-12.415053	 	12260.000000
-12.753131	 	12266.666667
-12.468433	 	12273.333333
-12.504021	 	12280.000000
-12.205088	 	12286.666667
-12.632134	 	12293.333333
-12.697971	 	12300.000000
-12.484448	 	12306.666667
-12.699750	 	12313.333333
-12.810070	 	12320.000000
-12.738896	 	12326.666667
-13.260248	 	12333.333333
-12.932846	 	12340.000000
-13.276263	 	12346.666667
-13.253131	 	12353.333333
-13.694412	 	12360.000000
-13.537828	 	12366.666667
-13.968433	 	12373.333333
-13.457757	 	12380.000000
-13.733558	 	12386.666667
-13.749572	 	12393.333333
-13.779821	 	12400.000000
-13.758469	 	12406.666667
-13.948860	 	12413.333333
-13.915053	 	12420.000000
-13.970213	 	12426.666667
-14.181956	 	12433.333333
-14.171280	 	12440.000000
-14.158825	 	12446.666667
-14.427508	 	12453.333333
-14.317188	 	12460.000000
-14.589430	 	12466.666667
-14.361672	 	12473.333333
-14.384803	 	12480.000000
-13.943522	 	12486.666667
-14.443522	 	12493.333333
-14.304732	 	12500.000000
-14.488006	 	12506.666667
-14.413273	 	12513.333333
-14.327864	 	12520.000000
-14.473771	 	12526.666667
-14.569857	 	12533.333333
-14.480889	 	12540.000000
-14.818967	 	12546.666667
-14.925729	 	12553.333333
-14.861672	 	12560.000000
-14.746013	 	12566.666667
-14.665942	 	12573.333333
-14.925729	 	12580.000000
-14.993344	 	12586.666667
-15.078754	 	12593.333333
-15.060960	 	12600.000000
-15.064519	 	12606.666667
-15.345658	 	12613.333333
-14.955978	 	12620.000000
-15.422170	 	12626.666667
-15.004021	 	12633.333333
-15.354554	 	12640.000000
-15.242455	 	12646.666667
-15.564519	 	12653.333333
-15.635693	 	12660.000000
-15.715764	 	12666.666667
-15.763807	 	12673.333333
-15.909714	 	12680.000000
-15.754910	 	12686.666667
-15.979109	 	12693.333333
-15.915053	 	12700.000000
-16.121458	 	12706.666667
-16.190853	 	12713.333333
-16.100106	 	12720.000000
-16.112561	 	12726.666667
-16.157045	 	12733.333333
-16.434626	 	12740.000000
-16.795835	 	12746.666667
-16.671280	 	12753.333333
-16.658825	 	12760.000000
-16.576974	 	12766.666667
-16.445302	 	12773.333333
-16.621458	 	12780.000000
-17.027152	 	12786.666667
-16.927508	 	12793.333333
-17.094768	 	12800.000000
-16.642811	 	12806.666667
-16.680177	 	12813.333333
-16.585871	 	12820.000000
-16.916832	 	12826.666667
-16.744234	 	12833.333333
-16.902597	 	12840.000000
-16.952419	 	12846.666667
-16.923949	 	12853.333333
-16.867010	 	12860.000000
-16.849216	 	12866.666667
-17.463095	 	12873.333333
-17.185515	 	12880.000000
-17.059181	 	12886.666667
-16.998682	 	12893.333333
-17.164163	 	12900.000000
-17.217544	 	12906.666667
-16.916832	 	12913.333333
-16.934626	 	12920.000000
-16.822526	 	12926.666667
-16.708647	 	12933.333333
-16.512917	 	12940.000000
-16.751351	 	12946.666667
-16.530711	 	12953.333333
-16.436405	 	12960.000000
-16.594768	 	12966.666667
-16.767366	 	12973.333333
-16.681956	 	12980.000000
-16.678398	 	12986.666667
-16.783380	 	12993.333333
-16.649928	 	13000.000000
-16.831423	 	13006.666667
-17.018255	 	13013.333333
-17.114341	 	13020.000000
-17.197971	 	13026.666667
-17.308291	 	13033.333333
-17.311850	 	13040.000000
-17.637472	 	13046.666667
-17.415053	 	13053.333333
-17.491565	 	13060.000000
-17.459537	 	13066.666667
-17.475551	 	13073.333333
-17.539608	 	13080.000000
-17.488006	 	13086.666667
-17.486227	 	13093.333333
-17.468433	 	13100.000000
-17.847437	 	13106.666667
-17.560960	 	13113.333333
-17.605444	 	13120.000000
-17.614341	 	13126.666667
-17.712206	 	13133.333333
-17.546725	 	13140.000000
-17.676618	 	13146.666667
-17.669501	 	13153.333333
-17.489786	 	13160.000000
-17.333202	 	13166.666667
-17.566298	 	13173.333333
-17.141031	 	13180.000000
-17.181956	 	13186.666667
-17.258469	 	13193.333333
-17.336761	 	13200.000000
-17.217544	 	13206.666667
-17.415053	 	13213.333333
-17.192633	 	13220.000000
-17.564519	 	13226.666667
-17.455978	 	13233.333333
-18.171280	 	13240.000000
-17.495124	 	13246.666667
-17.859892	 	13253.333333
-17.870569	 	13260.000000
-17.977330	 	13266.666667
-18.178398	 	13273.333333
-17.818967	 	13280.000000
-18.016476	 	13286.666667
-18.176618	 	13293.333333
-18.267366	 	13300.000000
-18.502241	 	13306.666667
-18.464875	 	13313.333333
-18.555622	 	13320.000000
-18.422170	 	13326.666667
