#peak 	 	#time 
1.342666	 	0.000000
1.358653	 	6.666667
1.387219	 	13.333333
1.243894	 	20.000000
1.046059	 	26.666667
1.141931	 	33.333333
1.433543	 	40.000000
1.464168	 	46.666667
1.498063	 	53.333333
1.203789	 	60.000000
1.114574	 	66.666667
0.910846	 	73.333333
1.213110	 	80.000000
1.226425	 	86.666667
1.475427	 	93.333333
1.464774	 	100.000000
1.387544	 	106.666667
1.049328	 	113.333333
1.229088	 	120.000000
0.960114	 	126.666667
1.182484	 	133.333333
1.063975	 	140.000000
1.229088	 	146.666667
1.203789	 	153.333333
1.165174	 	160.000000
1.322297	 	166.666667
1.342271	 	173.333333
1.270367	 	180.000000
1.202457	 	186.666667
1.174494	 	193.333333
1.331618	 	200.000000
1.287677	 	206.666667
1.261046	 	213.333333
0.874894	 	220.000000
1.086612	 	226.666667
1.061312	 	233.333333
1.161179	 	240.000000
1.110580	 	246.666667
1.078622	 	253.333333
1.117237	 	260.000000
0.985413	 	266.666667
1.062644	 	273.333333
0.960114	 	280.000000
0.830953	 	286.666667
0.913509	 	293.333333
1.101259	 	300.000000
1.202457	 	306.666667
1.009381	 	313.333333
1.215773	 	320.000000
1.020034	 	326.666667
0.940140	 	333.333333
0.981419	 	340.000000
1.177158	 	346.666667
1.363576	 	353.333333
1.245067	 	360.000000
1.013376	 	366.666667
1.131885	 	373.333333
0.921498	 	380.000000
1.273030	 	386.666667
0.974761	 	393.333333
1.293003	 	400.000000
1.193136	 	406.666667
1.251725	 	413.333333
0.956119	 	420.000000
0.981419	 	426.666667
1.058649	 	433.333333
1.186478	 	440.000000
1.183815	 	446.666667
1.070633	 	453.333333
1.134548	 	460.000000
1.150526	 	466.666667
0.949461	 	473.333333
1.234415	 	480.000000
1.055986	 	486.666667
0.972098	 	493.333333
1.022697	 	500.000000
0.816305	 	506.666667
0.672497	 	513.333333
0.910846	 	520.000000
0.981419	 	526.666667
1.074628	 	533.333333
0.912178	 	540.000000
1.062644	 	546.666667
0.960114	 	553.333333
0.996066	 	560.000000
0.865573	 	566.666667
0.925493	 	573.333333
0.889541	 	580.000000
0.913509	 	586.666667
1.018702	 	593.333333
0.988076	 	600.000000
0.974761	 	606.666667
0.856252	 	613.333333
0.964108	 	620.000000
0.781685	 	626.666667
0.619235	 	633.333333
0.978755	 	640.000000
0.913509	 	646.666667
0.928156	 	653.333333
0.865573	 	660.000000
0.712444	 	666.666667
0.756385	 	673.333333
0.850926	 	680.000000
0.817637	 	686.666667
0.853589	 	693.333333
0.793669	 	700.000000
0.880220	 	706.666667
0.605919	 	713.333333
0.716439	 	720.000000
0.383549	 	726.666667
0.728423	 	733.333333
0.676492	 	740.000000
0.439474	 	746.666667
0.635214	 	753.333333
0.668502	 	760.000000
0.703123	 	766.666667
0.621898	 	773.333333
0.735080	 	780.000000
0.822963	 	786.666667
0.671166	 	793.333333
0.552657	 	800.000000
0.359581	 	806.666667
0.688476	 	813.333333
0.749727	 	820.000000
0.749727	 	826.666667
0.544668	 	833.333333
0.625893	 	840.000000
0.535347	 	846.666667
0.793669	 	853.333333
0.697797	 	860.000000
0.659182	 	866.666667
0.752391	 	873.333333
0.697797	 	880.000000
0.600593	 	886.666667
0.627224	 	893.333333
0.539341	 	900.000000
0.675160	 	906.666667
0.846931	 	913.333333
0.809648	 	920.000000
0.595267	 	926.666667
0.892204	 	933.333333
0.597930	 	940.000000
0.768369	 	946.666667
0.826958	 	953.333333
0.757717	 	960.000000
0.585946	 	966.666667
0.631219	 	973.333333
0.490074	 	980.000000
0.531352	 	986.666667
0.563309	 	993.333333
0.685813	 	1000.000000
0.697797	 	1006.666667
0.884215	 	1013.333333
0.840273	 	1020.000000
0.579288	 	1026.666667
0.568636	 	1033.333333
0.902857	 	1040.000000
0.640540	 	1046.666667
0.668502	 	1053.333333
0.424827	 	1060.000000
0.793669	 	1066.666667
0.673829	 	1073.333333
0.701791	 	1080.000000
0.900194	 	1086.666667
0.564641	 	1093.333333
0.724428	 	1100.000000
0.845600	 	1106.666667
0.808316	 	1113.333333
0.921498	 	1120.000000
0.950793	 	1126.666667
1.036012	 	1133.333333
1.186478	 	1140.000000
0.763043	 	1146.666667
0.627224	 	1153.333333
1.004055	 	1160.000000
0.986745	 	1166.666667
1.041339	 	1173.333333
1.163842	 	1180.000000
0.832284	 	1186.666667
1.038676	 	1193.333333
0.737743	 	1200.000000
0.905520	 	1206.666667
1.125227	 	1213.333333
1.089275	 	1220.000000
0.769701	 	1226.666667
0.913509	 	1233.333333
0.671166	 	1240.000000
0.866905	 	1246.666667
0.691139	 	1253.333333
0.974761	 	1260.000000
0.579288	 	1266.666667
0.830953	 	1273.333333
0.849594	 	1280.000000
0.872231	 	1286.666667
0.551325	 	1293.333333
0.532684	 	1300.000000
0.771032	 	1306.666667
0.850926	 	1313.333333
0.757717	 	1320.000000
0.868236	 	1326.666667
0.909514	 	1333.333333
0.647198	 	1340.000000
0.852257	 	1346.666667
0.869568	 	1353.333333
0.957451	 	1360.000000
0.681818	 	1366.666667
0.886878	 	1373.333333
0.676492	 	1380.000000
0.857584	 	1386.666667
0.826958	 	1393.333333
0.765706	 	1400.000000
0.837610	 	1406.666667
0.635214	 	1413.333333
1.083949	 	1420.000000
1.045333	 	1426.666667
0.966771	 	1433.333333
0.783016	 	1440.000000
0.692470	 	1446.666667
0.760380	 	1453.333333
0.838942	 	1460.000000
1.097264	 	1466.666667
1.159847	 	1473.333333
0.783016	 	1480.000000
0.676492	 	1486.666667
0.474095	 	1493.333333
1.037344	 	1500.000000
0.876225	 	1506.666667
0.761712	 	1513.333333
0.715107	 	1520.000000
0.597930	 	1526.666667
0.498063	 	1533.333333
0.351592	 	1540.000000
0.616572	 	1546.666667
0.956119	 	1553.333333
1.016039	 	1560.000000
0.929488	 	1566.666667
0.906851	 	1573.333333
0.671166	 	1580.000000
0.600593	 	1586.666667
0.681818	 	1593.333333
0.787011	 	1600.000000
1.024028	 	1606.666667
0.836279	 	1613.333333
1.034681	 	1620.000000
0.776359	 	1626.666667
0.813642	 	1633.333333
0.464774	 	1640.000000
0.830953	 	1646.666667
0.692470	 	1653.333333
0.934814	 	1660.000000
0.747064	 	1666.666667
0.705786	 	1673.333333
0.438143	 	1680.000000
0.697797	 	1686.666667
0.528689	 	1693.333333
0.635214	 	1700.000000
0.593935	 	1706.666667
0.772364	 	1713.333333
0.657850	 	1720.000000
0.675160	 	1726.666667
0.299661	 	1733.333333
0.474095	 	1740.000000
0.339608	 	1746.666667
0.479421	 	1753.333333
0.647198	 	1760.000000
0.719102	 	1766.666667
0.613909	 	1773.333333
0.532684	 	1780.000000
0.388875	 	1786.666667
0.688476	 	1793.333333
0.467437	 	1800.000000
0.709781	 	1806.666667
0.548662	 	1813.333333
0.673829	 	1820.000000
0.653855	 	1826.666667
0.343602	 	1833.333333
0.470100	 	1840.000000
0.411512	 	1846.666667
0.873562	 	1853.333333
0.719102	 	1860.000000
0.965440	 	1866.666667
0.625893	 	1873.333333
0.689807	 	1880.000000
0.624561	 	1886.666667
0.826958	 	1893.333333
0.611245	 	1900.000000
0.940140	 	1906.666667
0.806984	 	1913.333333
1.079954	 	1920.000000
0.673829	 	1926.666667
0.876225	 	1933.333333
0.491405	 	1940.000000
0.672497	 	1946.666667
0.945467	 	1953.333333
1.075959	 	1960.000000
0.842937	 	1966.666667
1.006718	 	1973.333333
0.589941	 	1980.000000
0.619235	 	1986.666667
0.471432	 	1993.333333
0.711112	 	2000.000000
0.812311	 	2006.666667
0.785680	 	2013.333333
0.736412	 	2020.000000
0.865573	 	2026.666667
0.556652	 	2033.333333
0.882883	 	2040.000000
1.075959	 	2046.666667
1.038676	 	2053.333333
0.940140	 	2060.000000
0.889541	 	2066.666667
0.810979	 	2073.333333
0.893536	 	2080.000000
0.897530	 	2086.666667
0.973429	 	2093.333333
0.868236	 	2100.000000
0.917504	 	2106.666667
1.034681	 	2113.333333
0.914841	 	2120.000000
1.238409	 	2126.666667
0.936146	 	2133.333333
1.402191	 	2140.000000
1.296998	 	2146.666667
1.684481	 	2153.333333
1.359581	 	2160.000000
1.559315	 	2166.666667
1.398196	 	2173.333333
1.700460	 	2180.000000
1.652524	 	2186.666667
1.522031	 	2193.333333
1.332950	 	2200.000000
1.655187	 	2206.666667
1.379554	 	2213.333333
1.428822	 	2220.000000
1.162510	 	2226.666667
1.438143	 	2233.333333
1.448795	 	2240.000000
1.304987	 	2246.666667
1.303656	 	2253.333333
1.335613	 	2260.000000
1.322297	 	2266.666667
1.235746	 	2273.333333
1.225094	 	2280.000000
1.379554	 	2286.666667
1.344934	 	2293.333333
1.542004	 	2300.000000
1.354255	 	2306.666667
1.434148	 	2313.333333
1.201126	 	2320.000000
1.222431	 	2326.666667
1.197131	 	2333.333333
1.607251	 	2340.000000
1.245067	 	2346.666667
1.452790	 	2353.333333
1.312976	 	2360.000000
1.229088	 	2366.666667
1.101259	 	2373.333333
1.047996	 	2380.000000
1.013376	 	2386.666667
1.009381	 	2393.333333
1.115906	 	2400.000000
1.044002	 	2406.666667
1.073296	 	2413.333333
0.977424	 	2420.000000
1.154521	 	2426.666667
0.942803	 	2433.333333
1.254388	 	2440.000000
1.175826	 	2446.666667
1.472763	 	2453.333333
1.141206	 	2460.000000
1.083949	 	2466.666667
1.275693	 	2473.333333
1.411512	 	2480.000000
1.207783	 	2486.666667
0.993403	 	2493.333333
1.008050	 	2500.000000
1.348929	 	2506.666667
1.165174	 	2513.333333
1.490074	 	2520.000000
1.412843	 	2526.666667
1.507384	 	2533.333333
1.675160	 	2540.000000
1.555320	 	2546.666667
1.400859	 	2553.333333
1.571299	 	2560.000000
1.324961	 	2566.666667
1.308982	 	2573.333333
1.129221	 	2580.000000
1.395533	 	2586.666667
1.239741	 	2593.333333
1.270367	 	2600.000000
1.362244	 	2606.666667
1.585946	 	2613.333333
1.101259	 	2620.000000
1.303656	 	2626.666667
1.170500	 	2633.333333
1.432817	 	2640.000000
1.330287	 	2646.666667
1.277024	 	2653.333333
1.427490	 	2660.000000
1.387544	 	2666.666667
1.471432	 	2673.333333
1.621898	 	2680.000000
1.615240	 	2686.666667
1.511379	 	2693.333333
1.627224	 	2700.000000
1.849594	 	2706.666667
1.455453	 	2713.333333
1.619235	 	2720.000000
1.713775	 	2726.666667
1.649861	 	2733.333333
1.532684	 	2740.000000
1.536678	 	2746.666667
1.603256	 	2753.333333
1.756385	 	2760.000000
1.536678	 	2766.666667
1.813642	 	2773.333333
2.925493	 	2780.000000
10.202457	 	2786.666667
87.074628	 	2793.333333
546.601925	 	2800.000000
1442.816305	 	2806.666667
2439.592604	 	2813.333333
3342.384881	 	2820.000000
4074.474095	 	2826.666667
4656.708449	 	2833.333333
5117.347597	 	2840.000000
5460.986745	 	2846.666667
5709.496731	 	2853.333333
5874.054654	 	2860.000000
5980.452790	 	2866.666667
6030.552657	 	2873.333333
6041.507384	 	2880.000000
6014.936146	 	2886.666667
5975.767038	 	2893.333333
5921.468769	 	2900.000000
5863.103922	 	2906.666667
5792.898862	 	2913.333333
5718.129221	 	2920.000000
5650.404854	 	2926.666667
5603.669834	 	2933.333333
5554.874894	 	2940.000000
5499.845600	 	2946.666667
5433.664508	 	2953.333333
5371.636545	 	2960.000000
5314.716439	 	2966.666667
5264.765706	 	2973.333333
5217.832284	 	2980.000000
5168.719102	 	2986.666667
5122.854921	 	2993.333333
5082.089275	 	3000.000000
5045.986745	 	3006.666667
5005.335613	 	3013.333333
4968.829621	 	3020.000000
4930.972098	 	3026.666667
4895.512710	 	3033.333333
4861.482084	 	3040.000000
4831.021365	 	3046.666667
4800.141206	 	3053.333333
4772.362244	 	3060.000000
4745.106585	 	3066.666667
4718.471432	 	3073.333333
4690.808316	 	3080.000000
4663.515373	 	3086.666667
4635.218436	 	3093.333333
4612.008050	 	3100.000000
4589.555320	 	3106.666667
4569.231751	 	3113.333333
4546.113243	 	3120.000000
4523.254388	 	3126.666667
4499.589941	 	3133.333333
4478.302324	 	3140.000000
4457.972098	 	3146.666667
4438.785680	 	3153.333333
4419.026692	 	3160.000000
4399.723096	 	3166.666667
4379.838942	 	3173.333333
4360.913509	 	3180.000000
4338.300992	 	3186.666667
4315.087943	 	3193.333333
4294.218436	 	3200.000000
4278.994734	 	3206.666667
4259.884215	 	3213.333333
4240.046665	 	3220.000000
4218.117237	 	3226.666667
4196.542004	 	3233.333333
4175.601925	 	3240.000000
4157.575293	 	3246.666667
4139.765706	 	3253.333333
4119.456785	 	3260.000000
4100.182484	 	3266.666667
4083.370233	 	3273.333333
4065.563309	 	3280.000000
4047.384881	 	3286.666667
4029.360913	 	3293.333333
4011.645866	 	3300.000000
3994.576625	 	3306.666667
3978.456785	 	3313.333333
3960.221099	 	3320.000000
3941.577957	 	3326.666667
3922.101259	 	3333.333333
3905.968103	 	3340.000000
3890.960114	 	3346.666667
3875.962777	 	3353.333333
3859.512710	 	3360.000000
3843.242404	 	3366.666667
3827.271698	 	3373.333333
3810.066638	 	3380.000000
3793.213110	 	3386.666667
3777.985413	 	3393.333333
3762.749727	 	3400.000000
3748.195799	 	3406.666667
3732.751059	 	3413.333333
3715.970766	 	3420.000000
3699.009381	 	3426.666667
3681.880220	 	3433.333333
3665.308982	 	3440.000000
3648.797664	 	3446.666667
3637.004055	 	3453.333333
3618.118569	 	3460.000000
3605.289008	 	3466.666667
3588.651192	 	3473.333333
3576.258383	 	3480.000000
3559.142537	 	3486.666667
3544.612577	 	3493.333333
3530.700460	 	3500.000000
3515.729754	 	3506.666667
3501.687144	 	3513.333333
3484.725759	 	3520.000000
3470.339608	 	3526.666667
3457.037344	 	3533.333333
3440.553988	 	3540.000000
3428.743070	 	3546.666667
3413.788343	 	3553.333333
3402.399528	 	3560.000000
3384.747064	 	3566.666667
3370.428822	 	3573.333333
3354.170500	 	3580.000000
3342.866905	 	3586.666667
3329.656518	 	3593.333333
3315.038676	 	3600.000000
3302.214441	 	3606.666667
3284.727091	 	3613.333333
3271.980087	 	3620.000000
3255.901525	 	3626.666667
3241.364907	 	3633.333333
3228.723096	 	3640.000000
3212.543336	 	3646.666667
3199.290340	 	3653.333333
3184.153190	 	3660.000000
3172.319634	 	3666.666667
3157.403522	 	3673.333333
3144.356918	 	3680.000000
3132.450127	 	3686.666667
3119.857584	 	3693.333333
3107.928156	 	3700.000000
3093.471432	 	3706.666667
3081.340939	 	3713.333333
3067.950793	 	3720.000000
3053.514042	 	3726.666667
3040.942803	 	3733.333333
3027.617903	 	3740.000000
3015.105253	 	3746.666667
2999.563309	 	3753.333333
2986.010713	 	3760.000000
2972.197131	 	3766.666667
2959.717770	 	3773.333333
2946.235746	 	3780.000000
2931.735080	 	3786.666667
2918.741738	 	3793.333333
2904.684481	 	3800.000000
2890.233083	 	3806.666667
2878.061312	 	3813.333333
2865.066638	 	3820.000000
2851.997397	 	3826.666667
2837.968103	 	3833.333333
2825.134548	 	3840.000000
2813.114574	 	3846.666667
2800.207783	 	3853.333333
2788.018702	 	3860.000000
2776.073296	 	3866.666667
2763.575293	 	3873.333333
2751.900194	 	3880.000000
2738.665839	 	3886.666667
2725.384881	 	3893.333333
2711.988076	 	3900.000000
2700.862910	 	3906.666667
2688.479421	 	3913.333333
2677.488742	 	3920.000000
2666.528689	 	3926.666667
2654.451459	 	3933.333333
2641.644534	 	3940.000000
2630.257051	 	3946.666667
2619.705786	 	3953.333333
2608.175826	 	3960.000000
2597.344934	 	3966.666667
2587.099927	 	3973.333333
2575.912178	 	3980.000000
2564.491405	 	3986.666667
2553.809648	 	3993.333333
2544.427490	 	4000.000000
2534.258383	 	4006.666667
2523.186478	 	4013.333333
2513.450127	 	4020.000000
2502.001392	 	4026.666667
2490.186478	 	4033.333333
2479.014708	 	4040.000000
2467.270367	 	4046.666667
2456.635214	 	4053.333333
2446.936146	 	4060.000000
2436.709781	 	4066.666667
2426.691139	 	4073.333333
2416.335613	 	4080.000000
2405.768369	 	4086.666667
2395.534015	 	4093.333333
2385.101259	 	4100.000000
2374.637877	 	4106.666667
2364.029355	 	4113.333333
2353.759048	 	4120.000000
2343.340939	 	4126.666667
2332.205120	 	4133.333333
2320.420833	 	4140.000000
2310.848263	 	4146.666667
2300.331618	 	4153.333333
2290.218436	 	4160.000000
2279.234415	 	4166.666667
2267.620566	 	4173.333333
2256.434148	 	4180.000000
2245.982750	 	4186.666667
2236.270367	 	4193.333333
2225.809648	 	4200.000000
2216.303656	 	4206.666667
2207.126558	 	4213.333333
2196.781685	 	4220.000000
2186.270367	 	4226.666667
2175.954787	 	4233.333333
2166.512710	 	4240.000000
2157.364907	 	4246.666667
2149.327624	 	4253.333333
2140.841605	 	4260.000000
2131.808316	 	4266.666667
2121.941472	 	4273.333333
2112.615240	 	4280.000000
2104.083949	 	4286.666667
2094.688476	 	4293.333333
2085.218436	 	4300.000000
2076.286345	 	4306.666667
2066.810979	 	4313.333333
2057.215773	 	4320.000000
2047.612577	 	4326.666667
2037.860247	 	4333.333333
2028.685813	 	4340.000000
2019.300992	 	4346.666667
2009.663176	 	4353.333333
2001.069301	 	4360.000000
1992.036012	 	4366.666667
1981.581951	 	4373.333333
1972.089275	 	4380.000000
1963.898862	 	4386.666667
1954.944135	 	4393.333333
1945.034681	 	4400.000000
1935.119901	 	4406.666667
1926.332950	 	4413.333333
1917.765706	 	4420.000000
1909.605919	 	4426.666667
1900.838942	 	4433.333333
1892.611245	 	4440.000000
1884.820300	 	4446.666667
1876.552657	 	4453.333333
1867.643203	 	4460.000000
1858.846931	 	4466.666667
1850.324961	 	4473.333333
1841.338276	 	4480.000000
1832.873562	 	4486.666667
1825.547331	 	4493.333333
1818.279688	 	4500.000000
1809.324961	 	4506.666667
1801.450127	 	4513.333333
1793.548662	 	4520.000000
1784.732417	 	4526.666667
1776.608582	 	4533.333333
1768.511379	 	4540.000000
1759.751059	 	4546.666667
1750.691139	 	4553.333333
1742.293003	 	4560.000000
1734.527357	 	4566.666667
1726.490074	 	4573.333333
1718.118569	 	4580.000000
1710.392870	 	4586.666667
1702.512710	 	4593.333333
1694.660513	 	4600.000000
1686.414175	 	4606.666667
1678.390207	 	4613.333333
1670.683150	 	4620.000000
1663.479421	 	4626.666667
1656.249062	 	4633.333333
1648.615240	 	4640.000000
1641.520700	 	4646.666667
1634.532684	 	4653.333333
1627.009381	 	4660.000000
1619.804321	 	4666.666667
1612.842937	 	4673.333333
1605.865573	 	4680.000000
1598.395533	 	4686.666667
1590.970766	 	4693.333333
1583.480753	 	4700.000000
1575.972098	 	4706.666667
1569.161179	 	4713.333333
1562.111911	 	4720.000000
1555.615240	 	4726.666667
1549.419501	 	4733.333333
1542.442138	 	4740.000000
1535.219767	 	4746.666667
1529.293003	 	4753.333333
1522.970766	 	4760.000000
1516.206452	 	4766.666667
1510.107917	 	4773.333333
1504.078622	 	4780.000000
1497.187810	 	4786.666667
1489.908183	 	4793.333333
1483.791006	 	4800.000000
1477.817637	 	4806.666667
1471.777690	 	4813.333333
1465.009381	 	4820.000000
1458.936146	 	4826.666667
1451.234415	 	4833.333333
1443.645866	 	4840.000000
1435.648529	 	4846.666667
1429.025360	 	4853.333333
1421.311645	 	4860.000000
1414.743070	 	4866.666667
1408.388875	 	4873.333333
1401.865573	 	4880.000000
1394.977424	 	4886.666667
1388.299661	 	4893.333333
1381.575293	 	4900.000000
1375.105253	 	4906.666667
1369.849594	 	4913.333333
1364.177158	 	4920.000000
1358.114574	 	4926.666667
1352.135879	 	4933.333333
1346.416838	 	4940.000000
1340.139874	 	4946.666667
1333.519368	 	4953.333333
1327.779022	 	4960.000000
1321.669834	 	4966.666667
1315.447464	 	4973.333333
1308.494068	 	4980.000000
1301.679155	 	4986.666667
1295.134548	 	4993.333333
1288.187810	 	5000.000000
1281.522031	 	5006.666667
1274.507384	 	5013.333333
1267.720433	 	5020.000000
1260.243735	 	5026.666667
1252.990739	 	5033.333333
1246.016039	 	5040.000000
1239.275693	 	5046.666667
1231.857584	 	5053.333333
1226.058649	 	5060.000000
1220.561978	 	5066.666667
1214.982750	 	5073.333333
1209.719102	 	5080.000000
1204.086612	 	5086.666667
1199.267704	 	5093.333333
1194.569967	 	5100.000000
1190.146532	 	5106.666667
1185.761712	 	5113.333333
1180.832284	 	5120.000000
1175.627224	 	5126.666667
1170.158516	 	5133.333333
1165.543336	 	5140.000000
1160.640540	 	5146.666667
1155.878889	 	5153.333333
1150.743070	 	5160.000000
1145.637877	 	5166.666667
1140.229088	 	5173.333333
1134.560646	 	5180.000000
1129.499395	 	5186.666667
1123.679155	 	5193.333333
1118.688476	 	5200.000000
1113.607251	 	5206.666667
1108.544668	 	5213.333333
1103.426159	 	5220.000000
1098.607251	 	5226.666667
1092.645866	 	5233.333333
1087.914841	 	5240.000000
1082.825626	 	5246.666667
1078.138542	 	5253.333333
1073.470100	 	5260.000000
1068.588609	 	5266.666667
1063.712444	 	5273.333333
1058.749727	 	5280.000000
1053.553988	 	5286.666667
1048.826958	 	5293.333333
1044.298329	 	5300.000000
1039.812311	 	5306.666667
1034.645866	 	5313.333333
1029.368902	 	5320.000000
1024.571299	 	5326.666667
1019.796332	 	5333.333333
1015.253056	 	5340.000000
1010.780353	 	5346.666667
1006.342271	 	5353.333333
1001.964108	 	5360.000000
997.773696	 	5366.666667
993.275693	 	5373.333333
989.218436	 	5380.000000
985.067970	 	5386.666667
981.199794	 	5393.333333
976.020034	 	5400.000000
971.395533	 	5406.666667
966.178489	 	5413.333333
961.522031	 	5420.000000
956.253056	 	5426.666667
951.748396	 	5433.333333
946.930819	 	5440.000000
942.114574	 	5446.666667
937.207783	 	5453.333333
933.326292	 	5460.000000
928.838942	 	5466.666667
923.683150	 	5473.333333
917.948130	 	5480.000000
912.898862	 	5486.666667
907.316971	 	5493.333333
902.103922	 	5500.000000
896.673829	 	5506.666667
892.042670	 	5513.333333
887.573962	 	5520.000000
884.218436	 	5526.666667
880.716439	 	5533.333333
877.198463	 	5540.000000
873.398196	 	5546.666667
869.398196	 	5553.333333
865.723096	 	5560.000000
862.026692	 	5566.666667
858.185147	 	5573.333333
854.912178	 	5580.000000
850.844268	 	5586.666667
847.350260	 	5593.333333
842.756385	 	5600.000000
838.310313	 	5606.666667
833.639208	 	5613.333333
830.342271	 	5620.000000
827.679155	 	5626.666667
824.549994	 	5633.333333
821.109248	 	5640.000000
817.495400	 	5646.666667
813.853589	 	5653.333333
810.640540	 	5660.000000
807.620566	 	5666.666667
804.450127	 	5673.333333
801.157184	 	5680.000000
797.448795	 	5686.666667
793.775027	 	5693.333333
789.596598	 	5700.000000
785.814974	 	5706.666667
782.334281	 	5713.333333
779.218436	 	5720.000000
775.978755	 	5726.666667
772.274361	 	5733.333333
768.609914	 	5740.000000
765.105253	 	5746.666667
761.081285	 	5753.333333
757.704455	 	5760.000000
754.203789	 	5766.666667
750.258383	 	5773.333333
746.045333	 	5780.000000
742.524694	 	5786.666667
738.545999	 	5793.333333
734.573962	 	5800.000000
730.853589	 	5806.666667
726.972098	 	5813.333333
723.247730	 	5820.000000
719.534015	 	5826.666667
716.042670	 	5833.333333
712.399528	 	5840.000000
709.183815	 	5846.666667
705.941472	 	5853.333333
703.199794	 	5860.000000
700.179821	 	5866.666667
697.348929	 	5873.333333
694.669834	 	5880.000000
691.703123	 	5886.666667
688.637877	 	5893.333333
684.787011	 	5900.000000
680.665839	 	5906.666667
677.151858	 	5913.333333
673.436811	 	5920.000000
669.993403	 	5926.666667
666.552657	 	5933.333333
663.075959	 	5940.000000
659.978755	 	5946.666667
657.225094	 	5953.333333
653.805653	 	5960.000000
651.873562	 	5966.666667
649.167837	 	5973.333333
646.293003	 	5980.000000
643.166505	 	5986.666667
639.892204	 	5993.333333
637.139874	 	6000.000000
634.183815	 	6006.666667
630.772364	 	6013.333333
627.500726	 	6020.000000
624.478090	 	6026.666667
621.049328	 	6033.333333
617.679155	 	6040.000000
614.287677	 	6046.666667
611.693802	 	6053.333333
609.036012	 	6060.000000
606.070633	 	6066.666667
603.129221	 	6073.333333
600.286345	 	6080.000000
597.933482	 	6086.666667
595.107917	 	6093.333333
591.800327	 	6100.000000
588.800327	 	6106.666667
585.798995	 	6113.333333
582.502058	 	6120.000000
579.022697	 	6126.666667
575.940140	 	6133.333333
572.856252	 	6140.000000
570.235746	 	6146.666667
567.849594	 	6153.333333
564.966771	 	6160.000000
562.022697	 	6166.666667
558.667171	 	6173.333333
555.623229	 	6180.000000
553.134548	 	6186.666667
550.359581	 	6193.333333
547.615240	 	6200.000000
544.784348	 	6206.666667
541.888210	 	6213.333333
539.355586	 	6220.000000
536.609914	 	6226.666667
533.982750	 	6233.333333
531.202457	 	6240.000000
528.764375	 	6246.666667
526.432817	 	6253.333333
524.270367	 	6260.000000
521.294335	 	6266.666667
519.008050	 	6273.333333
517.062644	 	6280.000000
515.350260	 	6286.666667
513.194468	 	6293.333333
511.161179	 	6300.000000
509.507384	 	6306.666667
507.660513	 	6313.333333
506.014708	 	6320.000000
503.572630	 	6326.666667
501.822963	 	6333.333333
499.307650	 	6340.000000
497.303656	 	6346.666667
494.737743	 	6353.333333
492.723096	 	6360.000000
490.217104	 	6366.666667
488.049328	 	6373.333333
486.034681	 	6380.000000
483.969435	 	6386.666667
482.476758	 	6393.333333
479.990739	 	6400.000000
478.384881	 	6406.666667
476.314308	 	6413.333333
474.448795	 	6420.000000
472.499395	 	6426.666667
470.402191	 	6433.333333
468.328955	 	6440.000000
465.761712	 	6446.666667
463.836279	 	6453.333333
461.419501	 	6460.000000
458.685813	 	6466.666667
456.386212	 	6473.333333
454.099927	 	6480.000000
452.122564	 	6486.666667
450.109248	 	6493.333333
448.110580	 	6500.000000
445.515373	 	6506.666667
442.715107	 	6513.333333
440.524694	 	6520.000000
437.499395	 	6526.666667
434.741738	 	6533.333333
432.488742	 	6540.000000
430.291672	 	6546.666667
428.238409	 	6553.333333
425.862910	 	6560.000000
424.198463	 	6566.666667
422.107917	 	6573.333333
420.013376	 	6580.000000
418.037344	 	6586.666667
416.067970	 	6593.333333
413.648529	 	6600.000000
411.523363	 	6606.666667
410.115906	 	6613.333333
408.119901	 	6620.000000
406.335613	 	6626.666667
404.404854	 	6633.333333
402.207783	 	6640.000000
400.387544	 	6646.666667
398.463443	 	6653.333333
396.026692	 	6660.000000
394.020034	 	6666.666667
392.229088	 	6673.333333
390.360913	 	6680.000000
388.961445	 	6686.666667
387.300992	 	6693.333333
385.159847	 	6700.000000
383.178489	 	6706.666667
381.536678	 	6713.333333
379.420833	 	6720.000000
378.090606	 	6726.666667
376.731086	 	6733.333333
375.163842	 	6740.000000
373.641871	 	6746.666667
371.727091	 	6753.333333
370.006718	 	6760.000000
368.281019	 	6766.666667
367.001392	 	6773.333333
365.621898	 	6780.000000
363.452790	 	6786.666667
361.884215	 	6793.333333
359.708449	 	6800.000000
358.107917	 	6806.666667
356.315640	 	6813.333333
354.507384	 	6820.000000
353.285014	 	6826.666667
351.595267	 	6833.333333
350.074628	 	6840.000000
348.436811	 	6846.666667
346.769701	 	6853.333333
344.647198	 	6860.000000
343.255720	 	6866.666667
341.600593	 	6873.333333
339.495400	 	6880.000000
337.757717	 	6886.666667
335.865573	 	6893.333333
334.556652	 	6900.000000
333.079954	 	6906.666667
331.380886	 	6913.333333
330.025360	 	6920.000000
328.773696	 	6926.666667
326.914841	 	6933.333333
326.265040	 	6940.000000
324.454122	 	6946.666667
323.382218	 	6953.333333
321.713775	 	6960.000000
320.391538	 	6966.666667
318.817637	 	6973.333333
317.247730	 	6980.000000
315.749727	 	6986.666667
314.456785	 	6993.333333
312.448795	 	7000.000000
311.040007	 	7006.666667
309.962777	 	7013.333333
308.812311	 	7020.000000
307.459448	 	7026.666667
306.150526	 	7033.333333
304.684481	 	7040.000000
303.250393	 	7046.666667
301.864241	 	7053.333333
300.440806	 	7060.000000
299.599261	 	7066.666667
298.845600	 	7073.333333
297.347597	 	7080.000000
296.568636	 	7086.666667
294.769701	 	7093.333333
293.507384	 	7100.000000
291.728423	 	7106.666667
291.551325	 	7113.333333
290.113243	 	7120.000000
288.797664	 	7126.666667
287.857584	 	7133.333333
286.384881	 	7140.000000
285.274361	 	7146.666667
283.496731	 	7153.333333
281.982750	 	7160.000000
280.165174	 	7166.666667
278.480753	 	7173.333333
277.227757	 	7180.000000
274.905520	 	7186.666667
273.540673	 	7193.333333
272.336945	 	7200.000000
271.091938	 	7206.666667
269.384881	 	7213.333333
268.110580	 	7220.000000
266.719102	 	7226.666667
265.418170	 	7233.333333
264.002723	 	7240.000000
262.914841	 	7246.666667
261.318303	 	7253.333333
259.652524	 	7260.000000
257.949461	 	7266.666667
256.382218	 	7273.333333
255.038676	 	7280.000000
254.219767	 	7286.666667
252.900194	 	7293.333333
251.265040	 	7300.000000
250.210447	 	7306.666667
248.664508	 	7313.333333
246.974761	 	7320.000000
245.826958	 	7326.666667
244.261046	 	7333.333333
243.085280	 	7340.000000
241.787011	 	7346.666667
240.312976	 	7353.333333
238.776359	 	7360.000000
237.495400	 	7366.666667
236.347597	 	7373.333333
234.857584	 	7380.000000
233.447464	 	7386.666667
232.732417	 	7393.333333
231.442138	 	7400.000000
230.391538	 	7406.666667
229.432817	 	7413.333333
228.627224	 	7420.000000
227.470100	 	7426.666667
226.547331	 	7433.333333
225.507384	 	7440.000000
224.476758	 	7446.666667
223.143869	 	7453.333333
222.166505	 	7460.000000
221.692470	 	7466.666667
220.651192	 	7473.333333
219.679155	 	7480.000000
219.157184	 	7486.666667
218.109248	 	7493.333333
217.273030	 	7500.000000
216.693802	 	7506.666667
215.693802	 	7513.333333
214.744401	 	7520.000000
213.636545	 	7526.666667
212.308982	 	7533.333333
211.203789	 	7540.000000
210.010713	 	7546.666667
208.262377	 	7553.333333
207.219767	 	7560.000000
205.771032	 	7566.666667
204.683150	 	7573.333333
203.074628	 	7580.000000
201.503389	 	7586.666667
200.258383	 	7593.333333
199.024028	 	7600.000000
197.515373	 	7606.666667
196.514042	 	7613.333333
195.126558	 	7620.000000
194.254388	 	7626.666667
193.189142	 	7633.333333
192.340939	 	7640.000000
191.609914	 	7646.666667
190.194468	 	7653.333333
189.435480	 	7660.000000
188.798995	 	7666.666667
188.041339	 	7673.333333
187.510047	 	7680.000000
186.524694	 	7686.666667
185.585946	 	7693.333333
184.355586	 	7700.000000
183.669834	 	7706.666667
182.733749	 	7713.333333
181.961445	 	7720.000000
180.683150	 	7726.666667
179.327624	 	7733.333333
177.788343	 	7740.000000
176.367570	 	7746.666667
175.416838	 	7753.333333
173.978755	 	7760.000000
173.222431	 	7766.666667
171.869568	 	7773.333333
170.840273	 	7780.000000
169.643203	 	7786.666667
168.450127	 	7793.333333
167.545999	 	7800.000000
166.462111	 	7806.666667
165.456785	 	7813.333333
164.888210	 	7820.000000
163.752391	 	7826.666667
162.945467	 	7833.333333
161.597930	 	7840.000000
160.506052	 	7846.666667
159.486079	 	7853.333333
158.944135	 	7860.000000
157.958782	 	7866.666667
157.378223	 	7873.333333
156.940140	 	7880.000000
155.848263	 	7886.666667
154.961445	 	7893.333333
154.475427	 	7900.000000
153.659182	 	7906.666667
152.713775	 	7913.333333
152.054654	 	7920.000000
151.034681	 	7926.666667
150.344934	 	7933.333333
149.772364	 	7940.000000
149.308982	 	7946.666667
148.330287	 	7953.333333
147.564641	 	7960.000000
147.239741	 	7966.666667
146.371565	 	7973.333333
145.295666	 	7980.000000
144.269035	 	7986.666667
143.219767	 	7993.333333
142.440806	 	8000.000000
141.545999	 	8006.666667
141.456785	 	8013.333333
140.299661	 	8020.000000
139.551325	 	8026.666667
138.893536	 	8033.333333
138.446132	 	8040.000000
137.836279	 	8046.666667
137.193136	 	8053.333333
136.326292	 	8060.000000
136.078622	 	8066.666667
134.886878	 	8073.333333
134.486079	 	8080.000000
134.034681	 	8086.666667
133.816305	 	8093.333333
133.542004	 	8100.000000
133.058649	 	8106.666667
132.458116	 	8113.333333
132.446132	 	8120.000000
131.796332	 	8126.666667
131.163842	 	8133.333333
130.500726	 	8140.000000
129.737743	 	8146.666667
129.380886	 	8153.333333
128.723096	 	8160.000000
127.945467	 	8166.666667
127.474095	 	8173.333333
126.466106	 	8180.000000
125.733749	 	8186.666667
124.776359	 	8193.333333
124.237078	 	8200.000000
123.347597	 	8206.666667
122.661845	 	8213.333333
121.929488	 	8220.000000
121.616572	 	8226.666667
120.564641	 	8233.333333
119.941472	 	8240.000000
119.243735	 	8246.666667
119.131885	 	8253.333333
118.531352	 	8260.000000
117.771032	 	8266.666667
116.958782	 	8273.333333
116.154521	 	8280.000000
115.663176	 	8286.666667
115.432817	 	8293.333333
114.696465	 	8300.000000
114.102590	 	8306.666667
113.162510	 	8313.333333
112.275693	 	8320.000000
111.781685	 	8326.666667
110.796332	 	8333.333333
109.580620	 	8340.000000
108.880220	 	8346.666667
108.090606	 	8353.333333
107.902857	 	8360.000000
107.151858	 	8366.666667
106.861578	 	8373.333333
106.069301	 	8380.000000
105.953456	 	8386.666667
105.367570	 	8393.333333
105.175826	 	8400.000000
104.219767	 	8406.666667
103.591272	 	8413.333333
102.805653	 	8420.000000
102.233083	 	8426.666667
101.753722	 	8433.333333
101.237078	 	8440.000000
100.890873	 	8446.666667
100.636545	 	8453.333333
100.114574	 	8460.000000
99.820300	 	8466.666667
99.354255	 	8473.333333
99.013376	 	8480.000000
98.580620	 	8486.666667
98.093269	 	8493.333333
97.880220	 	8500.000000
97.114574	 	8506.666667
96.346265	 	8513.333333
95.877557	 	8520.000000
95.195799	 	8526.666667
94.703123	 	8533.333333
94.018702	 	8540.000000
93.412843	 	8546.666667
92.953456	 	8553.333333
92.487411	 	8560.000000
92.242404	 	8566.666667
91.776359	 	8573.333333
90.868236	 	8580.000000
90.605919	 	8586.666667
90.233083	 	8593.333333
89.712444	 	8600.000000
89.298329	 	8606.666667
88.767038	 	8613.333333
88.363576	 	8620.000000
87.745733	 	8626.666667
86.884215	 	8633.333333
86.344934	 	8640.000000
85.715107	 	8646.666667
85.347597	 	8653.333333
84.845600	 	8660.000000
84.592604	 	8666.666667
83.836279	 	8673.333333
83.419501	 	8680.000000
82.752391	 	8686.666667
82.230420	 	8693.333333
81.593935	 	8700.000000
81.109248	 	8706.666667
80.587277	 	8713.333333
80.109248	 	8720.000000
79.388875	 	8726.666667
78.942803	 	8733.333333
78.514042	 	8740.000000
78.181152	 	8746.666667
78.246399	 	8753.333333
77.781685	 	8760.000000
76.877557	 	8766.666667
76.651192	 	8773.333333
75.916172	 	8780.000000
75.255720	 	8786.666667
74.737743	 	8793.333333
74.354255	 	8800.000000
73.685813	 	8806.666667
72.982750	 	8813.333333
72.528689	 	8820.000000
71.970766	 	8826.666667
71.896199	 	8833.333333
71.496731	 	8840.000000
70.840273	 	8846.666667
70.544668	 	8853.333333
70.552657	 	8860.000000
70.189142	 	8866.666667
69.496731	 	8873.333333
69.102590	 	8880.000000
68.719102	 	8886.666667
68.435480	 	8893.333333
67.853589	 	8900.000000
67.689807	 	8906.666667
67.616572	 	8913.333333
67.162510	 	8920.000000
66.685813	 	8926.666667
66.137211	 	8933.333333
66.093269	 	8940.000000
65.398196	 	8946.666667
64.989408	 	8953.333333
64.773696	 	8960.000000
64.492737	 	8966.666667
64.037344	 	8973.333333
63.672497	 	8980.000000
63.006718	 	8986.666667
62.605919	 	8993.333333
62.275693	 	9000.000000
62.157184	 	9006.666667
61.593935	 	9013.333333
61.304987	 	9020.000000
60.849594	 	9026.666667
60.588609	 	9033.333333
60.335613	 	9040.000000
59.922830	 	9046.666667
59.736412	 	9053.333333
59.588609	 	9060.000000
59.137211	 	9066.666667
59.115906	 	9073.333333
58.956119	 	9080.000000
58.966771	 	9086.666667
58.804321	 	9093.333333
58.452790	 	9100.000000
58.158516	 	9106.666667
57.845600	 	9113.333333
57.464774	 	9120.000000
57.434148	 	9126.666667
57.095933	 	9133.333333
56.896199	 	9140.000000
56.293003	 	9146.666667
55.913509	 	9153.333333
55.567304	 	9160.000000
55.239741	 	9166.666667
55.263709	 	9173.333333
54.643203	 	9180.000000
54.395533	 	9186.666667
54.122564	 	9193.333333
53.719102	 	9200.000000
53.102590	 	9206.666667
52.560646	 	9213.333333
52.641871	 	9220.000000
52.395533	 	9226.666667
52.242404	 	9233.333333
51.759048	 	9240.000000
51.424827	 	9246.666667
50.966771	 	9253.333333
50.299661	 	9260.000000
50.342271	 	9266.666667
50.074628	 	9273.333333
49.861578	 	9280.000000
49.511379	 	9286.666667
49.210447	 	9293.333333
48.974761	 	9300.000000
48.350260	 	9306.666667
47.808316	 	9313.333333
47.506052	 	9320.000000
47.315640	 	9326.666667
47.142537	 	9333.333333
46.476758	 	9340.000000
46.287677	 	9346.666667
46.082617	 	9353.333333
45.668502	 	9360.000000
45.572630	 	9366.666667
45.235746	 	9373.333333
44.751059	 	9380.000000
44.575293	 	9386.666667
44.312976	 	9393.333333
43.640540	 	9400.000000
43.526026	 	9406.666667
43.265040	 	9413.333333
42.673829	 	9420.000000
42.495400	 	9426.666667
42.426159	 	9433.333333
42.002723	 	9440.000000
42.034681	 	9446.666667
41.395533	 	9453.333333
40.699128	 	9460.000000
40.466106	 	9466.666667
40.412843	 	9473.333333
40.125227	 	9480.000000
39.731086	 	9486.666667
39.585946	 	9493.333333
39.312976	 	9500.000000
39.087943	 	9506.666667
38.752391	 	9513.333333
38.388875	 	9520.000000
38.115906	 	9526.666667
37.990739	 	9533.333333
37.756385	 	9540.000000
37.294335	 	9546.666667
37.183815	 	9553.333333
36.631219	 	9560.000000
36.644534	 	9566.666667
36.471432	 	9573.333333
36.375560	 	9580.000000
36.202457	 	9586.666667
35.713775	 	9593.333333
35.467437	 	9600.000000
35.126558	 	9606.666667
35.075959	 	9613.333333
34.729754	 	9620.000000
34.351592	 	9626.666667
33.840273	 	9633.333333
33.990739	 	9640.000000
33.584614	 	9646.666667
33.696465	 	9653.333333
33.375560	 	9660.000000
33.223762	 	9666.666667
33.125227	 	9673.333333
33.090606	 	9680.000000
33.000060	 	9686.666667
33.215773	 	9693.333333
32.805653	 	9700.000000
32.785680	 	9706.666667
32.571299	 	9713.333333
32.535347	 	9720.000000
32.195799	 	9726.666667
32.282351	 	9733.333333
32.094601	 	9740.000000
31.810979	 	9746.666667
31.331618	 	9753.333333
31.206452	 	9760.000000
30.459448	 	9766.666667
30.290340	 	9773.333333
30.098596	 	9780.000000
29.865573	 	9786.666667
29.667171	 	9793.333333
29.717770	 	9800.000000
29.259714	 	9806.666667
28.713775	 	9813.333333
28.347597	 	9820.000000
28.151858	 	9826.666667
27.675160	 	9833.333333
27.560646	 	9840.000000
27.143869	 	9846.666667
26.876225	 	9853.333333
26.640540	 	9860.000000
26.440806	 	9866.666667
26.330287	 	9873.333333
26.430154	 	9880.000000
26.432817	 	9886.666667
25.948130	 	9893.333333
26.006718	 	9900.000000
25.985413	 	9906.666667
25.526026	 	9913.333333
25.687144	 	9920.000000
25.547331	 	9926.666667
25.539341	 	9933.333333
25.613909	 	9940.000000
25.447464	 	9946.666667
24.924162	 	9953.333333
24.720433	 	9960.000000
24.651192	 	9966.666667
24.561978	 	9973.333333
24.494068	 	9980.000000
24.213110	 	9986.666667
24.013376	 	9993.333333
23.611245	 	10000.000000
23.286345	 	10006.666667
23.097264	 	10013.333333
23.155853	 	10020.000000
22.684481	 	10026.666667
22.775027	 	10033.333333
22.641871	 	10040.000000
22.657850	 	10046.666667
22.830953	 	10053.333333
22.627224	 	10060.000000
22.583283	 	10066.666667
22.458116	 	10073.333333
22.478090	 	10080.000000
22.447464	 	10086.666667
22.181152	 	10093.333333
22.081285	 	10100.000000
21.884215	 	10106.666667
21.942803	 	10113.333333
21.647198	 	10120.000000
21.808316	 	10126.666667
21.119901	 	10133.333333
21.221099	 	10140.000000
21.306319	 	10146.666667
21.122564	 	10153.333333
20.834947	 	10160.000000
20.400859	 	10166.666667
20.135879	 	10173.333333
19.841605	 	10180.000000
19.856252	 	10186.666667
20.103922	 	10193.333333
19.900194	 	10200.000000
19.825626	 	10206.666667
19.597930	 	10213.333333
19.400859	 	10220.000000
19.046665	 	10226.666667
19.038676	 	10233.333333
19.122564	 	10240.000000
18.901525	 	10246.666667
18.884215	 	10253.333333
18.834947	 	10260.000000
18.544668	 	10266.666667
18.518036	 	10273.333333
18.243735	 	10280.000000
18.087943	 	10286.666667
17.779022	 	10293.333333
17.446132	 	10300.000000
17.287677	 	10306.666667
17.059980	 	10313.333333
16.621898	 	10320.000000
16.183815	 	10326.666667
16.238409	 	10333.333333
15.703123	 	10340.000000
15.573962	 	10346.666667
15.340939	 	10353.333333
15.190473	 	10360.000000
15.111911	 	10366.666667
14.880220	 	10373.333333
14.913509	 	10380.000000
14.868236	 	10386.666667
14.980087	 	10393.333333
14.956119	 	10400.000000
14.585946	 	10406.666667
14.395533	 	10413.333333
14.456785	 	10420.000000
14.298329	 	10426.666667
14.492737	 	10433.333333
14.150526	 	10440.000000
14.190473	 	10446.666667
14.087943	 	10453.333333
13.643203	 	10460.000000
13.779022	 	10466.666667
13.615240	 	10473.333333
13.410180	 	10480.000000
13.223762	 	10486.666667
13.591272	 	10493.333333
13.557983	 	10500.000000
13.387544	 	10506.666667
13.205120	 	10513.333333
13.383549	 	10520.000000
13.174494	 	10526.666667
12.826958	 	10533.333333
12.592604	 	10540.000000
12.487411	 	10546.666667
12.142537	 	10553.333333
12.051991	 	10560.000000
12.005387	 	10566.666667
11.976092	 	10573.333333
11.712444	 	10580.000000
12.037344	 	10586.666667
11.709781	 	10593.333333
11.455453	 	10600.000000
11.262377	 	10606.666667
11.335613	 	10613.333333
11.030686	 	10620.000000
10.954787	 	10626.666667
11.368902	 	10633.333333
11.207783	 	10640.000000
10.976092	 	10646.666667
10.402191	 	10653.333333
10.454122	 	10660.000000
10.462111	 	10666.666667
10.147863	 	10673.333333
10.157184	 	10680.000000
9.848263	 	10686.666667
9.795000	 	10693.333333
9.454122	 	10700.000000
9.110580	 	10706.666667
8.672497	 	10713.333333
8.627224	 	10720.000000
8.223762	 	10726.666667
8.113243	 	10733.333333
7.945467	 	10740.000000
7.692470	 	10746.666667
7.587277	 	10753.333333
7.468769	 	10760.000000
7.304987	 	10766.666667
7.334281	 	10773.333333
6.932151	 	10780.000000
6.993403	 	10786.666667
6.783016	 	10793.333333
6.661845	 	10800.000000
6.250393	 	10806.666667
6.532684	 	10813.333333
6.342271	 	10820.000000
6.002723	 	10826.666667
6.024028	 	10833.333333
5.929488	 	10840.000000
5.929488	 	10846.666667
5.636545	 	10853.333333
5.772364	 	10860.000000
5.667171	 	10866.666667
5.966771	 	10873.333333
5.488742	 	10880.000000
5.362244	 	10886.666667
5.047996	 	10893.333333
5.346265	 	10900.000000
5.197131	 	10906.666667
4.729754	 	10913.333333
4.619235	 	10920.000000
4.331618	 	10926.666667
4.374228	 	10933.333333
3.944135	 	10940.000000
3.876225	 	10946.666667
3.657850	 	10953.333333
3.350260	 	10960.000000
3.480753	 	10966.666667
3.444801	 	10973.333333
3.218436	 	10980.000000
3.258383	 	10986.666667
3.291672	 	10993.333333
3.046665	 	11000.000000
3.318303	 	11006.666667
3.246399	 	11013.333333
3.250393	 	11020.000000
3.008050	 	11026.666667
2.813642	 	11033.333333
2.906851	 	11040.000000
2.526026	 	11046.666667
2.785680	 	11053.333333
2.854921	 	11060.000000
2.704455	 	11066.666667
2.932151	 	11073.333333
2.663176	 	11080.000000
2.689807	 	11086.666667
2.490074	 	11093.333333
2.567304	 	11100.000000
2.680486	 	11106.666667
2.374228	 	11113.333333
2.294335	 	11120.000000
2.002723	 	11126.666667
1.977424	 	11133.333333
1.356918	 	11140.000000
1.314308	 	11146.666667
1.362244	 	11153.333333
1.081285	 	11160.000000
0.545999	 	11166.666667
0.542004	 	11173.333333
0.482084	 	11180.000000
0.444801	 	11186.666667
0.314308	 	11193.333333
0.255720	 	11200.000000
0.227757	 	11206.666667
0.356918	 	11213.333333
0.290340	 	11220.000000
0.163842	 	11226.666667
-0.158395	 	11233.333333
-0.154400	 	11240.000000
-0.395412	 	11246.666667
-0.440685	 	11253.333333
-0.504600	 	11260.000000
-0.497942	 	11266.666667
-0.877436	 	11273.333333
-0.762922	 	11280.000000
-1.086491	 	11286.666667
-1.280898	 	11293.333333
-1.380765	 	11300.000000
-1.210326	 	11306.666667
-0.994613	 	11313.333333
-1.521910	 	11320.000000
-1.343482	 	11326.666667
-1.439354	 	11333.333333
-1.222310	 	11340.000000
-1.133095	 	11346.666667
-1.356797	 	11353.333333
-1.354134	 	11360.000000
-1.627103	 	11366.666667
-1.967982	 	11373.333333
-2.141085	 	11380.000000
-2.343482	 	11386.666667
-2.246278	 	11393.333333
-2.599141	 	11400.000000
-2.661724	 	11406.666667
-2.789553	 	11413.333333
-3.344813	 	11420.000000
-3.551205	 	11426.666667
-3.693681	 	11433.333333
-3.260925	 	11440.000000
-3.710992	 	11446.666667
-3.801537	 	11453.333333
-3.733628	 	11460.000000
-4.077170	 	11466.666667
-4.308861	 	11473.333333
-4.299540	 	11480.000000
-4.402070	 	11486.666667
-4.432696	 	11493.333333
-4.500605	 	11500.000000
-4.307530	 	11506.666667
-4.395412	 	11513.333333
-4.561857	 	11520.000000
-4.741617	 	11526.666667
-5.098475	 	11533.333333
-4.936025	 	11540.000000
-4.944014	 	11546.666667
-4.738954	 	11553.333333
-4.684360	 	11560.000000
-4.661724	 	11566.666667
-4.886757	 	11573.333333
-5.202336	 	11580.000000
-5.343482	 	11586.666667
-5.087822	 	11593.333333
-4.838821	 	11600.000000
-4.934693	 	11606.666667
-4.825506	 	11613.333333
-5.033229	 	11620.000000
-5.181031	 	11626.666667
-5.564520	 	11633.333333
-5.360792	 	11640.000000
-5.259593	 	11646.666667
-5.242283	 	11653.333333
-5.724307	 	11660.000000
-5.660392	 	11666.666667
-6.161058	 	11673.333333
-6.378102	 	11680.000000
-6.307530	 	11686.666667
-6.564520	 	11693.333333
-6.615119	 	11700.000000
-6.567183	 	11706.666667
-6.648408	 	11713.333333
-6.754933	 	11720.000000
-7.239620	 	11726.666667
-7.127769	 	11733.333333
-7.239620	 	11740.000000
-7.022576	 	11746.666667
-6.636424	 	11753.333333
-6.802869	 	11760.000000
-6.917383	 	11766.666667
-6.942683	 	11773.333333
-7.065186	 	11780.000000
-7.089154	 	11786.666667
-7.098475	 	11793.333333
-7.117117	 	11800.000000
-7.125106	 	11806.666667
-7.145079	 	11813.333333
-7.142416	 	11820.000000
-7.246278	 	11826.666667
-7.446012	 	11833.333333
-7.512589	 	11840.000000
-7.254267	 	11846.666667
-7.234294	 	11853.333333
-7.328834	 	11860.000000
-7.408728	 	11866.666667
-7.151737	 	11873.333333
-7.307530	 	11880.000000
-7.473974	 	11886.666667
-7.342150	 	11893.333333
-7.181031	 	11900.000000
-7.515253	 	11906.666667
-7.165053	 	11913.333333
-7.452669	 	11920.000000
-6.994613	 	11926.666667
-7.291551	 	11933.333333
-7.133095	 	11940.000000
-7.418049	 	11946.666667
-7.252936	 	11953.333333
-7.314187	 	11960.000000
-7.089154	 	11966.666667
-7.356797	 	11973.333333
-7.428701	 	11980.000000
-7.616451	 	11986.666667
-7.487290	 	11993.333333
-7.335492	 	12000.000000
-7.287556	 	12006.666667
-7.163721	 	12013.333333
-7.307530	 	12020.000000
-7.396744	 	12026.666667
-7.460659	 	12033.333333
-7.456664	 	12040.000000
-7.619114	 	12046.666667
-7.709660	 	12053.333333
-7.704334	 	12060.000000
-7.697676	 	12066.666667
-7.969314	 	12073.333333
-7.990619	 	12080.000000
-8.287556	 	12086.666667
-8.202336	 	12093.333333
-8.617782	 	12100.000000
-8.648408	 	12106.666667
-8.777569	 	12113.333333
-8.436691	 	12120.000000
-8.750938	 	12126.666667
-8.766917	 	12133.333333
-8.649740	 	12140.000000
-8.782896	 	12146.666667
-8.989287	 	12153.333333
-8.991950	 	12160.000000
-9.318182	 	12166.666667
-9.539221	 	12173.333333
-9.777569	 	12180.000000
-9.591151	 	12186.666667
-9.668382	 	12193.333333
-9.499274	 	12200.000000
-9.865452	 	12206.666667
-10.071844	 	12213.333333
-10.151737	 	12220.000000
-10.258262	 	12226.666667
-10.396744	 	12233.333333
-10.391418	 	12240.000000
-10.251604	 	12246.666667
-10.431364	 	12253.333333
-10.390086	 	12260.000000
-10.491284	 	12266.666667
-10.647077	 	12273.333333
-10.758928	 	12280.000000
-10.822842	 	12286.666667
-10.881431	 	12293.333333
-11.059860	 	12300.000000
-11.015918	 	12306.666667
-11.043881	 	12313.333333
-11.247609	 	12320.000000
-11.287556	 	12326.666667
-11.356797	 	12333.333333
-11.311524	 	12340.000000
-11.693681	 	12346.666667
-11.705665	 	12353.333333
-11.732296	 	12360.000000
-11.732296	 	12366.666667
-11.817516	 	12373.333333
-11.994613	 	12380.000000
-11.999940	 	12386.666667
-11.842816	 	12393.333333
-11.905399	 	12400.000000
-11.946677	 	12406.666667
-12.163721	 	12413.333333
-12.347476	 	12420.000000
-12.174374	 	12426.666667
-12.039886	 	12433.333333
-12.244946	 	12440.000000
-12.238288	 	12446.666667
-12.456664	 	12453.333333
-11.971977	 	12460.000000
-12.118448	 	12466.666667
-11.790885	 	12473.333333
-12.179700	 	12480.000000
-11.894747	 	12486.666667
-11.983961	 	12493.333333
-11.637756	 	12500.000000
-11.760259	 	12506.666667
-11.436691	 	12513.333333
-11.659061	 	12520.000000
-11.572510	 	12526.666667
-11.825506	 	12533.333333
-11.840153	 	12540.000000
-12.272909	 	12546.666667
-12.242283	 	12553.333333
-12.324840	 	12560.000000
-12.138422	 	12566.666667
-12.222310	 	12573.333333
-12.411391	 	12580.000000
-12.501937	 	12586.666667
-12.676371	 	12593.333333
-12.740286	 	12600.000000
-12.833495	 	12606.666667
-12.722976	 	12613.333333
-12.768249	 	12620.000000
-13.071844	 	12626.666667
-13.162390	 	12633.333333
-13.239620	 	12640.000000
-13.230299	 	12646.666667
-13.467316	 	12653.333333
-13.496611	 	12660.000000
-13.744280	 	12666.666667
-13.561857	 	12673.333333
-13.572510	 	12680.000000
-13.483295	 	12686.666667
-13.677703	 	12693.333333
-13.376771	 	12700.000000
-13.679034	 	12706.666667
-13.360792	 	12713.333333
-13.354134	 	12720.000000
-13.415386	 	12726.666667
-13.671045	 	12733.333333
-13.665719	 	12740.000000
-13.950672	 	12746.666667
-13.916051	 	12753.333333
-14.327503	 	12760.000000
-13.949340	 	12766.666667
-14.013255	 	12773.333333
-13.991950	 	12780.000000
-14.057197	 	12786.666667
-14.146411	 	12793.333333
-14.396744	 	12800.000000
-13.881431	 	12806.666667
-14.203668	 	12813.333333
-13.949340	 	12820.000000
-14.046544	 	12826.666667
-13.780233	 	12833.333333
-14.299540	 	12840.000000
-14.114454	 	12846.666667
-14.143748	 	12853.333333
-13.886757	 	12860.000000
-13.933362	 	12866.666667
-13.745612	 	12873.333333
-13.886757	 	12880.000000
-13.844147	 	12886.666667
-13.985292	 	12893.333333
-13.621777	 	12900.000000
-13.740286	 	12906.666667
-13.418049	 	12913.333333
-13.627103	 	12920.000000
-13.287556	 	12926.666667
-13.247609	 	12933.333333
-13.476637	 	12940.000000
-13.635093	 	12946.666667
-13.616451	 	12953.333333
-13.246278	 	12960.000000
-13.492616	 	12966.666667
-13.448675	 	12973.333333
-13.364786	 	12980.000000
-13.611125	 	12986.666667
-13.214320	 	12993.333333
-13.312856	 	13000.000000
-13.512589	 	13006.666667
-13.348808	 	13013.333333
-13.467316	 	13020.000000
-13.348808	 	13026.666667
-13.331498	 	13033.333333
-13.459327	 	13040.000000
-13.581830	 	13046.666667
-13.748275	 	13053.333333
-13.592483	 	13060.000000
-13.565852	 	13066.666667
-13.499274	 	13073.333333
-13.639087	 	13080.000000
-14.003934	 	13086.666667
-13.941351	 	13093.333333
-13.993282	 	13100.000000
-13.800206	 	13106.666667
-13.631098	 	13113.333333
-13.709660	 	13120.000000
-13.473974	 	13126.666667
-13.782896	 	13133.333333
-13.651071	 	13140.000000
-13.909394	 	13146.666667
-13.880099	 	13153.333333
-13.925372	 	13160.000000
-13.717649	 	13166.666667
-13.609793	 	13173.333333
-13.990619	 	13180.000000
-14.111790	 	13186.666667
-14.130432	 	13193.333333
-14.569846	 	13200.000000
-14.150406	 	13206.666667
-14.584494	 	13213.333333
-14.105133	 	13220.000000
-14.448675	 	13226.666667
-14.487290	 	13233.333333
-14.692350	 	13240.000000
-14.852137	 	13246.666667
-14.869447	 	13253.333333
-15.027902	 	13260.000000
-15.066518	 	13266.666667
-15.224973	 	13273.333333
-15.390086	 	13280.000000
-15.306198	 	13286.666667
-15.575173	 	13293.333333
-15.800206	 	13300.000000
-15.676371	 	13306.666667
-15.756265	 	13313.333333
-15.792217	 	13320.000000
-15.916051	 	13326.666667
