#peak 	 	#time 
2.733202	 	0.000000
3.604713	 	6.666667
4.132121	 	13.333333
4.334586	 	20.000000
4.609444	 	26.666667
4.745218	 	33.333333
4.997874	 	40.000000
4.945294	 	46.666667
5.151206	 	53.333333
5.113943	 	60.000000
5.103757	 	66.666667
5.134987	 	73.333333
5.124081	 	80.000000
5.051933	 	86.666667
5.146732	 	93.333333
5.090524	 	100.000000
5.093880	 	106.666667
5.397571	 	113.333333
5.267538	 	120.000000
5.354786	 	126.666667
5.270893	 	133.333333
5.242370	 	140.000000
5.350591	 	146.666667
5.311162	 	153.333333
5.168544	 	160.000000
5.210491	 	166.666667
5.147571	 	173.333333
5.336329	 	180.000000
5.202101	 	186.666667
5.020893	 	193.333333
4.905960	 	200.000000
4.965524	 	206.666667
4.768376	 	213.333333
5.071229	 	220.000000
4.990692	 	226.666667
4.960491	 	233.333333
4.963007	 	240.000000
5.002437	 	246.666667
5.090524	 	253.333333
5.174417	 	260.000000
5.088846	 	266.666667
5.046900	 	273.333333
5.151766	 	280.000000
5.140021	 	286.666667
5.160155	 	293.333333
5.051095	 	300.000000
4.990692	 	306.666667
5.124081	 	313.333333
5.027605	 	320.000000
4.976430	 	326.666667
5.109819	 	333.333333
5.001598	 	340.000000
5.201262	 	346.666667
5.030960	 	353.333333
5.008309	 	360.000000
4.968041	 	366.666667
5.038511	 	373.333333
5.120725	 	380.000000
5.128276	 	386.666667
4.834652	 	393.333333
4.891699	 	400.000000
4.806128	 	406.666667
4.958813	 	413.333333
4.799417	 	420.000000
5.078779	 	426.666667
5.223913	 	433.333333
5.247403	 	440.000000
5.009148	 	446.666667
5.240692	 	453.333333
5.195390	 	460.000000
5.457135	 	466.666667
5.228947	 	473.333333
5.345558	 	480.000000
5.283477	 	486.666667
5.389182	 	493.333333
5.181967	 	500.000000
5.420222	 	506.666667
5.438678	 	513.333333
5.398410	 	520.000000
5.318712	 	526.666667
5.541866	 	533.333333
5.494048	 	540.000000
5.505793	 	546.666667
5.374081	 	553.333333
5.568712	 	560.000000
5.369048	 	566.666667
5.733142	 	573.333333
5.466363	 	580.000000
5.502437	 	586.666667
5.434484	 	593.333333
5.603947	 	600.000000
5.527605	 	606.666667
5.604786	 	613.333333
5.669383	 	620.000000
5.787672	 	626.666667
5.711329	 	633.333333
5.596397	 	640.000000
5.455457	 	646.666667
5.373242	 	653.333333
5.473913	 	660.000000
5.516699	 	666.666667
5.489014	 	673.333333
5.390021	 	680.000000
5.575423	 	686.666667
5.506631	 	693.333333
5.420222	 	700.000000
5.539350	 	706.666667
5.515021	 	713.333333
5.754115	 	720.000000
5.564517	 	726.666667
5.707135	 	733.333333
5.707135	 	740.000000
5.613175	 	746.666667
5.590524	 	753.333333
5.608142	 	760.000000
5.631631	 	766.666667
5.643376	 	773.333333
5.494048	 	780.000000
5.674417	 	786.666667
5.597235	 	793.333333
5.552772	 	800.000000
5.697068	 	806.666667
5.489014	 	813.333333
5.637504	 	820.000000
5.458813	 	826.666667
5.380793	 	833.333333
5.456296	 	840.000000
5.458813	 	846.666667
5.464685	 	853.333333
5.401766	 	860.000000
5.338007	 	866.666667
5.419383	 	873.333333
5.475591	 	880.000000
5.401766	 	886.666667
5.524249	 	893.333333
5.425256	 	900.000000
5.406799	 	906.666667
5.434484	 	913.333333
5.483142	 	920.000000
5.616531	 	926.666667
5.452101	 	933.333333
5.492370	 	940.000000
5.494886	 	946.666667
5.475591	 	953.333333
5.368209	 	960.000000
5.428611	 	966.666667
5.428611	 	973.333333
5.571229	 	980.000000
5.318712	 	986.666667
5.344719	 	993.333333
5.210491	 	1000.000000
5.214685	 	1006.666667
5.259987	 	1013.333333
5.213007	 	1020.000000
5.388343	 	1026.666667
5.198746	 	1033.333333
5.251598	 	1040.000000
5.111497	 	1046.666667
5.244886	 	1053.333333
5.262504	 	1060.000000
5.037672	 	1066.666667
5.299417	 	1073.333333
5.057806	 	1080.000000
5.015021	 	1086.666667
5.130793	 	1093.333333
5.187001	 	1100.000000
5.160155	 	1106.666667
4.964685	 	1113.333333
5.286833	 	1120.000000
5.023410	 	1126.666667
4.972235	 	1133.333333
5.200423	 	1140.000000
5.058645	 	1146.666667
5.047739	 	1153.333333
5.006631	 	1160.000000
5.033477	 	1166.666667
5.167705	 	1173.333333
5.148410	 	1180.000000
5.290189	 	1186.666667
4.993209	 	1193.333333
5.022571	 	1200.000000
5.010826	 	1206.666667
4.984819	 	1213.333333
4.796061	 	1220.000000
5.088846	 	1226.666667
4.986497	 	1233.333333
4.962168	 	1240.000000
4.828779	 	1246.666667
4.967202	 	1253.333333
4.905121	 	1260.000000
4.718041	 	1266.666667
4.791866	 	1273.333333
4.765860	 	1280.000000
4.791866	 	1286.666667
4.933645	 	1293.333333
4.896732	 	1300.000000
4.877437	 	1306.666667
4.835491	 	1313.333333
4.931967	 	1320.000000
4.879954	 	1326.666667
4.910155	 	1333.333333
4.826262	 	1340.000000
4.787672	 	1346.666667
4.870725	 	1353.333333
4.980625	 	1360.000000
5.065356	 	1366.666667
5.149249	 	1373.333333
4.884987	 	1380.000000
4.900088	 	1386.666667
4.997403	 	1393.333333
5.004954	 	1400.000000
4.983142	 	1406.666667
5.010826	 	1413.333333
5.093880	 	1420.000000
4.961329	 	1426.666667
5.063678	 	1433.333333
5.214685	 	1440.000000
5.057806	 	1446.666667
5.162672	 	1453.333333
5.037672	 	1460.000000
5.095558	 	1466.666667
5.095558	 	1473.333333
5.038511	 	1480.000000
5.076262	 	1486.666667
5.047739	 	1493.333333
5.063678	 	1500.000000
4.915189	 	1506.666667
5.051933	 	1513.333333
5.101430	 	1520.000000
4.957974	 	1526.666667
5.097235	 	1533.333333
5.135826	 	1540.000000
5.309484	 	1546.666667
5.179450	 	1553.333333
5.276766	 	1560.000000
5.363175	 	1566.666667
5.466363	 	1573.333333
5.375759	 	1580.000000
5.438678	 	1586.666667
5.652605	 	1593.333333
5.403444	 	1600.000000
5.550256	 	1606.666667
5.556128	 	1613.333333
5.583813	 	1620.000000
5.626598	 	1626.666667
5.647571	 	1633.333333
5.530121	 	1640.000000
5.507470	 	1646.666667
5.569551	 	1653.333333
5.750759	 	1660.000000
5.848913	 	1666.666667
5.784316	 	1673.333333
5.778444	 	1680.000000
5.801933	 	1686.666667
5.722235	 	1693.333333
5.842202	 	1700.000000
5.910994	 	1706.666667
5.993209	 	1713.333333
6.033477	 	1720.000000
5.862336	 	1726.666667
5.972235	 	1733.333333
5.766699	 	1740.000000
5.800256	 	1746.666667
5.940356	 	1753.333333
5.744048	 	1760.000000
5.553611	 	1766.666667
5.622403	 	1773.333333
5.505793	 	1780.000000
5.807806	 	1786.666667
5.473074	 	1793.333333
5.643376	 	1800.000000
5.721397	 	1806.666667
5.461329	 	1813.333333
5.473913	 	1820.000000
5.334652	 	1826.666667
5.516699	 	1833.333333
5.254954	 	1840.000000
5.427772	 	1846.666667
5.394215	 	1853.333333
5.322068	 	1860.000000
5.327940	 	1866.666667
5.315356	 	1873.333333
5.394215	 	1880.000000
5.455457	 	1886.666667
5.443712	 	1893.333333
5.428611	 	1900.000000
5.462168	 	1906.666667
5.259148	 	1913.333333
5.438678	 	1920.000000
5.239853	 	1926.666667
5.463007	 	1933.333333
5.452101	 	1940.000000
5.468880	 	1946.666667
5.410994	 	1953.333333
5.472235	 	1960.000000
5.349752	 	1966.666667
5.489853	 	1973.333333
5.481464	 	1980.000000
5.539350	 	1986.666667
5.532638	 	1993.333333
5.491531	 	2000.000000
5.507470	 	2006.666667
5.417705	 	2013.333333
5.474752	 	2020.000000
5.285994	 	2026.666667
5.493209	 	2033.333333
5.345558	 	2040.000000
5.079618	 	2046.666667
5.310323	 	2053.333333
5.438678	 	2060.000000
5.369886	 	2066.666667
5.499920	 	2073.333333
5.239853	 	2080.000000
5.216363	 	2086.666667
5.347235	 	2093.333333
5.470558	 	2100.000000
5.306967	 	2106.666667
5.363175	 	2113.333333
5.176933	 	2120.000000
5.235658	 	2126.666667
5.388343	 	2133.333333
5.369886	 	2140.000000
5.364853	 	2146.666667
5.236497	 	2153.333333
5.435323	 	2160.000000
5.316195	 	2166.666667
5.295222	 	2173.333333
5.165189	 	2180.000000
5.198746	 	2186.666667
5.228108	 	2193.333333
5.293544	 	2200.000000
5.286833	 	2206.666667
5.332135	 	2213.333333
5.389182	 	2220.000000
5.223913	 	2226.666667
5.183645	 	2233.333333
5.458813	 	2240.000000
5.190356	 	2246.666667
5.338846	 	2253.333333
5.240692	 	2260.000000
5.179450	 	2266.666667
5.203779	 	2273.333333
5.230625	 	2280.000000
5.245725	 	2286.666667
5.313678	 	2293.333333
5.215524	 	2300.000000
5.381631	 	2306.666667
5.181967	 	2313.333333
5.100591	 	2320.000000
5.120725	 	2326.666667
5.195390	 	2333.333333
5.149249	 	2340.000000
5.159316	 	2346.666667
5.236497	 	2353.333333
5.043544	 	2360.000000
5.145054	 	2366.666667
5.051095	 	2373.333333
5.233142	 	2380.000000
5.146732	 	2386.666667
5.025088	 	2393.333333
4.987336	 	2400.000000
5.120725	 	2406.666667
4.965524	 	2413.333333
4.891699	 	2420.000000
4.749081	 	2426.666667
4.909316	 	2433.333333
5.052772	 	2440.000000
4.773410	 	2446.666667
4.855625	 	2453.333333
4.926095	 	2460.000000
4.999081	 	2466.666667
4.833813	 	2473.333333
4.977269	 	2480.000000
4.961329	 	2486.666667
4.878276	 	2493.333333
4.981464	 	2500.000000
5.046061	 	2506.666667
4.854786	 	2513.333333
5.139182	 	2520.000000
5.136665	 	2526.666667
5.202940	 	2533.333333
5.254115	 	2540.000000
5.172739	 	2546.666667
5.212168	 	2553.333333
5.210491	 	2560.000000
5.342202	 	2566.666667
5.387504	 	2573.333333
5.496564	 	2580.000000
5.404282	 	2586.666667
5.418544	 	2593.333333
5.375759	 	2600.000000
5.291027	 	2606.666667
5.346397	 	2613.333333
5.358142	 	2620.000000
5.418544	 	2626.666667
5.073746	 	2633.333333
5.291866	 	2640.000000
5.398410	 	2646.666667
5.505793	 	2653.333333
5.362336	 	2660.000000
5.487336	 	2666.666667
5.466363	 	2673.333333
5.619048	 	2680.000000
5.364014	 	2686.666667
5.417705	 	2693.333333
5.573746	 	2700.000000
5.479786	 	2706.666667
5.362336	 	2713.333333
5.390021	 	2720.000000
5.382470	 	2726.666667
5.540189	 	2733.333333
5.427772	 	2740.000000
5.440356	 	2746.666667
5.435323	 	2753.333333
5.370725	 	2760.000000
5.336329	 	2766.666667
5.344719	 	2773.333333
5.519215	 	2780.000000
5.395893	 	2786.666667
5.324584	 	2793.333333
5.254115	 	2800.000000
5.292705	 	2806.666667
5.291866	 	2813.333333
5.358980	 	2820.000000
5.458813	 	2826.666667
5.428611	 	2833.333333
5.349752	 	2840.000000
5.273410	 	2846.666667
5.293544	 	2853.333333
5.430289	 	2860.000000
5.416866	 	2866.666667
5.381631	 	2873.333333
5.343880	 	2880.000000
5.355625	 	2886.666667
5.383309	 	2893.333333
5.441195	 	2900.000000
5.572907	 	2906.666667
5.466363	 	2913.333333
5.452101	 	2920.000000
5.337168	 	2926.666667
5.509987	 	2933.333333
5.468880	 	2940.000000
5.644215	 	2946.666667
5.657638	 	2953.333333
5.514182	 	2960.000000
5.520893	 	2966.666667
5.614853	 	2973.333333
5.530960	 	2980.000000
5.470558	 	2986.666667
5.499920	 	2993.333333
5.432806	 	3000.000000
5.560323	 	3006.666667
5.384987	 	3013.333333
5.521732	 	3020.000000
5.293544	 	3026.666667
5.556128	 	3033.333333
5.453779	 	3040.000000
5.452940	 	3046.666667
5.240692	 	3053.333333
5.653444	 	3060.000000
5.577940	 	3066.666667
5.745725	 	3073.333333
5.584652	 	3080.000000
5.674417	 	3086.666667
6.151766	 	3093.333333
7.530960	 	3100.000000
9.490692	 	3106.666667
12.187840	 	3113.333333
15.395054	 	3120.000000
20.514182	 	3126.666667
34.923578	 	3133.333333
84.968880	 	3140.000000
174.793544	 	3146.666667
278.116531	 	3153.333333
386.559484	 	3160.000000
504.395893	 	3166.666667
632.098074	 	3173.333333
769.181128	 	3180.000000
917.194551	 	3186.666667
1074.174417	 	3193.333333
1239.958813	 	3200.000000
1414.569551	 	3206.666667
1595.076262	 	3213.333333
1778.817034	 	3220.000000
1963.176095	 	3226.666667
2150.608142	 	3233.333333
2335.869886	 	3240.000000
2515.176095	 	3246.666667
2690.153444	 	3253.333333
2858.448746	 	3260.000000
3022.395054	 	3266.666667
3180.930289	 	3273.333333
3327.966363	 	3280.000000
3466.638343	 	3286.666667
3593.558645	 	3293.333333
3709.742370	 	3300.000000
3812.361497	 	3306.666667
3905.845558	 	3313.333333
3989.909316	 	3320.000000
4060.692873	 	3326.666667
4121.102269	 	3333.333333
4171.658477	 	3340.000000
4211.964685	 	3346.666667
4242.744886	 	3353.333333
4265.544383	 	3360.000000
4280.770054	 	3366.666667
4286.537672	 	3373.333333
4286.765860	 	3380.000000
4280.265860	 	3386.666667
4266.145054	 	3393.333333
4247.032638	 	3400.000000
4224.670222	 	3406.666667
4198.916866	 	3413.333333
4168.082974	 	3420.000000
4136.215524	 	3426.666667
4100.087168	 	3433.333333
4061.382470	 	3440.000000
4021.011665	 	3446.666667
3977.823746	 	3453.333333
3933.385826	 	3460.000000
3887.010826	 	3466.666667
3840.093880	 	3473.333333
3793.126598	 	3480.000000
3745.332135	 	3486.666667
3696.489014	 	3493.333333
3647.602269	 	3500.000000
3597.808645	 	3506.666667
3548.719719	 	3513.333333
3498.918544	 	3520.000000
3449.108980	 	3526.666667
3398.533477	 	3533.333333
3348.796061	 	3540.000000
3299.673578	 	3546.666667
3250.782638	 	3553.333333
3202.364853	 	3560.000000
3153.902605	 	3566.666667
3105.486497	 	3573.333333
3058.847235	 	3580.000000
3012.873242	 	3586.666667
2966.772571	 	3593.333333
2921.155121	 	3600.000000
2876.166866	 	3606.666667
2832.421900	 	3613.333333
2789.399249	 	3620.000000
2745.662672	 	3626.666667
2703.681128	 	3633.333333
2661.182806	 	3640.000000
2619.529282	 	3646.666667
2579.688678	 	3653.333333
2540.277605	 	3660.000000
2499.869886	 	3666.666667
2461.457135	 	3673.333333
2423.624081	 	3680.000000
2386.151766	 	3686.666667
2348.811162	 	3693.333333
2312.619886	 	3700.000000
2276.985658	 	3706.666667
2242.338846	 	3713.333333
2208.317873	 	3720.000000
2174.286833	 	3726.666667
2141.390021	 	3733.333333
2108.913511	 	3740.000000
2076.826262	 	3746.666667
2046.028444	 	3753.333333
2015.181128	 	3760.000000
1985.423578	 	3766.666667
1955.934484	 	3773.333333
1926.889182	 	3780.000000
1898.716363	 	3786.666667
1870.265860	 	3793.333333
1842.263343	 	3800.000000
1815.377437	 	3806.666667
1788.838846	 	3813.333333
1763.089685	 	3820.000000
1737.116531	 	3826.666667
1711.386665	 	3833.333333
1687.093880	 	3840.000000
1662.382470	 	3846.666667
1638.818712	 	3853.333333
1615.131631	 	3860.000000
1592.371564	 	3866.666667
1570.202940	 	3873.333333
1548.048578	 	3880.000000
1525.924417	 	3886.666667
1504.973913	 	3893.333333
1483.592202	 	3900.000000
1462.775927	 	3906.666667
1442.187840	 	3913.333333
1421.827101	 	3920.000000
1402.095558	 	3926.666667
1382.321229	 	3933.333333
1363.020893	 	3940.000000
1343.941195	 	3946.666667
1324.906799	 	3953.333333
1306.642538	 	3960.000000
1288.582974	 	3966.666667
1270.664350	 	3973.333333
1253.351430	 	3980.000000
1236.267538	 	3986.666667
1219.391699	 	3993.333333
1203.041027	 	4000.000000
1186.360658	 	4006.666667
1170.012504	 	4013.333333
1153.756631	 	4020.000000
1138.175256	 	4026.666667
1122.921900	 	4033.333333
1107.150927	 	4040.000000
1091.826262	 	4046.666667
1076.930289	 	4053.333333
1062.364014	 	4060.000000
1047.738175	 	4066.666667
1033.247403	 	4073.333333
1019.307806	 	4080.000000
1005.627437	 	4086.666667
991.590524	 	4093.333333
978.107303	 	4100.000000
964.615692	 	4106.666667
951.384987	 	4113.333333
938.424417	 	4120.000000
925.601430	 	4126.666667
913.192034	 	4133.333333
900.745725	 	4140.000000
888.183645	 	4146.666667
876.585491	 	4153.333333
864.645893	 	4160.000000
853.011665	 	4166.666667
841.748242	 	4173.333333
830.129115	 	4180.000000
819.285994	 	4186.666667
808.461329	 	4193.333333
797.636665	 	4200.000000
787.117370	 	4206.666667
776.718041	 	4213.333333
766.713007	 	4220.000000
756.507470	 	4226.666667
746.733980	 	4233.333333
737.124920	 	4240.000000
727.277605	 	4246.666667
718.080457	 	4253.333333
708.982303	 	4260.000000
700.035155	 	4266.666667
691.029282	 	4273.333333
682.213846	 	4280.000000
673.604786	 	4286.666667
665.222235	 	4293.333333
656.742370	 	4300.000000
648.235658	 	4306.666667
640.160155	 	4313.333333
632.090524	 	4320.000000
624.300256	 	4326.666667
616.400927	 	4333.333333
608.512504	 	4340.000000
600.846397	 	4346.666667
593.534316	 	4353.333333
585.854786	 	4360.000000
578.376598	 	4366.666667
571.379115	 	4373.333333
564.119886	 	4380.000000
557.205457	 	4386.666667
550.035155	 	4393.333333
542.993209	 	4400.000000
536.191195	 	4406.666667
529.453779	 	4413.333333
522.659316	 	4420.000000
516.090524	 	4426.666667
509.588007	 	4433.333333
502.979786	 	4440.000000
496.463007	 	4446.666667
490.233980	 	4453.333333
484.094719	 	4460.000000
477.992370	 	4466.666667
471.679450	 	4473.333333
465.756631	 	4480.000000
459.674417	 	4486.666667
453.818712	 	4493.333333
448.034316	 	4500.000000
442.159316	 	4506.666667
436.514182	 	4513.333333
430.776766	 	4520.000000
426.148410	 	4526.666667
419.802772	 	4533.333333
415.174417	 	4540.000000
409.884148	 	4546.666667
404.949584	 	4553.333333
399.584652	 	4560.000000
395.119886	 	4566.666667
391.033477	 	4573.333333
385.553611	 	4580.000000
380.444551	 	4586.666667
376.844719	 	4593.333333
371.818712	 	4600.000000
366.900088	 	4606.666667
362.362336	 	4613.333333
359.174417	 	4620.000000
353.564517	 	4626.666667
349.979786	 	4633.333333
345.901766	 	4640.000000
340.021732	 	4646.666667
337.854786	 	4653.333333
334.963846	 	4660.000000
328.949584	 	4666.666667
324.652605	 	4673.333333
323.531799	 	4680.000000
316.917705	 	4686.666667
315.125759	 	4693.333333
310.395054	 	4700.000000
306.242370	 	4706.666667
304.419383	 	4713.333333
297.955457	 	4720.000000
295.804450	 	4726.666667
292.923578	 	4733.333333
289.369886	 	4740.000000
285.782638	 	4746.666667
281.346397	 	4753.333333
278.538511	 	4760.000000
275.921061	 	4766.666667
272.380793	 	4773.333333
267.922739	 	4780.000000
266.652605	 	4786.666667
260.759987	 	4793.333333
260.108980	 	4800.000000
256.246564	 	4806.666667
251.611497	 	4813.333333
250.323746	 	4820.000000
246.507470	 	4826.666667
243.828779	 	4833.333333
240.268376	 	4840.000000
238.921061	 	4846.666667
235.734819	 	4853.333333
231.015860	 	4860.000000
231.067034	 	4866.666667
227.187840	 	4873.333333
223.623242	 	4880.000000
222.534316	 	4886.666667
218.442034	 	4893.333333
215.693712	 	4900.000000
214.246564	 	4906.666667
210.922739	 	4913.333333
208.265860	 	4920.000000
206.650088	 	4926.666667
202.287672	 	4933.333333
201.748242	 	4940.000000
198.853108	 	4946.666667
196.042705	 	4953.333333
195.196229	 	4960.000000
190.701262	 	4966.666667
189.973913	 	4973.333333
188.521732	 	4980.000000
184.075423	 	4986.666667
184.322907	 	4993.333333
180.767538	 	5000.000000
178.220558	 	5006.666667
177.499920	 	5013.333333
175.156799	 	5020.000000
172.655121	 	5026.666667
171.707135	 	5033.333333
168.655960	 	5040.000000
167.101430	 	5046.666667
165.919383	 	5053.333333
163.090524	 	5060.000000
161.612336	 	5066.666667
159.858980	 	5073.333333
158.406799	 	5080.000000
156.660155	 	5086.666667
154.640021	 	5093.333333
153.245725	 	5100.000000
151.172739	 	5106.666667
150.025927	 	5113.333333
148.115692	 	5120.000000
146.746564	 	5126.666667
145.786833	 	5133.333333
143.277605	 	5140.000000
142.634987	 	5146.666667
140.963846	 	5153.333333
139.082135	 	5160.000000
138.389182	 	5166.666667
135.990692	 	5173.333333
134.446229	 	5180.000000
134.067034	 	5186.666667
131.407638	 	5193.333333
130.278444	 	5200.000000
129.426095	 	5206.666667
127.093880	 	5213.333333
126.188678	 	5220.000000
124.744048	 	5226.666667
122.599752	 	5233.333333
122.110658	 	5240.000000
119.912672	 	5246.666667
118.764182	 	5253.333333
117.844719	 	5260.000000
115.999920	 	5266.666667
114.978108	 	5273.333333
113.521732	 	5280.000000
112.081296	 	5286.666667
111.399249	 	5293.333333
110.016699	 	5300.000000
108.302772	 	5306.666667
107.864853	 	5313.333333
106.465524	 	5320.000000
104.961329	 	5326.666667
104.164350	 	5333.333333
103.063678	 	5340.000000
101.877437	 	5346.666667
100.790189	 	5353.333333
99.687840	 	5360.000000
98.692034	 	5366.666667
97.748242	 	5373.333333
96.369886	 	5380.000000
95.118209	 	5386.666667
94.484819	 	5393.333333
93.138343	 	5400.000000
92.140860	 	5406.666667
91.473913	 	5413.333333
90.189517	 	5420.000000
89.697068	 	5426.666667
88.710491	 	5433.333333
87.333813	 	5440.000000
87.005793	 	5446.666667
85.892538	 	5453.333333
84.930289	 	5460.000000
84.696229	 	5466.666667
83.774249	 	5473.333333
83.210491	 	5480.000000
82.415189	 	5486.666667
81.273410	 	5493.333333
80.955457	 	5500.000000
80.239853	 	5506.666667
79.075423	 	5513.333333
78.633309	 	5520.000000
77.284316	 	5526.666667
76.676095	 	5533.333333
75.891699	 	5540.000000
75.014182	 	5546.666667
74.376598	 	5553.333333
73.533477	 	5560.000000
72.724752	 	5566.666667
72.007470	 	5573.333333
71.335491	 	5580.000000
70.614853	 	5586.666667
69.619048	 	5593.333333
69.096397	 	5600.000000
68.364853	 	5606.666667
67.554450	 	5613.333333
67.150927	 	5620.000000
66.357303	 	5626.666667
65.478108	 	5633.333333
65.081296	 	5640.000000
64.038511	 	5646.666667
63.793544	 	5653.333333
63.047739	 	5660.000000
62.149249	 	5666.666667
61.912672	 	5673.333333
61.259987	 	5680.000000
60.806128	 	5686.666667
60.533477	 	5693.333333
59.438678	 	5700.000000
59.380793	 	5706.666667
58.885826	 	5713.333333
58.009987	 	5720.000000
57.661833	 	5726.666667
57.241531	 	5733.333333
56.642538	 	5740.000000
56.354786	 	5746.666667
55.530960	 	5753.333333
55.043544	 	5760.000000
54.603108	 	5766.666667
53.852269	 	5773.333333
53.253276	 	5780.000000
53.046061	 	5786.666667
52.287672	 	5793.333333
51.800256	 	5800.000000
51.284316	 	5806.666667
50.848074	 	5813.333333
50.324584	 	5820.000000
49.687840	 	5826.666667
49.039350	 	5833.333333
48.763343	 	5840.000000
48.006631	 	5846.666667
47.552772	 	5853.333333
47.050256	 	5860.000000
46.775927	 	5866.666667
46.161833	 	5873.333333
45.693712	 	5880.000000
45.275088	 	5886.666667
44.929450	 	5893.333333
44.324584	 	5900.000000
44.008309	 	5906.666667
43.234819	 	5913.333333
43.230625	 	5920.000000
42.536833	 	5926.666667
42.207135	 	5933.333333
41.646732	 	5940.000000
41.247403	 	5946.666667
40.947907	 	5953.333333
40.671061	 	5960.000000
40.114853	 	5966.666667
39.669383	 	5973.333333
39.254115	 	5980.000000
38.890860	 	5986.666667
38.581296	 	5993.333333
38.308645	 	6000.000000
37.772571	 	6006.666667
37.562840	 	6013.333333
36.948746	 	6020.000000
36.706296	 	6026.666667
36.423578	 	6033.333333
35.931128	 	6040.000000
35.609819	 	6046.666667
35.244048	 	6053.333333
35.041027	 	6060.000000
34.968041	 	6066.666667
34.131631	 	6073.333333
34.004115	 	6080.000000
33.411833	 	6086.666667
33.201262	 	6093.333333
32.993209	 	6100.000000
32.678611	 	6106.666667
31.987336	 	6113.333333
31.771732	 	6120.000000
31.324584	 	6126.666667
31.082135	 	6133.333333
30.846397	 	6140.000000
30.826262	 	6146.666667
30.362336	 	6153.333333
29.963007	 	6160.000000
29.582974	 	6166.666667
29.459652	 	6173.333333
29.338846	 	6180.000000
28.957135	 	6186.666667
28.709652	 	6193.333333
28.433645	 	6200.000000
27.817873	 	6206.666667
27.812001	 	6213.333333
27.431967	 	6220.000000
27.235658	 	6226.666667
26.706296	 	6233.333333
26.322907	 	6240.000000
26.269215	 	6246.666667
25.796061	 	6253.333333
25.437840	 	6260.000000
25.317034	 	6266.666667
24.983142	 	6273.333333
24.837168	 	6280.000000
24.369886	 	6286.666667
24.233142	 	6293.333333
23.697068	 	6300.000000
23.748242	 	6306.666667
23.558645	 	6313.333333
23.288511	 	6320.000000
23.057806	 	6326.666667
23.023410	 	6333.333333
22.478108	 	6340.000000
22.326262	 	6346.666667
22.268376	 	6353.333333
22.255793	 	6360.000000
21.973074	 	6366.666667
21.824584	 	6373.333333
21.811162	 	6380.000000
21.458813	 	6386.666667
21.206296	 	6393.333333
21.020054	 	6400.000000
20.775088	 	6406.666667
20.584652	 	6413.333333
20.371564	 	6420.000000
19.985658	 	6426.666667
19.884148	 	6433.333333
19.656799	 	6440.000000
19.541866	 	6446.666667
19.170222	 	6453.333333
19.041866	 	6460.000000
19.027605	 	6466.666667
18.725591	 	6473.333333
18.697068	 	6480.000000
18.628276	 	6486.666667
18.325423	 	6493.333333
18.244886	 	6500.000000
17.899249	 	6506.666667
17.943712	 	6513.333333
17.711329	 	6520.000000
17.477269	 	6526.666667
17.411833	 	6533.333333
17.394215	 	6540.000000
17.137504	 	6546.666667
16.767538	 	6553.333333
16.548578	 	6560.000000
16.413511	 	6566.666667
16.122403	 	6573.333333
16.227269	 	6580.000000
15.749920	 	6586.666667
15.681128	 	6593.333333
15.481464	 	6600.000000
15.544383	 	6606.666667
15.385826	 	6613.333333
15.129954	 	6620.000000
15.248242	 	6626.666667
15.035994	 	6633.333333
15.010826	 	6640.000000
15.070390	 	6646.666667
14.785994	 	6653.333333
14.692034	 	6660.000000
14.645054	 	6666.666667
14.723913	 	6673.333333
14.516699	 	6680.000000
14.351430	 	6686.666667
14.178611	 	6693.333333
14.043544	 	6700.000000
14.046900	 	6706.666667
13.961329	 	6713.333333
13.883309	 	6720.000000
13.830457	 	6726.666667
13.631631	 	6733.333333
13.685323	 	6740.000000
13.473913	 	6746.666667
13.249920	 	6753.333333
13.275927	 	6760.000000
13.330457	 	6766.666667
13.014182	 	6773.333333
13.124081	 	6780.000000
13.004115	 	6786.666667
13.071229	 	6793.333333
12.969719	 	6800.000000
12.798578	 	6806.666667
12.557806	 	6813.333333
12.647571	 	6820.000000
12.650927	 	6826.666667
12.421061	 	6833.333333
12.314517	 	6840.000000
12.280960	 	6846.666667
12.188678	 	6853.333333
11.991531	 	6860.000000
11.898410	 	6866.666667
11.676933	 	6873.333333
11.681128	 	6880.000000
11.388343	 	6886.666667
11.240692	 	6893.333333
11.171900	 	6900.000000
10.791027	 	6906.666667
11.007470	 	6913.333333
10.890860	 	6920.000000
10.630793	 	6926.666667
10.666866	 	6933.333333
10.599752	 	6940.000000
10.625759	 	6946.666667
10.493209	 	6953.333333
10.345558	 	6960.000000
10.139182	 	6966.666667
10.145893	 	6973.333333
10.127437	 	6980.000000
9.994048	 	6986.666667
9.796061	 	6993.333333
9.736497	 	7000.000000
9.650927	 	7006.666667
9.455457	 	7013.333333
9.575423	 	7020.000000
9.352269	 	7026.666667
9.292705	 	7033.333333
9.388343	 	7040.000000
9.321229	 	7046.666667
9.303611	 	7053.333333
9.329618	 	7060.000000
9.133309	 	7066.666667
9.297739	 	7073.333333
9.025927	 	7080.000000
9.278444	 	7086.666667
8.992370	 	7093.333333
8.928611	 	7100.000000
9.003276	 	7106.666667
9.124081	 	7113.333333
8.924417	 	7120.000000
8.864014	 	7126.666667
8.669383	 	7133.333333
8.704618	 	7140.000000
8.811162	 	7146.666667
8.713007	 	7153.333333
8.681967	 	7160.000000
8.505793	 	7166.666667
8.614853	 	7173.333333
8.542705	 	7180.000000
8.413511	 	7186.666667
8.374081	 	7193.333333
8.437001	 	7200.000000
8.356464	 	7206.666667
8.332974	 	7213.333333
8.269215	 	7220.000000
8.325423	 	7226.666667
8.046061	 	7233.333333
7.984819	 	7240.000000
7.860658	 	7246.666667
7.903444	 	7253.333333
7.762504	 	7260.000000
7.630793	 	7266.666667
7.603947	 	7273.333333
7.648410	 	7280.000000
7.669383	 	7286.666667
7.596397	 	7293.333333
7.573746	 	7300.000000
7.542705	 	7306.666667
7.441195	 	7313.333333
7.413511	 	7320.000000
7.334652	 	7326.666667
7.250759	 	7333.333333
7.090524	 	7340.000000
6.982303	 	7346.666667
6.800256	 	7353.333333
6.700423	 	7360.000000
6.765860	 	7366.666667
6.489014	 	7373.333333
6.527605	 	7380.000000
6.189517	 	7386.666667
6.358142	 	7393.333333
6.542705	 	7400.000000
6.355625	 	7406.666667
6.417705	 	7413.333333
6.631631	 	7420.000000
6.531799	 	7426.666667
6.369886	 	7433.333333
6.363175	 	7440.000000
6.101430	 	7446.666667
6.161833	 	7453.333333
5.990692	 	7460.000000
6.119886	 	7466.666667
5.918544	 	7473.333333
5.956296	 	7480.000000
5.560323	 	7486.666667
5.659316	 	7493.333333
5.496564	 	7500.000000
5.648410	 	7506.666667
5.326262	 	7513.333333
5.138343	 	7520.000000
5.223074	 	7526.666667
5.152605	 	7533.333333
5.254954	 	7540.000000
5.163511	 	7546.666667
5.145893	 	7553.333333
5.127437	 	7560.000000
4.947907	 	7566.666667
5.039350	 	7573.333333
4.982303	 	7580.000000
4.726430	 	7586.666667
4.841363	 	7593.333333
4.859819	 	7600.000000
4.856464	 	7606.666667
4.824584	 	7613.333333
4.577101	 	7620.000000
4.618209	 	7626.666667
4.852269	 	7633.333333
4.597235	 	7640.000000
4.544383	 	7646.666667
4.538511	 	7653.333333
4.603108	 	7660.000000
4.546061	 	7666.666667
4.498242	 	7673.333333
4.528444	 	7680.000000
4.353947	 	7686.666667
4.526766	 	7693.333333
4.302772	 	7700.000000
4.376598	 	7706.666667
4.313678	 	7713.333333
4.237336	 	7720.000000
4.128276	 	7726.666667
3.967202	 	7733.333333
4.030960	 	7740.000000
4.079618	 	7746.666667
3.952101	 	7753.333333
3.914350	 	7760.000000
3.927772	 	7766.666667
3.779282	 	7773.333333
3.923578	 	7780.000000
3.752437	 	7786.666667
3.693712	 	7793.333333
3.948746	 	7800.000000
3.764182	 	7806.666667
3.826262	 	7813.333333
3.721397	 	7820.000000
3.812001	 	7826.666667
3.740692	 	7833.333333
3.773410	 	7840.000000
3.797739	 	7846.666667
3.779282	 	7853.333333
3.710491	 	7860.000000
3.499081	 	7866.666667
3.535994	 	7873.333333
3.620725	 	7880.000000
3.361497	 	7886.666667
3.529282	 	7893.333333
3.312840	 	7900.000000
3.366531	 	7906.666667
3.303611	 	7913.333333
3.274249	 	7920.000000
2.974752	 	7926.666667
2.812001	 	7933.333333
2.742370	 	7940.000000
2.890860	 	7946.666667
2.578779	 	7953.333333
2.588007	 	7960.000000
2.410994	 	7966.666667
2.357303	 	7973.333333
2.531799	 	7980.000000
2.369886	 	7986.666667
2.235658	 	7993.333333
2.201262	 	8000.000000
1.984819	 	8006.666667
2.067034	 	8013.333333
1.981464	 	8020.000000
2.069551	 	8026.666667
1.859819	 	8033.333333
2.194551	 	8040.000000
2.199584	 	8046.666667
2.072068	 	8053.333333
2.050256	 	8060.000000
2.089685	 	8066.666667
2.094719	 	8073.333333
2.242370	 	8080.000000
2.221397	 	8086.666667
2.223913	 	8093.333333
2.353108	 	8100.000000
2.233142	 	8106.666667
2.361497	 	8113.333333
2.302772	 	8120.000000
2.210491	 	8126.666667
2.300256	 	8133.333333
2.207135	 	8140.000000
2.423578	 	8146.666667
2.166027	 	8153.333333
2.202101	 	8160.000000
2.431967	 	8166.666667
2.175256	 	8173.333333
2.176095	 	8180.000000
2.099752	 	8186.666667
1.958813	 	8193.333333
1.999920	 	8200.000000
1.933645	 	8206.666667
1.941195	 	8213.333333
1.972235	 	8220.000000
1.927772	 	8226.666667
2.080457	 	8233.333333
1.965524	 	8240.000000
1.905960	 	8246.666667
1.931967	 	8253.333333
1.952101	 	8260.000000
1.849752	 	8266.666667
1.949584	 	8273.333333
1.926933	 	8280.000000
1.705457	 	8286.666667
1.832135	 	8293.333333
1.884987	 	8300.000000
1.791027	 	8306.666667
1.739014	 	8313.333333
1.661833	 	8320.000000
1.822068	 	8326.666667
1.749920	 	8333.333333
1.811162	 	8340.000000
1.633309	 	8346.666667
1.419383	 	8353.333333
1.489014	 	8360.000000
1.471397	 	8366.666667
1.535155	 	8373.333333
1.441195	 	8380.000000
1.357303	 	8386.666667
1.415189	 	8393.333333
1.274249	 	8400.000000
1.246564	 	8406.666667
1.354786	 	8413.333333
1.249081	 	8420.000000
1.159316	 	8426.666667
1.213007	 	8433.333333
1.196229	 	8440.000000
1.314517	 	8446.666667
1.246564	 	8453.333333
1.240692	 	8460.000000
1.239853	 	8466.666667
1.218880	 	8473.333333
1.297739	 	8480.000000
1.023410	 	8486.666667
0.942873	 	8493.333333
1.118209	 	8500.000000
1.120725	 	8506.666667
1.357303	 	8513.333333
1.003276	 	8520.000000
1.070390	 	8526.666667
1.337168	 	8533.333333
1.255793	 	8540.000000
1.357303	 	8546.666667
1.461329	 	8553.333333
1.361497	 	8560.000000
1.283477	 	8566.666667
1.134987	 	8573.333333
1.453779	 	8580.000000
1.350591	 	8586.666667
1.145893	 	8593.333333
1.181967	 	8600.000000
1.183645	 	8606.666667
1.054450	 	8613.333333
1.158477	 	8620.000000
1.025927	 	8626.666667
0.912672	 	8633.333333
0.948746	 	8640.000000
0.796900	 	8646.666667
0.660994	 	8653.333333
0.891699	 	8660.000000
0.796900	 	8666.666667
0.686162	 	8673.333333
0.626598	 	8680.000000
0.576262	 	8686.666667
0.457974	 	8693.333333
0.564517	 	8700.000000
0.478108	 	8706.666667
0.469719	 	8713.333333
0.453779	 	8720.000000
0.621564	 	8726.666667
0.335491	 	8733.333333
0.691195	 	8740.000000
0.290189	 	8746.666667
0.478108	 	8753.333333
0.582135	 	8760.000000
0.483142	 	8766.666667
0.674417	 	8773.333333
0.462168	 	8780.000000
0.544383	 	8786.666667
0.670222	 	8793.333333
0.484819	 	8800.000000
0.532638	 	8806.666667
0.694551	 	8813.333333
0.590524	 	8820.000000
0.657638	 	8826.666667
0.630793	 	8833.333333
0.756631	 	8840.000000
0.689517	 	8846.666667
0.735658	 	8853.333333
0.778444	 	8860.000000
0.833813	 	8866.666667
0.685323	 	8873.333333
0.766699	 	8880.000000
0.777605	 	8886.666667
0.893376	 	8893.333333
0.822068	 	8900.000000
0.768376	 	8906.666667
0.681967	 	8913.333333
0.902605	 	8920.000000
0.858142	 	8926.666667
0.905121	 	8933.333333
0.970558	 	8940.000000
1.035155	 	8946.666667
0.942873	 	8953.333333
1.110658	 	8960.000000
1.056128	 	8966.666667
1.217202	 	8973.333333
0.931128	 	8980.000000
1.073746	 	8986.666667
1.030960	 	8993.333333
1.122403	 	9000.000000
0.869886	 	9006.666667
0.971397	 	9013.333333
0.964685	 	9020.000000
1.007470	 	9026.666667
0.822907	 	9033.333333
0.964685	 	9040.000000
0.885826	 	9046.666667
0.963846	 	9053.333333
1.059484	 	9060.000000
0.971397	 	9066.666667
0.859819	 	9073.333333
0.834652	 	9080.000000
0.655121	 	9086.666667
0.725591	 	9093.333333
0.494048	 	9100.000000
0.607303	 	9106.666667
0.840524	 	9113.333333
0.646732	 	9120.000000
0.838007	 	9126.666667
0.688678	 	9133.333333
0.603947	 	9140.000000
0.743209	 	9146.666667
0.603108	 	9153.333333
0.273410	 	9160.000000
0.487336	 	9166.666667
0.486497	 	9173.333333
0.275927	 	9180.000000
0.306967	 	9186.666667
0.315356	 	9193.333333
0.255793	 	9200.000000
0.051095	 	9206.666667
0.092202	 	9213.333333
0.037672	 	9220.000000
0.086329	 	9226.666667
0.056967	 	9233.333333
0.104786	 	9240.000000
0.121564	 	9246.666667
-0.065516	 	9253.333333
0.077101	 	9260.000000
-0.114174	 	9266.666667
-0.175416	 	9273.333333
-0.250080	 	9280.000000
-0.159476	 	9286.666667
0.014182	 	9293.333333
-0.104946	 	9300.000000
-0.094040	 	9306.666667
-0.112496	 	9313.333333
-0.144375	 	9320.000000
0.249920	 	9326.666667
0.152605	 	9333.333333
0.025088	 	9340.000000
0.243209	 	9346.666667
0.105625	 	9353.333333
0.234819	 	9360.000000
0.156799	 	9366.666667
0.239853	 	9373.333333
0.398410	 	9380.000000
0.364853	 	9386.666667
0.233980	 	9393.333333
0.353947	 	9400.000000
0.271732	 	9406.666667
0.404282	 	9413.333333
0.527605	 	9420.000000
0.447068	 	9426.666667
0.565356	 	9433.333333
0.320390	 	9440.000000
0.197907	 	9446.666667
0.285155	 	9453.333333
0.262504	 	9460.000000
0.561162	 	9466.666667
0.380793	 	9473.333333
0.204618	 	9480.000000
0.227269	 	9486.666667
0.417705	 	9493.333333
0.286833	 	9500.000000
0.500759	 	9506.666667
0.435323	 	9513.333333
0.421061	 	9520.000000
0.240692	 	9526.666667
0.334652	 	9533.333333
0.364853	 	9540.000000
0.192034	 	9546.666667
0.254954	 	9553.333333
0.109819	 	9560.000000
-0.063838	 	9566.666667
0.062001	 	9573.333333
-0.121724	 	9580.000000
-0.199744	 	9586.666667
-0.098234	 	9593.333333
-0.020214	 	9600.000000
-0.106624	 	9606.666667
-0.219040	 	9613.333333
-0.290348	 	9620.000000
-0.139342	 	9626.666667
-0.092362	 	9633.333333
-0.135986	 	9640.000000
-0.109979	 	9646.666667
-0.227429	 	9653.333333
-0.208134	 	9660.000000
-0.129275	 	9666.666667
-0.255952	 	9673.333333
-0.120885	 	9680.000000
-0.084811	 	9686.666667
-0.126758	 	9693.333333
0.006631	 	9700.000000
-0.272731	 	9706.666667
-0.323067	 	9713.333333
-0.265181	 	9720.000000
-0.434644	 	9726.666667
-0.426254	 	9733.333333
-0.386825	 	9740.000000
-0.357462	 	9746.666667
-0.279442	 	9753.333333
-0.328100	 	9760.000000
-0.333973	 	9766.666667
-0.482462	 	9773.333333
-0.176254	 	9780.000000
-0.408637	 	9786.666667
-0.498402	 	9793.333333
-0.369207	 	9800.000000
-0.262664	 	9806.666667
-0.354107	 	9813.333333
-0.280281	 	9820.000000
-0.542026	 	9826.666667
-0.510986	 	9833.333333
-0.595718	 	9840.000000
-0.634308	 	9846.666667
-0.773570	 	9853.333333
-0.898570	 	9860.000000
-0.946389	 	9866.666667
-0.943033	 	9873.333333
-0.653603	 	9880.000000
-0.766020	 	9886.666667
-0.770214	 	9893.333333
-0.745046	 	9900.000000
-0.633469	 	9906.666667
-0.484979	 	9913.333333
-0.745046	 	9920.000000
-0.819711	 	9926.666667
-0.734979	 	9933.333333
-0.755114	 	9940.000000
-0.657798	 	9946.666667
-0.595718	 	9953.333333
-0.446389	 	9960.000000
-0.792865	 	9966.666667
-0.693872	 	9973.333333
-0.547060	 	9980.000000
-0.731624	 	9986.666667
-0.777765	 	9993.333333
-0.699744	 	10000.000000
-0.605785	 	10006.666667
-0.766020	 	10013.333333
-0.859979	 	10020.000000
-0.789509	 	10026.666667
-1.034476	 	10033.333333
-0.953939	 	10040.000000
-1.015181	 	10046.666667
-0.930449	 	10053.333333
-1.151087	 	10060.000000
-1.021892	 	10066.666667
-0.977429	 	10073.333333
-0.990852	 	10080.000000
-0.924577	 	10086.666667
-1.020214	 	10093.333333
-1.011825	 	10100.000000
-0.963167	 	10106.666667
-0.914509	 	10113.333333
-1.016020	 	10120.000000
-1.056288	 	10126.666667
-0.972395	 	10133.333333
-0.918704	 	10140.000000
-0.951422	 	10146.666667
-0.976590	 	10153.333333
-0.962328	 	10160.000000
-1.114174	 	10166.666667
-0.877597	 	10173.333333
-0.874241	 	10180.000000
-0.740013	 	10186.666667
-0.644375	 	10193.333333
-0.672899	 	10200.000000
-0.746724	 	10206.666667
-0.673738	 	10213.333333
-0.702261	 	10220.000000
-0.757630	 	10226.666667
-0.885147	 	10233.333333
-0.904442	 	10240.000000
-0.826422	 	10246.666667
-0.818033	 	10253.333333
-0.762664	 	10260.000000
-0.953939	 	10266.666667
-0.701422	 	10273.333333
-0.666187	 	10280.000000
-0.747563	 	10286.666667
-0.542026	 	10293.333333
-0.677932	 	10300.000000
-0.744207	 	10306.666667
-0.274409	 	10313.333333
-0.411993	 	10320.000000
-0.438838	 	10326.666667
-0.301254	 	10333.333333
-0.499241	 	10340.000000
-0.602429	 	10346.666667
-0.544543	 	10353.333333
-0.568033	 	10360.000000
-0.458973	 	10366.666667
-0.541187	 	10373.333333
-0.545382	 	10380.000000
-0.510147	 	10386.666667
-0.630114	 	10393.333333
-0.446389	 	10400.000000
-0.563838	 	10406.666667
-0.423738	 	10413.333333
-0.465684	 	10420.000000
-0.626758	 	10426.666667
-0.389342	 	10433.333333
-0.502597	 	10440.000000
-0.490013	 	10446.666667
-0.392697	 	10453.333333
-0.476590	 	10460.000000
-0.443872	 	10466.666667
-0.584811	 	10473.333333
-0.490013	 	10480.000000
-0.558805	 	10486.666667
-0.761825	 	10493.333333
-0.531959	 	10500.000000
-0.858301	 	10506.666667
-0.620885	 	10513.333333
-0.737496	 	10520.000000
-0.874241	 	10526.666667
-0.891020	 	10533.333333
-0.751758	 	10540.000000
-0.795382	 	10546.666667
-0.975751	 	10553.333333
-1.054610	 	10560.000000
-1.094040	 	10566.666667
-1.255114	 	10573.333333
-0.930449	 	10580.000000
-1.131791	 	10586.666667
-1.080617	 	10593.333333
-1.073905	 	10600.000000
-1.177093	 	10606.666667
-1.089845	 	10613.333333
-1.208973	 	10620.000000
-1.185483	 	10626.666667
-1.219040	 	10633.333333
-1.395214	 	10640.000000
-1.443872	 	10646.666667
-1.458134	 	10653.333333
-1.491691	 	10660.000000
-1.484979	 	10666.666667
-1.502597	 	10673.333333
-1.531959	 	10680.000000
-1.725751	 	10686.666667
-1.630952	 	10693.333333
-1.645214	 	10700.000000
-1.521892	 	10706.666667
-1.578100	 	10713.333333
-1.470718	 	10720.000000
-1.466523	 	10726.666667
-1.464006	 	10733.333333
-1.536993	 	10740.000000
-1.466523	 	10746.666667
-1.441355	 	10753.333333
-1.674577	 	10760.000000
-1.759308	 	10766.666667
-1.888503	 	10773.333333
-1.823067	 	10780.000000
-1.835650	 	10786.666667
-1.686322	 	10793.333333
-1.828100	 	10800.000000
-1.758469	 	10806.666667
-1.841523	 	10813.333333
-1.821389	 	10820.000000
-1.855785	 	10826.666667
-1.765181	 	10833.333333
-1.724073	 	10840.000000
-1.579778	 	10846.666667
-1.383469	 	10853.333333
-1.647731	 	10860.000000
-1.646053	 	10866.666667
-1.724073	 	10873.333333
-1.562999	 	10880.000000
-1.535315	 	10886.666667
-1.554610	 	10893.333333
-1.486657	 	10900.000000
-1.656120	 	10906.666667
-1.379275	 	10913.333333
-1.484140	 	10920.000000
-1.494207	 	10926.666667
-1.421221	 	10933.333333
-1.670382	 	10940.000000
-1.427932	 	10946.666667
-1.507630	 	10953.333333
-1.383469	 	10960.000000
-1.323905	 	10966.666667
-1.456456	 	10973.333333
-1.526926	 	10980.000000
-1.495046	 	10986.666667
-1.474912	 	10993.333333
-1.323905	 	11000.000000
-1.503436	 	11006.666667
-1.595718	 	11013.333333
-1.635986	 	11020.000000
-1.673738	 	11026.666667
-1.604107	 	11033.333333
-1.575583	 	11040.000000
-1.655281	 	11046.666667
-1.631791	 	11053.333333
-1.540348	 	11060.000000
-1.499241	 	11066.666667
-1.630114	 	11073.333333
-1.361657	 	11080.000000
-1.676254	 	11086.666667
-1.525248	 	11093.333333
-1.812160	 	11100.000000
-1.623402	 	11106.666667
-1.585650	 	11113.333333
-1.604946	 	11120.000000
-1.807966	 	11126.666667
-1.620885	 	11133.333333
-1.625919	 	11140.000000
-1.449744	 	11146.666667
-1.683805	 	11153.333333
-1.701422	 	11160.000000
-1.755952	 	11166.666667
-1.684644	 	11173.333333
-1.646053	 	11180.000000
-1.436322	 	11186.666667
-1.578100	 	11193.333333
-1.348234	 	11200.000000
-1.536993	 	11206.666667
-1.168704	 	11213.333333
-1.301254	 	11220.000000
-1.206456	 	11226.666667
-1.219879	 	11233.333333
-1.177932	 	11240.000000
-1.109140	 	11246.666667
-1.199744	 	11253.333333
-1.194711	 	11260.000000
-0.948067	 	11266.666667
-1.213167	 	11273.333333
-1.085650	 	11280.000000
-1.010986	 	11286.666667
-1.078939	 	11293.333333
-1.020214	 	11300.000000
-1.015181	 	11306.666667
-1.056288	 	11313.333333
-0.827261	 	11320.000000
-1.131791	 	11326.666667
-0.893536	 	11333.333333
-1.135147	 	11340.000000
-0.858301	 	11346.666667
-0.868369	 	11353.333333
-0.945550	 	11360.000000
-0.876758	 	11366.666667
-0.886825	 	11373.333333
-0.890181	 	11380.000000
-0.811322	 	11386.666667
-0.936322	 	11393.333333
-0.675416	 	11400.000000
-0.774409	 	11406.666667
-0.641858	 	11413.333333
-0.727429	 	11420.000000
-1.059644	 	11426.666667
-0.943872	 	11433.333333
-0.745046	 	11440.000000
-0.806288	 	11446.666667
-0.885147	 	11453.333333
-0.725751	 	11460.000000
-0.723234	 	11466.666667
-0.881791	 	11473.333333
-0.970718	 	11480.000000
-0.922060	 	11486.666667
-0.896892	 	11493.333333
-0.898570	 	11500.000000
-1.161154	 	11506.666667
-0.991691	 	11513.333333
-0.910315	 	11520.000000
-0.958134	 	11526.666667
-0.940516	 	11533.333333
-0.912832	 	11540.000000
-1.050416	 	11546.666667
-1.174577	 	11553.333333
-1.067194	 	11560.000000
-1.180449	 	11566.666667
-1.159476	 	11573.333333
-1.162832	 	11580.000000
-1.323067	 	11586.666667
-1.198905	 	11593.333333
-1.089845	 	11600.000000
-1.213167	 	11606.666667
-1.207295	 	11613.333333
-1.320550	 	11620.000000
-1.181288	 	11626.666667
-1.492530	 	11633.333333
-1.285315	 	11640.000000
-1.478268	 	11646.666667
-1.246724	 	11653.333333
-1.506791	 	11660.000000
-1.457295	 	11666.666667
-1.608301	 	11673.333333
-1.646892	 	11680.000000
-1.599912	 	11686.666667
-1.366691	 	11693.333333
-1.609140	 	11700.000000
-1.625080	 	11706.666667
-1.718201	 	11713.333333
-1.437160	 	11720.000000
-1.565516	 	11726.666667
-1.357462	 	11733.333333
-1.390181	 	11740.000000
-1.397731	 	11746.666667
-1.316355	 	11753.333333
-1.099073	 	11760.000000
-1.358301	 	11766.666667
-1.427093	 	11773.333333
-1.304610	 	11780.000000
-1.468201	 	11786.666667
-1.199744	 	11793.333333
-1.184644	 	11800.000000
-1.240013	 	11806.666667
-1.237496	 	11813.333333
-1.397731	 	11820.000000
-1.453939	 	11826.666667
-1.255952	 	11833.333333
-1.304610	 	11840.000000
-1.297060	 	11846.666667
-1.113335	 	11853.333333
-1.111657	 	11860.000000
-0.979107	 	11866.666667
-0.974912	 	11873.333333
-1.115852	 	11880.000000
-0.911993	 	11886.666667
-0.872563	 	11893.333333
-1.073067	 	11900.000000
-1.206456	 	11906.666667
-1.119207	 	11913.333333
-1.114174	 	11920.000000
-1.181288	 	11926.666667
-1.073067	 	11933.333333
-0.997563	 	11940.000000
-1.199744	 	11946.666667
-1.218201	 	11953.333333
-1.167026	 	11960.000000
-0.883469	 	11966.666667
-1.125080	 	11973.333333
-1.109979	 	11980.000000
-1.248402	 	11986.666667
-1.256791	 	11993.333333
-1.409476	 	12000.000000
-1.170382	 	12006.666667
-1.316355	 	12013.333333
-1.070550	 	12020.000000
-1.270214	 	12026.666667
-1.083134	 	12033.333333
-1.188838	 	12040.000000
-1.094040	 	12046.666667
-1.177932	 	12053.333333
-1.108301	 	12060.000000
-1.072228	 	12066.666667
-1.180449	 	12073.333333
-1.196389	 	12080.000000
-1.097395	 	12086.666667
-1.258469	 	12093.333333
-1.057966	 	12100.000000
-1.113335	 	12106.666667
-0.966523	 	12113.333333
-1.067194	 	12120.000000
-0.865013	 	12126.666667
-0.917026	 	12133.333333
-0.723234	 	12140.000000
-0.796221	 	12146.666667
-0.635147	 	12153.333333
-0.971556	 	12160.000000
-0.906120	 	12166.666667
-0.925416	 	12173.333333
-0.814677	 	12180.000000
-0.985818	 	12186.666667
-1.090684	 	12193.333333
-0.915348	 	12200.000000
-0.772731	 	12206.666667
-0.964845	 	12213.333333
-0.954778	 	12220.000000
-0.912832	 	12226.666667
-0.760986	 	12233.333333
-0.976590	 	12240.000000
-0.867530	 	12246.666667
-0.949744	 	12253.333333
-0.990013	 	12260.000000
-0.803771	 	12266.666667
-0.950583	 	12273.333333
-1.156959	 	12280.000000
-0.959811	 	12286.666667
-1.051254	 	12293.333333
-1.136825	 	12300.000000
-1.016020	 	12306.666667
-1.187160	 	12313.333333
-1.260986	 	12320.000000
-1.181288	 	12326.666667
-1.082295	 	12333.333333
-1.084811	 	12340.000000
-1.063838	 	12346.666667
-1.052932	 	12353.333333
-1.148570	 	12360.000000
-1.192194	 	12366.666667
-1.172899	 	12373.333333
-1.196389	 	12380.000000
-1.339845	 	12386.666667
-1.347395	 	12393.333333
-1.239174	 	12400.000000
-1.213167	 	12406.666667
-1.030281	 	12413.333333
-1.234140	 	12420.000000
-1.135147	 	12426.666667
-1.253436	 	12433.333333
-1.109140	 	12440.000000
-1.094040	 	12446.666667
-0.911154	 	12453.333333
-0.878436	 	12460.000000
-0.898570	 	12466.666667
-0.914509	 	12473.333333
-0.798738	 	12480.000000
-0.880114	 	12486.666667
-0.781120	 	12493.333333
-0.835650	 	12500.000000
-0.717362	 	12506.666667
-1.022731	 	12513.333333
-0.843201	 	12520.000000
-1.049577	 	12526.666667
-0.906959	 	12533.333333
-0.911154	 	12540.000000
-0.904442	 	12546.666667
-0.874241	 	12553.333333
-1.008469	 	12560.000000
-0.851590	 	12566.666667
-0.981624	 	12573.333333
-0.908637	 	12580.000000
-0.870046	 	12586.666667
-1.000080	 	12593.333333
-0.908637	 	12600.000000
-0.786154	 	12606.666667
-0.802932	 	12613.333333
-0.781120	 	12620.000000
-0.786993	 	12626.666667
-0.823067	 	12633.333333
-0.839845	 	12640.000000
-0.923738	 	12646.666667
-0.854946	 	12653.333333
-0.851590	 	12660.000000
-0.776926	 	12666.666667
-0.781120	 	12673.333333
-0.828939	 	12680.000000
-0.921221	 	12686.666667
-0.812999	 	12693.333333
-0.816355	 	12700.000000
-0.940516	 	12706.666667
-0.987496	 	12713.333333
-0.939677	 	12720.000000
-1.071389	 	12726.666667
-0.910315	 	12733.333333
-0.879275	 	12740.000000
-1.005114	 	12746.666667
-1.020214	 	12753.333333
-0.843201	 	12760.000000
-0.929610	 	12766.666667
-0.818033	 	12773.333333
-0.787832	 	12780.000000
-0.713167	 	12786.666667
-0.882630	 	12793.333333
-0.736657	 	12800.000000
-0.880114	 	12806.666667
-0.816355	 	12813.333333
-0.867530	 	12820.000000
-0.962328	 	12826.666667
-0.856624	 	12833.333333
-0.929610	 	12840.000000
-0.938838	 	12846.666667
-1.016020	 	12853.333333
-1.083973	 	12860.000000
-0.877597	 	12866.666667
-1.033637	 	12873.333333
-1.047899	 	12880.000000
-0.987496	 	12886.666667
-1.170382	 	12893.333333
-1.120046	 	12900.000000
-1.191355	 	12906.666667
-1.239174	 	12913.333333
-1.367530	 	12920.000000
-1.380952	 	12926.666667
-1.393536	 	12933.333333
-1.401087	 	12940.000000
-1.435483	 	12946.666667
-1.323905	 	12953.333333
-1.399409	 	12960.000000
-1.497563	 	12966.666667
-1.504275	 	12973.333333
-1.447228	 	12980.000000
-1.466523	 	12986.666667
-1.367530	 	12993.333333
-1.656959	 	13000.000000
-1.269375	 	13006.666667
-1.297060	 	13013.333333
-1.200583	 	13020.000000
-1.438838	 	13026.666667
-1.437999	 	13033.333333
-1.411993	 	13040.000000
-1.343201	 	13046.666667
-1.397731	 	13053.333333
-1.429610	 	13060.000000
-1.583134	 	13066.666667
-1.540348	 	13073.333333
-1.670382	 	13080.000000
-1.385986	 	13086.666667
-1.601590	 	13093.333333
-1.692194	 	13100.000000
-1.776926	 	13106.666667
-1.612496	 	13113.333333
-1.876758	 	13120.000000
-1.804610	 	13126.666667
-1.918704	 	13133.333333
-1.730785	 	13140.000000
-1.837328	 	13146.666667
-1.672060	 	13153.333333
-1.708973	 	13160.000000
-1.704778	 	13166.666667
-1.790348	 	13173.333333
-1.764342	 	13180.000000
-1.846556	 	13186.666667
-1.673738	 	13193.333333
-1.890181	 	13200.000000
-1.876758	 	13206.666667
-1.793704	 	13213.333333
-1.849912	 	13220.000000
-1.781959	 	13226.666667
-1.713167	 	13233.333333
-1.741691	 	13240.000000
-1.658637	 	13246.666667
-1.884308	 	13253.333333
-1.823067	 	13260.000000
-1.786154	 	13266.666667
-1.644375	 	13273.333333
-1.645214	 	13280.000000
-1.597395	 	13286.666667
-1.655281	 	13293.333333
-1.672899	 	13300.000000
-1.877597	 	13306.666667
-1.759308	 	13313.333333
-1.745885	 	13320.000000
-1.793704	 	13326.666667
