#peak 	 	#time 
2.009256	 	0.000000
2.444360	 	6.666667
2.581784	 	13.333333
2.799807	 	20.000000
2.971892	 	26.666667
3.092984	 	33.333333
3.112806	 	40.000000
3.100024	 	46.666667
3.224862	 	53.333333
3.017178	 	60.000000
3.132379	 	66.666667
3.116398	 	73.333333
3.251026	 	80.000000
3.119634	 	86.666667
3.295039	 	93.333333
3.538405	 	100.000000
3.439375	 	106.666667
3.502159	 	113.333333
3.422547	 	120.000000
3.517045	 	126.666667
3.409602	 	133.333333
3.628372	 	140.000000
3.616075	 	146.666667
3.528696	 	153.333333
3.694392	 	160.000000
3.654262	 	166.666667
3.489214	 	173.333333
3.590832	 	180.000000
3.419958	 	186.666667
3.531932	 	193.333333
3.592126	 	200.000000
3.647790	 	206.666667
3.639375	 	213.333333
3.555233	 	220.000000
3.482094	 	226.666667
3.509278	 	233.333333
3.458793	 	240.000000
3.466560	 	246.666667
3.451026	 	253.333333
3.452320	 	260.000000
3.397304	 	266.666667
3.313809	 	273.333333
3.132579	 	280.000000
3.289861	 	286.666667
3.417369	 	293.333333
3.456204	 	300.000000
3.343583	 	306.666667
3.256851	 	313.333333
3.276916	 	320.000000
3.177240	 	326.666667
3.212191	 	333.333333
3.126107	 	340.000000
3.183712	 	346.666667
3.288566	 	353.333333
3.157822	 	360.000000
3.144230	 	366.666667
2.987596	 	373.333333
2.939052	 	380.000000
3.047142	 	386.666667
2.986301	 	393.333333
3.098922	 	400.000000
2.968825	 	406.666667
3.102806	 	413.333333
3.071738	 	420.000000
2.900864	 	426.666667
3.016075	 	433.333333
3.045848	 	440.000000
3.177240	 	446.666667
3.034845	 	453.333333
2.902159	 	460.000000
3.017369	 	466.666667
2.974651	 	473.333333
3.070443	 	480.000000
3.277563	 	486.666667
3.133227	 	493.333333
2.931285	 	500.000000
2.922871	 	506.666667
2.865265	 	513.333333
3.139052	 	520.000000
3.045848	 	526.666667
3.027725	 	533.333333
3.145524	 	540.000000
3.164942	 	546.666667
3.090508	 	553.333333
3.176592	 	560.000000
3.096333	 	566.666667
3.084036	 	573.333333
3.109278	 	580.000000
3.242612	 	586.666667
3.172709	 	593.333333
3.288566	 	600.000000
3.194068	 	606.666667
3.245201	 	613.333333
3.206366	 	620.000000
3.223194	 	626.666667
3.147466	 	633.333333
3.049084	 	640.000000
3.188890	 	646.666667
3.194715	 	653.333333
3.231608	 	660.000000
3.234845	 	666.666667
3.179181	 	673.333333
3.317045	 	680.000000
3.329343	 	686.666667
3.182418	 	693.333333
3.302806	 	700.000000
3.236786	 	706.666667
3.163647	 	713.333333
3.278210	 	720.000000
3.169473	 	726.666667
3.174651	 	733.333333
3.257498	 	740.000000
3.265265	 	746.666667
3.244553	 	753.333333
3.118340	 	760.000000
3.269796	 	766.666667
3.197304	 	773.333333
3.241317	 	780.000000
3.206366	 	786.666667
3.194715	 	793.333333
3.351350	 	800.000000
3.385007	 	806.666667
3.322871	 	813.333333
3.193421	 	820.000000
3.388890	 	826.666667
3.402482	 	833.333333
3.361706	 	840.000000
3.268502	 	846.666667
3.329990	 	853.333333
3.355880	 	860.000000
3.396657	 	866.666667
3.188890	 	873.333333
3.395363	 	880.000000
3.317693	 	886.666667
3.183712	 	893.333333
3.351997	 	900.000000
3.126107	 	906.666667
3.238081	 	913.333333
3.326107	 	920.000000
3.255557	 	926.666667
3.217369	 	933.333333
3.292450	 	940.000000
3.060735	 	946.666667
3.166884	 	953.333333
3.130638	 	960.000000
3.195363	 	966.666667
3.037434	 	973.333333
2.972062	 	980.000000
3.037434	 	986.666667
3.045848	 	993.333333
2.979181	 	1000.000000
2.962353	 	1006.666667
3.063324	 	1013.333333
2.990832	 	1020.000000
2.919634	 	1026.666667
2.872385	 	1033.333333
2.860087	 	1040.000000
2.951997	 	1046.666667
2.751350	 	1053.333333
2.887272	 	1060.000000
2.863971	 	1066.666667
2.865265	 	1073.333333
2.969473	 	1080.000000
2.919634	 	1086.666667
2.904100	 	1093.333333
3.086625	 	1100.000000
2.986301	 	1106.666667
2.909926	 	1113.333333
2.994715	 	1120.000000
2.937757	 	1126.666667
3.001835	 	1133.333333
3.275621	 	1140.000000
2.988243	 	1146.666667
3.009602	 	1153.333333
3.044553	 	1160.000000
3.029019	 	1166.666667
2.986948	 	1173.333333
2.982418	 	1180.000000
2.981770	 	1186.666667
2.946819	 	1193.333333
3.187596	 	1200.000000
3.004424	 	1206.666667
3.151350	 	1213.333333
3.061382	 	1220.000000
3.008955	 	1226.666667
3.020605	 	1233.333333
3.165589	 	1240.000000
3.078210	 	1246.666667
3.129343	 	1253.333333
3.063324	 	1260.000000
3.002482	 	1266.666667
3.067854	 	1273.333333
3.116398	 	1280.000000
3.144877	 	1286.666667
3.085977	 	1293.333333
2.999893	 	1300.000000
3.078210	 	1306.666667
3.065913	 	1313.333333
3.010249	 	1320.000000
3.186301	 	1326.666667
3.190185	 	1333.333333
3.185007	 	1340.000000
3.085330	 	1346.666667
3.131285	 	1353.333333
3.199893	 	1360.000000
3.012191	 	1366.666667
3.077563	 	1373.333333
2.948113	 	1380.000000
3.084683	 	1386.666667
3.287272	 	1393.333333
3.174003	 	1400.000000
3.276916	 	1406.666667
3.383712	 	1413.333333
3.399246	 	1420.000000
3.425136	 	1426.666667
3.358469	 	1433.333333
3.471738	 	1440.000000
3.494392	 	1446.666667
3.362353	 	1453.333333
3.407660	 	1460.000000
3.353939	 	1466.666667
3.423842	 	1473.333333
3.269149	 	1480.000000
3.298922	 	1486.666667
3.322223	 	1493.333333
3.531932	 	1500.000000
3.279505	 	1506.666667
3.389537	 	1513.333333
3.286625	 	1520.000000
3.302806	 	1526.666667
3.323518	 	1533.333333
3.419311	 	1540.000000
3.363000	 	1546.666667
3.372062	 	1553.333333
3.402482	 	1560.000000
3.581770	 	1566.666667
3.594068	 	1573.333333
3.529990	 	1580.000000
3.520929	 	1586.666667
3.616075	 	1593.333333
3.582418	 	1600.000000
3.588243	 	1606.666667
3.678858	 	1613.333333
3.553291	 	1620.000000
3.544230	 	1626.666667
3.644553	 	1633.333333
3.698275	 	1640.000000
3.677563	 	1646.666667
3.524812	 	1653.333333
3.681447	 	1660.000000
3.627078	 	1666.666667
3.653615	 	1673.333333
3.543583	 	1680.000000
3.549408	 	1686.666667
3.698922	 	1693.333333
3.626430	 	1700.000000
3.603130	 	1706.666667
3.505395	 	1713.333333
3.589537	 	1720.000000
3.629667	 	1726.666667
3.633550	 	1733.333333
3.531932	 	1740.000000
3.797304	 	1746.666667
3.666560	 	1753.333333
3.680799	 	1760.000000
3.746172	 	1766.666667
3.728696	 	1773.333333
3.757175	 	1780.000000
3.720282	 	1786.666667
3.711867	 	1793.333333
3.855557	 	1800.000000
3.726107	 	1806.666667
3.821253	 	1813.333333
3.775945	 	1820.000000
3.706689	 	1826.666667
3.766884	 	1833.333333
3.801188	 	1840.000000
3.770767	 	1846.666667
3.881447	 	1853.333333
3.994068	 	1860.000000
4.025783	 	1866.666667
3.981123	 	1873.333333
3.825783	 	1880.000000
3.988243	 	1886.666667
3.899570	 	1893.333333
3.924165	 	1900.000000
3.695686	 	1906.666667
3.829019	 	1913.333333
3.808955	 	1920.000000
3.827078	 	1926.666667
3.700864	 	1933.333333
3.758469	 	1940.000000
3.795363	 	1946.666667
3.521576	 	1953.333333
3.522223	 	1960.000000
3.838081	 	1966.666667
3.612191	 	1973.333333
3.531285	 	1980.000000
3.566236	 	1986.666667
3.407660	 	1993.333333
3.438081	 	2000.000000
3.462676	 	2006.666667
3.383712	 	2013.333333
3.381123	 	2020.000000
3.419311	 	2026.666667
3.588243	 	2033.333333
3.535816	 	2040.000000
3.436139	 	2046.666667
3.441317	 	2053.333333
3.322871	 	2060.000000
3.357822	 	2066.666667
3.427078	 	2073.333333
3.626430	 	2080.000000
3.593421	 	2086.666667
3.596010	 	2093.333333
3.542288	 	2100.000000
3.517045	 	2106.666667
3.481447	 	2113.333333
3.517045	 	2120.000000
3.512515	 	2126.666667
3.579181	 	2133.333333
3.570120	 	2140.000000
3.560411	 	2146.666667
3.384359	 	2153.333333
3.559117	 	2160.000000
3.479505	 	2166.666667
3.565589	 	2173.333333
3.598599	 	2180.000000
3.518987	 	2186.666667
3.484036	 	2193.333333
3.434197	 	2200.000000
3.414133	 	2206.666667
3.583065	 	2213.333333
3.478210	 	2220.000000
3.475621	 	2226.666667
3.330638	 	2233.333333
3.421253	 	2240.000000
3.461382	 	2246.666667
3.320929	 	2253.333333
3.523518	 	2260.000000
3.428372	 	2266.666667
3.416075	 	2273.333333
3.316398	 	2280.000000
3.513162	 	2286.666667
3.507337	 	2293.333333
3.396657	 	2300.000000
3.300864	 	2306.666667
3.496981	 	2313.333333
3.493744	 	2320.000000
3.401188	 	2326.666667
3.262676	 	2333.333333
3.293097	 	2340.000000
3.406366	 	2346.666667
3.374651	 	2353.333333
3.407660	 	2360.000000
3.440023	 	2366.666667
3.386948	 	2373.333333
3.496333	 	2380.000000
3.400541	 	2386.666667
3.471738	 	2393.333333
3.520929	 	2400.000000
3.511867	 	2406.666667
3.541641	 	2413.333333
3.467207	 	2420.000000
3.477563	 	2426.666667
3.495686	 	2433.333333
3.508631	 	2440.000000
3.336463	 	2446.666667
3.528696	 	2453.333333
3.525460	 	2460.000000
3.473032	 	2466.666667
3.491803	 	2473.333333
3.424489	 	2480.000000
3.707984	 	2486.666667
3.691155	 	2493.333333
3.553939	 	2500.000000
3.534521	 	2506.666667
3.583065	 	2513.333333
3.496333	 	2520.000000
3.507337	 	2526.666667
3.450379	 	2533.333333
3.583712	 	2540.000000
3.645848	 	2546.666667
3.610897	 	2553.333333
3.589537	 	2560.000000
3.704100	 	2566.666667
3.397304	 	2573.333333
3.429019	 	2580.000000
3.586948	 	2586.666667
3.518340	 	2593.333333
3.485977	 	2600.000000
3.428372	 	2606.666667
3.481447	 	2613.333333
3.469796	 	2620.000000
3.656204	 	2626.666667
3.322871	 	2633.333333
3.585007	 	2640.000000
3.478858	 	2646.666667
3.484036	 	2653.333333
3.345524	 	2660.000000
3.328049	 	2666.666667
3.299570	 	2673.333333
3.451026	 	2680.000000
3.327401	 	2686.666667
3.397304	 	2693.333333
3.429667	 	2700.000000
3.425783	 	2706.666667
3.384359	 	2713.333333
3.426430	 	2720.000000
3.473680	 	2726.666667
3.367531	 	2733.333333
3.503453	 	2740.000000
3.326107	 	2746.666667
3.317693	 	2753.333333
3.418016	 	2760.000000
3.481447	 	2766.666667
3.397304	 	2773.333333
3.411544	 	2780.000000
3.377887	 	2786.666667
3.321576	 	2793.333333
3.287919	 	2800.000000
3.391479	 	2806.666667
3.333874	 	2813.333333
3.308631	 	2820.000000
3.321576	 	2826.666667
3.351350	 	2833.333333
3.154586	 	2840.000000
3.095039	 	2846.666667
3.133874	 	2853.333333
3.267854	 	2860.000000
3.230961	 	2866.666667
3.120929	 	2873.333333
3.071091	 	2880.000000
3.040023	 	2886.666667
3.085977	 	2893.333333
2.931285	 	2900.000000
3.068502	 	2906.666667
3.219958	 	2913.333333
3.154586	 	2920.000000
3.154586	 	2926.666667
2.936463	 	2933.333333
3.007013	 	2940.000000
3.175945	 	2946.666667
3.063324	 	2953.333333
3.106042	 	2960.000000
3.082094	 	2966.666667
2.986301	 	2973.333333
3.098922	 	2980.000000
3.009602	 	2986.666667
2.975298	 	2993.333333
3.006366	 	3000.000000
2.948113	 	3006.666667
3.137757	 	3013.333333
3.176592	 	3020.000000
2.983712	 	3026.666667
3.091155	 	3033.333333
3.104100	 	3040.000000
3.074974	 	3046.666667
3.047790	 	3053.333333
3.129343	 	3060.000000
3.056204	 	3066.666667
2.988890	 	3073.333333
3.174651	 	3080.000000
3.475621	 	3086.666667
4.196657	 	3093.333333
5.385654	 	3100.000000
6.845201	 	3106.666667
9.258793	 	3113.333333
12.846495	 	3120.000000
18.209602	 	3126.666667
29.034845	 	3133.333333
52.161058	 	3140.000000
86.810249	 	3146.666667
128.666560	 	3153.333333
179.818016	 	3160.000000
243.034845	 	3166.666667
319.426430	 	3173.333333
407.688566	 	3180.000000
507.773356	 	3186.666667
620.360411	 	3193.333333
741.883388	 	3200.000000
871.471091	 	3206.666667
1010.807013	 	3213.333333
1155.106042	 	3220.000000
1302.300864	 	3226.666667
1450.634845	 	3233.333333
1600.027078	 	3240.000000
1746.838081	 	3246.666667
1892.062029	 	3253.333333
2032.951997	 	3260.000000
2168.494392	 	3266.666667
2294.674327	 	3273.333333
2415.322223	 	3280.000000
2528.597304	 	3286.666667
2634.254262	 	3293.333333
2729.637434	 	3300.000000
2817.409602	 	3306.666667
2894.812191	 	3313.333333
2963.859440	 	3320.000000
3022.952644	 	3326.666667
3072.506689	 	3333.333333
3113.509926	 	3340.000000
3145.362353	 	3346.666667
3168.656851	 	3353.333333
3185.821253	 	3360.000000
3194.164295	 	3366.666667
3195.849731	 	3373.333333
3191.242612	 	3380.000000
3181.608308	 	3386.666667
3165.752644	 	3393.333333
3145.569473	 	3400.000000
3121.875621	 	3406.666667
3093.674974	 	3413.333333
3062.012191	 	3420.000000
3027.526107	 	3426.666667
2990.372062	 	3433.333333
2950.957822	 	3440.000000
2909.692450	 	3446.666667
2867.286625	 	3453.333333
2823.363647	 	3460.000000
2778.356528	 	3466.666667
2732.471738	 	3473.333333
2685.859440	 	3480.000000
2638.651026	 	3486.666667
2590.770120	 	3493.333333
2543.186301	 	3500.000000
2496.052968	 	3506.666667
2448.502159	 	3513.333333
2400.796657	 	3520.000000
2354.199246	 	3526.666667
2308.058793	 	3533.333333
2262.236786	 	3540.000000
2216.491155	 	3546.666667
2171.327401	 	3553.333333
2127.092450	 	3560.000000
2083.453615	 	3566.666667
2040.746172	 	3573.333333
1998.820605	 	3580.000000
1957.711220	 	3586.666667
1917.522871	 	3593.333333
1877.965589	 	3600.000000
1839.192774	 	3606.666667
1800.906042	 	3613.333333
1763.812191	 	3620.000000
1727.417369	 	3626.666667
1691.635492	 	3633.333333
1657.010897	 	3640.000000
1623.262029	 	3646.666667
1590.066560	 	3653.333333
1557.725460	 	3660.000000
1525.970767	 	3666.666667
1494.418016	 	3673.333333
1464.274327	 	3680.000000
1434.690508	 	3686.666667
1405.384359	 	3693.333333
1377.207013	 	3700.000000
1349.711220	 	3706.666667
1322.779181	 	3713.333333
1296.695039	 	3720.000000
1271.161058	 	3726.666667
1246.219311	 	3733.333333
1221.988890	 	3740.000000
1198.308631	 	3746.666667
1175.071091	 	3753.333333
1152.089861	 	3760.000000
1129.707337	 	3766.666667
1108.012191	 	3773.333333
1087.100217	 	3780.000000
1066.141641	 	3786.666667
1046.098275	 	3793.333333
1026.192774	 	3800.000000
1007.053615	 	3806.666667
988.114456	 	3813.333333
969.932579	 	3820.000000
952.038081	 	3826.666667
934.693097	 	3833.333333
917.862029	 	3840.000000
901.621900	 	3846.666667
885.480799	 	3853.333333
870.138405	 	3860.000000
854.647790	 	3866.666667
839.481447	 	3873.333333
824.961706	 	3880.000000
810.388890	 	3886.666667
796.277563	 	3893.333333
782.505395	 	3900.000000
768.955233	 	3906.666667
755.911220	 	3913.333333
742.761706	 	3920.000000
730.544877	 	3926.666667
718.229019	 	3933.333333
706.086625	 	3940.000000
694.082741	 	3946.666667
682.647790	 	3953.333333
671.364942	 	3960.000000
660.489861	 	3966.666667
649.665265	 	3973.333333
638.785654	 	3980.000000
628.408955	 	3986.666667
618.285330	 	3993.333333
608.040670	 	4000.000000
598.062029	 	4006.666667
588.326754	 	4013.333333
578.814780	 	4020.000000
569.311867	 	4026.666667
560.328049	 	4033.333333
551.334521	 	4040.000000
542.576592	 	4046.666667
534.049084	 	4053.333333
525.580476	 	4060.000000
517.129990	 	4066.666667
508.951997	 	4073.333333
500.896981	 	4080.000000
493.041317	 	4086.666667
485.242612	 	4093.333333
477.860087	 	4100.000000
470.392126	 	4106.666667
463.027725	 	4113.333333
455.652968	 	4120.000000
448.772062	 	4126.666667
441.666560	 	4133.333333
434.790185	 	4140.000000
428.114456	 	4146.666667
421.709926	 	4153.333333
415.313162	 	4160.000000
409.154586	 	4166.666667
403.001188	 	4173.333333
397.217369	 	4180.000000
391.427725	 	4186.666667
385.739052	 	4193.333333
380.054909	 	4200.000000
374.713809	 	4206.666667
369.361058	 	4213.333333
363.977240	 	4220.000000
358.827078	 	4226.666667
353.828372	 	4233.333333
348.542288	 	4240.000000
343.761706	 	4246.666667
338.948113	 	4253.333333
334.321576	 	4260.000000
329.809602	 	4266.666667
325.251026	 	4273.333333
320.717693	 	4280.000000
316.431608	 	4286.666667
312.041964	 	4293.333333
308.036139	 	4300.000000
303.827078	 	4306.666667
299.700864	 	4313.333333
295.684683	 	4320.000000
291.578534	 	4326.666667
287.695039	 	4333.333333
284.045848	 	4340.000000
280.201188	 	4346.666667
276.424489	 	4353.333333
273.014133	 	4360.000000
269.385007	 	4366.666667
265.553291	 	4373.333333
262.085977	 	4380.000000
258.575298	 	4386.666667
254.943583	 	4393.333333
251.683388	 	4400.000000
248.401835	 	4406.666667
245.093744	 	4413.333333
241.860087	 	4420.000000
238.721576	 	4426.666667
235.781770	 	4433.333333
232.597952	 	4440.000000
229.538405	 	4446.666667
226.473680	 	4453.333333
223.550055	 	4460.000000
220.347466	 	4466.666667
217.416722	 	4473.333333
214.610897	 	4480.000000
211.695039	 	4486.666667
208.918340	 	4493.333333
205.998599	 	4500.000000
203.348761	 	4506.666667
200.869149	 	4513.333333
198.056851	 	4520.000000
195.108631	 	4526.666667
193.133874	 	4533.333333
190.329343	 	4540.000000
187.933874	 	4546.666667
185.612838	 	4553.333333
183.416722	 	4560.000000
180.934521	 	4566.666667
178.775298	 	4573.333333
176.737757	 	4580.000000
174.495686	 	4586.666667
172.281447	 	4593.333333
170.524812	 	4600.000000
167.691155	 	4606.666667
165.740346	 	4613.333333
163.970120	 	4620.000000
162.684683	 	4626.666667
159.414133	 	4633.333333
157.961058	 	4640.000000
156.893097	 	4646.666667
154.707337	 	4653.333333
152.291155	 	4660.000000
150.135816	 	4666.666667
149.170767	 	4673.333333
147.142935	 	4680.000000
144.616075	 	4686.666667
143.370120	 	4693.333333
142.509278	 	4700.000000
140.289861	 	4706.666667
138.296981	 	4713.333333
137.242612	 	4720.000000
135.462029	 	4726.666667
133.784359	 	4733.333333
132.774651	 	4740.000000
130.342935	 	4746.666667
129.333874	 	4753.333333
127.852320	 	4760.000000
126.387596	 	4766.666667
124.719634	 	4773.333333
123.748113	 	4780.000000
122.055557	 	4786.666667
120.851026	 	4793.333333
118.905395	 	4800.000000
118.061382	 	4806.666667
116.467854	 	4813.333333
115.482741	 	4820.000000
113.604424	 	4826.666667
112.818016	 	4833.333333
110.856204	 	4840.000000
109.847142	 	4846.666667
108.286625	 	4853.333333
107.183712	 	4860.000000
105.861382	 	4866.666667
104.084683	 	4873.333333
103.463324	 	4880.000000
102.133874	 	4886.666667
100.425136	 	4893.333333
99.463971	 	4900.000000
98.807660	 	4906.666667
97.362353	 	4913.333333
95.616075	 	4920.000000
95.190832	 	4926.666667
94.678210	 	4933.333333
92.859440	 	4940.000000
92.073032	 	4946.666667
91.190832	 	4953.333333
90.369473	 	4960.000000
89.298275	 	4966.666667
88.526754	 	4973.333333
86.742935	 	4980.000000
86.559764	 	4986.666667
85.753291	 	4993.333333
84.263971	 	5000.000000
83.457498	 	5006.666667
82.859440	 	5013.333333
81.980476	 	5020.000000
80.825783	 	5026.666667
79.564295	 	5033.333333
79.654909	 	5040.000000
78.129343	 	5046.666667
77.436139	 	5053.333333
76.729990	 	5060.000000
76.216075	 	5066.666667
75.067854	 	5073.333333
74.509278	 	5080.000000
73.776592	 	5086.666667
72.834197	 	5093.333333
72.120282	 	5100.000000
71.298922	 	5106.666667
70.583065	 	5113.333333
69.756528	 	5120.000000
69.228372	 	5126.666667
68.269796	 	5133.333333
67.689214	 	5140.000000
67.043906	 	5146.666667
66.276916	 	5153.333333
65.652968	 	5160.000000
65.036139	 	5166.666667
64.445201	 	5173.333333
63.588243	 	5180.000000
62.915104	 	5186.666667
62.717693	 	5193.333333
61.803130	 	5200.000000
61.217369	 	5206.666667
60.775298	 	5213.333333
60.128696	 	5220.000000
59.505395	 	5226.666667
58.971414	 	5233.333333
58.261382	 	5240.000000
57.583065	 	5246.666667
57.229667	 	5253.333333
56.636139	 	5260.000000
55.859440	 	5266.666667
55.689861	 	5273.333333
55.117693	 	5280.000000
54.510573	 	5286.666667
53.918340	 	5293.333333
53.503453	 	5300.000000
52.999893	 	5306.666667
52.544877	 	5313.333333
52.387596	 	5320.000000
51.724165	 	5326.666667
51.047790	 	5333.333333
50.726754	 	5340.000000
50.350055	 	5346.666667
49.786948	 	5353.333333
49.538405	 	5360.000000
49.051026	 	5366.666667
48.570120	 	5373.333333
48.069149	 	5380.000000
47.750055	 	5386.666667
47.133874	 	5393.333333
46.664618	 	5400.000000
46.385654	 	5406.666667
46.019311	 	5413.333333
45.326107	 	5420.000000
45.021253	 	5426.666667
44.607013	 	5433.333333
44.080799	 	5440.000000
43.599246	 	5446.666667
43.030961	 	5453.333333
42.667207	 	5460.000000
42.218664	 	5466.666667
41.632256	 	5473.333333
41.198599	 	5480.000000
40.796010	 	5486.666667
40.424489	 	5493.333333
40.021253	 	5500.000000
39.603130	 	5506.666667
39.291803	 	5513.333333
38.736463	 	5520.000000
38.453615	 	5526.666667
38.049731	 	5533.333333
37.780476	 	5540.000000
37.302159	 	5546.666667
37.056851	 	5553.333333
36.774003	 	5560.000000
36.172709	 	5566.666667
35.942288	 	5573.333333
35.754586	 	5580.000000
35.183712	 	5586.666667
34.884683	 	5593.333333
34.559117	 	5600.000000
34.179829	 	5606.666667
33.639375	 	5613.333333
33.464618	 	5620.000000
33.161706	 	5626.666667
32.727401	 	5633.333333
32.276916	 	5640.000000
32.197304	 	5646.666667
31.831608	 	5653.333333
31.525460	 	5660.000000
31.344877	 	5666.666667
31.132579	 	5673.333333
30.786301	 	5680.000000
30.656204	 	5686.666667
30.353939	 	5693.333333
30.078858	 	5700.000000
29.752644	 	5706.666667
29.597952	 	5713.333333
29.364295	 	5720.000000
29.089214	 	5726.666667
28.790185	 	5733.333333
28.557822	 	5740.000000
28.112515	 	5746.666667
28.207013	 	5753.333333
27.858146	 	5760.000000
27.625136	 	5766.666667
27.331285	 	5773.333333
27.198599	 	5780.000000
26.940346	 	5786.666667
26.682094	 	5793.333333
26.494392	 	5800.000000
26.256204	 	5806.666667
25.981123	 	5813.333333
25.623842	 	5820.000000
25.471091	 	5826.666667
25.399893	 	5833.333333
25.049731	 	5840.000000
24.773356	 	5846.666667
24.643259	 	5853.333333
24.350055	 	5860.000000
24.180476	 	5866.666667
23.845201	 	5873.333333
23.638081	 	5880.000000
23.408955	 	5886.666667
23.137110	 	5893.333333
22.807013	 	5900.000000
22.569473	 	5906.666667
22.153291	 	5913.333333
21.770767	 	5920.000000
21.640023	 	5926.666667
21.335168	 	5933.333333
21.160411	 	5940.000000
20.856204	 	5946.666667
20.805071	 	5953.333333
20.544877	 	5960.000000
20.367531	 	5966.666667
20.251026	 	5973.333333
20.018664	 	5980.000000
19.827078	 	5986.666667
19.647142	 	5993.333333
19.480799	 	6000.000000
19.408308	 	6006.666667
19.303453	 	6013.333333
19.269796	 	6020.000000
18.920282	 	6026.666667
19.125460	 	6033.333333
18.733874	 	6040.000000
18.605071	 	6046.666667
18.396010	 	6053.333333
18.314456	 	6060.000000
18.138405	 	6066.666667
17.923518	 	6073.333333
17.761058	 	6080.000000
17.693097	 	6086.666667
17.575945	 	6093.333333
17.442612	 	6100.000000
17.236786	 	6106.666667
17.187596	 	6113.333333
17.107337	 	6120.000000
17.015427	 	6126.666667
16.887919	 	6133.333333
17.034197	 	6140.000000
16.995363	 	6146.666667
16.834845	 	6153.333333
16.915751	 	6160.000000
16.797304	 	6166.666667
16.585654	 	6173.333333
16.702159	 	6180.000000
16.561058	 	6186.666667
16.612838	 	6193.333333
16.363000	 	6200.000000
16.380476	 	6206.666667
16.159117	 	6213.333333
16.118987	 	6220.000000
16.007660	 	6226.666667
15.901511	 	6233.333333
15.557175	 	6240.000000
15.588243	 	6246.666667
15.268502	 	6253.333333
14.972062	 	6260.000000
14.699570	 	6266.666667
14.643259	 	6273.333333
14.537757	 	6280.000000
14.470443	 	6286.666667
14.333227	 	6293.333333
14.071738	 	6300.000000
13.972709	 	6306.666667
13.871738	 	6313.333333
13.707984	 	6320.000000
13.559117	 	6326.666667
13.563647	 	6333.333333
13.519634	 	6340.000000
13.287919	 	6346.666667
13.199246	 	6353.333333
13.054909	 	6360.000000
13.101511	 	6366.666667
12.889214	 	6373.333333
12.801188	 	6380.000000
12.526754	 	6386.666667
12.466560	 	6393.333333
12.477563	 	6400.000000
12.438728	 	6406.666667
12.137757	 	6413.333333
11.959117	 	6420.000000
11.926754	 	6426.666667
11.905395	 	6433.333333
11.960411	 	6440.000000
11.859440	 	6446.666667
11.671091	 	6453.333333
11.700217	 	6460.000000
11.638728	 	6466.666667
11.519634	 	6473.333333
11.493097	 	6480.000000
11.559117	 	6486.666667
11.353939	 	6493.333333
11.361058	 	6500.000000
11.329990	 	6506.666667
11.388243	 	6513.333333
11.210249	 	6520.000000
11.148113	 	6526.666667
11.222547	 	6533.333333
10.992126	 	6540.000000
10.885330	 	6546.666667
10.796657	 	6553.333333
10.626430	 	6560.000000
10.548761	 	6566.666667
10.407013	 	6573.333333
10.447142	 	6580.000000
10.410897	 	6586.666667
10.396010	 	6593.333333
10.154586	 	6600.000000
10.148761	 	6606.666667
10.170767	 	6613.333333
10.133874	 	6620.000000
10.138405	 	6626.666667
10.021900	 	6633.333333
10.051026	 	6640.000000
10.062029	 	6646.666667
9.990185	 	6653.333333
9.842612	 	6660.000000
9.830314	 	6666.666667
9.891155	 	6673.333333
9.639375	 	6680.000000
9.506042	 	6686.666667
9.586948	 	6693.333333
9.245848	 	6700.000000
9.243259	 	6706.666667
9.183065	 	6713.333333
9.151350	 	6720.000000
9.052968	 	6726.666667
8.973356	 	6733.333333
8.983712	 	6740.000000
9.046495	 	6746.666667
8.902159	 	6753.333333
8.689214	 	6760.000000
8.754586	 	6766.666667
8.873680	 	6773.333333
8.720282	 	6780.000000
8.620605	 	6786.666667
8.528049	 	6793.333333
8.399893	 	6800.000000
8.483388	 	6806.666667
8.315751	 	6813.333333
8.153291	 	6820.000000
8.019958	 	6826.666667
8.104748	 	6833.333333
8.082741	 	6840.000000
8.018664	 	6846.666667
8.065913	 	6853.333333
7.937757	 	6860.000000
7.944230	 	6866.666667
7.986301	 	6873.333333
7.960411	 	6880.000000
7.974651	 	6886.666667
8.019311	 	6893.333333
7.851026	 	6900.000000
8.050379	 	6906.666667
7.933227	 	6913.333333
7.821253	 	6920.000000
7.864618	 	6926.666667
7.727401	 	6933.333333
7.788243	 	6940.000000
7.614133	 	6946.666667
7.506042	 	6953.333333
7.639375	 	6960.000000
7.515104	 	6966.666667
7.385654	 	6973.333333
7.229019	 	6980.000000
7.314456	 	6986.666667
7.057498	 	6993.333333
7.106042	 	7000.000000
6.953291	 	7006.666667
6.836786	 	7013.333333
6.724165	 	7020.000000
6.466560	 	7026.666667
6.461382	 	7033.333333
6.526754	 	7040.000000
6.299570	 	7046.666667
6.273032	 	7053.333333
6.259440	 	7060.000000
6.146819	 	7066.666667
6.008955	 	7073.333333
5.933874	 	7080.000000
5.950055	 	7086.666667
5.939699	 	7093.333333
5.899570	 	7100.000000
5.709926	 	7106.666667
5.723518	 	7113.333333
5.485977	 	7120.000000
5.426430	 	7126.666667
5.186301	 	7133.333333
5.229019	 	7140.000000
5.125460	 	7146.666667
5.200541	 	7153.333333
4.994715	 	7160.000000
4.909278	 	7166.666667
4.777240	 	7173.333333
4.827078	 	7180.000000
4.772709	 	7186.666667
4.774651	 	7193.333333
4.808955	 	7200.000000
4.686625	 	7206.666667
4.624489	 	7213.333333
4.645201	 	7220.000000
4.725460	 	7226.666667
4.588890	 	7233.333333
4.504748	 	7240.000000
4.513809	 	7246.666667
4.397952	 	7253.333333
4.348761	 	7260.000000
4.249084	 	7266.666667
4.131932	 	7273.333333
4.105395	 	7280.000000
4.096333	 	7286.666667
3.936463	 	7293.333333
4.054262	 	7300.000000
3.834845	 	7306.666667
3.881447	 	7313.333333
3.707984	 	7320.000000
3.765589	 	7326.666667
3.697628	 	7333.333333
3.550055	 	7340.000000
3.427725	 	7346.666667
3.397304	 	7353.333333
3.313809	 	7360.000000
3.273032	 	7366.666667
3.118987	 	7373.333333
3.133227	 	7380.000000
3.100864	 	7386.666667
3.250379	 	7393.333333
3.141641	 	7400.000000
3.371414	 	7406.666667
3.128696	 	7413.333333
3.014780	 	7420.000000
2.807013	 	7426.666667
2.987596	 	7433.333333
2.812838	 	7440.000000
2.773356	 	7446.666667
2.888566	 	7453.333333
2.788243	 	7460.000000
2.840023	 	7466.666667
2.653615	 	7473.333333
2.761706	 	7480.000000
2.574651	 	7486.666667
2.742288	 	7493.333333
2.568178	 	7500.000000
2.714456	 	7506.666667
2.693097	 	7513.333333
2.601188	 	7520.000000
2.496981	 	7526.666667
2.515104	 	7533.333333
2.498275	 	7540.000000
2.421253	 	7546.666667
2.514456	 	7553.333333
2.605071	 	7560.000000
2.494392	 	7566.666667
2.560411	 	7573.333333
2.788243	 	7580.000000
2.673032	 	7586.666667
2.718340	 	7593.333333
2.722871	 	7600.000000
2.816075	 	7606.666667
2.614780	 	7613.333333
2.717693	 	7620.000000
2.704100	 	7626.666667
2.825136	 	7633.333333
2.713162	 	7640.000000
2.711220	 	7646.666667
2.674327	 	7653.333333
2.794715	 	7660.000000
2.766236	 	7666.666667
2.742288	 	7673.333333
2.724165	 	7680.000000
2.739052	 	7686.666667
2.605071	 	7693.333333
2.643259	 	7700.000000
2.502159	 	7706.666667
2.549408	 	7713.333333
2.644553	 	7720.000000
2.625136	 	7726.666667
2.623194	 	7733.333333
2.653615	 	7740.000000
2.588890	 	7746.666667
2.477563	 	7753.333333
2.443259	 	7760.000000
2.586301	 	7766.666667
2.640023	 	7773.333333
2.499570	 	7780.000000
2.564942	 	7786.666667
2.542288	 	7793.333333
2.438728	 	7800.000000
2.428372	 	7806.666667
2.487272	 	7813.333333
2.526754	 	7820.000000
2.374003	 	7826.666667
2.327401	 	7833.333333
2.393421	 	7840.000000
2.296333	 	7846.666667
2.193421	 	7853.333333
2.260087	 	7860.000000
2.150702	 	7866.666667
2.219311	 	7873.333333
2.236139	 	7880.000000
2.090508	 	7886.666667
2.116398	 	7893.333333
1.973356	 	7900.000000
1.999246	 	7906.666667
1.922871	 	7913.333333
1.896333	 	7920.000000
1.722871	 	7926.666667
1.724165	 	7933.333333
1.826430	 	7940.000000
1.655557	 	7946.666667
1.660087	 	7953.333333
1.621900	 	7960.000000
1.596657	 	7966.666667
1.482094	 	7973.333333
1.611544	 	7980.000000
1.430314	 	7986.666667
1.591479	 	7993.333333
1.491803	 	8000.000000
1.565589	 	8006.666667
1.416075	 	8013.333333
1.600541	 	8020.000000
1.636139	 	8026.666667
1.591479	 	8033.333333
1.461382	 	8040.000000
1.685977	 	8046.666667
1.515104	 	8053.333333
1.691155	 	8060.000000
1.441317	 	8066.666667
1.567531	 	8073.333333
1.448437	 	8080.000000
1.473032	 	8086.666667
1.559764	 	8093.333333
1.515104	 	8100.000000
1.510573	 	8106.666667
1.488566	 	8113.333333
1.461382	 	8120.000000
1.414133	 	8126.666667
1.387596	 	8133.333333
1.365589	 	8140.000000
1.394068	 	8146.666667
1.394068	 	8153.333333
1.373356	 	8160.000000
1.243259	 	8166.666667
1.330638	 	8173.333333
1.425783	 	8180.000000
1.326754	 	8186.666667
1.372709	 	8193.333333
1.249084	 	8200.000000
1.248437	 	8206.666667
1.379829	 	8213.333333
1.303453	 	8220.000000
1.377887	 	8226.666667
1.355233	 	8233.333333
1.419311	 	8240.000000
1.375945	 	8246.666667
1.461382	 	8253.333333
1.438728	 	8260.000000
1.425136	 	8266.666667
1.274974	 	8273.333333
1.362353	 	8280.000000
1.476269	 	8286.666667
1.318340	 	8293.333333
1.343583	 	8300.000000
1.357175	 	8306.666667
1.427725	 	8313.333333
1.304100	 	8320.000000
1.271091	 	8326.666667
1.160411	 	8333.333333
1.117045	 	8340.000000
1.203130	 	8346.666667
1.095686	 	8353.333333
1.251026	 	8360.000000
1.257498	 	8366.666667
1.133874	 	8373.333333
1.117693	 	8380.000000
1.050379	 	8386.666667
1.014133	 	8393.333333
1.082094	 	8400.000000
1.034197	 	8406.666667
1.111220	 	8413.333333
0.955880	 	8420.000000
0.976592	 	8426.666667
0.886625	 	8433.333333
0.949408	 	8440.000000
0.911220	 	8446.666667
0.904100	 	8453.333333
0.864618	 	8460.000000
0.858146	 	8466.666667
0.812191	 	8473.333333
0.660087	 	8480.000000
0.807013	 	8486.666667
0.714456	 	8493.333333
0.638081	 	8500.000000
0.829667	 	8506.666667
0.803777	 	8513.333333
0.936463	 	8520.000000
0.739699	 	8526.666667
0.887272	 	8533.333333
0.779181	 	8540.000000
0.826430	 	8546.666667
0.764295	 	8553.333333
0.746172	 	8560.000000
0.652968	 	8566.666667
0.764942	 	8573.333333
0.904100	 	8580.000000
0.691803	 	8586.666667
0.679505	 	8593.333333
0.737110	 	8600.000000
0.619311	 	8606.666667
0.717045	 	8613.333333
0.565589	 	8620.000000
0.676916	 	8626.666667
0.687919	 	8633.333333
0.671091	 	8640.000000
0.644553	 	8646.666667
0.628372	 	8653.333333
0.504100	 	8660.000000
0.624489	 	8666.666667
0.528696	 	8673.333333
0.502159	 	8680.000000
0.597304	 	8686.666667
0.583065	 	8693.333333
0.520282	 	8700.000000
0.407013	 	8706.666667
0.434845	 	8713.333333
0.508631	 	8720.000000
0.460735	 	8726.666667
0.284036	 	8733.333333
0.258793	 	8740.000000
0.266560	 	8746.666667
0.287272	 	8753.333333
0.223842	 	8760.000000
0.264618	 	8766.666667
0.102806	 	8773.333333
0.090508	 	8780.000000
0.203777	 	8786.666667
-0.000754	 	8793.333333
-0.040883	 	8800.000000
-0.152210	 	8806.666667
0.007660	 	8813.333333
0.046495	 	8820.000000
0.056851	 	8826.666667
-0.119201	 	8833.333333
-0.189751	 	8840.000000
-0.172275	 	8846.666667
-0.077777	 	8853.333333
-0.088133	 	8860.000000
-0.127615	 	8866.666667
-0.024702	 	8873.333333
-0.120495	 	8880.000000
-0.136029	 	8886.666667
-0.119201	 	8893.333333
-0.156094	 	8900.000000
-0.046061	 	8906.666667
-0.143796	 	8913.333333
-0.203990	 	8920.000000
-0.064184	 	8926.666667
0.038728	 	8933.333333
-0.037647	 	8940.000000
-0.176158	 	8946.666667
-0.157388	 	8953.333333
-0.273246	 	8960.000000
-0.171628	 	8966.666667
-0.308197	 	8973.333333
-0.333440	 	8980.000000
-0.289427	 	8986.666667
-0.332793	 	8993.333333
-0.370981	 	9000.000000
-0.297194	 	9006.666667
-0.238942	 	9013.333333
-0.276482	 	9020.000000
-0.263537	 	9026.666667
-0.294605	 	9033.333333
-0.217582	 	9040.000000
-0.332793	 	9046.666667
-0.198812	 	9053.333333
-0.225997	 	9060.000000
-0.281660	 	9066.666667
-0.394929	 	9073.333333
-0.361919	 	9080.000000
-0.294605	 	9086.666667
-0.475835	 	9093.333333
-0.391692	 	9100.000000
-0.411110	 	9106.666667
-0.520495	 	9113.333333
-0.554152	 	9120.000000
-0.670657	 	9126.666667
-0.594281	 	9133.333333
-0.580689	 	9140.000000
-0.633116	 	9146.666667
-0.666773	 	9153.333333
-0.565155	 	9160.000000
-0.676482	 	9166.666667
-0.545091	 	9173.333333
-0.655770	 	9180.000000
-0.495900	 	9186.666667
-0.642825	 	9193.333333
-0.620819	 	9200.000000
-0.573570	 	9206.666667
-0.435705	 	9213.333333
-0.494605	 	9220.000000
-0.548327	 	9226.666667
-0.443472	 	9233.333333
-0.268715	 	9240.000000
-0.289427	 	9246.666667
-0.210463	 	9253.333333
-0.284896	 	9260.000000
-0.176806	 	9266.666667
-0.341207	 	9273.333333
-0.029880	 	9280.000000
-0.093958	 	9286.666667
0.086625	 	9293.333333
0.043259	 	9300.000000
0.057498	 	9306.666667
0.260087	 	9313.333333
0.362353	 	9320.000000
0.286625	 	9326.666667
0.317045	 	9333.333333
0.273032	 	9340.000000
0.380476	 	9346.666667
0.435492	 	9353.333333
0.306042	 	9360.000000
0.337757	 	9366.666667
0.241964	 	9373.333333
0.285977	 	9380.000000
0.332579	 	9386.666667
0.228372	 	9393.333333
0.308631	 	9400.000000
0.242612	 	9406.666667
0.172062	 	9413.333333
0.334521	 	9420.000000
0.349408	 	9426.666667
0.271738	 	9433.333333
0.295039	 	9440.000000
0.227078	 	9446.666667
0.363000	 	9453.333333
0.468502	 	9460.000000
0.368825	 	9466.666667
0.385654	 	9473.333333
0.273680	 	9480.000000
0.250379	 	9486.666667
0.414780	 	9493.333333
0.270443	 	9500.000000
0.109926	 	9506.666667
-0.049945	 	9513.333333
-0.015641	 	9520.000000
-0.030527	 	9526.666667
-0.101725	 	9533.333333
-0.082307	 	9540.000000
-0.079071	 	9546.666667
-0.272599	 	9553.333333
-0.122437	 	9560.000000
-0.260948	 	9566.666667
-0.326968	 	9573.333333
-0.262243	 	9580.000000
-0.262243	 	9586.666667
-0.414993	 	9593.333333
-0.275188	 	9600.000000
-0.354799	 	9606.666667
-0.292663	 	9613.333333
-0.355447	 	9620.000000
-0.518553	 	9626.666667
-0.343149	 	9633.333333
-0.298489	 	9640.000000
-0.378100	 	9646.666667
-0.424055	 	9653.333333
-0.405285	 	9660.000000
-0.456417	 	9666.666667
-0.391045	 	9673.333333
-0.430527	 	9680.000000
-0.244120	 	9686.666667
-0.473246	 	9693.333333
-0.372922	 	9700.000000
-0.317259	 	9706.666667
-0.298489	 	9713.333333
-0.435705	 	9720.000000
-0.403343	 	9726.666667
-0.337324	 	9733.333333
-0.379395	 	9740.000000
-0.465479	 	9746.666667
-0.581984	 	9753.333333
-0.645414	 	9760.000000
-0.670657	 	9766.666667
-0.563214	 	9773.333333
-0.613052	 	9780.000000
-0.652534	 	9786.666667
-0.813699	 	9793.333333
-0.800107	 	9800.000000
-0.758683	 	9806.666667
-0.794281	 	9813.333333
-0.708197	 	9820.000000
-0.787809	 	9826.666667
-0.741854	 	9833.333333
-0.722437	 	9840.000000
-0.866126	 	9846.666667
-0.747680	 	9853.333333
-0.668068	 	9860.000000
-0.532793	 	9866.666667
-0.718553	 	9873.333333
-0.670657	 	9880.000000
-0.622760	 	9886.666667
-0.524379	 	9893.333333
-0.778100	 	9900.000000
-0.708845	 	9906.666667
-0.752858	 	9913.333333
-0.684896	 	9920.000000
-0.779395	 	9926.666667
-0.787809	 	9933.333333
-0.864832	 	9940.000000
-0.769039	 	9946.666667
-0.920495	 	9953.333333
-1.002048	 	9960.000000
-0.868715	 	9966.666667
-0.925026	 	9973.333333
-1.069362	 	9980.000000
-1.000107	 	9986.666667
-0.952210	 	9993.333333
-0.822760	 	10000.000000
-0.834411	 	10006.666667
-0.884896	 	10013.333333
-0.889427	 	10020.000000
-0.846061	 	10026.666667
-0.886191	 	10033.333333
-0.873893	 	10040.000000
-0.919848	 	10046.666667
-0.925026	 	10053.333333
-0.978100	 	10060.000000
-0.929557	 	10066.666667
-0.813699	 	10073.333333
-0.927615	 	10080.000000
-0.960625	 	10086.666667
-0.930851	 	10093.333333
-0.974864	 	10100.000000
-1.073246	 	10106.666667
-1.110139	 	10113.333333
-1.007226	 	10120.000000
-0.963861	 	10126.666667
-1.097841	 	10133.333333
-1.022113	 	10140.000000
-1.018230	 	10146.666667
-1.044120	 	10153.333333
-1.061595	 	10160.000000
-1.094605	 	10166.666667
-1.097194	 	10173.333333
-0.982631	 	10180.000000
-0.937971	 	10186.666667
-0.962566	 	10193.333333
-0.813699	 	10200.000000
-0.855770	 	10206.666667
-0.810463	 	10213.333333
-0.818877	 	10220.000000
-0.744443	 	10226.666667
-0.919201	 	10233.333333
-0.933440	 	10240.000000
-1.060301	 	10246.666667
-0.891369	 	10253.333333
-0.877777	 	10260.000000
-0.930204	 	10266.666667
-0.905608	 	10273.333333
-0.961919	 	10280.000000
-1.012404	 	10286.666667
-1.018230	 	10293.333333
-1.088780	 	10300.000000
-1.130851	 	10306.666667
-1.176806	 	10313.333333
-1.200107	 	10320.000000
-1.319848	 	10326.666667
-1.438942	 	10333.333333
-1.354152	 	10340.000000
-1.223408	 	10346.666667
-1.197518	 	10353.333333
-1.294605	 	10360.000000
-1.405285	 	10366.666667
-1.463537	 	10373.333333
-1.330851	 	10380.000000
-1.376158	 	10386.666667
-1.315964	 	10393.333333
-1.376158	 	10400.000000
-1.343149	 	10406.666667
-1.211110	 	10413.333333
-1.240236	 	10420.000000
-1.266773	 	10426.666667
-1.304314	 	10433.333333
-1.259654	 	10440.000000
-1.295252	 	10446.666667
-1.224055	 	10453.333333
-1.253828	 	10460.000000
-1.191692	 	10466.666667
-1.419524	 	10473.333333
-1.218230	 	10480.000000
-1.363861	 	10486.666667
-1.154152	 	10493.333333
-1.399459	 	10500.000000
-1.093958	 	10506.666667
-1.163214	 	10513.333333
-1.142502	 	10520.000000
-1.121142	 	10526.666667
-1.184573	 	10533.333333
-1.233116	 	10540.000000
-1.222760	 	10546.666667
-1.228586	 	10553.333333
-1.240236	 	10560.000000
-1.249298	 	10566.666667
-1.206579	 	10573.333333
-1.413052	 	10580.000000
-1.299783	 	10586.666667
-1.261595	 	10593.333333
-1.312081	 	10600.000000
-1.287485	 	10606.666667
-1.284896	 	10613.333333
-1.506903	 	10620.000000
-1.251887	 	10626.666667
-1.394929	 	10633.333333
-1.314670	 	10640.000000
-1.226644	 	10646.666667
-1.304314	 	10653.333333
-1.354799	 	10660.000000
-1.427938	 	10666.666667
-1.490722	 	10673.333333
-1.559977	 	10680.000000
-1.460301	 	10686.666667
-1.392340	 	10693.333333
-1.293311	 	10700.000000
-1.503667	 	10706.666667
-1.570333	 	10713.333333
-1.459654	 	10720.000000
-1.493311	 	10726.666667
-1.369686	 	10733.333333
-1.484249	 	10740.000000
-1.580689	 	10746.666667
-1.374864	 	10753.333333
-1.431175	 	10760.000000
-1.510139	 	10766.666667
-1.429880	 	10773.333333
-1.495900	 	10780.000000
-1.448650	 	10786.666667
-1.537971	 	10793.333333
-1.351563	 	10800.000000
-1.627291	 	10806.666667
-1.452534	 	10813.333333
-1.446709	 	10820.000000
-1.334735	 	10826.666667
-1.433764	 	10833.333333
-1.333440	 	10840.000000
-1.484896	 	10846.666667
-1.412404	 	10853.333333
-1.361272	 	10860.000000
-1.407226	 	10866.666667
-1.455123	 	10873.333333
-1.420171	 	10880.000000
-1.329557	 	10886.666667
-1.291369	 	10893.333333
-1.292016	 	10900.000000
-1.211757	 	10906.666667
-1.368392	 	10913.333333
-1.171628	 	10920.000000
-1.185220	 	10926.666667
-1.235705	 	10933.333333
-1.201401	 	10940.000000
-1.138618	 	10946.666667
-1.134087	 	10953.333333
-1.033116	 	10960.000000
-1.061595	 	10966.666667
-0.989103	 	10973.333333
-1.070010	 	10980.000000
-1.090722	 	10986.666667
-0.972922	 	10993.333333
-1.074540	 	11000.000000
-1.081013	 	11006.666667
-1.028586	 	11013.333333
-1.077777	 	11020.000000
-1.094605	 	11026.666667
-1.020171	 	11033.333333
-0.940560	 	11040.000000
-0.947680	 	11046.666667
-0.891369	 	11053.333333
-0.879718	 	11060.000000
-0.962566	 	11066.666667
-0.904314	 	11073.333333
-0.966450	 	11080.000000
-0.973570	 	11086.666667
-0.942502	 	11093.333333
-1.086838	 	11100.000000
-1.107550	 	11106.666667
-1.103019	 	11113.333333
-1.142502	 	11120.000000
-1.104961	 	11126.666667
-1.119848	 	11133.333333
-1.039589	 	11140.000000
-1.129557	 	11146.666667
-1.201401	 	11153.333333
-1.161272	 	11160.000000
-1.054476	 	11166.666667
-0.991045	 	11173.333333
-1.188456	 	11180.000000
-1.048003	 	11186.666667
-1.095900	 	11193.333333
-1.087485	 	11200.000000
-1.030527	 	11206.666667
-1.081660	 	11213.333333
-1.095252	 	11220.000000
-1.345738	 	11226.666667
-1.055770	 	11233.333333
-1.084249	 	11240.000000
-1.335382	 	11246.666667
-1.427938	 	11253.333333
-1.246709	 	11260.000000
-1.249945	 	11266.666667
-1.176806	 	11273.333333
-1.251887	 	11280.000000
-1.231822	 	11286.666667
-1.246709	 	11293.333333
-1.244120	 	11300.000000
-1.229233	 	11306.666667
-1.345091	 	11313.333333
-1.228586	 	11320.000000
-1.200107	 	11326.666667
-1.321142	 	11333.333333
-1.303667	 	11340.000000
-1.363214	 	11346.666667
-1.194929	 	11353.333333
-1.249945	 	11360.000000
-1.257065	 	11366.666667
-1.179395	 	11373.333333
-1.356094	 	11380.000000
-1.315964	 	11386.666667
-1.361272	 	11393.333333
-1.319201	 	11400.000000
-1.387809	 	11406.666667
-1.469362	 	11413.333333
-1.388456	 	11420.000000
-1.481660	 	11426.666667
-1.479071	 	11433.333333
-1.345738	 	11440.000000
-1.391692	 	11446.666667
-1.459006	 	11453.333333
-1.431175	 	11460.000000
-1.363214	 	11466.666667
-1.504314	 	11473.333333
-1.405285	 	11480.000000
-1.507550	 	11486.666667
-1.532146	 	11493.333333
-1.493311	 	11500.000000
-1.541207	 	11506.666667
-1.576806	 	11513.333333
-1.503019	 	11520.000000
-1.642178	 	11526.666667
-1.674540	 	11533.333333
-1.712728	 	11540.000000
-1.674540	 	11546.666667
-1.667421	 	11553.333333
-1.641531	 	11560.000000
-1.712081	 	11566.666667
-1.659006	 	11573.333333
-1.587809	 	11580.000000
-1.690722	 	11586.666667
-1.794929	 	11593.333333
-1.833764	 	11600.000000
-1.585867	 	11606.666667
-1.675835	 	11613.333333
-1.700430	 	11620.000000
-1.704314	 	11626.666667
-1.659006	 	11633.333333
-1.559330	 	11640.000000
-1.655770	 	11646.666667
-1.574864	 	11653.333333
-1.536029	 	11660.000000
-1.646709	 	11666.666667
-1.737324	 	11673.333333
-1.677129	 	11680.000000
-1.684249	 	11686.666667
-1.789751	 	11693.333333
-1.731498	 	11700.000000
-1.759977	 	11706.666667
-1.698489	 	11713.333333
-1.645414	 	11720.000000
-1.704961	 	11726.666667
-1.848650	 	11733.333333
-1.790398	 	11740.000000
-1.837000	 	11746.666667
-1.774864	 	11753.333333
-1.814993	 	11760.000000
-1.712081	 	11766.666667
-1.740560	 	11773.333333
-1.649298	 	11780.000000
-1.695252	 	11786.666667
-1.798812	 	11793.333333
-1.783278	 	11800.000000
-1.734087	 	11806.666667
-1.541854	 	11813.333333
-1.759330	 	11820.000000
-1.565803	 	11826.666667
-1.607226	 	11833.333333
-1.548974	 	11840.000000
-1.714670	 	11846.666667
-1.650592	 	11853.333333
-1.681013	 	11860.000000
-1.646061	 	11866.666667
-1.565155	 	11873.333333
-1.729557	 	11880.000000
-1.714670	 	11886.666667
-1.649945	 	11893.333333
-1.622113	 	11900.000000
-1.646709	 	11906.666667
-1.725673	 	11913.333333
-1.605932	 	11920.000000
-1.519201	 	11926.666667
-1.578747	 	11933.333333
-1.626644	 	11940.000000
-1.559977	 	11946.666667
-1.580689	 	11953.333333
-1.667421	 	11960.000000
-1.525026	 	11966.666667
-1.689427	 	11973.333333
-1.607874	 	11980.000000
-1.552210	 	11986.666667
-1.618230	 	11993.333333
-1.751563	 	12000.000000
-1.599459	 	12006.666667
-1.786514	 	12013.333333
-1.690722	 	12020.000000
-1.661595	 	12026.666667
-1.704961	 	12033.333333
-1.585867	 	12040.000000
-1.654476	 	12046.666667
-1.849945	 	12053.333333
-1.820171	 	12060.000000
-1.772922	 	12066.666667
-1.723731	 	12073.333333
-1.901725	 	12080.000000
-1.614993	 	12086.666667
-1.800754	 	12093.333333
-1.887485	 	12100.000000
-1.983278	 	12106.666667
-1.853181	 	12113.333333
-1.796870	 	12120.000000
-1.800754	 	12126.666667
-1.875835	 	12133.333333
-1.829233	 	12140.000000
-1.816288	 	12146.666667
-1.813699	 	12153.333333
-1.781984	 	12160.000000
-1.657065	 	12166.666667
-1.617582	 	12173.333333
-1.673893	 	12180.000000
-1.678424	 	12186.666667
-1.621466	 	12193.333333
-1.592340	 	12200.000000
-1.525673	 	12206.666667
-1.626644	 	12213.333333
-1.479718	 	12220.000000
-1.438294	 	12226.666667
-1.483602	 	12233.333333
-1.483602	 	12240.000000
-1.446061	 	12246.666667
-1.710139	 	12253.333333
-1.639589	 	12260.000000
-1.666126	 	12266.666667
-1.679718	 	12273.333333
-1.797518	 	12280.000000
-1.765155	 	12286.666667
-1.861595	 	12293.333333
-1.992340	 	12300.000000
-1.906903	 	12306.666667
-2.011757	 	12313.333333
-1.936676	 	12320.000000
-1.904961	 	12326.666667
-1.943796	 	12333.333333
-1.862243	 	12340.000000
-1.864184	 	12346.666667
-1.886191	 	12353.333333
-1.838294	 	12360.000000
-1.809815	 	12366.666667
-1.919848	 	12373.333333
-1.768392	 	12380.000000
-1.583925	 	12386.666667
-1.703667	 	12393.333333
-1.696547	 	12400.000000
-1.707550	 	12406.666667
-1.633116	 	12413.333333
-1.604637	 	12420.000000
-1.614993	 	12426.666667
-1.704961	 	12433.333333
-1.696547	 	12440.000000
-1.541854	 	12446.666667
-1.622113	 	12453.333333
-1.645414	 	12460.000000
-1.563861	 	12466.666667
-1.676482	 	12473.333333
-1.548327	 	12480.000000
-1.706256	 	12486.666667
-1.668715	 	12493.333333
-1.655770	 	12500.000000
-1.893311	 	12506.666667
-1.887485	 	12513.333333
-1.764508	 	12520.000000
-1.749621	 	12526.666667
-1.850592	 	12533.333333
-1.821466	 	12540.000000
-1.811757	 	12546.666667
-1.699783	 	12553.333333
-1.662890	 	12560.000000
-1.800754	 	12566.666667
-1.703667	 	12573.333333
-1.569039	 	12580.000000
-1.724379	 	12586.666667
-1.578100	 	12593.333333
-1.730851	 	12600.000000
-1.568392	 	12606.666667
-1.519848	 	12613.333333
-1.513375	 	12620.000000
-1.519201	 	12626.666667
-1.517259	 	12633.333333
-1.609815	 	12640.000000
-1.615641	 	12646.666667
-1.519201	 	12653.333333
-1.647356	 	12660.000000
-1.604637	 	12666.666667
-1.533440	 	12673.333333
-1.556741	 	12680.000000
-1.581984	 	12686.666667
-1.593634	 	12693.333333
-1.537971	 	12700.000000
-1.634411	 	12706.666667
-1.691369	 	12713.333333
-1.605932	 	12720.000000
-1.673893	 	12726.666667
-1.651239	 	12733.333333
-1.561272	 	12740.000000
-1.547032	 	12746.666667
-1.534735	 	12753.333333
-1.562566	 	12760.000000
-1.518553	 	12766.666667
-1.499136	 	12773.333333
-1.514023	 	12780.000000
-1.528262	 	12786.666667
-1.642825	 	12793.333333
-1.345738	 	12800.000000
-1.451887	 	12806.666667
-1.396870	 	12813.333333
-1.423408	 	12820.000000
-1.360625	 	12826.666667
-1.449298	 	12833.333333
-1.419524	 	12840.000000
-1.309492	 	12846.666667
-1.554799	 	12853.333333
-1.534087	 	12860.000000
-1.418230	 	12866.666667
-1.515964	 	12873.333333
-1.539265	 	12880.000000
-1.463537	 	12886.666667
-1.383925	 	12893.333333
-1.448003	 	12900.000000
-1.352858	 	12906.666667
-1.245414	 	12913.333333
-1.300430	 	12920.000000
-1.409168	 	12926.666667
-1.354152	 	12933.333333
-1.317906	 	12940.000000
-1.290722	 	12946.666667
-1.403343	 	12953.333333
-1.312081	 	12960.000000
-1.381984	 	12966.666667
-1.388456	 	12973.333333
-1.371628	 	12980.000000
-1.381336	 	12986.666667
-1.425997	 	12993.333333
-1.483602	 	13000.000000
-1.435705	 	13006.666667
-1.372275	 	13013.333333
-1.410463	 	13020.000000
-1.437000	 	13026.666667
-1.356741	 	13033.333333
-1.409815	 	13040.000000
-1.570333	 	13046.666667
-1.534087	 	13053.333333
-1.739265	 	13060.000000
-1.639589	 	13066.666667
-1.673893	 	13073.333333
-1.833764	 	13080.000000
-1.828586	 	13086.666667
-1.865479	 	13093.333333
-1.747680	 	13100.000000
-1.633116	 	13106.666667
-1.803990	 	13113.333333
-1.727615	 	13120.000000
-2.002048	 	13126.666667
-1.848003	 	13133.333333
-1.881660	 	13140.000000
-1.932146	 	13146.666667
-1.926320	 	13153.333333
-1.813052	 	13160.000000
-1.751563	 	13166.666667
-1.838294	 	13173.333333
-1.892016	 	13180.000000
-1.820171	 	13186.666667
-1.877777	 	13193.333333
-1.749621	 	13200.000000
-1.855770	 	13206.666667
-1.866773	 	13213.333333
-1.843472	 	13220.000000
-1.982631	 	13226.666667
-1.918553	 	13233.333333
-1.826644	 	13240.000000
-2.016935	 	13246.666667
-1.888133	 	13253.333333
-1.962566	 	13260.000000
-1.874540	 	13266.666667
-1.851887	 	13273.333333
-1.961272	 	13280.000000
-1.859006	 	13286.666667
-2.045414	 	13293.333333
-1.769039	 	13300.000000
-1.776806	 	13306.666667
-1.839589	 	13313.333333
-1.684896	 	13320.000000
-1.636353	 	13326.666667
