#peak 	 	#time 
2.089399	 	0.000000
2.373427	 	6.666667
2.771191	 	13.333333
3.091556	 	20.000000
3.277739	 	26.666667
3.411994	 	33.333333
3.380922	 	40.000000
3.560329	 	46.666667
3.555511	 	53.333333
3.552925	 	60.000000
3.669446	 	66.666667
3.659291	 	73.333333
3.753961	 	80.000000
3.592465	 	86.666667
3.637811	 	93.333333
3.530413	 	100.000000
3.534390	 	106.666667
3.559052	 	113.333333
3.623491	 	120.000000
3.727708	 	126.666667
3.591670	 	133.333333
3.577350	 	140.000000
3.586896	 	146.666667
3.592465	 	153.333333
3.605989	 	160.000000
3.721343	 	166.666667
3.722934	 	173.333333
3.886021	 	180.000000
3.704637	 	186.666667
3.751574	 	193.333333
3.623491	 	200.000000
3.536777	 	206.666667
3.617127	 	213.333333
3.672815	 	220.000000
3.616331	 	226.666667
3.521662	 	233.333333
3.512911	 	240.000000
3.537572	 	246.666667
3.617923	 	253.333333
3.683953	 	260.000000
3.500977	 	266.666667
3.368917	 	273.333333
3.359370	 	280.000000
3.372895	 	286.666667
3.369713	 	293.333333
3.381646	 	300.000000
3.246403	 	306.666667
3.258336	 	313.333333
3.211399	 	320.000000
3.328344	 	326.666667
3.245608	 	333.333333
3.189124	 	340.000000
3.215377	 	346.666667
3.296522	 	353.333333
3.267087	 	360.000000
3.248790	 	366.666667
3.231288	 	373.333333
3.242425	 	380.000000
3.230492	 	386.666667
3.275838	 	393.333333
3.158098	 	400.000000
3.244812	 	406.666667
3.247199	 	413.333333
3.396761	 	420.000000
3.414263	 	426.666667
3.338686	 	433.333333
3.542346	 	440.000000
3.453245	 	446.666667
3.439720	 	453.333333
3.503364	 	460.000000
3.280611	 	466.666667
3.482680	 	473.333333
3.319593	 	480.000000
3.483475	 	486.666667
3.391988	 	493.333333
3.335504	 	500.000000
3.317207	 	506.666667
3.481089	 	513.333333
3.384828	 	520.000000
3.501773	 	526.666667
3.417445	 	533.333333
3.208217	 	540.000000
3.346642	 	546.666667
3.538368	 	553.333333
3.267087	 	560.000000
3.311638	 	566.666667
3.358575	 	573.333333
3.318798	 	580.000000
3.462791	 	586.666667
3.126276	 	593.333333
3.279816	 	600.000000
3.295727	 	606.666667
3.209012	 	613.333333
3.035584	 	620.000000
3.208217	 	626.666667
3.170826	 	633.333333
3.157302	 	640.000000
3.228106	 	646.666667
3.153324	 	653.333333
3.207421	 	660.000000
2.995806	 	666.666667
3.154120	 	673.333333
3.133436	 	680.000000
3.216172	 	686.666667
3.043539	 	693.333333
3.055472	 	700.000000
3.205830	 	706.666667
3.074565	 	713.333333
3.125480	 	720.000000
3.140596	 	726.666667
3.069792	 	733.333333
3.170031	 	740.000000
3.158893	 	746.666667
3.170031	 	753.333333
3.158098	 	760.000000
3.006944	 	766.666667
3.300500	 	773.333333
3.037970	 	780.000000
3.106387	 	786.666667
3.064223	 	793.333333
3.074565	 	800.000000
3.030810	 	806.666667
3.122298	 	813.333333
3.373690	 	820.000000
3.133436	 	826.666667
3.058654	 	833.333333
3.384032	 	840.000000
3.200261	 	846.666667
3.037175	 	853.333333
3.046721	 	860.000000
3.014899	 	866.666667
2.973531	 	873.333333
3.174008	 	880.000000
3.209808	 	886.666667
3.109569	 	893.333333
3.163666	 	900.000000
3.062632	 	906.666667
3.250381	 	913.333333
3.251972	 	920.000000
3.133436	 	926.666667
3.067405	 	933.333333
3.262314	 	940.000000
3.259132	 	946.666667
3.361757	 	953.333333
3.379259	 	960.000000
3.222537	 	966.666667
3.244812	 	973.333333
3.167644	 	980.000000
3.199466	 	986.666667
3.216172	 	993.333333
3.168440	 	1000.000000
3.211399	 	1006.666667
3.171622	 	1013.333333
3.039561	 	1020.000000
3.026037	 	1026.666667
3.150938	 	1033.333333
3.170031	 	1040.000000
3.085703	 	1046.666667
3.133436	 	1053.333333
3.137413	 	1060.000000
3.230492	 	1066.666667
3.281407	 	1073.333333
3.170031	 	1080.000000
3.052290	 	1086.666667
3.177191	 	1093.333333
3.197079	 	1100.000000
3.132640	 	1106.666667
3.038766	 	1113.333333
3.093658	 	1120.000000
2.950460	 	1126.666667
2.919434	 	1133.333333
2.878861	 	1140.000000
2.981487	 	1146.666667
2.788169	 	1153.333333
3.146960	 	1160.000000
3.103205	 	1166.666667
3.099227	 	1173.333333
3.114343	 	1180.000000
3.046721	 	1186.666667
3.130253	 	1193.333333
3.160484	 	1200.000000
3.176395	 	1206.666667
2.990238	 	1213.333333
3.060246	 	1220.000000
3.045130	 	1226.666667
3.030015	 	1233.333333
3.116729	 	1240.000000
3.058654	 	1246.666667
3.081725	 	1253.333333
3.040357	 	1260.000000
2.991033	 	1266.666667
3.053086	 	1273.333333
2.956029	 	1280.000000
3.083316	 	1286.666667
3.151733	 	1293.333333
3.111160	 	1300.000000
3.100023	 	1306.666667
3.202648	 	1313.333333
3.236857	 	1320.000000
3.381646	 	1326.666667
3.214581	 	1333.333333
3.182759	 	1340.000000
3.211399	 	1346.666667
3.262314	 	1353.333333
3.320389	 	1360.000000
3.209808	 	1366.666667
3.240834	 	1373.333333
3.219355	 	1380.000000
3.288567	 	1386.666667
3.279020	 	1393.333333
3.385623	 	1400.000000
3.314024	 	1406.666667
3.334709	 	1413.333333
3.389601	 	1420.000000
3.220946	 	1426.666667
3.467565	 	1433.333333
3.390397	 	1440.000000
3.416650	 	1446.666667
3.605989	 	1453.333333
3.486658	 	1460.000000
3.371304	 	1466.666667
3.330731	 	1473.333333
3.485862	 	1480.000000
3.465178	 	1486.666667
3.383237	 	1493.333333
3.420627	 	1500.000000
3.435743	 	1506.666667
3.541550	 	1513.333333
3.493818	 	1520.000000
3.406308	 	1526.666667
3.415854	 	1533.333333
3.492226	 	1540.000000
3.558257	 	1546.666667
3.438925	 	1553.333333
3.368121	 	1560.000000
3.252767	 	1566.666667
3.454040	 	1573.333333
3.470747	 	1580.000000
3.452449	 	1586.666667
3.318002	 	1593.333333
3.315615	 	1600.000000
3.349028	 	1606.666667
3.313229	 	1613.333333
3.199466	 	1620.000000
3.253563	 	1626.666667
3.205035	 	1633.333333
3.359370	 	1640.000000
3.288567	 	1646.666667
3.239243	 	1653.333333
3.177986	 	1660.000000
3.304478	 	1666.666667
3.124685	 	1673.333333
3.152529	 	1680.000000
3.271065	 	1686.666667
3.298909	 	1693.333333
3.250381	 	1700.000000
3.376872	 	1706.666667
3.325162	 	1713.333333
3.262314	 	1720.000000
3.366530	 	1726.666667
3.453245	 	1733.333333
3.506546	 	1740.000000
3.356984	 	1746.666667
3.468360	 	1753.333333
3.492226	 	1760.000000
3.470747	 	1766.666667
3.545528	 	1773.333333
3.675202	 	1780.000000
3.499386	 	1786.666667
3.557461	 	1793.333333
3.641789	 	1800.000000
3.418241	 	1806.666667
3.405512	 	1813.333333
3.501773	 	1820.000000
3.509728	 	1826.666667
3.566212	 	1833.333333
3.470747	 	1840.000000
3.506546	 	1846.666667
3.613945	 	1853.333333
3.637016	 	1860.000000
3.581327	 	1866.666667
3.664860	 	1873.333333
3.726117	 	1880.000000
3.481089	 	1886.666667
3.510524	 	1893.333333
3.541550	 	1900.000000
3.388806	 	1906.666667
3.518479	 	1913.333333
3.345051	 	1920.000000
3.380850	 	1926.666667
3.454836	 	1933.333333
3.254358	 	1940.000000
3.259132	 	1946.666667
3.361757	 	1953.333333
3.203444	 	1960.000000
3.395965	 	1966.666667
3.222537	 	1973.333333
3.263109	 	1980.000000
3.185942	 	1986.666667
3.309251	 	1993.333333
3.292545	 	2000.000000
3.310047	 	2006.666667
3.137413	 	2013.333333
3.368121	 	2020.000000
3.246403	 	2026.666667
3.212195	 	2033.333333
3.355393	 	2040.000000
3.255154	 	2046.666667
3.235265	 	2053.333333
3.158098	 	2060.000000
3.165257	 	2066.666667
3.109569	 	2073.333333
3.395965	 	2080.000000
3.142982	 	2086.666667
3.209808	 	2093.333333
3.317207	 	2100.000000
3.298113	 	2106.666667
3.015695	 	2113.333333
3.185146	 	2120.000000
3.240039	 	2126.666667
3.129458	 	2133.333333
3.247994	 	2140.000000
3.215377	 	2146.666667
3.250381	 	2153.333333
3.132640	 	2160.000000
3.263905	 	2166.666667
3.244812	 	2173.333333
3.060246	 	2180.000000
3.315615	 	2186.666667
3.231288	 	2193.333333
3.149347	 	2200.000000
3.161280	 	2206.666667
3.106387	 	2213.333333
3.114343	 	2220.000000
3.061041	 	2226.666667
3.030015	 	2233.333333
3.191510	 	2240.000000
3.318798	 	2246.666667
3.191510	 	2253.333333
3.228106	 	2260.000000
3.176395	 	2266.666667
3.241630	 	2273.333333
3.286180	 	2280.000000
3.328344	 	2286.666667
3.200261	 	2293.333333
3.195488	 	2300.000000
3.087294	 	2306.666667
3.080134	 	2313.333333
3.207421	 	2320.000000
3.103205	 	2326.666667
3.286180	 	2333.333333
3.259132	 	2340.000000
3.315615	 	2346.666667
3.253563	 	2353.333333
3.019673	 	2360.000000
3.111160	 	2366.666667
3.158893	 	2373.333333
3.179577	 	2380.000000
2.998989	 	2386.666667
3.069792	 	2393.333333
2.870906	 	2400.000000
2.910683	 	2406.666667
2.889203	 	2413.333333
2.897159	 	2420.000000
2.901137	 	2426.666667
2.831924	 	2433.333333
2.805671	 	2440.000000
2.979100	 	2446.666667
2.918639	 	2453.333333
2.885226	 	2460.000000
2.880452	 	2466.666667
2.761916	 	2473.333333
2.831129	 	2480.000000
2.912274	 	2486.666667
2.900341	 	2493.333333
2.899545	 	2500.000000
2.769076	 	2506.666667
2.797716	 	2513.333333
2.839880	 	2520.000000
2.905114	 	2526.666667
2.798511	 	2533.333333
2.773054	 	2540.000000
2.789760	 	2546.666667
2.796125	 	2553.333333
2.808853	 	2560.000000
2.734868	 	2566.666667
2.544732	 	2573.333333
2.624287	 	2580.000000
2.790556	 	2586.666667
2.680771	 	2593.333333
2.726117	 	2600.000000
2.739641	 	2606.666667
2.732481	 	2613.333333
2.889203	 	2620.000000
2.732481	 	2626.666667
2.702250	 	2633.333333
2.851017	 	2640.000000
2.677588	 	2646.666667
2.868519	 	2653.333333
2.774645	 	2660.000000
2.742028	 	2666.666667
2.832720	 	2673.333333
2.875679	 	2680.000000
3.039561	 	2686.666667
3.070588	 	2693.333333
2.983078	 	2700.000000
2.954438	 	2706.666667
3.044335	 	2713.333333
2.977509	 	2720.000000
3.006148	 	2726.666667
2.924207	 	2733.333333
3.033993	 	2740.000000
3.004557	 	2746.666667
2.846244	 	2753.333333
2.922616	 	2760.000000
2.901932	 	2766.666667
2.891590	 	2773.333333
2.967167	 	2780.000000
2.718957	 	2786.666667
2.953643	 	2793.333333
2.952847	 	2800.000000
2.749983	 	2806.666667
2.659291	 	2813.333333
2.794534	 	2820.000000
2.909888	 	2826.666667
2.832720	 	2833.333333
2.773054	 	2840.000000
2.836697	 	2846.666667
2.966371	 	2853.333333
2.777032	 	2860.000000
2.987055	 	2866.666667
2.950460	 	2873.333333
3.263905	 	2880.000000
3.069792	 	2886.666667
3.188328	 	2893.333333
3.240834	 	2900.000000
3.166053	 	2906.666667
3.247199	 	2913.333333
3.272656	 	2920.000000
3.204239	 	2926.666667
3.349824	 	2933.333333
3.260723	 	2940.000000
3.206626	 	2946.666667
3.077748	 	2953.333333
3.177986	 	2960.000000
3.071383	 	2966.666667
3.205035	 	2973.333333
3.076952	 	2980.000000
3.010126	 	2986.666667
3.041948	 	2993.333333
3.232879	 	3000.000000
3.308456	 	3006.666667
3.326753	 	3013.333333
3.297318	 	3020.000000
3.250381	 	3026.666667
3.130253	 	3033.333333
3.382441	 	3040.000000
3.205830	 	3046.666667
3.201057	 	3053.333333
3.151733	 	3060.000000
3.184351	 	3066.666667
3.206626	 	3073.333333
3.536777	 	3080.000000
4.123094	 	3086.666667
4.578941	 	3093.333333
5.174008	 	3100.000000
6.005353	 	3106.666667
7.386419	 	3113.333333
9.465973	 	3120.000000
12.461200	 	3126.666667
21.934549	 	3133.333333
44.513706	 	3140.000000
77.718161	 	3146.666667
119.827946	 	3153.333333
173.305273	 	3160.000000
238.748392	 	3166.666667
318.663269	 	3173.333333
415.461200	 	3180.000000
525.994215	 	3186.666667
650.828742	 	3193.333333
787.493818	 	3200.000000
934.150142	 	3206.666667
1090.810444	 	3213.333333
1252.626674	 	3220.000000
1417.227310	 	3226.666667
1583.737254	 	3233.333333
1747.859768	 	3240.000000
1911.506546	 	3246.666667
2071.773849	 	3253.333333
2225.043539	 	3260.000000
2373.240039	 	3266.666667
2513.284589	 	3273.333333
2645.512911	 	3280.000000
2769.166849	 	3286.666667
2882.582123	 	3293.333333
2985.925798	 	3300.000000
3079.716570	 	3306.666667
3161.715775	 	3313.333333
3234.099227	 	3320.000000
3296.503364	 	3326.666667
3349.023650	 	3333.333333
3391.239243	 	3340.000000
3424.854995	 	3346.666667
3450.812036	 	3353.333333
3467.145369	 	3360.000000
3474.402330	 	3366.666667
3475.380850	 	3373.333333
3471.294931	 	3380.000000
3460.459609	 	3386.666667
3443.886817	 	3393.333333
3423.875679	 	3400.000000
3400.132640	 	3406.666667
3371.748392	 	3413.333333
3340.466769	 	3420.000000
3308.014899	 	3426.666667
3271.694295	 	3433.333333
3234.267883	 	3440.000000
3196.773849	 	3446.666667
3157.089681	 	3453.333333
3115.220150	 	3460.000000
3073.236857	 	3466.666667
3029.994215	 	3473.333333
2986.500977	 	3480.000000
2943.518479	 	3486.666667
2899.486658	 	3493.333333
2854.438925	 	3500.000000
2810.527230	 	3506.666667
2766.543937	 	3513.333333
2722.452449	 	3520.000000
2679.161280	 	3526.666667
2636.065814	 	3533.333333
2593.137413	 	3540.000000
2550.238448	 	3546.666667
2508.284589	 	3553.333333
2467.162075	 	3560.000000
2425.664860	 	3566.666667
2385.679179	 	3573.333333
2345.885226	 	3580.000000
2306.931367	 	3586.666667
2268.814422	 	3593.333333
2231.023650	 	3600.000000
2193.103205	 	3606.666667
2156.573372	 	3613.333333
2120.993420	 	3620.000000
2085.905114	 	3626.666667
2051.221741	 	3633.333333
2017.022855	 	3640.000000
1983.346642	 	3646.666667
1951.147755	 	3653.333333
1919.628265	 	3660.000000
1887.775440	 	3666.666667
1856.573372	 	3673.333333
1826.757938	 	3680.000000
1797.083316	 	3686.666667
1768.189919	 	3693.333333
1739.751574	 	3700.000000
1711.476316	 	3706.666667
1684.668042	 	3713.333333
1657.827946	 	3720.000000
1631.835106	 	3726.666667
1605.523253	 	3733.333333
1579.714183	 	3740.000000
1554.942505	 	3746.666667
1531.019673	 	3753.333333
1507.167644	 	3760.000000
1483.738845	 	3766.666667
1460.955234	 	3773.333333
1438.554279	 	3780.000000
1416.842266	 	3786.666667
1394.971144	 	3793.333333
1373.450858	 	3800.000000
1352.617923	 	3806.666667
1331.798511	 	3813.333333
1311.570985	 	3820.000000
1291.892386	 	3826.666667
1272.686339	 	3833.333333
1253.912274	 	3840.000000
1235.356188	 	3846.666667
1217.275838	 	3853.333333
1199.526435	 	3860.000000
1182.145369	 	3866.666667
1164.695886	 	3873.333333
1147.407899	 	3880.000000
1131.004557	 	3886.666667
1114.575759	 	3893.333333
1098.530413	 	3900.000000
1082.893977	 	3906.666667
1067.191510	 	3913.333333
1051.761121	 	3920.000000
1036.965576	 	3926.666667
1022.310842	 	3933.333333
1007.391192	 	3940.000000
993.096045	 	3946.666667
978.689522	 	3953.333333
965.042744	 	3960.000000
951.414263	 	3966.666667
937.687930	 	3973.333333
924.298113	 	3980.000000
911.412672	 	3986.666667
898.450063	 	3993.333333
885.618718	 	4000.000000
873.687930	 	4006.666667
861.264701	 	4013.333333
849.228106	 	4020.000000
837.372099	 	4026.666667
825.717366	 	4033.333333
814.140596	 	4040.000000
802.554279	 	4046.666667
791.399148	 	4053.333333
780.602807	 	4060.000000
769.899545	 	4066.666667
759.504160	 	4073.333333
748.951256	 	4080.000000
738.909888	 	4086.666667
729.045130	 	4093.333333
719.162871	 	4100.000000
709.445289	 	4106.666667
699.911479	 	4113.333333
690.508933	 	4120.000000
681.185942	 	4126.666667
672.066610	 	4133.333333
663.185942	 	4140.000000
654.224128	 	4146.666667
645.434947	 	4153.333333
637.172417	 	4160.000000
629.017286	 	4166.666667
620.691908	 	4173.333333
612.580532	 	4180.000000
604.904319	 	4186.666667
597.119116	 	4193.333333
589.366530	 	4200.000000
581.908296	 	4206.666667
574.384032	 	4213.333333
567.140596	 	4220.000000
559.749187	 	4226.666667
553.100818	 	4233.333333
546.030015	 	4240.000000
539.157302	 	4246.666667
532.055472	 	4253.333333
525.373690	 	4260.000000
518.722934	 	4266.666667
512.403921	 	4273.333333
505.854199	 	4280.000000
499.528822	 	4286.666667
493.442903	 	4293.333333
487.181964	 	4300.000000
481.109569	 	4306.666667
474.897954	 	4313.333333
468.731685	 	4320.000000
463.109569	 	4326.666667
457.395965	 	4333.333333
451.680771	 	4340.000000
445.973531	 	4346.666667
440.357779	 	4353.333333
434.896363	 	4360.000000
429.479498	 	4366.666667
424.208217	 	4373.333333
419.013308	 	4380.000000
413.906705	 	4386.666667
408.854199	 	4393.333333
403.773054	 	4400.000000
399.006944	 	4406.666667
393.789760	 	4413.333333
388.796920	 	4420.000000
384.142982	 	4426.666667
379.363348	 	4433.333333
374.726912	 	4440.000000
370.094454	 	4446.666667
365.283794	 	4453.333333
360.890794	 	4460.000000
356.718957	 	4466.666667
352.240834	 	4473.333333
347.999784	 	4480.000000
343.639402	 	4486.666667
339.526435	 	4493.333333
335.364144	 	4500.000000
331.264701	 	4506.666667
327.422218	 	4513.333333
323.717366	 	4520.000000
319.213786	 	4526.666667
315.847835	 	4533.333333
311.947278	 	4540.000000
307.956825	 	4546.666667
304.454836	 	4553.333333
300.970349	 	4560.000000
297.078543	 	4566.666667
293.798511	 	4573.333333
290.230492	 	4580.000000
286.773054	 	4586.666667
283.701455	 	4593.333333
280.189919	 	4600.000000
276.801693	 	4606.666667
273.526435	 	4613.333333
270.108774	 	4620.000000
266.614740	 	4626.666667
264.530413	 	4633.333333
259.584510	 	4640.000000
258.362553	 	4646.666667
254.782600	 	4653.333333
251.672020	 	4660.000000
249.455631	 	4666.666667
246.403125	 	4673.333333
242.760325	 	4680.000000
241.895568	 	4686.666667
237.751574	 	4693.333333
234.862950	 	4700.000000
233.386419	 	4706.666667
229.532799	 	4713.333333
227.087294	 	4720.000000
225.953643	 	4726.666667
221.885226	 	4733.333333
220.834311	 	4740.000000
216.942505	 	4746.666667
214.931367	 	4753.333333
212.797716	 	4760.000000
209.926594	 	4766.666667
207.788965	 	4773.333333
205.781009	 	4780.000000
202.692704	 	4786.666667
201.298909	 	4793.333333
198.913865	 	4800.000000
195.879657	 	4806.666667
194.018877	 	4813.333333
191.844653	 	4820.000000
189.267087	 	4826.666667
187.303682	 	4833.333333
185.517684	 	4840.000000
182.806467	 	4846.666667
181.119911	 	4853.333333
179.679975	 	4860.000000
176.755552	 	4866.666667
175.315615	 	4873.333333
173.691908	 	4880.000000
170.708615	 	4886.666667
169.845448	 	4893.333333
167.745210	 	4900.000000
165.952847	 	4906.666667
164.570190	 	4913.333333
163.074565	 	4920.000000
160.788965	 	4926.666667
159.408694	 	4933.333333
157.738050	 	4940.000000
156.333117	 	4946.666667
154.143778	 	4953.333333
152.773054	 	4960.000000
151.308456	 	4966.666667
149.337095	 	4973.333333
148.088090	 	4980.000000
146.958416	 	4986.666667
144.639402	 	4993.333333
143.187533	 	5000.000000
142.020468	 	5006.666667
140.575759	 	5013.333333
138.649744	 	5020.000000
137.650540	 	5026.666667
136.039561	 	5033.333333
134.559848	 	5040.000000
133.707819	 	5046.666667
132.203444	 	5053.333333
130.512115	 	5060.000000
129.366530	 	5066.666667
128.088885	 	5073.333333
126.621105	 	5080.000000
125.177191	 	5086.666667
124.004557	 	5093.333333
122.932958	 	5100.000000
121.396761	 	5106.666667
120.368121	 	5113.333333
119.289362	 	5120.000000
117.816013	 	5126.666667
116.335504	 	5133.333333
115.560643	 	5140.000000
114.036379	 	5146.666667
112.824764	 	5153.333333
111.893181	 	5160.000000
110.407899	 	5166.666667
109.257541	 	5173.333333
108.497795	 	5180.000000
106.936141	 	5186.666667
105.704637	 	5193.333333
104.964780	 	5200.000000
103.837493	 	5206.666667
102.726117	 	5213.333333
101.972736	 	5220.000000
100.587692	 	5226.666667
99.950460	 	5233.333333
98.624287	 	5240.000000
97.836697	 	5246.666667
96.891590	 	5253.333333
95.809649	 	5260.000000
95.049108	 	5266.666667
94.034788	 	5273.333333
92.897159	 	5280.000000
92.475520	 	5286.666667
91.380055	 	5293.333333
90.358575	 	5300.000000
89.577350	 	5306.666667
88.686339	 	5313.333333
87.585305	 	5320.000000
86.795329	 	5326.666667
85.875679	 	5333.333333
85.040357	 	5340.000000
84.166053	 	5346.666667
83.666451	 	5353.333333
82.878861	 	5360.000000
81.729299	 	5366.666667
81.302887	 	5373.333333
80.465973	 	5380.000000
79.707819	 	5386.666667
79.262314	 	5393.333333
78.271065	 	5400.000000
77.340277	 	5406.666667
76.593261	 	5413.333333
75.909092	 	5420.000000
75.028424	 	5426.666667
74.304478	 	5433.333333
73.476316	 	5440.000000
72.545528	 	5446.666667
71.691908	 	5453.333333
71.078543	 	5460.000000
70.437334	 	5466.666667
69.479498	 	5473.333333
68.834311	 	5480.000000
68.196284	 	5486.666667
67.301296	 	5493.333333
66.665655	 	5500.000000
66.155711	 	5506.666667
65.353006	 	5513.333333
64.794534	 	5520.000000
64.268678	 	5526.666667
63.543141	 	5533.333333
62.780214	 	5540.000000
62.124685	 	5546.666667
61.500182	 	5553.333333
60.930572	 	5560.000000
60.349824	 	5566.666667
59.677588	 	5573.333333
58.993420	 	5580.000000
58.411876	 	5586.666667
57.693499	 	5593.333333
57.127071	 	5600.000000
56.631447	 	5606.666667
56.084907	 	5613.333333
55.555074	 	5620.000000
54.916252	 	5626.666667
54.383237	 	5633.333333
53.963985	 	5640.000000
53.365735	 	5646.666667
52.850222	 	5653.333333
52.417445	 	5660.000000
51.815218	 	5666.666667
51.403921	 	5673.333333
50.983078	 	5680.000000
50.517684	 	5686.666667
50.104001	 	5693.333333
49.734868	 	5700.000000
48.974327	 	5706.666667
48.671224	 	5713.333333
48.242425	 	5720.000000
47.783396	 	5726.666667
47.413467	 	5733.333333
47.044335	 	5740.000000
46.887612	 	5746.666667
46.556666	 	5753.333333
46.120707	 	5760.000000
45.556666	 	5766.666667
45.256745	 	5773.333333
44.892386	 	5780.000000
44.303682	 	5786.666667
44.011717	 	5793.333333
43.461996	 	5800.000000
43.134231	 	5806.666667
42.876475	 	5813.333333
42.433356	 	5820.000000
42.344255	 	5826.666667
41.764303	 	5833.333333
41.655313	 	5840.000000
41.170826	 	5846.666667
40.950460	 	5853.333333
40.358575	 	5860.000000
40.067405	 	5866.666667
39.721343	 	5873.333333
39.233674	 	5880.000000
38.890794	 	5886.666667
38.329935	 	5893.333333
37.963189	 	5900.000000
37.453245	 	5906.666667
37.025242	 	5913.333333
36.702250	 	5920.000000
36.092067	 	5926.666667
35.711001	 	5933.333333
35.442903	 	5940.000000
35.166053	 	5946.666667
34.600421	 	5953.333333
34.304478	 	5960.000000
33.915456	 	5966.666667
33.504955	 	5973.333333
33.245608	 	5980.000000
33.027628	 	5986.666667
32.608376	 	5993.333333
32.395965	 	6000.000000
32.119911	 	6006.666667
31.701455	 	6013.333333
31.644971	 	6020.000000
31.409490	 	6026.666667
31.305273	 	6033.333333
31.061041	 	6040.000000
30.640198	 	6046.666667
30.544732	 	6053.333333
30.423014	 	6060.000000
30.026037	 	6066.666667
29.815218	 	6073.333333
29.660086	 	6080.000000
29.306864	 	6086.666667
29.144573	 	6093.333333
28.878861	 	6100.000000
28.625878	 	6106.666667
28.561439	 	6113.333333
28.327549	 	6120.000000
28.170031	 	6126.666667
28.016491	 	6133.333333
27.709410	 	6140.000000
27.535981	 	6146.666667
27.294136	 	6153.333333
27.177986	 	6160.000000
27.067405	 	6166.666667
26.781009	 	6173.333333
26.586101	 	6180.000000
26.236857	 	6186.666667
26.048312	 	6193.333333
25.981487	 	6200.000000
25.711797	 	6206.666667
25.551097	 	6213.333333
25.253563	 	6220.000000
25.044335	 	6226.666667
24.516093	 	6233.333333
24.333913	 	6240.000000
24.259927	 	6246.666667
23.737254	 	6253.333333
23.510524	 	6260.000000
23.325162	 	6266.666667
23.024446	 	6273.333333
22.800898	 	6280.000000
22.637016	 	6286.666667
22.571781	 	6293.333333
22.478702	 	6300.000000
22.309251	 	6306.666667
21.995011	 	6313.333333
21.882043	 	6320.000000
21.665655	 	6326.666667
21.422218	 	6333.333333
21.333117	 	6340.000000
21.453245	 	6346.666667
21.348233	 	6353.333333
21.127071	 	6360.000000
20.979895	 	6366.666667
20.791351	 	6373.333333
20.676793	 	6380.000000
20.415854	 	6386.666667
20.341073	 	6393.333333
20.194693	 	6400.000000
20.111160	 	6406.666667
20.061041	 	6413.333333
19.958416	 	6420.000000
19.938527	 	6426.666667
19.804876	 	6433.333333
19.593261	 	6440.000000
19.395170	 	6446.666667
19.469951	 	6453.333333
19.459609	 	6460.000000
19.174008	 	6466.666667
19.084112	 	6473.333333
18.940914	 	6480.000000
18.688726	 	6486.666667
18.517684	 	6493.333333
18.504160	 	6500.000000
18.375281	 	6506.666667
17.913865	 	6513.333333
17.711797	 	6520.000000
17.673611	 	6526.666667
17.517684	 	6533.333333
17.210604	 	6540.000000
17.131049	 	6546.666667
16.781805	 	6553.333333
16.749187	 	6560.000000
16.377668	 	6566.666667
16.197875	 	6573.333333
15.989442	 	6580.000000
15.648153	 	6586.666667
15.621105	 	6593.333333
15.410285	 	6600.000000
15.189124	 	6606.666667
15.048312	 	6613.333333
14.906705	 	6620.000000
14.881248	 	6626.666667
14.685544	 	6633.333333
14.555074	 	6640.000000
14.509728	 	6646.666667
14.341868	 	6653.333333
14.251972	 	6660.000000
14.185942	 	6666.666667
14.004557	 	6673.333333
14.030810	 	6680.000000
13.863746	 	6686.666667
13.941709	 	6693.333333
13.952847	 	6700.000000
13.808058	 	6706.666667
13.723730	 	6713.333333
13.702250	 	6720.000000
13.587692	 	6726.666667
13.375281	 	6733.333333
13.326753	 	6740.000000
13.044335	 	6746.666667
13.108774	 	6753.333333
13.009331	 	6760.000000
13.045130	 	6766.666667
12.894772	 	6773.333333
12.788965	 	6780.000000
12.602807	 	6786.666667
12.697477	 	6793.333333
12.538368	 	6800.000000
12.318002	 	6806.666667
11.999784	 	6813.333333
12.033197	 	6820.000000
12.085703	 	6826.666667
12.127867	 	6833.333333
11.961598	 	6840.000000
11.851813	 	6846.666667
11.711797	 	6853.333333
11.613149	 	6860.000000
11.683953	 	6866.666667
11.469156	 	6873.333333
11.194693	 	6880.000000
11.169235	 	6886.666667
11.124685	 	6893.333333
10.860564	 	6900.000000
10.759530	 	6906.666667
10.530413	 	6913.333333
10.535186	 	6920.000000
10.304478	 	6926.666667
10.166849	 	6933.333333
10.114343	 	6940.000000
9.983873	 	6946.666667
9.898750	 	6953.333333
10.028424	 	6960.000000
10.002966	 	6966.666667
9.800102	 	6973.333333
9.582123	 	6980.000000
9.485862	 	6986.666667
9.535186	 	6993.333333
9.464382	 	7000.000000
9.471542	 	7006.666667
9.365735	 	7013.333333
9.174008	 	7020.000000
9.074565	 	7026.666667
8.823173	 	7033.333333
8.983078	 	7040.000000
8.956825	 	7046.666667
8.993420	 	7053.333333
8.964780	 	7060.000000
8.883635	 	7066.666667
8.639402	 	7073.333333
8.656904	 	7080.000000
8.840675	 	7086.666667
8.751574	 	7093.333333
8.776236	 	7100.000000
8.628265	 	7106.666667
8.571781	 	7113.333333
8.590078	 	7120.000000
8.626674	 	7126.666667
8.627469	 	7133.333333
8.506546	 	7140.000000
8.491431	 	7146.666667
8.221741	 	7153.333333
8.251176	 	7160.000000
8.207421	 	7166.666667
8.303682	 	7173.333333
8.259927	 	7180.000000
8.262314	 	7186.666667
8.091272	 	7193.333333
8.096841	 	7200.000000
8.222537	 	7206.666667
8.127071	 	7213.333333
7.957620	 	7220.000000
7.927390	 	7226.666667
7.861359	 	7233.333333
7.761916	 	7240.000000
7.818400	 	7246.666667
7.609967	 	7253.333333
7.809649	 	7260.000000
7.820787	 	7266.666667
7.651335	 	7273.333333
7.644971	 	7280.000000
7.588487	 	7286.666667
7.703046	 	7293.333333
7.591670	 	7300.000000
7.532799	 	7306.666667
7.559848	 	7313.333333
7.493818	 	7320.000000
7.271065	 	7326.666667
7.489840	 	7333.333333
7.570190	 	7340.000000
7.433356	 	7346.666667
7.329935	 	7353.333333
7.209808	 	7360.000000
6.983078	 	7366.666667
7.038766	 	7373.333333
6.977509	 	7380.000000
7.004557	 	7386.666667
6.944892	 	7393.333333
6.792147	 	7400.000000
6.750779	 	7406.666667
6.686339	 	7413.333333
6.370508	 	7420.000000
6.383237	 	7426.666667
6.167644	 	7433.333333
6.430969	 	7440.000000
6.298113	 	7446.666667
6.177986	 	7453.333333
6.025242	 	7460.000000
5.912274	 	7466.666667
5.769872	 	7473.333333
5.769872	 	7480.000000
5.672020	 	7486.666667
5.623491	 	7493.333333
5.582123	 	7500.000000
5.551097	 	7506.666667
5.564621	 	7513.333333
5.543937	 	7520.000000
5.376872	 	7526.666667
5.494613	 	7533.333333
5.438925	 	7540.000000
5.563825	 	7546.666667
5.366530	 	7553.333333
5.473133	 	7560.000000
5.532799	 	7566.666667
5.490635	 	7573.333333
5.489840	 	7580.000000
5.464382	 	7586.666667
5.317207	 	7593.333333
5.448471	 	7600.000000
5.207421	 	7606.666667
5.145369	 	7613.333333
5.137413	 	7620.000000
5.166849	 	7626.666667
5.158098	 	7633.333333
4.956825	 	7640.000000
4.720548	 	7646.666667
4.778623	 	7653.333333
4.761916	 	7660.000000
4.648153	 	7666.666667
4.577350	 	7673.333333
4.640198	 	7680.000000
4.658495	 	7686.666667
4.509728	 	7693.333333
4.395170	 	7700.000000
4.406308	 	7706.666667
4.213786	 	7713.333333
4.023650	 	7720.000000
4.083316	 	7726.666667
4.051495	 	7733.333333
3.823173	 	7740.000000
3.734072	 	7746.666667
3.703841	 	7753.333333
3.843062	 	7760.000000
3.574168	 	7766.666667
3.584510	 	7773.333333
3.749983	 	7780.000000
3.816809	 	7786.666667
3.706228	 	7793.333333
3.974327	 	7800.000000
3.777827	 	7806.666667
3.745210	 	7813.333333
3.635425	 	7820.000000
3.617923	 	7826.666667
3.870110	 	7833.333333
3.647358	 	7840.000000
3.597238	 	7846.666667
3.624287	 	7853.333333
3.699864	 	7860.000000
3.548710	 	7866.666667
3.577350	 	7873.333333
3.584510	 	7880.000000
3.781009	 	7886.666667
3.614740	 	7893.333333
3.740436	 	7900.000000
3.826355	 	7906.666667
3.997397	 	7913.333333
3.935345	 	7920.000000
4.026037	 	7926.666667
4.022855	 	7933.333333
3.972736	 	7940.000000
4.036379	 	7946.666667
3.971144	 	7953.333333
3.929776	 	7960.000000
3.835106	 	7966.666667
3.926594	 	7973.333333
3.909092	 	7980.000000
3.854995	 	7986.666667
3.708615	 	7993.333333
3.702250	 	8000.000000
3.667246	 	8006.666667
3.742028	 	8013.333333
3.945687	 	8020.000000
3.971940	 	8026.666667
3.814422	 	8033.333333
3.930572	 	8040.000000
3.791351	 	8046.666667
3.761916	 	8053.333333
3.788169	 	8060.000000
3.647358	 	8066.666667
3.639402	 	8073.333333
3.570985	 	8080.000000
3.504955	 	8086.666667
3.440516	 	8093.333333
3.458814	 	8100.000000
3.595647	 	8106.666667
3.438925	 	8113.333333
3.463587	 	8120.000000
3.317207	 	8126.666667
3.239243	 	8133.333333
3.212195	 	8140.000000
3.181168	 	8146.666667
3.287771	 	8153.333333
3.133436	 	8160.000000
3.137413	 	8166.666667
3.135822	 	8173.333333
3.081725	 	8180.000000
2.993420	 	8186.666667
3.041152	 	8193.333333
3.060246	 	8200.000000
2.969553	 	8206.666667
2.589283	 	8213.333333
2.586896	 	8220.000000
2.848631	 	8226.666667
2.732481	 	8233.333333
2.818400	 	8240.000000
2.591670	 	8246.666667
2.641789	 	8253.333333
2.761121	 	8260.000000
2.654518	 	8266.666667
2.692704	 	8273.333333
2.843062	 	8280.000000
2.738050	 	8286.666667
2.685544	 	8293.333333
2.551097	 	8300.000000
2.400739	 	8306.666667
2.394374	 	8313.333333
2.550301	 	8320.000000
2.380850	 	8326.666667
2.478702	 	8333.333333
2.478702	 	8340.000000
2.382441	 	8346.666667
2.196284	 	8353.333333
2.272656	 	8360.000000
2.246403	 	8366.666667
2.260723	 	8373.333333
2.371304	 	8380.000000
2.298909	 	8386.666667
2.364939	 	8393.333333
2.493022	 	8400.000000
2.551892	 	8406.666667
2.396761	 	8413.333333
2.413467	 	8420.000000
2.450858	 	8426.666667
2.356188	 	8433.333333
2.374486	 	8440.000000
2.423810	 	8446.666667
2.479498	 	8453.333333
2.297318	 	8460.000000
2.289362	 	8466.666667
2.422218	 	8473.333333
2.434947	 	8480.000000
2.372895	 	8486.666667
2.602012	 	8493.333333
2.505751	 	8500.000000
2.628265	 	8506.666667
2.626674	 	8513.333333
2.484271	 	8520.000000
2.601216	 	8526.666667
2.405512	 	8533.333333
2.425401	 	8540.000000
2.430969	 	8546.666667
2.456427	 	8553.333333
2.256745	 	8560.000000
2.198670	 	8566.666667
2.114343	 	8573.333333
2.171622	 	8580.000000
2.074565	 	8586.666667
2.026833	 	8593.333333
1.990238	 	8600.000000
2.010922	 	8606.666667
1.853404	 	8613.333333
1.633038	 	8620.000000
1.656904	 	8626.666667
1.416650	 	8633.333333
1.755552	 	8640.000000
1.550301	 	8646.666667
1.656904	 	8653.333333
1.610763	 	8660.000000
1.605989	 	8666.666667
1.500182	 	8673.333333
1.424605	 	8680.000000
1.402330	 	8686.666667
1.244016	 	8693.333333
1.264701	 	8700.000000
1.416650	 	8706.666667
1.514502	 	8713.333333
1.326753	 	8720.000000
1.518479	 	8726.666667
1.415059	 	8733.333333
1.524844	 	8740.000000
1.305273	 	8746.666667
1.318002	 	8753.333333
1.092067	 	8760.000000
1.126276	 	8766.666667
1.278225	 	8773.333333
1.186737	 	8780.000000
1.275043	 	8786.666667
1.142982	 	8793.333333
1.338686	 	8800.000000
1.341868	 	8806.666667
1.368917	 	8813.333333
1.493818	 	8820.000000
1.533595	 	8826.666667
1.405512	 	8833.333333
1.395170	 	8840.000000
1.257541	 	8846.666667
1.384828	 	8853.333333
1.351415	 	8860.000000
1.194693	 	8866.666667
1.234470	 	8873.333333
1.256745	 	8880.000000
1.247994	 	8886.666667
1.080134	 	8893.333333
1.127867	 	8900.000000
1.128662	 	8906.666667
1.293340	 	8913.333333
1.268678	 	8920.000000
1.215377	 	8926.666667
1.195488	 	8933.333333
1.237652	 	8940.000000
1.252767	 	8946.666667
1.122298	 	8953.333333
1.057063	 	8960.000000
1.121502	 	8966.666667
0.754756	 	8973.333333
0.945687	 	8980.000000
0.811240	 	8986.666667
0.672815	 	8993.333333
0.562234	 	9000.000000
0.609967	 	9006.666667
0.670429	 	9013.333333
0.635425	 	9020.000000
0.802489	 	9026.666667
0.731685	 	9033.333333
0.757938	 	9040.000000
0.948074	 	9046.666667
0.911479	 	9053.333333
1.097636	 	9060.000000
1.102409	 	9066.666667
1.026833	 	9073.333333
1.124685	 	9080.000000
1.112751	 	9086.666667
1.022855	 	9093.333333
0.946483	 	9100.000000
1.072974	 	9106.666667
0.940914	 	9113.333333
0.820787	 	9120.000000
0.790556	 	9126.666667
0.982282	 	9133.333333
0.947278	 	9140.000000
0.984669	 	9146.666667
1.096841	 	9153.333333
1.111160	 	9160.000000
0.995806	 	9166.666667
1.143778	 	9173.333333
0.928185	 	9180.000000
0.857382	 	9186.666667
0.971144	 	9193.333333
0.738050	 	9200.000000
0.857382	 	9206.666667
0.811240	 	9213.333333
0.732481	 	9220.000000
0.648949	 	9226.666667
0.543937	 	9233.333333
0.788965	 	9240.000000
0.630651	 	9246.666667
0.552688	 	9253.333333
0.735663	 	9260.000000
0.520071	 	9266.666667
0.659291	 	9273.333333
0.594056	 	9280.000000
0.637016	 	9286.666667
0.600421	 	9293.333333
0.764303	 	9300.000000
0.619514	 	9306.666667
0.540755	 	9313.333333
0.652131	 	9320.000000
0.590078	 	9326.666667
0.706228	 	9333.333333
0.750779	 	9340.000000
0.709410	 	9346.666667
0.740436	 	9353.333333
0.874884	 	9360.000000
0.786578	 	9366.666667
0.842266	 	9373.333333
0.979895	 	9380.000000
0.872497	 	9386.666667
0.940118	 	9393.333333
0.944096	 	9400.000000
0.889999	 	9406.666667
1.107183	 	9413.333333
1.213786	 	9420.000000
1.043539	 	9426.666667
1.223332	 	9433.333333
1.255950	 	9440.000000
1.217763	 	9446.666667
1.076156	 	9453.333333
1.429378	 	9460.000000
1.322775	 	9466.666667
1.423014	 	9473.333333
1.340277	 	9480.000000
1.306069	 	9486.666667
1.532004	 	9493.333333
1.198670	 	9500.000000
1.325958	 	9506.666667
1.107978	 	9513.333333
1.059450	 	9520.000000
1.216968	 	9526.666667
1.057859	 	9533.333333
1.130253	 	9540.000000
0.878066	 	9546.666667
0.961598	 	9553.333333
1.018082	 	9560.000000
0.896363	 	9566.666667
1.010126	 	9573.333333
0.815218	 	9580.000000
0.804876	 	9586.666667
0.788169	 	9593.333333
0.760325	 	9600.000000
0.809649	 	9606.666667
0.751574	 	9613.333333
0.548710	 	9620.000000
0.656904	 	9626.666667
0.434947	 	9633.333333
0.587692	 	9640.000000
0.516093	 	9646.666667
0.396761	 	9653.333333
0.466769	 	9660.000000
0.253563	 	9666.666667
0.253563	 	9673.333333
0.277429	 	9680.000000
0.384828	 	9686.666667
0.230492	 	9693.333333
-0.039198	 	9700.000000
0.141391	 	9706.666667
0.212195	 	9713.333333
0.229697	 	9720.000000
-0.087726	 	9726.666667
0.084907	 	9733.333333
0.174008	 	9740.000000
0.036379	 	9746.666667
-0.092499	 	9753.333333
-0.082953	 	9760.000000
-0.161712	 	9766.666667
-0.156143	 	9773.333333
-0.267519	 	9780.000000
-0.271497	 	9786.666667
-0.216604	 	9793.333333
-0.211831	 	9800.000000
-0.267519	 	9806.666667
-0.228537	 	9813.333333
-0.241266	 	9820.000000
-0.106023	 	9826.666667
-0.091704	 	9833.333333
-0.156938	 	9840.000000
-0.160120	 	9846.666667
-0.129094	 	9853.333333
-0.055108	 	9860.000000
-0.193533	 	9866.666667
-0.154552	 	9873.333333
-0.137845	 	9880.000000
-0.117957	 	9886.666667
-0.043175	 	9893.333333
0.097636	 	9900.000000
-0.324003	 	9906.666667
-0.192738	 	9913.333333
-0.172849	 	9920.000000
-0.153756	 	9926.666667
-0.215013	 	9933.333333
-0.136254	 	9940.000000
-0.331958	 	9946.666667
-0.135459	 	9953.333333
-0.402762	 	9960.000000
-0.222173	 	9966.666667
-0.312070	 	9973.333333
-0.260359	 	9980.000000
-0.338322	 	9986.666667
-0.337527	 	9993.333333
-0.311274	 	10000.000000
-0.332754	 	10006.666667
-0.396397	 	10013.333333
-0.207853	 	10020.000000
-0.371735	 	10026.666667
-0.394011	 	10033.333333
-0.454472	 	10040.000000
-0.408330	 	10046.666667
-0.405148	 	10053.333333
-0.541186	 	10060.000000
-0.432197	 	10066.666667
-0.502205	 	10073.333333
-0.561871	 	10080.000000
-0.668474	 	10086.666667
-0.635856	 	10093.333333
-0.638243	 	10100.000000
-0.463223	 	10106.666667
-0.428219	 	10113.333333
-0.760757	 	10120.000000
-0.748028	 	10126.666667
-0.846676	 	10133.333333
-0.832356	 	10140.000000
-0.793374	 	10146.666667
-0.814058	 	10153.333333
-0.737686	 	10160.000000
-0.991465	 	10166.666667
-0.893613	 	10173.333333
-0.971576	 	10180.000000
-0.802125	 	10186.666667
-1.049540	 	10193.333333
-0.734504	 	10200.000000
-0.957256	 	10206.666667
-0.793374	 	10213.333333
-0.731322	 	10220.000000
-0.572213	 	10226.666667
-0.629492	 	10233.333333
-0.493454	 	10240.000000
-0.495045	 	10246.666667
-0.585737	 	10253.333333
-0.568235	 	10260.000000
-0.674838	 	10266.666667
-0.653358	 	10273.333333
-0.621536	 	10280.000000
-0.758370	 	10286.666667
-0.790988	 	10293.333333
-0.690749	 	10300.000000
-0.740868	 	10306.666667
-0.806103	 	10313.333333
-0.902364	 	10320.000000
-0.931799	 	10326.666667
-0.950892	 	10333.333333
-0.936572	 	10340.000000
-0.951688	 	10346.666667
-0.972372	 	10353.333333
-1.017718	 	10360.000000
-1.002603	 	10366.666667
-0.956461	 	10373.333333
-0.967599	 	10380.000000
-0.800534	 	10386.666667
-0.929412	 	10393.333333
-0.850653	 	10400.000000
-1.044766	 	10406.666667
-0.916684	 	10413.333333
-0.922252	 	10420.000000
-0.927026	 	10426.666667
-0.885657	 	10433.333333
-1.105228	 	10440.000000
-1.141823	 	10446.666667
-0.935777	 	10453.333333
-0.931799	 	10460.000000
-0.983509	 	10466.666667
-1.074997	 	10473.333333
-0.933390	 	10480.000000
-1.046357	 	10486.666667
-1.137845	 	10493.333333
-1.067837	 	10500.000000
-1.248426	 	10506.666667
-1.114774	 	10513.333333
-1.294568	 	10520.000000
-1.286612	 	10526.666667
-1.129890	 	10533.333333
-1.338322	 	10540.000000
-1.012149	 	10546.666667
-1.012945	 	10553.333333
-0.981123	 	10560.000000
-0.942937	 	10566.666667
-0.913501	 	10573.333333
-0.976350	 	10580.000000
-0.964416	 	10586.666667
-1.009762	 	10593.333333
-1.166485	 	10600.000000
-0.997829	 	10606.666667
-0.965212	 	10613.333333
-1.152165	 	10620.000000
-0.972372	 	10626.666667
-0.967599	 	10633.333333
-1.004194	 	10640.000000
-0.924639	 	10646.666667
-1.033629	 	10653.333333
-1.051926	 	10660.000000
-1.010558	 	10666.666667
-1.036811	 	10673.333333
-1.012945	 	10680.000000
-1.187964	 	10686.666667
-0.902364	 	10693.333333
-0.923048	 	10700.000000
-1.129890	 	10706.666667
-1.123525	 	10713.333333
-1.246835	 	10720.000000
-1.036811	 	10726.666667
-1.039198	 	10733.333333
-1.013740	 	10740.000000
-1.079770	 	10746.666667
-1.001807	 	10753.333333
-1.047153	 	10760.000000
-1.024878	 	10766.666667
-0.942937	 	10773.333333
-0.917479	 	10780.000000
-0.826787	 	10786.666667
-0.861791	 	10793.333333
-0.740073	 	10800.000000
-0.798943	 	10806.666667
-0.787805	 	10813.333333
-0.855427	 	10820.000000
-0.841902	 	10826.666667
-1.012945	 	10833.333333
-0.929412	 	10840.000000
-0.911115	 	10846.666667
-1.052722	 	10853.333333
-0.924639	 	10860.000000
-0.833151	 	10866.666667
-0.688362	 	10873.333333
-0.802921	 	10880.000000
-0.807694	 	10886.666667
-0.795761	 	10893.333333
-0.705069	 	10900.000000
-0.724162	 	10906.666667
-0.600852	 	10913.333333
-0.568235	 	10920.000000
-0.455268	 	10926.666667
-0.707455	 	10933.333333
-0.658927	 	10940.000000
-0.546755	 	10946.666667
-0.678816	 	10953.333333
-0.569826	 	10960.000000
-0.488680	 	10966.666667
-0.581759	 	10973.333333
-0.666883	 	10980.000000
-0.550733	 	10986.666667
-0.627901	 	10993.333333
-0.581759	 	11000.000000
-0.687567	 	11006.666667
-0.548346	 	11013.333333
-0.467996	 	11020.000000
-0.570622	 	11026.666667
-0.650176	 	11033.333333
-0.623923	 	11040.000000
-0.577782	 	11046.666667
-0.412308	 	11053.333333
-0.724957	 	11060.000000
-0.745642	 	11066.666667
-0.635061	 	11073.333333
-0.680407	 	11080.000000
-0.729731	 	11086.666667
-0.707455	 	11093.333333
-0.639834	 	11100.000000
-0.879293	 	11106.666667
-0.830765	 	11113.333333
-0.612785	 	11120.000000
-0.759166	 	11126.666667
-0.806898	 	11133.333333
-0.631083	 	11140.000000
-0.672451	 	11146.666667
-0.759961	 	11153.333333
-0.849062	 	11160.000000
-0.787010	 	11166.666667
-0.845085	 	11173.333333
-0.710638	 	11180.000000
-0.768712	 	11186.666667
-1.071815	 	11193.333333
-0.804512	 	11200.000000
-1.020105	 	11206.666667
-1.002603	 	11213.333333
-0.898386	 	11220.000000
-1.035220	 	11226.666667
-0.864973	 	11233.333333
-0.815649	 	11240.000000
-0.721775	 	11246.666667
-0.934981	 	11253.333333
-0.895204	 	11260.000000
-0.665291	 	11266.666667
-0.779850	 	11273.333333
-0.553120	 	11280.000000
-0.768712	 	11286.666667
-0.720184	 	11293.333333
-0.648585	 	11300.000000
-0.629492	 	11306.666667
-0.634265	 	11313.333333
-0.837925	 	11320.000000
-0.740073	 	11326.666667
-0.740073	 	11333.333333
-0.798943	 	11340.000000
-0.880089	 	11346.666667
-0.840311	 	11353.333333
-0.810876	 	11360.000000
-0.986692	 	11366.666667
-0.855427	 	11373.333333
-0.949301	 	11380.000000
-0.838720	 	11386.666667
-1.102046	 	11393.333333
-0.883271	 	11400.000000
-0.763143	 	11406.666667
-0.743255	 	11413.333333
-0.923844	 	11420.000000
-1.043971	 	11426.666667
-1.056700	 	11433.333333
-1.021696	 	11440.000000
-0.975554	 	11446.666667
-1.031242	 	11453.333333
-0.884862	 	11460.000000
-0.849858	 	11466.666667
-0.905546	 	11473.333333
-0.847471	 	11480.000000
-0.922252	 	11486.666667
-0.877702	 	11493.333333
-0.709046	 	11500.000000
-0.771099	 	11506.666667
-0.963621	 	11513.333333
-0.925435	 	11520.000000
-1.071815	 	11526.666667
-1.039198	 	11533.333333
-1.083748	 	11540.000000
-0.960439	 	11546.666667
-0.970781	 	11553.333333
-1.084544	 	11560.000000
-0.878498	 	11566.666667
-1.157734	 	11573.333333
-0.908728	 	11580.000000
-0.930208	 	11586.666667
-0.814854	 	11593.333333
-0.962030	 	11600.000000
-0.953279	 	11606.666667
-1.020900	 	11613.333333
-1.029651	 	11620.000000
-0.912706	 	11626.666667
-1.211831	 	11633.333333
-1.095681	 	11640.000000
-1.078179	 	11646.666667
-1.064655	 	11653.333333
-1.020900	 	11660.000000
-0.926230	 	11666.666667
-0.895999	 	11673.333333
-1.055904	 	11680.000000
-1.142618	 	11686.666667
-1.078179	 	11693.333333
-1.090908	 	11700.000000
-1.157734	 	11706.666667
-1.136254	 	11713.333333
-1.039198	 	11720.000000
-1.160916	 	11726.666667
-1.235697	 	11733.333333
-1.254790	 	11740.000000
-1.186373	 	11746.666667
-1.172054	 	11753.333333
-1.110797	 	11760.000000
-1.079770	 	11766.666667
-1.159325	 	11773.333333
-1.076588	 	11780.000000
-1.222173	 	11786.666667
-1.267519	 	11793.333333
-1.180009	 	11800.000000
-1.086930	 	11806.666667
-1.081361	 	11813.333333
-1.122730	 	11820.000000
-1.355824	 	11826.666667
-1.262746	 	11833.333333
-1.140232	 	11840.000000
-1.107614	 	11846.666667
-1.307296	 	11853.333333
-1.240470	 	11860.000000
-1.366167	 	11866.666667
-1.261155	 	11873.333333
-1.238084	 	11880.000000
-1.337527	 	11886.666667
-1.227742	 	11893.333333
-1.263541	 	11900.000000
-1.262746	 	11906.666667
-1.463223	 	11913.333333
-1.203080	 	11920.000000
-1.374122	 	11926.666667
-1.312070	 	11933.333333
-1.222173	 	11940.000000
-1.276270	 	11946.666667
-1.261155	 	11953.333333
-1.155347	 	11960.000000
-1.315252	 	11966.666667
-1.265132	 	11973.333333
-1.212626	 	11980.000000
-1.203875	 	11986.666667
-1.300932	 	11993.333333
-1.197511	 	12000.000000
-1.302523	 	12006.666667
-1.368553	 	12013.333333
-1.291385	 	12020.000000
-1.207853	 	12026.666667
-1.355824	 	12033.333333
-1.457654	 	12040.000000
-1.425832	 	12046.666667
-1.206262	 	12053.333333
-1.388442	 	12060.000000
-1.412308	 	12066.666667
-1.429015	 	12073.333333
-1.226151	 	12080.000000
-1.463223	 	12086.666667
-1.557097	 	12093.333333
-1.563462	 	12100.000000
-1.538800	 	12106.666667
-1.646994	 	12113.333333
-1.558688	 	12120.000000
-1.520502	 	12126.666667
-1.545164	 	12133.333333
-1.614377	 	12140.000000
-1.594488	 	12146.666667
-1.483907	 	12153.333333
-1.342300	 	12160.000000
-1.306501	 	12166.666667
-1.558688	 	12173.333333
-1.421059	 	12180.000000
-1.465610	 	12186.666667
-1.452881	 	12193.333333
-1.467201	 	12200.000000
-1.511751	 	12206.666667
-1.611194	 	12213.333333
-1.503796	 	12220.000000
-1.506978	 	12226.666667
-1.510160	 	12233.333333
-1.744846	 	12240.000000
-1.856222	 	12246.666667
-1.820423	 	12253.333333
-1.824400	 	12260.000000
-1.743255	 	12266.666667
-1.889635	 	12273.333333
-1.612785	 	12280.000000
-1.701091	 	12286.666667
-1.793374	 	12293.333333
-1.868951	 	12300.000000
-1.872133	 	12306.666667
-1.874520	 	12313.333333
-1.814854	 	12320.000000
-1.746437	 	12326.666667
-1.837925	 	12333.333333
-1.849062	 	12340.000000
-1.682793	 	12346.666667
-1.739277	 	12353.333333
-1.619150	 	12360.000000
-1.546755	 	12366.666667
-1.613581	 	12373.333333
-1.519707	 	12380.000000
-1.641425	 	12386.666667
-1.518116	 	12393.333333
-1.699500	 	12400.000000
-1.407535	 	12406.666667
-1.559484	 	12413.333333
-1.466405	 	12420.000000
-1.617559	 	12426.666667
-1.647789	 	12433.333333
-1.616763	 	12440.000000
-1.527662	 	12446.666667
-1.680407	 	12453.333333
-1.534027	 	12460.000000
-1.568235	 	12466.666667
-1.689158	 	12473.333333
-1.447312	 	12480.000000
-1.689953	 	12486.666667
-1.679611	 	12493.333333
-1.610399	 	12500.000000
-1.614377	 	12506.666667
-1.696318	 	12513.333333
-1.790192	 	12520.000000
-1.723366	 	12526.666667
-1.741664	 	12533.333333
-1.716206	 	12540.000000
-1.722571	 	12546.666667
-1.724162	 	12553.333333
-1.649381	 	12560.000000
-1.838720	 	12566.666667
-1.722571	 	12573.333333
-1.689158	 	12580.000000
-1.698704	 	12586.666667
-1.726548	 	12593.333333
-1.693136	 	12600.000000
-1.767121	 	12606.666667
-1.813263	 	12613.333333
-1.965212	 	12620.000000
-1.841107	 	12626.666667
-1.711433	 	12633.333333
-1.666087	 	12640.000000
-1.771894	 	12646.666667
-1.779850	 	12653.333333
-1.880089	 	12660.000000
-1.679611	 	12666.666667
-1.884862	 	12673.333333
-1.763143	 	12680.000000
-1.676429	 	12686.666667
-1.715411	 	12693.333333
-1.873724	 	12700.000000
-1.613581	 	12706.666667
-1.623923	 	12713.333333
-1.685180	 	12720.000000
-1.868155	 	12726.666667
-1.584146	 	12733.333333
-1.734504	 	12740.000000
-1.599261	 	12746.666667
-1.800534	 	12753.333333
-1.716206	 	12760.000000
-1.617559	 	12766.666667
-1.576986	 	12773.333333
-1.551529	 	12780.000000
-1.631083	 	12786.666667
-1.547551	 	12793.333333
-1.599261	 	12800.000000
-1.735299	 	12806.666667
-1.680407	 	12813.333333
-1.564257	 	12820.000000
-1.562666	 	12826.666667
-1.692340	 	12833.333333
-1.541982	 	12840.000000
-1.689158	 	12846.666667
-1.697113	 	12853.333333
-1.571417	 	12860.000000
-1.373326	 	12866.666667
-1.557893	 	12873.333333
-1.534822	 	12880.000000
-1.531640	 	12886.666667
-1.608808	 	12893.333333
-1.498227	 	12900.000000
-1.448108	 	12906.666667
-1.485498	 	12913.333333
-1.604035	 	12920.000000
-1.591306	 	12926.666667
-1.549937	 	12933.333333
-1.522093	 	12940.000000
-1.456063	 	12946.666667
-1.537209	 	12953.333333
-1.405148	 	12960.000000
-1.589715	 	12966.666667
-1.643812	 	12973.333333
-1.505387	 	12980.000000
-1.487885	 	12986.666667
-1.558688	 	12993.333333
-1.628696	 	13000.000000
-1.745642	 	13006.666667
-1.694727	 	13013.333333
-1.592897	 	13020.000000
-1.685180	 	13026.666667
-1.721775	 	13033.333333
-1.600852	 	13040.000000
-1.799739	 	13046.666667
-1.899977	 	13053.333333
-1.872929	 	13060.000000
-1.840311	 	13066.666667
-1.847471	 	13073.333333
-1.918275	 	13080.000000
-1.958848	 	13086.666667
-1.964416	 	13093.333333
-1.899977	 	13100.000000
-1.826787	 	13106.666667
-2.024082	 	13113.333333
-2.020105	 	13120.000000
-1.976350	 	13126.666667
-1.936572	 	13133.333333
-2.016922	 	13140.000000
-1.934186	 	13146.666667
-2.129890	 	13153.333333
-2.167280	 	13160.000000
-2.074997	 	13166.666667
-2.072610	 	13173.333333
-2.145005	 	13180.000000
-2.151369	 	13186.666667
-1.974758	 	13193.333333
-2.172054	 	13200.000000
-2.146596	 	13206.666667
-2.254790	 	13213.333333
-2.234902	 	13220.000000
-2.373326	 	13226.666667
-2.264337	 	13233.333333
-2.267519	 	13240.000000
-2.345482	 	13246.666667
-2.378100	 	13253.333333
-2.355029	 	13260.000000
-2.309683	 	13266.666667
-2.370940	 	13273.333333
-2.334345	 	13280.000000
-2.577782	 	13286.666667
-2.534822	 	13293.333333
-2.769508	 	13300.000000
-2.681998	 	13306.666667
-2.621536	 	13313.333333
-2.800534	 	13320.000000
-2.841902	 	13326.666667
