#peak 	 	#time 
2.650185	 	0.000000
3.104491	 	6.666667
3.409455	 	13.333333
3.526527	 	20.000000
3.671775	 	26.666667
3.951036	 	33.333333
3.929679	 	40.000000
3.839863	 	46.666667
3.980511	 	53.333333
3.913450	 	60.000000
4.006300	 	66.666667
4.144647	 	73.333333
4.083366	 	80.000000
3.860525	 	86.666667
4.010943	 	93.333333
3.780673	 	100.000000
3.935734	 	106.666667
3.990515	 	113.333333
3.660896	 	120.000000
3.612614	 	126.666667
3.752818	 	133.333333
3.671110	 	140.000000
3.684109	 	146.666667
3.572688	 	153.333333
3.896736	 	160.000000
3.638612	 	166.666667
3.882809	 	173.333333
3.809457	 	180.000000
3.876309	 	186.666667
3.777888	 	193.333333
3.687823	 	200.000000
3.595901	 	206.666667
3.804814	 	213.333333
3.821527	 	220.000000
3.867953	 	226.666667
4.025799	 	233.333333
3.868881	 	240.000000
3.655325	 	246.666667
3.536476	 	253.333333
3.723106	 	260.000000
3.851240	 	266.666667
3.756532	 	273.333333
3.975659	 	280.000000
3.698036	 	286.666667
3.796458	 	293.333333
3.912521	 	300.000000
3.705464	 	306.666667
3.957089	 	313.333333
3.903236	 	320.000000
3.850311	 	326.666667
4.017442	 	333.333333
3.771388	 	340.000000
3.899522	 	346.666667
3.656254	 	353.333333
3.772317	 	360.000000
3.775102	 	366.666667
3.756532	 	373.333333
3.875381	 	380.000000
3.883737	 	386.666667
3.836384	 	393.333333
3.500265	 	400.000000
3.591258	 	406.666667
3.749104	 	413.333333
3.679466	 	420.000000
3.778816	 	426.666667
3.610757	 	433.333333
3.527191	 	440.000000
3.620042	 	446.666667
3.658111	 	453.333333
3.750033	 	460.000000
3.421342	 	466.666667
3.574545	 	473.333333
3.783459	 	480.000000
3.677609	 	486.666667
3.712892	 	493.333333
3.709178	 	500.000000
3.742605	 	506.666667
3.815956	 	513.333333
3.650683	 	520.000000
3.748176	 	526.666667
3.589401	 	533.333333
3.748176	 	540.000000
3.895808	 	546.666667
3.834527	 	553.333333
3.832670	 	560.000000
3.868881	 	566.666667
3.667396	 	573.333333
3.717535	 	580.000000
3.709178	 	586.666667
3.642326	 	593.333333
3.601472	 	600.000000
3.604257	 	606.666667
3.906021	 	613.333333
3.902307	 	620.000000
3.857739	 	626.666667
3.698036	 	633.333333
3.700822	 	640.000000
3.768603	 	646.666667
3.674824	 	653.333333
3.876309	 	660.000000
3.915307	 	666.666667
3.970088	 	673.333333
3.841955	 	680.000000
3.854025	 	686.666667
3.698036	 	693.333333
3.776031	 	700.000000
3.829884	 	706.666667
3.728677	 	713.333333
3.840098	 	720.000000
3.658111	 	726.666667
3.587544	 	733.333333
3.444554	 	740.000000
3.615399	 	746.666667
3.858668	 	753.333333
3.578259	 	760.000000
3.575474	 	766.666667
3.711035	 	773.333333
3.481695	 	780.000000
3.786244	 	786.666667
3.568974	 	793.333333
3.725891	 	800.000000
3.584759	 	806.666667
3.822456	 	813.333333
3.647897	 	820.000000
3.758389	 	826.666667
3.607043	 	833.333333
3.672038	 	840.000000
3.473338	 	846.666667
3.349847	 	853.333333
3.497479	 	860.000000
3.464982	 	866.666667
3.583830	 	873.333333
3.522549	 	880.000000
3.345204	 	886.666667
3.269067	 	893.333333
3.477981	 	900.000000
3.316421	 	906.666667
3.265353	 	913.333333
3.497479	 	920.000000
3.517906	 	926.666667
3.535548	 	933.333333
3.308064	 	940.000000
3.385130	 	946.666667
3.264424	 	953.333333
3.269995	 	960.000000
3.217071	 	966.666667
3.338705	 	973.333333
3.356346	 	980.000000
3.326634	 	986.666667
3.438055	 	993.333333
3.309921	 	1000.000000
3.254211	 	1006.666667
3.197572	 	1013.333333
3.528120	 	1020.000000
3.471481	 	1026.666667
3.493765	 	1033.333333
3.490051	 	1040.000000
3.516049	 	1046.666667
3.581973	 	1053.333333
3.477052	 	1060.000000
3.418556	 	1066.666667
3.540190	 	1073.333333
3.389773	 	1080.000000
3.601472	 	1086.666667
3.322920	 	1093.333333
3.396272	 	1100.000000
3.355418	 	1106.666667
3.322920	 	1113.333333
3.338705	 	1120.000000
3.319206	 	1126.666667
3.246783	 	1133.333333
3.373988	 	1140.000000
3.295994	 	1146.666667
3.295994	 	1153.333333
3.297851	 	1160.000000
3.482623	 	1166.666667
3.320135	 	1173.333333
3.101936	 	1180.000000
3.212428	 	1186.666667
3.196644	 	1193.333333
3.401843	 	1200.000000
3.257925	 	1206.666667
3.334062	 	1213.333333
3.447340	 	1220.000000
3.303422	 	1226.666667
3.555975	 	1233.333333
3.566189	 	1240.000000
3.549476	 	1246.666667
3.486337	 	1253.333333
3.477981	 	1260.000000
3.634898	 	1266.666667
3.612614	 	1273.333333
3.564332	 	1280.000000
3.686894	 	1286.666667
3.649754	 	1293.333333
3.781602	 	1300.000000
3.802029	 	1306.666667
3.580116	 	1313.333333
3.657182	 	1320.000000
3.791815	 	1326.666667
3.581973	 	1333.333333
3.464053	 	1340.000000
3.711964	 	1346.666667
3.590330	 	1353.333333
3.813171	 	1360.000000
3.834527	 	1366.666667
3.650683	 	1373.333333
3.761175	 	1380.000000
3.772317	 	1386.666667
3.620970	 	1393.333333
3.623756	 	1400.000000
3.490980	 	1406.666667
3.745390	 	1413.333333
3.591258	 	1420.000000
3.670181	 	1426.666667
3.609828	 	1433.333333
3.764889	 	1440.000000
3.644183	 	1446.666667
3.607043	 	1453.333333
3.720320	 	1460.000000
3.566189	 	1466.666667
3.491908	 	1473.333333
3.607043	 	1480.000000
3.688751	 	1486.666667
3.786244	 	1493.333333
3.736105	 	1500.000000
3.700822	 	1506.666667
3.649754	 	1513.333333
3.750033	 	1520.000000
3.704536	 	1526.666667
3.731463	 	1533.333333
3.744462	 	1540.000000
3.578259	 	1546.666667
3.776031	 	1553.333333
3.710107	 	1560.000000
3.900450	 	1566.666667
3.944090	 	1573.333333
3.809457	 	1580.000000
3.840098	 	1586.666667
3.629327	 	1593.333333
4.050868	 	1600.000000
4.082437	 	1606.666667
3.816885	 	1613.333333
3.838241	 	1620.000000
4.086151	 	1626.666667
4.024870	 	1633.333333
4.006300	 	1640.000000
4.022085	 	1646.666667
4.155789	 	1653.333333
4.146504	 	1660.000000
4.138148	 	1666.666667
4.047154	 	1673.333333
4.196644	 	1680.000000
4.218928	 	1686.666667
4.276495	 	1693.333333
4.122363	 	1700.000000
4.256068	 	1706.666667
4.369346	 	1713.333333
4.322920	 	1720.000000
4.209643	 	1726.666667
4.369346	 	1733.333333
4.382345	 	1740.000000
4.481695	 	1746.666667
4.477981	 	1753.333333
4.540190	 	1760.000000
4.213357	 	1766.666667
4.262567	 	1773.333333
4.260710	 	1780.000000
4.230998	 	1786.666667
4.139076	 	1793.333333
4.235641	 	1800.000000
4.392558	 	1806.666667
4.248640	 	1813.333333
4.384202	 	1820.000000
4.279281	 	1826.666667
4.116792	 	1833.333333
4.188287	 	1840.000000
4.377702	 	1846.666667
4.124220	 	1853.333333
4.145576	 	1860.000000
4.252354	 	1866.666667
4.039726	 	1873.333333
4.240283	 	1880.000000
4.170645	 	1886.666667
4.166003	 	1893.333333
4.133505	 	1900.000000
4.106579	 	1906.666667
4.039726	 	1913.333333
4.022085	 	1920.000000
3.944090	 	1926.666667
4.204072	 	1933.333333
4.140005	 	1940.000000
4.105650	 	1946.666667
3.860525	 	1953.333333
3.773245	 	1960.000000
3.658111	 	1966.666667
3.864239	 	1973.333333
3.865167	 	1980.000000
3.698965	 	1986.666667
3.737034	 	1993.333333
3.805743	 	2000.000000
3.798315	 	2006.666667
4.049011	 	2013.333333
3.757461	 	2020.000000
3.817813	 	2026.666667
3.752818	 	2033.333333
3.775102	 	2040.000000
3.983087	 	2046.666667
3.727748	 	2053.333333
3.820599	 	2060.000000
3.855882	 	2066.666667
4.008157	 	2073.333333
3.837312	 	2080.000000
3.789030	 	2086.666667
3.797386	 	2093.333333
3.698036	 	2100.000000
3.722177	 	2106.666667
3.657182	 	2113.333333
3.704536	 	2120.000000
3.635826	 	2126.666667
3.623756	 	2133.333333
3.805743	 	2140.000000
3.815956	 	2146.666667
3.563403	 	2153.333333
3.616328	 	2160.000000
3.823385	 	2166.666667
3.593115	 	2173.333333
3.735177	 	2180.000000
3.370274	 	2186.666667
3.592187	 	2193.333333
3.412985	 	2200.000000
3.290423	 	2206.666667
3.325706	 	2213.333333
3.490980	 	2220.000000
3.109364	 	2226.666667
3.392558	 	2233.333333
3.276495	 	2240.000000
3.277424	 	2246.666667
3.352632	 	2253.333333
3.503050	 	2260.000000
3.354489	 	2266.666667
3.431555	 	2273.333333
3.333134	 	2280.000000
3.225427	 	2286.666667
3.251425	 	2293.333333
3.421342	 	2300.000000
3.268138	 	2306.666667
3.295994	 	2313.333333
3.252354	 	2320.000000
3.356346	 	2326.666667
3.298779	 	2333.333333
3.233784	 	2340.000000
3.282995	 	2346.666667
3.124220	 	2353.333333
3.243997	 	2360.000000
3.336848	 	2366.666667
3.460339	 	2373.333333
3.174359	 	2380.000000
3.464053	 	2386.666667
3.369346	 	2393.333333
3.332205	 	2400.000000
3.517906	 	2406.666667
3.425056	 	2413.333333
3.506764	 	2420.000000
3.456625	 	2426.666667
3.564332	 	2433.333333
3.559689	 	2440.000000
3.495622	 	2446.666667
3.465910	 	2453.333333
3.418556	 	2460.000000
3.625613	 	2466.666667
3.499336	 	2473.333333
3.517906	 	2480.000000
3.514192	 	2486.666667
3.596829	 	2493.333333
3.640469	 	2500.000000
3.582902	 	2506.666667
3.585687	 	2513.333333
3.538333	 	2520.000000
3.706393	 	2526.666667
3.672038	 	2533.333333
3.748176	 	2540.000000
3.605186	 	2546.666667
3.379559	 	2553.333333
3.576402	 	2560.000000
3.608900	 	2566.666667
3.526263	 	2573.333333
3.627470	 	2580.000000
3.545761	 	2586.666667
3.569903	 	2593.333333
3.709178	 	2600.000000
3.621899	 	2606.666667
3.856811	 	2613.333333
3.631184	 	2620.000000
3.648826	 	2626.666667
3.759318	 	2633.333333
3.588473	 	2640.000000
3.830813	 	2646.666667
3.719392	 	2653.333333
3.724034	 	2660.000000
3.487266	 	2666.666667
3.640469	 	2673.333333
3.602400	 	2680.000000
3.411128	 	2686.666667
3.291351	 	2693.333333
3.176216	 	2700.000000
3.490980	 	2706.666667
3.576402	 	2713.333333
3.662753	 	2720.000000
3.608900	 	2726.666667
3.377702	 	2733.333333
3.753747	 	2740.000000
3.792744	 	2746.666667
3.577331	 	2753.333333
3.543904	 	2760.000000
3.480766	 	2766.666667
3.571760	 	2773.333333
3.549476	 	2780.000000
3.650683	 	2786.666667
3.595901	 	2793.333333
3.537405	 	2800.000000
3.755604	 	2806.666667
3.490980	 	2813.333333
3.646969	 	2820.000000
3.674824	 	2826.666667
3.559689	 	2833.333333
3.705464	 	2840.000000
3.634898	 	2846.666667
3.750961	 	2853.333333
3.759318	 	2860.000000
3.651611	 	2866.666667
3.647897	 	2873.333333
3.590330	 	2880.000000
3.555975	 	2886.666667
3.487266	 	2893.333333
3.555047	 	2900.000000
3.249568	 	2906.666667
3.452911	 	2913.333333
3.526263	 	2920.000000
3.590330	 	2926.666667
3.701750	 	2933.333333
3.553190	 	2940.000000
3.415771	 	2946.666667
3.521620	 	2953.333333
3.504907	 	2960.000000
3.672967	 	2966.666667
3.516978	 	2973.333333
3.711964	 	2980.000000
3.646969	 	2986.666667
3.568046	 	2993.333333
3.497479	 	3000.000000
3.542976	 	3006.666667
3.524406	 	3013.333333
3.516978	 	3020.000000
3.618185	 	3026.666667
3.544833	 	3033.333333
3.366560	 	3040.000000
3.425056	 	3046.666667
3.544833	 	3053.333333
3.241212	 	3060.000000
3.424127	 	3066.666667
3.451054	 	3073.333333
3.341490	 	3080.000000
3.709178	 	3086.666667
4.477981	 	3093.333333
5.615399	 	3100.000000
7.682252	 	3106.666667
10.568974	 	3113.333333
15.126077	 	3120.000000
22.152075	 	3126.666667
38.537405	 	3133.333333
70.822456	 	3140.000000
113.707321	 	3146.666667
166.178073	 	3153.333333
228.445483	 	3160.000000
303.496551	 	3166.666667
394.349847	 	3173.333333
499.416699	 	3180.000000
618.926449	 	3186.666667
752.506764	 	3193.333333
895.592187	 	3200.000000
1046.797386	 	3206.666667
1203.416699	 	3213.333333
1365.596829	 	3220.000000
1529.784387	 	3226.666667
1695.394415	 	3233.333333
1858.410200	 	3240.000000
2015.786244	 	3246.666667
2165.932948	 	3253.333333
2312.987730	 	3260.000000
2454.422270	 	3266.666667
2588.541119	 	3273.333333
2710.820599	 	3280.000000
2825.668324	 	3286.666667
2933.703607	 	3293.333333
3033.430627	 	3300.000000
3120.828956	 	3306.666667
3198.334062	 	3313.333333
3265.881880	 	3320.000000
3322.574545	 	3326.666667
3369.780673	 	3333.333333
3409.939448	 	3340.000000
3438.608900	 	3346.666667
3458.114007	 	3353.333333
3471.391630	 	3360.000000
3477.269067	 	3366.666667
3478.602400	 	3373.333333
3473.555975	 	3380.000000
3462.709178	 	3386.666667
3448.112150	 	3393.333333
3429.984016	 	3400.000000
3408.566189	 	3406.666667
3383.498408	 	3413.333333
3357.108436	 	3420.000000
3326.670181	 	3426.666667
3294.605186	 	3433.333333
3260.401843	 	3440.000000
3225.750033	 	3446.666667
3189.024870	 	3453.333333
3151.689680	 	3460.000000
3113.282066	 	3466.666667
3074.536476	 	3473.333333
3034.911592	 	3480.000000
2994.700822	 	3486.666667
2953.689680	 	3493.333333
2913.050868	 	3500.000000
2872.555975	 	3506.666667
2831.258853	 	3513.333333
2790.157646	 	3520.000000
2749.041583	 	3526.666667
2708.049011	 	3533.333333
2668.024870	 	3540.000000
2627.882809	 	3546.666667
2587.517906	 	3553.333333
2547.800172	 	3560.000000
2509.176216	 	3566.666667
2471.217999	 	3573.333333
2432.881880	 	3580.000000
2394.619113	 	3586.666667
2357.619113	 	3593.333333
2321.145576	 	3600.000000
2285.570831	 	3606.666667
2250.596829	 	3613.333333
2215.411128	 	3620.000000
2180.483552	 	3626.666667
2146.820599	 	3633.333333
2113.513264	 	3640.000000
2080.522549	 	3646.666667
2048.530905	 	3653.333333
2016.568046	 	3660.000000
1985.678538	 	3666.666667
1954.968231	 	3673.333333
1924.577331	 	3680.000000
1894.058296	 	3686.666667
1864.338705	 	3693.333333
1834.981230	 	3700.000000
1807.295994	 	3706.666667
1779.534619	 	3713.333333
1752.138148	 	3720.000000
1724.932948	 	3726.666667
1698.752818	 	3733.333333
1672.602400	 	3740.000000
1647.278352	 	3746.666667
1622.258853	 	3753.333333
1597.833598	 	3760.000000
1573.861453	 	3766.666667
1550.503050	 	3773.333333
1526.878166	 	3780.000000
1504.153932	 	3786.666667
1481.595901	 	3793.333333
1459.447340	 	3800.000000
1438.563403	 	3806.666667
1417.877238	 	3813.333333
1396.828027	 	3820.000000
1376.017442	 	3826.666667
1355.392558	 	3833.333333
1335.555975	 	3840.000000
1316.133505	 	3846.666667
1297.550404	 	3853.333333
1278.561546	 	3860.000000
1259.912521	 	3866.666667
1241.633041	 	3873.333333
1223.988658	 	3880.000000
1206.174359	 	3886.666667
1188.886523	 	3893.333333
1171.548547	 	3900.000000
1155.417628	 	3906.666667
1139.290423	 	3913.333333
1123.203143	 	3920.000000
1107.000729	 	3926.666667
1090.989587	 	3933.333333
1075.111221	 	3940.000000
1060.144647	 	3946.666667
1044.620042	 	3953.333333
1029.762103	 	3960.000000
1014.789958	 	3966.666667
1000.331277	 	3973.333333
986.122363	 	3980.000000
972.078723	 	3986.666667
958.098222	 	3993.333333
944.573617	 	4000.000000
931.070367	 	4006.666667
917.984016	 	4013.333333
905.217999	 	4020.000000
892.161360	 	4026.666667
879.290423	 	4033.333333
867.013728	 	4040.000000
854.697108	 	4046.666667
843.062010	 	4053.333333
830.911592	 	4060.000000
819.428770	 	4066.666667
808.007229	 	4073.333333
797.350775	 	4080.000000
786.185502	 	4086.666667
775.183644	 	4093.333333
764.322920	 	4100.000000
753.487266	 	4106.666667
743.038798	 	4113.333333
732.930163	 	4120.000000
722.907878	 	4126.666667
712.984016	 	4133.333333
703.154861	 	4140.000000
693.554118	 	4146.666667
683.814099	 	4153.333333
674.618185	 	4160.000000
665.101936	 	4166.666667
656.073152	 	4173.333333
647.178073	 	4180.000000
638.552261	 	4186.666667
630.026727	 	4193.333333
621.640469	 	4200.000000
613.313635	 	4206.666667
605.230998	 	4213.333333
597.210571	 	4220.000000
589.243997	 	4226.666667
581.185502	 	4233.333333
573.464053	 	4240.000000
565.871667	 	4246.666667
558.445483	 	4253.333333
550.871667	 	4260.000000
543.490980	 	4266.666667
536.232855	 	4273.333333
529.187359	 	4280.000000
522.293208	 	4286.666667
515.646969	 	4293.333333
508.850311	 	4300.000000
501.963589	 	4306.666667
495.481695	 	4313.333333
488.934805	 	4320.000000
482.594972	 	4326.666667
476.223570	 	4333.333333
469.971017	 	4340.000000
464.026727	 	4346.666667
457.751890	 	4353.333333
451.550404	 	4360.000000
445.729605	 	4366.666667
439.857739	 	4373.333333
434.146504	 	4380.000000
428.554118	 	4386.666667
422.613542	 	4393.333333
416.928306	 	4400.000000
411.490980	 	4406.666667
406.365631	 	4413.333333
401.196644	 	4420.000000
396.158575	 	4426.666667
390.958946	 	4433.333333
385.814099	 	4440.000000
380.799243	 	4446.666667
376.008157	 	4453.333333
371.559689	 	4460.000000
366.513264	 	4466.666667
362.013728	 	4473.333333
357.476124	 	4480.000000
352.509550	 	4486.666667
347.969160	 	4493.333333
343.298779	 	4500.000000
338.790887	 	4506.666667
335.193858	 	4513.333333
330.299708	 	4520.000000
325.789958	 	4526.666667
322.293208	 	4533.333333
317.535548	 	4540.000000
313.895808	 	4546.666667
309.479838	 	4553.333333
305.810385	 	4560.000000
302.154861	 	4566.666667
298.049011	 	4573.333333
294.505836	 	4580.000000
290.479838	 	4586.666667
286.318278	 	4593.333333
283.385130	 	4600.000000
278.532762	 	4606.666667
275.913450	 	4613.333333
272.266281	 	4620.000000
271.036941	 	4626.666667
263.843812	 	4633.333333
263.802957	 	4640.000000
259.014657	 	4646.666667
256.252354	 	4653.333333
253.114935	 	4660.000000
249.879095	 	4666.666667
248.031370	 	4673.333333
244.243997	 	4680.000000
240.944090	 	4686.666667
239.136291	 	4693.333333
235.186430	 	4700.000000
234.118649	 	4706.666667
228.829884	 	4713.333333
228.093579	 	4720.000000
224.409271	 	4726.666667
222.533691	 	4733.333333
217.247711	 	4740.000000
218.312707	 	4746.666667
212.979373	 	4753.333333
211.829884	 	4760.000000
209.821527	 	4766.666667
204.705464	 	4773.333333
205.657182	 	4780.000000
202.230070	 	4786.666667
198.309921	 	4793.333333
197.984944	 	4800.000000
193.153932	 	4806.666667
192.936662	 	4813.333333
190.150218	 	4820.000000
186.767674	 	4826.666667
186.184573	 	4833.333333
183.760246	 	4840.000000
179.376774	 	4846.666667
180.101936	 	4853.333333
177.081509	 	4860.000000
173.425056	 	4866.666667
173.831741	 	4873.333333
170.023013	 	4880.000000
168.053654	 	4886.666667
167.004443	 	4893.333333
164.648826	 	4900.000000
162.474267	 	4906.666667
160.638612	 	4913.333333
158.088937	 	4920.000000
156.425056	 	4926.666667
155.770460	 	4933.333333
152.848454	 	4940.000000
150.675752	 	4946.666667
150.511407	 	4953.333333
147.205929	 	4960.000000
146.717535	 	4966.666667
144.654397	 	4973.333333
141.691537	 	4980.000000
141.252354	 	4986.666667
139.612614	 	4993.333333
137.177145	 	5000.000000
137.180859	 	5006.666667
134.624684	 	5013.333333
132.802029	 	5020.000000
132.349847	 	5026.666667
129.628398	 	5033.333333
128.888380	 	5040.000000
128.217999	 	5046.666667
124.929234	 	5053.333333
125.194787	 	5060.000000
123.685037	 	5066.666667
121.257925	 	5073.333333
121.024870	 	5080.000000
119.413914	 	5086.666667
117.373060	 	5093.333333
116.570831	 	5100.000000
115.109364	 	5106.666667
113.963589	 	5113.333333
113.069438	 	5120.000000
110.867953	 	5126.666667
110.274638	 	5133.333333
109.505836	 	5140.000000
107.459411	 	5146.666667
106.798315	 	5153.333333
105.466839	 	5160.000000
103.793672	 	5166.666667
103.158575	 	5173.333333
101.836384	 	5180.000000
100.514192	 	5186.666667
99.777888	 	5193.333333
98.804814	 	5200.000000
97.233784	 	5206.666667
97.015585	 	5213.333333
95.710107	 	5220.000000
94.548547	 	5226.666667
93.789958	 	5233.333333
92.680395	 	5240.000000
92.026727	 	5246.666667
90.860525	 	5253.333333
89.376774	 	5260.000000
89.021156	 	5266.666667
87.849383	 	5273.333333
87.004443	 	5280.000000
86.312707	 	5286.666667
85.282995	 	5293.333333
84.047154	 	5300.000000
83.734248	 	5306.666667
82.010943	 	5313.333333
81.296922	 	5320.000000
80.838241	 	5326.666667
79.698036	 	5333.333333
78.931091	 	5340.000000
78.460339	 	5346.666667
77.141862	 	5353.333333
76.472410	 	5360.000000
75.404629	 	5366.666667
74.326634	 	5373.333333
74.013728	 	5380.000000
72.771388	 	5386.666667
72.090794	 	5393.333333
71.523477	 	5400.000000
70.108436	 	5406.666667
69.950590	 	5413.333333
69.026727	 	5420.000000
68.308993	 	5426.666667
67.910664	 	5433.333333
66.864239	 	5440.000000
66.147433	 	5446.666667
65.761175	 	5453.333333
65.017442	 	5460.000000
64.472410	 	5466.666667
63.952447	 	5473.333333
63.328491	 	5480.000000
62.563403	 	5486.666667
62.183644	 	5493.333333
61.338705	 	5500.000000
60.690608	 	5506.666667
59.924592	 	5513.333333
59.410200	 	5520.000000
58.976588	 	5526.666667
58.269067	 	5533.333333
57.179930	 	5540.000000
56.894879	 	5546.666667
56.370274	 	5553.333333
55.815956	 	5560.000000
55.295994	 	5566.666667
54.678538	 	5573.333333
53.963589	 	5580.000000
53.696179	 	5586.666667
52.819670	 	5593.333333
52.432484	 	5600.000000
51.976588	 	5606.666667
51.361917	 	5613.333333
50.790887	 	5620.000000
50.284852	 	5626.666667
49.572688	 	5633.333333
49.356346	 	5640.000000
48.473338	 	5646.666667
48.060153	 	5653.333333
47.923663	 	5660.000000
47.019299	 	5666.666667
46.707321	 	5673.333333
46.349847	 	5680.000000
45.565260	 	5686.666667
45.321992	 	5693.333333
44.776031	 	5700.000000
44.308064	 	5706.666667
44.234712	 	5713.333333
43.655325	 	5720.000000
43.022085	 	5726.666667
42.568046	 	5733.333333
42.076866	 	5740.000000
41.518835	 	5746.666667
41.328491	 	5753.333333
40.759318	 	5760.000000
40.332205	 	5766.666667
40.099151	 	5773.333333
39.203143	 	5780.000000
38.806671	 	5786.666667
38.667396	 	5793.333333
38.163217	 	5800.000000
37.841955	 	5806.666667
37.770460	 	5813.333333
37.028584	 	5820.000000
36.689680	 	5826.666667
36.377702	 	5833.333333
35.834527	 	5840.000000
35.631184	 	5846.666667
35.169717	 	5853.333333
34.979373	 	5860.000000
34.893951	 	5866.666667
34.059225	 	5873.333333
33.799243	 	5880.000000
33.527191	 	5886.666667
32.999800	 	5893.333333
32.721249	 	5900.000000
32.437126	 	5906.666667
32.058296	 	5913.333333
31.875381	 	5920.000000
31.586616	 	5926.666667
31.321063	 	5933.333333
31.202215	 	5940.000000
31.100079	 	5946.666667
30.863310	 	5953.333333
31.013728	 	5960.000000
30.525334	 	5966.666667
29.943162	 	5973.333333
29.957089	 	5980.000000
29.772317	 	5986.666667
29.474267	 	5993.333333
29.279281	 	6000.000000
28.983087	 	6006.666667
28.634898	 	6013.333333
28.433412	 	6020.000000
28.022085	 	6026.666667
27.862382	 	6033.333333
27.641398	 	6040.000000
27.478909	 	6046.666667
27.508621	 	6053.333333
27.167860	 	6060.000000
26.771388	 	6066.666667
26.535548	 	6073.333333
26.291351	 	6080.000000
25.893022	 	6086.666667
26.059225	 	6093.333333
25.516049	 	6100.000000
25.279281	 	6106.666667
25.058296	 	6113.333333
24.781602	 	6120.000000
24.560618	 	6126.666667
24.459411	 	6133.333333
24.217071	 	6140.000000
23.914378	 	6146.666667
23.620042	 	6153.333333
23.609828	 	6160.000000
23.479838	 	6166.666667
23.147433	 	6173.333333
22.821527	 	6180.000000
22.783459	 	6186.666667
22.623756	 	6193.333333
22.355418	 	6200.000000
22.345204	 	6206.666667
22.266281	 	6213.333333
21.784387	 	6220.000000
21.861453	 	6226.666667
21.499336	 	6233.333333
21.844740	 	6240.000000
21.450125	 	6246.666667
21.088008	 	6253.333333
20.730534	 	6260.000000
20.817813	 	6266.666667
20.598686	 	6273.333333
20.498408	 	6280.000000
20.235641	 	6286.666667
20.115864	 	6293.333333
20.012800	 	6300.000000
19.883737	 	6306.666667
19.542047	 	6313.333333
19.608900	 	6320.000000
19.047154	 	6326.666667
19.536476	 	6333.333333
19.221713	 	6340.000000
18.964517	 	6346.666667
18.918092	 	6353.333333
18.910664	 	6360.000000
18.694322	 	6366.666667
18.522549	 	6373.333333
18.360989	 	6380.000000
18.177145	 	6386.666667
17.997015	 	6393.333333
17.885594	 	6400.000000
17.745390	 	6406.666667
17.674824	 	6413.333333
17.348918	 	6420.000000
17.175288	 	6426.666667
17.139076	 	6433.333333
16.787173	 	6440.000000
16.616328	 	6446.666667
16.632112	 	6453.333333
16.385130	 	6460.000000
16.271852	 	6466.666667
15.959875	 	6473.333333
15.857739	 	6480.000000
15.728677	 	6486.666667
15.635826	 	6493.333333
15.234712	 	6500.000000
15.420413	 	6506.666667
15.290423	 	6513.333333
15.108436	 	6520.000000
14.765817	 	6526.666667
14.920878	 	6533.333333
14.732391	 	6540.000000
14.753747	 	6546.666667
14.624684	 	6553.333333
14.319206	 	6560.000000
14.483552	 	6566.666667
14.448268	 	6573.333333
14.160432	 	6580.000000
14.130720	 	6586.666667
13.905093	 	6593.333333
13.859596	 	6600.000000
13.771388	 	6606.666667
13.637683	 	6613.333333
13.540190	 	6620.000000
13.525334	 	6626.666667
13.481695	 	6633.333333
13.449197	 	6640.000000
13.359132	 	6646.666667
13.369346	 	6653.333333
13.301565	 	6660.000000
13.142790	 	6666.666667
13.195715	 	6673.333333
12.847526	 	6680.000000
12.974731	 	6686.666667
12.663682	 	6693.333333
12.736105	 	6700.000000
12.489123	 	6706.666667
12.572688	 	6713.333333
12.399986	 	6720.000000
12.406486	 	6726.666667
12.317349	 	6733.333333
12.099151	 	6740.000000
12.042512	 	6746.666667
12.187359	 	6753.333333
12.128863	 	6760.000000
11.854025	 	6766.666667
11.832670	 	6773.333333
11.790887	 	6780.000000
11.562475	 	6786.666667
11.482623	 	6793.333333
11.403700	 	6800.000000
11.480766	 	6806.666667
11.159503	 	6813.333333
11.357275	 	6820.000000
10.966374	 	6826.666667
11.014657	 	6833.333333
10.950590	 	6840.000000
10.777888	 	6846.666667
10.800172	 	6853.333333
10.594972	 	6860.000000
10.565260	 	6866.666667
10.487266	 	6873.333333
10.321992	 	6880.000000
9.899522	 	6886.666667
9.958018	 	6893.333333
9.805743	 	6900.000000
9.549476	 	6906.666667
9.367489	 	6913.333333
9.693394	 	6920.000000
9.495622	 	6926.666667
9.488194	 	6933.333333
9.347990	 	6940.000000
9.109364	 	6946.666667
9.113078	 	6953.333333
8.919949	 	6960.000000
9.276495	 	6966.666667
9.011871	 	6973.333333
8.796458	 	6980.000000
8.877238	 	6986.666667
8.641398	 	6993.333333
8.806671	 	7000.000000
8.641398	 	7006.666667
8.601472	 	7013.333333
8.624684	 	7020.000000
8.591258	 	7026.666667
8.463125	 	7033.333333
8.197572	 	7040.000000
8.275566	 	7046.666667
8.363774	 	7053.333333
8.146504	 	7060.000000
8.076866	 	7066.666667
7.830813	 	7073.333333
7.958018	 	7080.000000
8.078723	 	7086.666667
8.059225	 	7093.333333
8.115864	 	7100.000000
8.049011	 	7106.666667
7.849383	 	7113.333333
7.830813	 	7120.000000
7.816885	 	7126.666667
7.724034	 	7133.333333
7.608900	 	7140.000000
7.432484	 	7146.666667
7.314564	 	7153.333333
7.465910	 	7160.000000
7.259782	 	7166.666667
7.070367	 	7173.333333
6.919021	 	7180.000000
7.050868	 	7186.666667
6.827099	 	7193.333333
6.814099	 	7200.000000
6.889308	 	7206.666667
6.866096	 	7213.333333
6.571760	 	7220.000000
6.327563	 	7226.666667
6.414842	 	7233.333333
6.175288	 	7240.000000
6.104722	 	7246.666667
6.056439	 	7253.333333
6.075009	 	7260.000000
5.840098	 	7266.666667
5.840098	 	7273.333333
5.737962	 	7280.000000
5.788101	 	7286.666667
5.561546	 	7293.333333
5.531834	 	7300.000000
5.415771	 	7306.666667
5.473338	 	7313.333333
5.472410	 	7320.000000
5.419485	 	7326.666667
5.238426	 	7333.333333
5.134434	 	7340.000000
5.171574	 	7346.666667
5.251425	 	7353.333333
5.088937	 	7360.000000
5.005372	 	7366.666667
4.871667	 	7373.333333
4.802029	 	7380.000000
4.685966	 	7386.666667
4.959875	 	7393.333333
4.646040	 	7400.000000
4.625613	 	7406.666667
4.869810	 	7413.333333
4.779745	 	7420.000000
4.626541	 	7426.666667
4.403700	 	7433.333333
4.511407	 	7440.000000
4.363774	 	7446.666667
4.391630	 	7453.333333
4.456625	 	7460.000000
4.363774	 	7466.666667
4.160432	 	7473.333333
4.263496	 	7480.000000
4.242140	 	7486.666667
4.093579	 	7493.333333
4.081509	 	7500.000000
4.110293	 	7506.666667
3.979373	 	7513.333333
4.188287	 	7520.000000
4.163217	 	7526.666667
4.080580	 	7533.333333
4.205000	 	7540.000000
4.020228	 	7546.666667
3.880952	 	7553.333333
3.986801	 	7560.000000
3.940376	 	7566.666667
3.918092	 	7573.333333
3.743533	 	7580.000000
3.738891	 	7586.666667
3.632112	 	7593.333333
3.532762	 	7600.000000
3.334062	 	7606.666667
3.697108	 	7613.333333
3.600543	 	7620.000000
3.547618	 	7626.666667
3.570831	 	7633.333333
3.542047	 	7640.000000
3.733320	 	7646.666667
3.560618	 	7653.333333
3.859596	 	7660.000000
3.899522	 	7666.666667
3.888380	 	7673.333333
3.776031	 	7680.000000
3.798315	 	7686.666667
3.949661	 	7693.333333
4.002586	 	7700.000000
4.279281	 	7706.666667
4.293208	 	7713.333333
4.154861	 	7720.000000
4.067581	 	7726.666667
4.007229	 	7733.333333
4.111221	 	7740.000000
3.935734	 	7746.666667
4.054582	 	7753.333333
4.221713	 	7760.000000
4.050868	 	7766.666667
4.135362	 	7773.333333
3.948733	 	7780.000000
3.999800	 	7786.666667
4.051797	 	7793.333333
3.863310	 	7800.000000
3.931091	 	7806.666667
3.653468	 	7813.333333
3.636755	 	7820.000000
3.655325	 	7826.666667
3.606114	 	7833.333333
3.650683	 	7840.000000
3.498408	 	7846.666667
3.430627	 	7853.333333
3.528120	 	7860.000000
3.470553	 	7866.666667
3.256996	 	7873.333333
3.219856	 	7880.000000
3.156718	 	7886.666667
3.254211	 	7893.333333
3.049011	 	7900.000000
3.153004	 	7906.666667
3.146504	 	7913.333333
3.042512	 	7920.000000
2.947804	 	7926.666667
2.890237	 	7933.333333
2.919021	 	7940.000000
3.025799	 	7946.666667
2.852168	 	7953.333333
2.989587	 	7960.000000
3.002586	 	7966.666667
2.873524	 	7973.333333
2.880023	 	7980.000000
2.819670	 	7986.666667
2.923663	 	7993.333333
2.629327	 	8000.000000
2.747247	 	8006.666667
2.854954	 	8013.333333
2.744462	 	8020.000000
2.718463	 	8026.666667
2.548547	 	8033.333333
2.502122	 	8040.000000
2.632112	 	8046.666667
2.517906	 	8053.333333
2.509550	 	8060.000000
2.608900	 	8066.666667
2.265353	 	8073.333333
2.388844	 	8080.000000
2.374917	 	8086.666667
2.295065	 	8093.333333
2.415771	 	8100.000000
2.161360	 	8106.666667
2.089865	 	8113.333333
2.253282	 	8120.000000
2.009086	 	8126.666667
2.109364	 	8133.333333
1.867024	 	8140.000000
1.751890	 	8146.666667
1.755604	 	8153.333333
1.720320	 	8160.000000
1.841955	 	8166.666667
1.906950	 	8173.333333
1.887451	 	8180.000000
1.732391	 	8186.666667
1.891165	 	8193.333333
2.157646	 	8200.000000
2.234712	 	8206.666667
2.048083	 	8213.333333
2.235641	 	8220.000000
2.064796	 	8226.666667
2.246783	 	8233.333333
2.312707	 	8240.000000
2.205929	 	8246.666667
2.094508	 	8253.333333
2.188287	 	8260.000000
2.231927	 	8266.666667
2.321063	 	8273.333333
2.086151	 	8280.000000
2.209643	 	8286.666667
2.041583	 	8293.333333
1.854025	 	8300.000000
1.952447	 	8306.666667
1.763032	 	8313.333333
1.743533	 	8320.000000
1.951518	 	8326.666667
1.919021	 	8333.333333
1.830813	 	8340.000000
1.986801	 	8346.666667
2.027656	 	8353.333333
2.153932	 	8360.000000
2.120506	 	8366.666667
1.892094	 	8373.333333
1.955232	 	8380.000000
2.024870	 	8386.666667
1.891165	 	8393.333333
1.897665	 	8400.000000
1.961732	 	8406.666667
1.862382	 	8413.333333
1.618185	 	8420.000000
1.634898	 	8426.666667
1.688751	 	8433.333333
1.637683	 	8440.000000
1.562475	 	8446.666667
1.444554	 	8453.333333
1.473338	 	8460.000000
1.423199	 	8466.666667
1.443626	 	8473.333333
1.348918	 	8480.000000
1.497479	 	8486.666667
1.552261	 	8493.333333
1.492837	 	8500.000000
1.429698	 	8506.666667
1.485409	 	8513.333333
1.399058	 	8520.000000
1.607971	 	8526.666667
1.575474	 	8533.333333
1.443626	 	8540.000000
1.697108	 	8546.666667
1.806671	 	8553.333333
1.603329	 	8560.000000
1.542047	 	8566.666667
1.774174	 	8573.333333
1.439912	 	8580.000000
1.581045	 	8586.666667
1.435269	 	8593.333333
1.573617	 	8600.000000
1.450125	 	8606.666667
1.123292	 	8613.333333
1.189216	 	8620.000000
1.621899	 	8626.666667
1.480766	 	8633.333333
1.489123	 	8640.000000
1.316421	 	8646.666667
1.432484	 	8653.333333
1.375845	 	8660.000000
1.299708	 	8666.666667
1.215214	 	8673.333333
1.261639	 	8680.000000
1.180859	 	8686.666667
1.407414	 	8693.333333
1.413914	 	8700.000000
1.217999	 	8706.666667
1.295994	 	8713.333333
1.299708	 	8720.000000
1.315492	 	8726.666667
1.283923	 	8733.333333
1.297851	 	8740.000000
0.972874	 	8746.666667
1.138148	 	8753.333333
0.961732	 	8760.000000
0.906950	 	8766.666667
1.004443	 	8773.333333
0.913450	 	8780.000000
0.943162	 	8786.666667
0.851240	 	8793.333333
0.813171	 	8800.000000
0.832670	 	8806.666667
0.739819	 	8813.333333
0.755604	 	8820.000000
0.797386	 	8826.666667
0.638612	 	8833.333333
0.697108	 	8840.000000
0.705464	 	8846.666667
0.674824	 	8853.333333
0.831741	 	8860.000000
0.838241	 	8866.666667
0.685966	 	8873.333333
0.739819	 	8880.000000
0.568974	 	8886.666667
0.512335	 	8893.333333
0.758389	 	8900.000000
0.490980	 	8906.666667
0.682252	 	8913.333333
0.435269	 	8920.000000
0.382345	 	8926.666667
0.478909	 	8933.333333
0.625613	 	8940.000000
0.534619	 	8946.666667
0.579188	 	8953.333333
0.520692	 	8960.000000
0.196644	 	8966.666667
0.609828	 	8973.333333
0.286709	 	8980.000000
0.252354	 	8986.666667
0.486337	 	8993.333333
0.472410	 	9000.000000
0.360060	 	9006.666667
0.516049	 	9013.333333
0.373060	 	9020.000000
0.529977	 	9026.666667
0.368417	 	9033.333333
0.701750	 	9040.000000
0.572688	 	9046.666667
0.652540	 	9053.333333
0.665539	 	9060.000000
0.906950	 	9066.666667
0.601472	 	9073.333333
0.530905	 	9080.000000
0.783459	 	9086.666667
0.765817	 	9093.333333
0.821527	 	9100.000000
0.679466	 	9106.666667
0.780673	 	9113.333333
0.853097	 	9120.000000
0.860525	 	9126.666667
0.794601	 	9133.333333
0.932948	 	9140.000000
1.018371	 	9146.666667
0.869810	 	9153.333333
0.947804	 	9160.000000
0.930163	 	9166.666667
0.912521	 	9173.333333
0.891165	 	9180.000000
0.799243	 	9186.666667
0.932020	 	9193.333333
0.661825	 	9200.000000
1.008157	 	9206.666667
0.919949	 	9213.333333
0.945019	 	9220.000000
0.919021	 	9226.666667
0.823385	 	9233.333333
0.591258	 	9240.000000
0.767674	 	9246.666667
0.488194	 	9253.333333
0.527191	 	9260.000000
0.476124	 	9266.666667
0.701750	 	9273.333333
0.415771	 	9280.000000
0.505836	 	9286.666667
0.561546	 	9293.333333
0.584759	 	9300.000000
0.603329	 	9306.666667
0.460339	 	9313.333333
0.369346	 	9320.000000
0.574545	 	9326.666667
0.339633	 	9333.333333
0.055511	 	9340.000000
-0.032697	 	9346.666667
0.023942	 	9353.333333
-0.064266	 	9360.000000
-0.052196	 	9366.666667
-0.271323	 	9373.333333
-0.171973	 	9380.000000
-0.068909	 	9386.666667
-0.429169	 	9393.333333
-0.338175	 	9400.000000
-0.449596	 	9406.666667
-0.450524	 	9413.333333
-0.279680	 	9420.000000
-0.398528	 	9426.666667
-0.639011	 	9433.333333
-0.468166	 	9440.000000
-0.453310	 	9446.666667
-0.517377	 	9453.333333
-0.626940	 	9460.000000
-0.566588	 	9466.666667
-0.522948	 	9473.333333
-0.598157	 	9480.000000
-0.600014	 	9486.666667
-0.789429	 	9493.333333
-0.507163	 	9500.000000
-0.726291	 	9506.666667
-0.654796	 	9513.333333
-0.547089	 	9520.000000
-0.665009	 	9526.666667
-0.591657	 	9533.333333
-0.802428	 	9540.000000
-0.695650	 	9546.666667
-0.885993	 	9553.333333
-0.784786	 	9560.000000
-0.803356	 	9566.666667
-0.734647	 	9573.333333
-0.566588	 	9580.000000
-0.544304	 	9586.666667
-0.483951	 	9593.333333
-0.520162	 	9600.000000
-0.329819	 	9606.666667
-0.296393	 	9613.333333
-0.366959	 	9620.000000
-0.247182	 	9626.666667
-0.002057	 	9633.333333
-0.134833	 	9640.000000
-0.028055	 	9646.666667
0.006300	 	9653.333333
0.049940	 	9660.000000
0.000729	 	9666.666667
0.054582	 	9673.333333
0.022085	 	9680.000000
0.001657	 	9686.666667
-0.100478	 	9693.333333
-0.107906	 	9700.000000
-0.035483	 	9706.666667
-0.134833	 	9713.333333
-0.305678	 	9720.000000
-0.330747	 	9726.666667
-0.327033	 	9733.333333
-0.239754	 	9740.000000
-0.264823	 	9746.666667
-0.226755	 	9753.333333
-0.180330	 	9760.000000
-0.106978	 	9766.666667
-0.167330	 	9773.333333
-0.145046	 	9780.000000
-0.271323	 	9786.666667
-0.240682	 	9793.333333
-0.378101	 	9800.000000
-0.240682	 	9806.666667
-0.082836	 	9813.333333
-0.158974	 	9820.000000
-0.151546	 	9826.666667
-0.364174	 	9833.333333
-0.035483	 	9840.000000
-0.379030	 	9846.666667
-0.173830	 	9853.333333
-0.160831	 	9860.000000
-0.130190	 	9866.666667
-0.168259	 	9873.333333
-0.452382	 	9880.000000
-0.345603	 	9886.666667
-0.518305	 	9893.333333
-0.302892	 	9900.000000
-0.305678	 	9906.666667
-0.484879	 	9913.333333
-0.470023	 	9920.000000
-0.508092	 	9926.666667
-0.420812	 	9933.333333
-0.593514	 	9940.000000
-0.496021	 	9946.666667
-0.488593	 	9953.333333
-0.804285	 	9960.000000
-0.636226	 	9966.666667
-0.517377	 	9973.333333
-0.698435	 	9980.000000
-0.764359	 	9986.666667
-0.475594	 	9993.333333
-0.618584	 	10000.000000
-0.639940	 	10006.666667
-0.602799	 	10013.333333
-0.719791	 	10020.000000
-0.835854	 	10026.666667
-0.796857	 	10033.333333
-0.864638	 	10040.000000
-0.890636	 	10046.666667
-1.116263	 	10053.333333
-0.914777	 	10060.000000
-1.163616	 	10066.666667
-0.928705	 	10073.333333
-1.204471	 	10080.000000
-1.139475	 	10086.666667
-1.110692	 	10093.333333
-0.958417	 	10100.000000
-0.985343	 	10106.666667
-1.042911	 	10113.333333
-1.050339	 	10120.000000
-1.044768	 	10126.666667
-1.080051	 	10133.333333
-0.904563	 	10140.000000
-0.989986	 	10146.666667
-1.009485	 	10153.333333
-1.145046	 	10160.000000
-0.906421	 	10166.666667
-1.013199	 	10173.333333
-0.982558	 	10180.000000
-0.927776	 	10186.666667
-0.885065	 	10193.333333
-1.081908	 	10200.000000
-0.871137	 	10206.666667
-1.081908	 	10213.333333
-0.853496	 	10220.000000
-0.897135	 	10226.666667
-0.788500	 	10233.333333
-0.822855	 	10240.000000
-0.760645	 	10246.666667
-0.737433	 	10253.333333
-0.756003	 	10260.000000
-0.631583	 	10266.666667
-0.600014	 	10273.333333
-0.591657	 	10280.000000
-0.477451	 	10286.666667
-0.517377	 	10293.333333
-0.468166	 	10300.000000
-0.621369	 	10306.666667
-0.531304	 	10313.333333
-0.530376	 	10320.000000
-0.483951	 	10326.666667
-0.473737	 	10333.333333
-0.450524	 	10340.000000
-0.526662	 	10346.666667
-0.790357	 	10353.333333
-0.439382	 	10360.000000
-0.673366	 	10366.666667
-0.723505	 	10373.333333
-0.688222	 	10380.000000
-0.418027	 	10386.666667
-0.711434	 	10393.333333
-0.607442	 	10400.000000
-0.898064	 	10406.666667
-0.939847	 	10413.333333
-0.954703	 	10420.000000
-0.949132	 	10426.666667
-0.867423	 	10433.333333
-0.730005	 	10440.000000
-0.725362	 	10446.666667
-0.880422	 	10453.333333
-0.777358	 	10460.000000
-0.767145	 	10466.666667
-0.755074	 	10473.333333
-0.935204	 	10480.000000
-0.963059	 	10486.666667
-0.913849	 	10493.333333
-0.827498	 	10500.000000
-0.950060	 	10506.666667
-0.905492	 	10513.333333
-1.035483	 	10520.000000
-0.877637	 	10526.666667
-0.685436	 	10533.333333
-0.961202	 	10540.000000
-0.786643	 	10546.666667
-0.582372	 	10553.333333
-0.891564	 	10560.000000
-0.804285	 	10566.666667
-0.862781	 	10573.333333
-0.817284	 	10580.000000
-0.594443	 	10586.666667
-0.482094	 	10593.333333
-0.433811	 	10600.000000
-0.572159	 	10606.666667
-0.319605	 	10613.333333
-0.390172	 	10620.000000
-0.322391	 	10626.666667
-0.444953	 	10633.333333
-0.343746	 	10640.000000
-0.325176	 	10646.666667
-0.405028	 	10653.333333
-0.475594	 	10660.000000
-0.302892	 	10666.666667
-0.433811	 	10673.333333
-0.354888	 	10680.000000
-0.483951	 	10686.666667
-0.223969	 	10693.333333
-0.375316	 	10700.000000
-0.354888	 	10706.666667
-0.532233	 	10713.333333
-0.186829	 	10720.000000
-0.421741	 	10726.666667
-0.539661	 	10733.333333
-0.626012	 	10740.000000
-0.610227	 	10746.666667
-0.682651	 	10753.333333
-0.752289	 	10760.000000
-0.541518	 	10766.666667
-0.636226	 	10773.333333
-0.639011	 	10780.000000
-0.850710	 	10786.666667
-0.907349	 	10793.333333
-0.730933	 	10800.000000
-0.779215	 	10806.666667
-0.570302	 	10813.333333
-0.797785	 	10820.000000
-0.776430	 	10826.666667
-0.738361	 	10833.333333
-0.728148	 	10840.000000
-0.598157	 	10846.666667
-0.687293	 	10853.333333
-0.796857	 	10860.000000
-0.499735	 	10866.666667
-0.692864	 	10873.333333
-0.613941	 	10880.000000
-0.810784	 	10886.666667
-0.606513	 	10893.333333
-0.833997	 	10900.000000
-0.564731	 	10906.666667
-0.581444	 	10913.333333
-0.584229	 	10920.000000
-0.589800	 	10926.666667
-0.814498	 	10933.333333
-0.587943	 	10940.000000
-0.456096	 	10946.666667
-0.711434	 	10953.333333
-0.504378	 	10960.000000
-0.855353	 	10966.666667
-0.720719	 	10973.333333
-0.411527	 	10980.000000
-0.638083	 	10986.666667
-0.554517	 	10993.333333
-0.587943	 	11000.000000
-0.552660	 	11006.666667
-0.607442	 	11013.333333
-0.470023	 	11020.000000
-0.579587	 	11026.666667
-0.580515	 	11033.333333
-0.591657	 	11040.000000
-0.517377	 	11046.666667
-0.640868	 	11053.333333
-0.556374	 	11060.000000
-0.644582	 	11066.666667
-0.681722	 	11073.333333
-0.698435	 	11080.000000
-0.678937	 	11086.666667
-0.591657	 	11093.333333
-0.590729	 	11100.000000
-0.563802	 	11106.666667
-0.414313	 	11113.333333
-0.633440	 	11120.000000
-0.653867	 	11126.666667
-0.464452	 	11133.333333
-0.664081	 	11140.000000
-0.673366	 	11146.666667
-0.674294	 	11153.333333
-0.743932	 	11160.000000
-0.640868	 	11166.666667
-0.875780	 	11173.333333
-0.837711	 	11180.000000
-0.778287	 	11186.666667
-0.958417	 	11193.333333
-1.037340	 	11200.000000
-1.024341	 	11206.666667
-0.885993	 	11213.333333
-1.026198	 	11220.000000
-0.977915	 	11226.666667
-1.145975	 	11233.333333
-1.155260	 	11240.000000
-1.168259	 	11246.666667
-1.310320	 	11253.333333
-1.155260	 	11260.000000
-1.175687	 	11266.666667
-1.339104	 	11273.333333
-1.364174	 	11280.000000
-1.423598	 	11286.666667
-1.422669	 	11293.333333
-1.339104	 	11300.000000
-1.165473	 	11306.666667
-1.305678	 	11313.333333
-1.171044	 	11320.000000
-1.241611	 	11326.666667
-1.214684	 	11333.333333
-1.189615	 	11340.000000
-1.075408	 	11346.666667
-1.195186	 	11353.333333
-1.250896	 	11360.000000
-1.278751	 	11366.666667
-1.271323	 	11373.333333
-1.176615	 	11380.000000
-1.246253	 	11386.666667
-1.080979	 	11393.333333
-0.949132	 	11400.000000
-1.261109	 	11406.666667
-1.156188	 	11413.333333
-1.019698	 	11420.000000
-0.968630	 	11426.666667
-0.862781	 	11433.333333
-1.033626	 	11440.000000
-0.976987	 	11446.666667
-1.118120	 	11453.333333
-1.108835	 	11460.000000
-1.040125	 	11466.666667
-1.051267	 	11473.333333
-1.178473	 	11480.000000
-1.301035	 	11486.666667
-1.314034	 	11493.333333
-1.220255	 	11500.000000
-1.263895	 	11506.666667
-1.301964	 	11513.333333
-1.164545	 	11520.000000
-1.143189	 	11526.666667
-1.208185	 	11533.333333
-1.128333	 	11540.000000
-1.127405	 	11546.666667
-1.176615	 	11553.333333
-1.093979	 	11560.000000
-1.376244	 	11566.666667
-1.177544	 	11573.333333
-1.413384	 	11580.000000
-1.170116	 	11586.666667
-1.154331	 	11593.333333
-1.023412	 	11600.000000
-1.099550	 	11606.666667
-1.239754	 	11613.333333
-1.426383	 	11620.000000
-1.356745	 	11626.666667
-1.433811	 	11633.333333
-1.517377	 	11640.000000
-1.406885	 	11646.666667
-1.384601	 	11653.333333
-1.666866	 	11660.000000
-1.634369	 	11666.666667
-1.396671	 	11673.333333
-1.510877	 	11680.000000
-1.574944	 	11686.666667
-1.395743	 	11693.333333
-1.301035	 	11700.000000
-1.456096	 	11706.666667
-1.297321	 	11713.333333
-1.559160	 	11720.000000
-1.322391	 	11726.666667
-1.376244	 	11733.333333
-1.458881	 	11740.000000
-1.529447	 	11746.666667
-1.273180	 	11753.333333
-1.317748	 	11760.000000
-1.647368	 	11766.666667
-1.442168	 	11773.333333
-1.317748	 	11780.000000
-1.374387	 	11786.666667
-1.443096	 	11793.333333
-1.445882	 	11800.000000
-1.373459	 	11806.666667
-1.187758	 	11813.333333
-1.162688	 	11820.000000
-1.281537	 	11826.666667
-1.251824	 	11833.333333
-1.289893	 	11840.000000
-1.360460	 	11846.666667
-1.262966	 	11853.333333
-1.364174	 	11860.000000
-1.262038	 	11866.666667
-1.318677	 	11873.333333
-1.376244	 	11880.000000
-1.259252	 	11886.666667
-1.229540	 	11893.333333
-1.275037	 	11900.000000
-1.276894	 	11906.666667
-1.341889	 	11913.333333
-1.187758	 	11920.000000
-1.158045	 	11926.666667
-1.443096	 	11933.333333
-1.183115	 	11940.000000
-1.233254	 	11946.666667
-1.209113	 	11953.333333
-1.180330	 	11960.000000
-0.996486	 	11966.666667
-1.223969	 	11973.333333
-1.040125	 	11980.000000
-1.132047	 	11986.666667
-1.098621	 	11993.333333
-1.079122	 	12000.000000
-1.092122	 	12006.666667
-0.898992	 	12013.333333
-0.968630	 	12020.000000
-0.987200	 	12026.666667
-0.986272	 	12033.333333
-1.167330	 	12040.000000
-1.059624	 	12046.666667
-1.118120	 	12053.333333
-1.386458	 	12060.000000
-1.293607	 	12066.666667
-1.121834	 	12073.333333
-1.280608	 	12080.000000
-1.105121	 	12086.666667
-1.190543	 	12093.333333
-1.338175	 	12100.000000
-1.195186	 	12106.666667
-1.199828	 	12113.333333
-1.308463	 	12120.000000
-1.100478	 	12126.666667
-1.110692	 	12133.333333
-1.283394	 	12140.000000
-1.209113	 	12146.666667
-1.366031	 	12153.333333
-1.537804	 	12160.000000
-1.572159	 	12166.666667
-1.455167	 	12173.333333
-1.457024	 	12180.000000
-1.661295	 	12186.666667
-1.453310	 	12193.333333
-1.428240	 	12200.000000
-1.504378	 	12206.666667
-1.663152	 	12213.333333
-1.652010	 	12220.000000
-1.550803	 	12226.666667
-1.832140	 	12233.333333
-1.657581	 	12240.000000
-1.784786	 	12246.666667
-1.564731	 	12253.333333
-1.708649	 	12260.000000
-1.669652	 	12266.666667
-1.816356	 	12273.333333
-1.720719	 	12280.000000
-1.627869	 	12286.666667
-1.638083	 	12293.333333
-1.732790	 	12300.000000
-1.619512	 	12306.666667
-1.629726	 	12313.333333
-1.730005	 	12320.000000
-2.024341	 	12326.666667
-1.850710	 	12333.333333
-1.757860	 	12340.000000
-1.836783	 	12346.666667
-1.686365	 	12353.333333
-1.659438	 	12360.000000
-1.756931	 	12366.666667
-1.763431	 	12373.333333
-1.627869	 	12380.000000
-1.643654	 	12386.666667
-1.881351	 	12393.333333
-1.587015	 	12400.000000
-1.705863	 	12406.666667
-1.556374	 	12413.333333
-1.686365	 	12420.000000
-1.520162	 	12426.666667
-1.529447	 	12433.333333
-1.475594	 	12440.000000
-1.567516	 	12446.666667
-1.693793	 	12453.333333
-1.720719	 	12460.000000
-1.718862	 	12466.666667
-1.665938	 	12473.333333
-1.648296	 	12480.000000
-1.528519	 	12486.666667
-1.637154	 	12493.333333
-1.808927	 	12500.000000
-1.659438	 	12506.666667
-1.641797	 	12513.333333
-1.569373	 	12520.000000
-1.680794	 	12526.666667
-1.702149	 	12533.333333
-1.567516	 	12540.000000
-1.805213	 	12546.666667
-1.771787	 	12553.333333
-1.680794	 	12560.000000
-1.884136	 	12566.666667
-1.807999	 	12573.333333
-1.923134	 	12580.000000
-1.755074	 	12586.666667
-1.851639	 	12593.333333
-1.933347	 	12600.000000
-2.015056	 	12606.666667
-1.902706	 	12613.333333
-1.698435	 	12620.000000
-2.122762	 	12626.666667
-1.975130	 	12633.333333
-1.885065	 	12640.000000
-1.910135	 	12646.666667
-1.910135	 	12653.333333
-1.849782	 	12660.000000
-2.073551	 	12666.666667
-2.108835	 	12673.333333
-2.154331	 	12680.000000
-2.095836	 	12686.666667
-2.301035	 	12693.333333
-2.071694	 	12700.000000
-2.085622	 	12706.666667
-1.985343	 	12713.333333
-2.214684	 	12720.000000
-2.204471	 	12726.666667
-2.240682	 	12733.333333
-2.228612	 	12740.000000
-2.170116	 	12746.666667
-2.193329	 	12753.333333
-2.275966	 	12760.000000
-2.211899	 	12766.666667
-2.405956	 	12773.333333
-2.160831	 	12780.000000
-2.080051	 	12786.666667
-1.973273	 	12793.333333
-2.199828	 	12800.000000
-2.148760	 	12806.666667
-2.003914	 	12813.333333
-1.986272	 	12820.000000
-1.972344	 	12826.666667
-1.863709	 	12833.333333
-1.621369	 	12840.000000
-1.749503	 	12846.666667
-1.896207	 	12853.333333
-1.735576	 	12860.000000
-1.635297	 	12866.666667
-1.722576	 	12873.333333
-1.838640	 	12880.000000
-1.745789	 	12886.666667
-1.880422	 	12893.333333
-1.686365	 	12900.000000
-1.890636	 	12906.666667
-1.898064	 	12913.333333
-2.021555	 	12920.000000
-1.983486	 	12926.666667
-1.901778	 	12933.333333
-1.833997	 	12940.000000
-1.956560	 	12946.666667
-1.833069	 	12953.333333
-1.909206	 	12960.000000
-1.880422	 	12966.666667
-2.005771	 	12973.333333
-2.233254	 	12980.000000
-2.118120	 	12986.666667
-2.194257	 	12993.333333
-2.306606	 	13000.000000
-2.342818	 	13006.666667
-2.201685	 	13013.333333
-2.338175	 	13020.000000
-2.313106	 	13026.666667
-2.177544	 	13033.333333
-2.390172	 	13040.000000
-2.353960	 	13046.666667
-2.663152	 	13053.333333
-2.522948	 	13060.000000
-2.461667	 	13066.666667
-2.565659	 	13073.333333
-2.491379	 	13080.000000
-2.475594	 	13086.666667
-2.613013	 	13093.333333
-2.255538	 	13100.000000
-2.214684	 	13106.666667
-2.209113	 	13113.333333
-2.145046	 	13120.000000
-2.018770	 	13126.666667
-2.202614	 	13133.333333
-1.963059	 	13140.000000
-2.146903	 	13146.666667
-2.046625	 	13153.333333
-2.031769	 	13160.000000
-1.967702	 	13166.666667
-2.062409	 	13173.333333
-2.004842	 	13180.000000
-1.894350	 	13186.666667
-1.975130	 	13193.333333
-1.976987	 	13200.000000
-1.984415	 	13206.666667
-2.049410	 	13213.333333
-2.010413	 	13220.000000
-2.188686	 	13226.666667
-1.942632	 	13233.333333
-2.052196	 	13240.000000
-2.041054	 	13246.666667
-2.209113	 	13253.333333
-1.967702	 	13260.000000
-1.936133	 	13266.666667
-2.030840	 	13273.333333
-2.022484	 	13280.000000
-1.957488	 	13286.666667
-2.087479	 	13293.333333
-1.990914	 	13300.000000
-2.304749	 	13306.666667
-2.191472	 	13313.333333
-2.080979	 	13320.000000
-2.227683	 	13326.666667
