#peak 	 	#time 
4.062631	 	0.000000
4.560426	 	6.666667
5.857721	 	13.333333
7.865953	 	20.000000
6.173085	 	26.666667
8.380450	 	33.333333
8.331669	 	40.000000
8.599962	 	46.666667
8.087767	 	53.333333
8.588715	 	60.000000
7.491154	 	66.666667
8.222861	 	73.333333
7.065295	 	80.000000
8.162856	 	86.666667
8.138466	 	93.333333
8.626271	 	100.000000
8.406759	 	106.666667
8.309198	 	113.333333
9.577490	 	120.000000
10.357978	 	126.666667
9.455539	 	133.333333
10.284807	 	140.000000
10.138466	 	146.666667
11.040905	 	153.333333
10.943344	 	160.000000
10.992124	 	166.666667
10.870173	 	173.333333
10.309198	 	180.000000
8.967734	 	186.666667
9.016515	 	193.333333
10.357978	 	200.000000
9.114076	 	206.666667
9.162856	 	213.333333
8.479929	 	220.000000
8.162856	 	226.666667
9.089685	 	233.333333
9.236027	 	240.000000
8.357978	 	246.666667
7.479929	 	253.333333
8.089685	 	260.000000
8.187246	 	266.666667
9.065295	 	273.333333
8.675051	 	280.000000
8.284807	 	286.666667
10.357978	 	293.333333
10.504320	 	300.000000
10.114076	 	306.666667
9.479929	 	313.333333
9.577490	 	320.000000
10.504320	 	326.666667
10.650661	 	333.333333
9.748222	 	340.000000
10.284807	 	346.666667
9.187246	 	353.333333
10.382368	 	360.000000
9.626271	 	366.666667
8.797002	 	373.333333
8.211637	 	380.000000
9.260417	 	386.666667
8.675051	 	393.333333
8.479929	 	400.000000
7.870173	 	406.666667
8.187246	 	413.333333
6.455539	 	420.000000
7.260417	 	426.666667
7.504320	 	433.333333
8.162856	 	440.000000
6.699441	 	446.666667
8.382368	 	453.333333
7.309198	 	460.000000
7.236027	 	466.666667
7.431149	 	473.333333
7.016515	 	480.000000
7.699441	 	486.666667
8.211637	 	493.333333
7.943344	 	500.000000
8.943344	 	506.666667
7.723832	 	513.333333
8.260417	 	520.000000
6.918954	 	526.666667
8.040905	 	533.333333
7.284807	 	540.000000
7.406759	 	546.666667
6.650661	 	553.333333
7.553100	 	560.000000
7.797002	 	566.666667
8.284807	 	573.333333
6.943344	 	580.000000
7.943344	 	586.666667
7.821393	 	593.333333
7.723832	 	600.000000
7.114076	 	606.666667
8.601881	 	613.333333
6.699441	 	620.000000
7.821393	 	626.666667
6.821393	 	633.333333
6.797002	 	640.000000
6.675051	 	646.666667
7.138466	 	653.333333
5.992124	 	660.000000
6.455539	 	666.666667
6.455539	 	673.333333
6.723832	 	680.000000
6.406759	 	686.666667
6.845783	 	693.333333
6.382368	 	700.000000
6.479929	 	706.666667
5.967734	 	713.333333
6.601881	 	720.000000
5.601881	 	726.666667
6.845783	 	733.333333
5.065295	 	740.000000
5.455539	 	746.666667
4.821393	 	753.333333
5.626271	 	760.000000
5.309198	 	766.666667
5.894563	 	773.333333
5.211637	 	780.000000
6.138466	 	786.666667
4.650661	 	793.333333
5.114076	 	800.000000
4.943344	 	806.666667
4.821393	 	813.333333
5.211637	 	820.000000
5.723832	 	826.666667
5.431149	 	833.333333
5.577490	 	840.000000
5.406759	 	846.666667
4.918954	 	853.333333
4.797002	 	860.000000
5.504320	 	866.666667
3.748222	 	873.333333
4.870173	 	880.000000
4.260417	 	886.666667
4.309198	 	893.333333
4.967734	 	900.000000
4.333588	 	906.666667
3.723832	 	913.333333
4.236027	 	920.000000
4.894563	 	926.666667
4.943344	 	933.333333
5.845783	 	940.000000
6.040905	 	946.666667
5.918954	 	953.333333
5.650661	 	960.000000
7.187246	 	966.666667
6.236027	 	973.333333
6.016515	 	980.000000
6.455539	 	986.666667
5.431149	 	993.333333
6.211637	 	1000.000000
6.772612	 	1006.666667
5.260417	 	1013.333333
5.309198	 	1020.000000
5.675051	 	1026.666667
4.821393	 	1033.333333
6.016515	 	1040.000000
5.357978	 	1046.666667
5.089685	 	1053.333333
5.675051	 	1060.000000
5.455539	 	1066.666667
5.943344	 	1073.333333
5.236027	 	1080.000000
4.797002	 	1086.666667
5.089685	 	1093.333333
5.040905	 	1100.000000
4.626271	 	1106.666667
4.016515	 	1113.333333
3.992124	 	1120.000000
4.455539	 	1126.666667
4.748222	 	1133.333333
4.553100	 	1140.000000
4.748222	 	1146.666667
3.650661	 	1153.333333
4.675051	 	1160.000000
3.772612	 	1166.666667
4.284807	 	1173.333333
4.162856	 	1180.000000
4.723832	 	1186.666667
5.187246	 	1193.333333
4.089685	 	1200.000000
5.138466	 	1206.666667
4.845783	 	1213.333333
5.309198	 	1220.000000
5.089685	 	1226.666667
4.967734	 	1233.333333
5.699441	 	1240.000000
6.357978	 	1246.666667
5.918954	 	1253.333333
5.870173	 	1260.000000
6.138466	 	1266.666667
6.162856	 	1273.333333
6.650661	 	1280.000000
6.309198	 	1286.666667
6.406759	 	1293.333333
6.845783	 	1300.000000
7.333588	 	1306.666667
6.650661	 	1313.333333
7.455539	 	1320.000000
7.918954	 	1326.666667
7.187246	 	1333.333333
7.211637	 	1340.000000
6.236027	 	1346.666667
7.040905	 	1353.333333
6.967734	 	1360.000000
6.504320	 	1366.666667
6.821393	 	1373.333333
7.211637	 	1380.000000
5.162856	 	1386.666667
5.675051	 	1393.333333
5.992124	 	1400.000000
5.748222	 	1406.666667
6.675051	 	1413.333333
6.455539	 	1420.000000
6.260417	 	1426.666667
6.528710	 	1433.333333
5.479929	 	1440.000000
6.187246	 	1446.666667
4.821393	 	1453.333333
5.089685	 	1460.000000
5.601881	 	1466.666667
5.309198	 	1473.333333
6.284807	 	1480.000000
5.309198	 	1486.666667
4.797002	 	1493.333333
5.699441	 	1500.000000
5.114076	 	1506.666667
5.626271	 	1513.333333
5.699441	 	1520.000000
5.845783	 	1526.666667
4.967734	 	1533.333333
5.187246	 	1540.000000
4.894563	 	1546.666667
5.284807	 	1553.333333
5.845783	 	1560.000000
4.431149	 	1566.666667
5.577490	 	1573.333333
5.431149	 	1580.000000
5.626271	 	1586.666667
4.918954	 	1593.333333
4.455539	 	1600.000000
4.992124	 	1606.666667
5.357978	 	1613.333333
5.675051	 	1620.000000
4.870173	 	1626.666667
5.187246	 	1633.333333
5.382368	 	1640.000000
5.479929	 	1646.666667
5.455539	 	1653.333333
5.260417	 	1660.000000
3.772612	 	1666.666667
3.260417	 	1673.333333
3.699441	 	1680.000000
4.723832	 	1686.666667
4.626271	 	1693.333333
4.675051	 	1700.000000
4.504320	 	1706.666667
4.089685	 	1713.333333
3.870173	 	1720.000000
4.918954	 	1726.666667
4.528710	 	1733.333333
4.479929	 	1740.000000
5.260417	 	1746.666667
4.870173	 	1753.333333
5.284807	 	1760.000000
5.601881	 	1766.666667
5.162856	 	1773.333333
5.626271	 	1780.000000
5.138466	 	1786.666667
5.479929	 	1793.333333
5.650661	 	1800.000000
5.553100	 	1806.666667
5.431149	 	1813.333333
5.455539	 	1820.000000
5.675051	 	1826.666667
5.504320	 	1833.333333
5.650661	 	1840.000000
5.138466	 	1846.666667
5.138466	 	1853.333333
5.943344	 	1860.000000
5.553100	 	1866.666667
4.967734	 	1873.333333
5.357978	 	1880.000000
4.918954	 	1886.666667
4.894563	 	1893.333333
4.797002	 	1900.000000
5.626271	 	1906.666667
4.723832	 	1913.333333
4.333588	 	1920.000000
4.309198	 	1926.666667
4.479929	 	1933.333333
3.821393	 	1940.000000
3.992124	 	1946.666667
5.236027	 	1953.333333
5.187246	 	1960.000000
4.504320	 	1966.666667
4.894563	 	1973.333333
5.162856	 	1980.000000
5.455539	 	1986.666667
5.553100	 	1993.333333
5.406759	 	2000.000000
4.967734	 	2006.666667
5.260417	 	2013.333333
5.821393	 	2020.000000
5.675051	 	2026.666667
5.650661	 	2033.333333
6.236027	 	2040.000000
5.504320	 	2046.666667
4.187246	 	2053.333333
4.650661	 	2060.000000
5.211637	 	2066.666667
4.650661	 	2073.333333
4.187246	 	2080.000000
4.455539	 	2086.666667
5.382368	 	2093.333333
5.187246	 	2100.000000
4.553100	 	2106.666667
4.894563	 	2113.333333
4.675051	 	2120.000000
6.211637	 	2126.666667
4.406759	 	2133.333333
4.357978	 	2140.000000
4.675051	 	2146.666667
5.723832	 	2153.333333
5.040905	 	2160.000000
6.479929	 	2166.666667
6.553100	 	2173.333333
6.382368	 	2180.000000
5.626271	 	2186.666667
7.284807	 	2193.333333
7.260417	 	2200.000000
7.748222	 	2206.666667
7.406759	 	2213.333333
7.333588	 	2220.000000
8.479929	 	2226.666667
7.699441	 	2233.333333
7.918954	 	2240.000000
8.553100	 	2246.666667
9.357978	 	2253.333333
7.967734	 	2260.000000
7.626271	 	2266.666667
8.211637	 	2273.333333
8.187246	 	2280.000000
7.284807	 	2286.666667
8.211637	 	2293.333333
7.065295	 	2300.000000
7.016515	 	2306.666667
6.626271	 	2313.333333
6.992124	 	2320.000000
6.431149	 	2326.666667
7.723832	 	2333.333333
6.748222	 	2340.000000
6.089685	 	2346.666667
5.967734	 	2353.333333
6.601881	 	2360.000000
5.992124	 	2366.666667
5.601881	 	2373.333333
6.699441	 	2380.000000
5.455539	 	2386.666667
5.894563	 	2393.333333
6.333588	 	2400.000000
6.260417	 	2406.666667
5.845783	 	2413.333333
6.236027	 	2420.000000
6.797002	 	2426.666667
7.211637	 	2433.333333
6.406759	 	2440.000000
6.089685	 	2446.666667
6.284807	 	2453.333333
6.797002	 	2460.000000
5.748222	 	2466.666667
4.918954	 	2473.333333
6.138466	 	2480.000000
5.772612	 	2486.666667
5.528710	 	2493.333333
5.699441	 	2500.000000
5.943344	 	2506.666667
5.918954	 	2513.333333
5.382368	 	2520.000000
4.699441	 	2526.666667
5.748222	 	2533.333333
5.528710	 	2540.000000
5.236027	 	2546.666667
5.333588	 	2553.333333
4.894563	 	2560.000000
5.504320	 	2566.666667
4.431149	 	2573.333333
5.357978	 	2580.000000
5.382368	 	2586.666667
4.992124	 	2593.333333
5.992124	 	2600.000000
5.382368	 	2606.666667
4.577490	 	2613.333333
5.894563	 	2620.000000
4.553100	 	2626.666667
6.211637	 	2633.333333
5.553100	 	2640.000000
5.992124	 	2646.666667
6.016515	 	2653.333333
6.333588	 	2660.000000
4.797002	 	2666.666667
5.260417	 	2673.333333
5.626271	 	2680.000000
5.894563	 	2686.666667
5.455539	 	2693.333333
4.967734	 	2700.000000
5.357978	 	2706.666667
4.845783	 	2713.333333
4.870173	 	2720.000000
5.479929	 	2726.666667
5.138466	 	2733.333333
5.309198	 	2740.000000
5.187246	 	2746.666667
6.016515	 	2753.333333
6.089685	 	2760.000000
6.943344	 	2766.666667
6.918954	 	2773.333333
6.455539	 	2780.000000
7.089685	 	2786.666667
6.943344	 	2793.333333
6.455539	 	2800.000000
6.431149	 	2806.666667
6.406759	 	2813.333333
7.992124	 	2820.000000
7.650661	 	2826.666667
6.699441	 	2833.333333
7.089685	 	2840.000000
7.284807	 	2846.666667
6.016515	 	2853.333333
6.309198	 	2860.000000
7.309198	 	2866.666667
6.406759	 	2873.333333
6.309198	 	2880.000000
6.553100	 	2886.666667
6.797002	 	2893.333333
5.528710	 	2900.000000
5.821393	 	2906.666667
6.650661	 	2913.333333
7.309198	 	2920.000000
5.406759	 	2926.666667
6.650661	 	2933.333333
6.967734	 	2940.000000
6.479929	 	2946.666667
7.040905	 	2953.333333
7.797002	 	2960.000000
7.065295	 	2966.666667
8.260417	 	2973.333333
7.650661	 	2980.000000
8.065295	 	2986.666667
7.504320	 	2993.333333
7.553100	 	3000.000000
7.797002	 	3006.666667
7.967734	 	3013.333333
6.309198	 	3020.000000
7.357978	 	3026.666667
6.504320	 	3033.333333
7.797002	 	3040.000000
7.528710	 	3046.666667
8.772612	 	3053.333333
7.284807	 	3060.000000
7.699441	 	3066.666667
7.455539	 	3073.333333
7.870173	 	3080.000000
7.918954	 	3086.666667
8.553100	 	3093.333333
8.138466	 	3100.000000
9.650661	 	3106.666667
9.455539	 	3113.333333
9.504320	 	3120.000000
9.967734	 	3126.666667
22.114076	 	3133.333333
142.089685	 	3140.000000
372.748222	 	3146.666667
616.162856	 	3153.333333
829.162856	 	3160.000000
1013.601881	 	3166.666667
1187.284807	 	3173.333333
1348.772612	 	3180.000000
1490.772612	 	3186.666667
1628.138466	 	3193.333333
1757.406759	 	3200.000000
1875.016515	 	3206.666667
1999.114076	 	3213.333333
2116.089685	 	3220.000000
2231.333588	 	3226.666667
2362.894563	 	3233.333333
2486.845783	 	3240.000000
2612.918954	 	3246.666667
2742.675051	 	3253.333333
2854.162856	 	3260.000000
2997.479929	 	3266.666667
3135.406759	 	3273.333333
3275.309198	 	3280.000000
3407.723832	 	3286.666667
3536.992124	 	3293.333333
3657.772612	 	3300.000000
3785.601881	 	3306.666667
3909.333588	 	3313.333333
4035.821393	 	3320.000000
4155.650661	 	3326.666667
4271.577490	 	3333.333333
4382.431149	 	3340.000000
4498.284807	 	3346.666667
4605.455539	 	3353.333333
4707.187246	 	3360.000000
4798.284807	 	3366.666667
4886.406759	 	3373.333333
4965.772612	 	3380.000000
5041.284807	 	3386.666667
5087.016515	 	3393.333333
5131.455539	 	3400.000000
5181.894563	 	3406.666667
5217.040905	 	3413.333333
5240.943344	 	3420.000000
5268.650661	 	3426.666667
5293.797002	 	3433.333333
5302.187246	 	3440.000000
5312.357978	 	3446.666667
5322.431149	 	3453.333333
5320.797002	 	3460.000000
5311.870173	 	3466.666667
5301.309198	 	3473.333333
5293.162856	 	3480.000000
5280.894563	 	3486.666667
5265.845783	 	3493.333333
5243.309198	 	3500.000000
5219.114076	 	3506.666667
5196.431149	 	3513.333333
5163.918954	 	3520.000000
5131.626271	 	3526.666667
5096.309198	 	3533.333333
5063.211637	 	3540.000000
5030.772612	 	3546.666667
5000.626271	 	3553.333333
4970.626271	 	3560.000000
4936.528710	 	3566.666667
4899.553100	 	3573.333333
4861.357978	 	3580.000000
4819.870173	 	3586.666667
4782.065295	 	3593.333333
4739.821393	 	3600.000000
4693.211637	 	3606.666667
4654.821393	 	3613.333333
4613.406759	 	3620.000000
4562.479929	 	3626.666667
4518.333588	 	3633.333333
4474.626271	 	3640.000000
4422.675051	 	3646.666667
4374.065295	 	3653.333333
4324.431149	 	3660.000000
4277.553100	 	3666.666667
4227.577490	 	3673.333333
4182.797002	 	3680.000000
4138.967734	 	3686.666667
4091.065295	 	3693.333333
4043.114076	 	3700.000000
4002.382368	 	3706.666667
3959.748222	 	3713.333333
3915.309198	 	3720.000000
3871.016515	 	3726.666667
3827.528710	 	3733.333333
3786.040905	 	3740.000000
3741.528710	 	3746.666667
3695.211637	 	3753.333333
3649.772612	 	3760.000000
3608.333588	 	3766.666667
3559.187246	 	3773.333333
3509.284807	 	3780.000000
3467.967734	 	3786.666667
3424.016515	 	3793.333333
3375.455539	 	3800.000000
3335.918954	 	3806.666667
3293.675051	 	3813.333333
3249.845783	 	3820.000000
3205.870173	 	3826.666667
3166.089685	 	3833.333333
3128.187246	 	3840.000000
3087.309198	 	3846.666667
3043.528710	 	3853.333333
3002.431149	 	3860.000000
2958.162856	 	3866.666667
2918.016515	 	3873.333333
2878.553100	 	3880.000000
2837.528710	 	3886.666667
2794.967734	 	3893.333333
2758.309198	 	3900.000000
2722.431149	 	3906.666667
2685.699441	 	3913.333333
2649.943344	 	3920.000000
2615.040905	 	3926.666667
2581.114076	 	3933.333333
2549.309198	 	3940.000000
2515.138466	 	3946.666667
2481.504320	 	3953.333333
2448.187246	 	3960.000000
2413.528710	 	3966.666667
2381.260417	 	3973.333333
2347.065295	 	3980.000000
2313.723832	 	3986.666667
2279.772612	 	3993.333333
2248.992124	 	4000.000000
2218.211637	 	4006.666667
2187.309198	 	4013.333333
2156.309198	 	4020.000000
2126.626271	 	4026.666667
2097.675051	 	4033.333333
2069.016515	 	4040.000000
2040.504320	 	4046.666667
2012.675051	 	4053.333333
1984.894563	 	4060.000000
1957.040905	 	4066.666667
1927.699441	 	4073.333333
1899.650661	 	4080.000000
1872.065295	 	4086.666667
1846.431149	 	4093.333333
1820.357978	 	4100.000000
1794.357978	 	4106.666667
1769.943344	 	4113.333333
1746.162856	 	4120.000000
1722.211637	 	4126.666667
1700.065295	 	4133.333333
1676.479929	 	4140.000000
1654.114076	 	4146.666667
1632.162856	 	4153.333333
1609.601881	 	4160.000000
1587.601881	 	4166.666667
1567.601881	 	4173.333333
1545.309198	 	4180.000000
1524.845783	 	4186.666667
1504.626271	 	4193.333333
1481.943344	 	4200.000000
1462.626271	 	4206.666667
1444.211637	 	4213.333333
1424.894563	 	4220.000000
1405.479929	 	4226.666667
1387.260417	 	4233.333333
1370.553100	 	4240.000000
1354.333588	 	4246.666667
1337.748222	 	4253.333333
1322.382368	 	4260.000000
1306.455539	 	4266.666667
1290.284807	 	4273.333333
1274.357978	 	4280.000000
1256.748222	 	4286.666667
1239.675051	 	4293.333333
1223.162856	 	4300.000000
1207.845783	 	4306.666667
1192.065295	 	4313.333333
1177.772612	 	4320.000000
1163.114076	 	4326.666667
1150.479929	 	4333.333333
1134.357978	 	4340.000000
1118.845783	 	4346.666667
1105.089685	 	4353.333333
1090.065295	 	4360.000000
1076.943344	 	4366.666667
1064.455539	 	4373.333333
1049.797002	 	4380.000000
1037.626271	 	4386.666667
1024.455539	 	4393.333333
1012.406759	 	4400.000000
999.138466	 	4406.666667
987.260417	 	4413.333333
976.284807	 	4420.000000
963.065295	 	4426.666667
951.479929	 	4433.333333
939.772612	 	4440.000000
926.821393	 	4446.666667
916.894563	 	4453.333333
902.357978	 	4460.000000
890.601881	 	4466.666667
878.040905	 	4473.333333
867.504320	 	4480.000000
856.187246	 	4486.666667
843.382368	 	4493.333333
834.699441	 	4500.000000
822.772612	 	4506.666667
812.138466	 	4513.333333
803.382368	 	4520.000000
792.797002	 	4526.666667
780.455539	 	4533.333333
769.967734	 	4540.000000
760.699441	 	4546.666667
750.236027	 	4553.333333
739.748222	 	4560.000000
729.211637	 	4566.666667
720.114076	 	4573.333333
709.504320	 	4580.000000
699.797002	 	4586.666667
691.699441	 	4593.333333
682.699441	 	4600.000000
673.821393	 	4606.666667
666.236027	 	4613.333333
659.406759	 	4620.000000
651.236027	 	4626.666667
643.138466	 	4633.333333
636.382368	 	4640.000000
626.528710	 	4646.666667
621.260417	 	4653.333333
613.967734	 	4660.000000
605.918954	 	4666.666667
599.431149	 	4673.333333
594.357978	 	4680.000000
585.016515	 	4686.666667
580.211637	 	4693.333333
571.748222	 	4700.000000
564.967734	 	4706.666667
560.089685	 	4713.333333
550.870173	 	4720.000000
545.918954	 	4726.666667
538.992124	 	4733.333333
533.528710	 	4740.000000
526.089685	 	4746.666667
518.699441	 	4753.333333
512.943344	 	4760.000000
507.870173	 	4766.666667
501.772612	 	4773.333333
495.797002	 	4780.000000
491.065295	 	4786.666667
483.138466	 	4793.333333
477.528710	 	4800.000000
471.528710	 	4806.666667
463.675051	 	4813.333333
461.650661	 	4820.000000
453.943344	 	4826.666667
449.821393	 	4833.333333
442.114076	 	4840.000000
438.114076	 	4846.666667
432.138466	 	4853.333333
424.967734	 	4860.000000
422.504320	 	4866.666667
415.333588	 	4873.333333
410.967734	 	4880.000000
409.479929	 	4886.666667
402.797002	 	4893.333333
398.797002	 	4900.000000
396.114076	 	4906.666667
390.918954	 	4913.333333
386.211637	 	4920.000000
382.894563	 	4926.666667
375.723832	 	4933.333333
372.894563	 	4940.000000
366.187246	 	4946.666667
363.553100	 	4953.333333
358.577490	 	4960.000000
351.260417	 	4966.666667
349.187246	 	4973.333333
344.992124	 	4980.000000
337.992124	 	4986.666667
338.236027	 	4993.333333
332.455539	 	5000.000000
327.333588	 	5006.666667
326.089685	 	5013.333333
321.601881	 	5020.000000
317.675051	 	5026.666667
313.626271	 	5033.333333
309.089685	 	5040.000000
305.504320	 	5046.666667
301.138466	 	5053.333333
299.601881	 	5060.000000
295.382368	 	5066.666667
291.626271	 	5073.333333
289.845783	 	5080.000000
286.601881	 	5086.666667
282.967734	 	5093.333333
279.211637	 	5100.000000
276.040905	 	5106.666667
272.162856	 	5113.333333
268.138466	 	5120.000000
264.650661	 	5126.666667
261.455539	 	5133.333333
255.918954	 	5140.000000
253.699441	 	5146.666667
249.114076	 	5153.333333
244.187246	 	5160.000000
242.455539	 	5166.666667
238.577490	 	5173.333333
236.797002	 	5180.000000
234.626271	 	5186.666667
230.138466	 	5193.333333
227.772612	 	5200.000000
224.699441	 	5206.666667
223.357978	 	5213.333333
220.870173	 	5220.000000
218.455539	 	5226.666667
216.089685	 	5233.333333
213.748222	 	5240.000000
210.797002	 	5246.666667
209.553100	 	5253.333333
207.577490	 	5260.000000
204.821393	 	5266.666667
203.260417	 	5273.333333
200.309198	 	5280.000000
197.943344	 	5286.666667
196.845783	 	5293.333333
193.821393	 	5300.000000
190.284807	 	5306.666667
189.748222	 	5313.333333
186.967734	 	5320.000000
184.236027	 	5326.666667
183.040905	 	5333.333333
180.260417	 	5340.000000
177.260417	 	5346.666667
174.845783	 	5353.333333
172.797002	 	5360.000000
169.138466	 	5366.666667
167.333588	 	5373.333333
166.723832	 	5380.000000
165.309198	 	5386.666667
162.333588	 	5393.333333
161.114076	 	5400.000000
159.114076	 	5406.666667
156.918954	 	5413.333333
156.187246	 	5420.000000
153.943344	 	5426.666667
153.138466	 	5433.333333
150.162856	 	5440.000000
148.309198	 	5446.666667
146.577490	 	5453.333333
145.772612	 	5460.000000
144.138466	 	5466.666667
143.016515	 	5473.333333
141.894563	 	5480.000000
140.870173	 	5486.666667
139.943344	 	5493.333333
138.748222	 	5500.000000
137.577490	 	5506.666667
136.162856	 	5513.333333
136.211637	 	5520.000000
134.699441	 	5526.666667
133.162856	 	5533.333333
132.309198	 	5540.000000
130.504320	 	5546.666667
130.162856	 	5553.333333
128.382368	 	5560.000000
127.040905	 	5566.666667
126.455539	 	5573.333333
125.675051	 	5580.000000
123.894563	 	5586.666667
123.772612	 	5593.333333
120.626271	 	5600.000000
119.455539	 	5606.666667
117.553100	 	5613.333333
116.772612	 	5620.000000
115.601881	 	5626.666667
113.187246	 	5633.333333
111.870173	 	5640.000000
109.626271	 	5646.666667
108.260417	 	5653.333333
106.797002	 	5660.000000
104.821393	 	5666.666667
103.382368	 	5673.333333
102.870173	 	5680.000000
102.455539	 	5686.666667
101.723832	 	5693.333333
99.089685	 	5700.000000
98.650661	 	5706.666667
97.236027	 	5713.333333
97.284807	 	5720.000000
97.114076	 	5726.666667
95.406759	 	5733.333333
94.699441	 	5740.000000
94.626271	 	5746.666667
93.504320	 	5753.333333
93.504320	 	5760.000000
91.797002	 	5766.666667
91.870173	 	5773.333333
91.040905	 	5780.000000
91.187246	 	5786.666667
90.455539	 	5793.333333
89.504320	 	5800.000000
88.723832	 	5806.666667
87.553100	 	5813.333333
87.138466	 	5820.000000
87.650661	 	5826.666667
87.553100	 	5833.333333
87.845783	 	5840.000000
86.723832	 	5846.666667
86.748222	 	5853.333333
86.797002	 	5860.000000
86.187246	 	5866.666667
85.577490	 	5873.333333
85.211637	 	5880.000000
83.894563	 	5886.666667
82.992124	 	5893.333333
81.626271	 	5900.000000
81.382368	 	5906.666667
80.650661	 	5913.333333
79.821393	 	5920.000000
79.211637	 	5926.666667
78.821393	 	5933.333333
77.114076	 	5940.000000
76.065295	 	5946.666667
74.333588	 	5953.333333
73.138466	 	5960.000000
72.455539	 	5966.666667
71.016515	 	5973.333333
70.114076	 	5980.000000
69.089685	 	5986.666667
68.431149	 	5993.333333
68.187246	 	6000.000000
66.357978	 	6006.666667
65.211637	 	6013.333333
65.918954	 	6020.000000
65.040905	 	6026.666667
64.016515	 	6033.333333
63.065295	 	6040.000000
62.553100	 	6046.666667
62.162856	 	6053.333333
60.723832	 	6060.000000
60.138466	 	6066.666667
59.357978	 	6073.333333
58.114076	 	6080.000000
57.626271	 	6086.666667
56.284807	 	6093.333333
55.748222	 	6100.000000
53.870173	 	6106.666667
53.236027	 	6113.333333
52.357978	 	6120.000000
52.333588	 	6126.666667
52.089685	 	6133.333333
52.918954	 	6140.000000
51.284807	 	6146.666667
51.675051	 	6153.333333
52.089685	 	6160.000000
53.065295	 	6166.666667
52.967734	 	6173.333333
53.553100	 	6180.000000
53.065295	 	6186.666667
52.699441	 	6193.333333
52.211637	 	6200.000000
51.114076	 	6206.666667
51.138466	 	6213.333333
51.138466	 	6220.000000
49.992124	 	6226.666667
50.821393	 	6233.333333
50.040905	 	6240.000000
50.357978	 	6246.666667
50.577490	 	6253.333333
49.943344	 	6260.000000
49.650661	 	6266.666667
49.138466	 	6273.333333
48.284807	 	6280.000000
48.504320	 	6286.666667
47.138466	 	6293.333333
46.601881	 	6300.000000
45.797002	 	6306.666667
45.967734	 	6313.333333
46.162856	 	6320.000000
45.162856	 	6326.666667
45.284807	 	6333.333333
45.577490	 	6340.000000
43.894563	 	6346.666667
43.870173	 	6353.333333
43.967734	 	6360.000000
41.943344	 	6366.666667
41.797002	 	6373.333333
41.211637	 	6380.000000
40.675051	 	6386.666667
39.918954	 	6393.333333
39.479929	 	6400.000000
39.065295	 	6406.666667
39.260417	 	6413.333333
39.284807	 	6420.000000
39.943344	 	6426.666667
39.406759	 	6433.333333
38.772612	 	6440.000000
37.675051	 	6446.666667
37.748222	 	6453.333333
37.943344	 	6460.000000
39.211637	 	6466.666667
38.333588	 	6473.333333
37.309198	 	6480.000000
37.016515	 	6486.666667
36.138466	 	6493.333333
36.284807	 	6500.000000
37.138466	 	6506.666667
36.723832	 	6513.333333
38.065295	 	6520.000000
37.162856	 	6526.666667
36.382368	 	6533.333333
37.260417	 	6540.000000
36.479929	 	6546.666667
37.357978	 	6553.333333
36.406759	 	6560.000000
36.601881	 	6566.666667
35.406759	 	6573.333333
35.504320	 	6580.000000
35.650661	 	6586.666667
35.187246	 	6593.333333
34.577490	 	6600.000000
33.553100	 	6606.666667
34.553100	 	6613.333333
32.870173	 	6620.000000
32.943344	 	6626.666667
33.431149	 	6633.333333
33.040905	 	6640.000000
33.626271	 	6646.666667
33.040905	 	6653.333333
32.065295	 	6660.000000
32.016515	 	6666.666667
30.260417	 	6673.333333
31.479929	 	6680.000000
29.675051	 	6686.666667
30.284807	 	6693.333333
28.626271	 	6700.000000
28.577490	 	6706.666667
27.162856	 	6713.333333
27.479929	 	6720.000000
26.406759	 	6726.666667
26.236027	 	6733.333333
25.211637	 	6740.000000
26.504320	 	6746.666667
26.504320	 	6753.333333
26.553100	 	6760.000000
24.967734	 	6766.666667
25.016515	 	6773.333333
24.918954	 	6780.000000
25.284807	 	6786.666667
24.260417	 	6793.333333
24.553100	 	6800.000000
23.162856	 	6806.666667
23.626271	 	6813.333333
21.821393	 	6820.000000
22.236027	 	6826.666667
21.601881	 	6833.333333
20.699441	 	6840.000000
20.406759	 	6846.666667
20.089685	 	6853.333333
20.187246	 	6860.000000
19.260417	 	6866.666667
18.772612	 	6873.333333
18.382368	 	6880.000000
18.675051	 	6886.666667
17.870173	 	6893.333333
17.821393	 	6900.000000
17.284807	 	6906.666667
17.431149	 	6913.333333
17.845783	 	6920.000000
17.138466	 	6926.666667
15.943344	 	6933.333333
15.626271	 	6940.000000
15.455539	 	6946.666667
15.699441	 	6953.333333
15.284807	 	6960.000000
14.187246	 	6966.666667
13.479929	 	6973.333333
15.284807	 	6980.000000
15.333588	 	6986.666667
14.967734	 	6993.333333
15.138466	 	7000.000000
15.284807	 	7006.666667
14.089685	 	7013.333333
15.357978	 	7020.000000
13.748222	 	7026.666667
13.650661	 	7033.333333
14.309198	 	7040.000000
12.845783	 	7046.666667
13.382368	 	7053.333333
13.162856	 	7060.000000
12.138466	 	7066.666667
12.162856	 	7073.333333
12.650661	 	7080.000000
12.357978	 	7086.666667
10.699441	 	7093.333333
10.772612	 	7100.000000
10.309198	 	7106.666667
10.699441	 	7113.333333
9.748222	 	7120.000000
9.992124	 	7126.666667
9.821393	 	7133.333333
10.431149	 	7140.000000
9.918954	 	7146.666667
9.577490	 	7153.333333
9.821393	 	7160.000000
10.016515	 	7166.666667
9.162856	 	7173.333333
10.455539	 	7180.000000
8.284807	 	7186.666667
8.553100	 	7193.333333
7.992124	 	7200.000000
7.601881	 	7206.666667
7.504320	 	7213.333333
9.382368	 	7220.000000
8.455539	 	7226.666667
8.626271	 	7233.333333
7.455539	 	7240.000000
7.601881	 	7246.666667
6.748222	 	7253.333333
6.528710	 	7260.000000
7.284807	 	7266.666667
7.455539	 	7273.333333
7.260417	 	7280.000000
7.431149	 	7286.666667
8.601881	 	7293.333333
7.918954	 	7300.000000
8.455539	 	7306.666667
8.675051	 	7313.333333
8.797002	 	7320.000000
8.333588	 	7326.666667
7.870173	 	7333.333333
8.162856	 	7340.000000
8.382368	 	7346.666667
8.309198	 	7353.333333
9.187246	 	7360.000000
9.577490	 	7366.666667
9.431149	 	7373.333333
9.016515	 	7380.000000
8.699441	 	7386.666667
9.821393	 	7393.333333
8.504320	 	7400.000000
8.577490	 	7406.666667
9.357978	 	7413.333333
8.333588	 	7420.000000
7.431149	 	7426.666667
8.479929	 	7433.333333
8.016515	 	7440.000000
8.455539	 	7446.666667
8.943344	 	7453.333333
8.504320	 	7460.000000
7.845783	 	7466.666667
7.894563	 	7473.333333
7.455539	 	7480.000000
8.089685	 	7486.666667
9.601881	 	7493.333333
9.382368	 	7500.000000
10.772612	 	7506.666667
11.138466	 	7513.333333
10.577490	 	7520.000000
10.894563	 	7526.666667
12.236027	 	7533.333333
11.138466	 	7540.000000
10.992124	 	7546.666667
11.333588	 	7553.333333
10.967734	 	7560.000000
11.870173	 	7566.666667
10.626271	 	7573.333333
11.211637	 	7580.000000
12.138466	 	7586.666667
11.650661	 	7593.333333
11.772612	 	7600.000000
11.650661	 	7606.666667
10.894563	 	7613.333333
11.236027	 	7620.000000
11.284807	 	7626.666667
10.431149	 	7633.333333
10.357978	 	7640.000000
10.309198	 	7646.666667
10.723832	 	7653.333333
11.479929	 	7660.000000
11.065295	 	7666.666667
9.626271	 	7673.333333
12.992124	 	7680.000000
11.260417	 	7686.666667
11.382368	 	7693.333333
11.553100	 	7700.000000
11.260417	 	7706.666667
11.626271	 	7713.333333
11.845783	 	7720.000000
10.553100	 	7726.666667
12.943344	 	7733.333333
9.626271	 	7740.000000
11.382368	 	7746.666667
9.967734	 	7753.333333
9.748222	 	7760.000000
9.821393	 	7766.666667
10.016515	 	7773.333333
10.236027	 	7780.000000
9.650661	 	7786.666667
9.016515	 	7793.333333
8.918954	 	7800.000000
6.918954	 	7806.666667
9.284807	 	7813.333333
7.967734	 	7820.000000
7.309198	 	7826.666667
6.723832	 	7833.333333
8.918954	 	7840.000000
6.821393	 	7846.666667
6.821393	 	7853.333333
6.528710	 	7860.000000
6.748222	 	7866.666667
5.821393	 	7873.333333
5.309198	 	7880.000000
5.675051	 	7886.666667
5.553100	 	7893.333333
5.675051	 	7900.000000
6.772612	 	7906.666667
6.187246	 	7913.333333
7.479929	 	7920.000000
7.699441	 	7926.666667
7.675051	 	7933.333333
6.772612	 	7940.000000
7.528710	 	7946.666667
7.382368	 	7953.333333
6.650661	 	7960.000000
5.821393	 	7966.666667
7.016515	 	7973.333333
6.016515	 	7980.000000
5.967734	 	7986.666667
6.553100	 	7993.333333
4.797002	 	8000.000000
5.114076	 	8006.666667
5.016515	 	8013.333333
4.723832	 	8020.000000
5.357978	 	8026.666667
5.431149	 	8033.333333
3.967734	 	8040.000000
3.821393	 	8046.666667
2.723832	 	8053.333333
4.528710	 	8060.000000
3.065295	 	8066.666667
3.431149	 	8073.333333
2.309198	 	8080.000000
2.577490	 	8086.666667
2.333588	 	8093.333333
2.357978	 	8100.000000
2.479929	 	8106.666667
2.431149	 	8113.333333
1.650661	 	8120.000000
2.601881	 	8126.666667
2.406759	 	8133.333333
3.699441	 	8140.000000
3.797002	 	8146.666667
3.479929	 	8153.333333
3.479929	 	8160.000000
3.016515	 	8166.666667
3.650661	 	8173.333333
2.406759	 	8180.000000
2.504320	 	8186.666667
2.870173	 	8193.333333
3.723832	 	8200.000000
3.016515	 	8206.666667
2.382368	 	8213.333333
2.187246	 	8220.000000
2.479929	 	8226.666667
2.162856	 	8233.333333
2.211637	 	8240.000000
2.065295	 	8246.666667
2.357978	 	8253.333333
2.918954	 	8260.000000
3.479929	 	8266.666667
4.333588	 	8273.333333
3.626271	 	8280.000000
3.382368	 	8286.666667
2.553100	 	8293.333333
2.675051	 	8300.000000
2.284807	 	8306.666667
2.406759	 	8313.333333
3.089685	 	8320.000000
2.626271	 	8326.666667
1.992124	 	8333.333333
1.284807	 	8340.000000
-0.251778	 	8346.666667
0.357978	 	8353.333333
1.016515	 	8360.000000
-0.129827	 	8366.666667
-0.446900	 	8373.333333
0.967734	 	8380.000000
0.187246	 	8386.666667
0.479929	 	8393.333333
0.504320	 	8400.000000
0.406759	 	8406.666667
1.431149	 	8413.333333
2.236027	 	8420.000000
1.114076	 	8426.666667
1.845783	 	8433.333333
1.357978	 	8440.000000
1.138466	 	8446.666667
1.723832	 	8453.333333
1.748222	 	8460.000000
2.479929	 	8466.666667
1.431149	 	8473.333333
1.675051	 	8480.000000
1.601881	 	8486.666667
2.650661	 	8493.333333
3.211637	 	8500.000000
3.992124	 	8506.666667
4.284807	 	8513.333333
3.821393	 	8520.000000
3.187246	 	8526.666667
3.236027	 	8533.333333
4.504320	 	8540.000000
5.040905	 	8546.666667
5.065295	 	8553.333333
5.553100	 	8560.000000
4.479929	 	8566.666667
6.016515	 	8573.333333
6.894563	 	8580.000000
8.357978	 	8586.666667
8.382368	 	8593.333333
9.333588	 	8600.000000
9.675051	 	8606.666667
10.650661	 	8613.333333
9.845783	 	8620.000000
9.821393	 	8626.666667
10.479929	 	8633.333333
9.553100	 	8640.000000
8.870173	 	8646.666667
8.455539	 	8653.333333
8.748222	 	8660.000000
9.114076	 	8666.666667
8.601881	 	8673.333333
9.016515	 	8680.000000
8.577490	 	8686.666667
7.967734	 	8693.333333
7.992124	 	8700.000000
7.479929	 	8706.666667
7.333588	 	8713.333333
6.357978	 	8720.000000
6.992124	 	8726.666667
7.162856	 	8733.333333
7.870173	 	8740.000000
8.675051	 	8746.666667
7.650661	 	8753.333333
8.114076	 	8760.000000
7.626271	 	8766.666667
7.114076	 	8773.333333
8.138466	 	8780.000000
6.797002	 	8786.666667
9.382368	 	8793.333333
8.650661	 	8800.000000
7.894563	 	8806.666667
9.138466	 	8813.333333
8.797002	 	8820.000000
6.918954	 	8826.666667
7.016515	 	8833.333333
6.577490	 	8840.000000
7.138466	 	8846.666667
5.992124	 	8853.333333
6.821393	 	8860.000000
4.943344	 	8866.666667
6.065295	 	8873.333333
5.577490	 	8880.000000
5.943344	 	8886.666667
5.479929	 	8893.333333
5.626271	 	8900.000000
5.821393	 	8906.666667
7.333588	 	8913.333333
5.260417	 	8920.000000
6.187246	 	8926.666667
5.870173	 	8933.333333
5.601881	 	8940.000000
5.918954	 	8946.666667
3.943344	 	8953.333333
4.577490	 	8960.000000
4.431149	 	8966.666667
4.211637	 	8973.333333
3.943344	 	8980.000000
4.187246	 	8986.666667
3.211637	 	8993.333333
3.626271	 	9000.000000
3.577490	 	9006.666667
2.577490	 	9013.333333
1.797002	 	9020.000000
2.016515	 	9026.666667
2.382368	 	9033.333333
1.455539	 	9040.000000
1.723832	 	9046.666667
1.040905	 	9053.333333
1.431149	 	9060.000000
0.431149	 	9066.666667
0.504320	 	9073.333333
0.162856	 	9080.000000
-0.544461	 	9086.666667
0.675051	 	9093.333333
-0.251778	 	9100.000000
-1.202998	 	9106.666667
0.382368	 	9113.333333
0.870173	 	9120.000000
1.089685	 	9126.666667
1.675051	 	9133.333333
3.260417	 	9140.000000
2.918954	 	9146.666667
2.650661	 	9153.333333
2.577490	 	9160.000000
2.553100	 	9166.666667
2.553100	 	9173.333333
2.650661	 	9180.000000
2.967734	 	9186.666667
2.357978	 	9193.333333
1.650661	 	9200.000000
2.357978	 	9206.666667
1.431149	 	9213.333333
2.992124	 	9220.000000
0.845783	 	9226.666667
1.187246	 	9233.333333
0.553100	 	9240.000000
0.601881	 	9246.666667
0.309198	 	9253.333333
0.211637	 	9260.000000
0.528710	 	9266.666667
0.114076	 	9273.333333
0.236027	 	9280.000000
0.967734	 	9286.666667
0.748222	 	9293.333333
2.114076	 	9300.000000
3.211637	 	9306.666667
4.138466	 	9313.333333
3.211637	 	9320.000000
2.675051	 	9326.666667
2.992124	 	9333.333333
4.016515	 	9340.000000
3.089685	 	9346.666667
4.918954	 	9353.333333
3.431149	 	9360.000000
3.040905	 	9366.666667
3.211637	 	9373.333333
3.455539	 	9380.000000
2.065295	 	9386.666667
2.089685	 	9393.333333
2.114076	 	9400.000000
2.650661	 	9406.666667
2.236027	 	9413.333333
2.309198	 	9420.000000
2.260417	 	9426.666667
2.845783	 	9433.333333
1.553100	 	9440.000000
1.577490	 	9446.666667
1.601881	 	9453.333333
1.504320	 	9460.000000
1.479929	 	9466.666667
2.479929	 	9473.333333
0.284807	 	9480.000000
1.382368	 	9486.666667
0.333588	 	9493.333333
0.675051	 	9500.000000
0.040905	 	9506.666667
-0.422510	 	9513.333333
0.187246	 	9520.000000
0.992124	 	9526.666667
0.089685	 	9533.333333
0.967734	 	9540.000000
0.479929	 	9546.666667
1.162856	 	9553.333333
1.431149	 	9560.000000
2.504320	 	9566.666667
2.479929	 	9573.333333
2.333588	 	9580.000000
2.065295	 	9586.666667
1.992124	 	9593.333333
2.040905	 	9600.000000
1.406759	 	9606.666667
0.967734	 	9613.333333
0.675051	 	9620.000000
0.699441	 	9626.666667
0.211637	 	9633.333333
-0.422510	 	9640.000000
-0.129827	 	9646.666667
-0.568851	 	9653.333333
-0.934705	 	9660.000000
-0.032266	 	9666.666667
0.309198	 	9673.333333
-0.081046	 	9680.000000
0.845783	 	9686.666667
1.114076	 	9693.333333
1.431149	 	9700.000000
0.284807	 	9706.666667
0.357978	 	9713.333333
-0.251778	 	9720.000000
-0.276168	 	9726.666667
0.114076	 	9733.333333
0.187246	 	9740.000000
-0.593241	 	9746.666667
-0.300559	 	9753.333333
0.406759	 	9760.000000
-0.129827	 	9766.666667
-0.642022	 	9773.333333
-0.934705	 	9780.000000
-0.520071	 	9786.666667
-0.861534	 	9793.333333
-1.007876	 	9800.000000
-1.617632	 	9806.666667
-2.032266	 	9813.333333
-1.812754	 	9820.000000
-1.520071	 	9826.666667
-1.690802	 	9833.333333
-1.763973	 	9840.000000
-2.202998	 	9846.666667
-1.324949	 	9853.333333
-2.934705	 	9860.000000
-2.568851	 	9866.666667
-2.422510	 	9873.333333
-1.690802	 	9880.000000
-2.544461	 	9886.666667
-2.373729	 	9893.333333
-2.422510	 	9900.000000
-0.617632	 	9906.666667
-1.788363	 	9913.333333
-1.837144	 	9920.000000
-0.178607	 	9926.666667
-0.885924	 	9933.333333
-1.202998	 	9940.000000
-1.495680	 	9946.666667
-2.202998	 	9953.333333
-0.129827	 	9960.000000
0.162856	 	9966.666667
0.162856	 	9973.333333
-1.056656	 	9980.000000
-0.715193	 	9986.666667
-0.105437	 	9993.333333
0.260417	 	10000.000000
0.382368	 	10006.666667
0.333588	 	10013.333333
-0.300559	 	10020.000000
-0.178607	 	10026.666667
-1.154217	 	10033.333333
-0.568851	 	10040.000000
-0.715193	 	10046.666667
-1.202998	 	10053.333333
-1.617632	 	10060.000000
-1.593241	 	10066.666667
-1.373729	 	10073.333333
-2.398119	 	10080.000000
-2.788363	 	10086.666667
-2.642022	 	10093.333333
-1.373729	 	10100.000000
-1.959095	 	10106.666667
-2.495680	 	10113.333333
-2.983485	 	10120.000000
-2.739583	 	10126.666667
-2.812754	 	10133.333333
-2.617632	 	10140.000000
-3.276168	 	10146.666667
-3.324949	 	10153.333333
-3.715193	 	10160.000000
-3.105437	 	10166.666667
-4.300559	 	10173.333333
-2.520071	 	10180.000000
-3.715193	 	10186.666667
-3.568851	 	10193.333333
-4.105437	 	10200.000000
-3.300559	 	10206.666667
-4.471290	 	10213.333333
-3.471290	 	10220.000000
-4.178607	 	10226.666667
-3.398119	 	10233.333333
-4.593241	 	10240.000000
-3.422510	 	10246.666667
-4.349339	 	10253.333333
-3.154217	 	10260.000000
-4.178607	 	10266.666667
-3.763973	 	10273.333333
-3.837144	 	10280.000000
-4.081046	 	10286.666667
-4.081046	 	10293.333333
-2.690802	 	10300.000000
-3.300559	 	10306.666667
-3.398119	 	10313.333333
-4.739583	 	10320.000000
-4.007876	 	10326.666667
-4.081046	 	10333.333333
-2.934705	 	10340.000000
-4.763973	 	10346.666667
-3.251778	 	10353.333333
-3.983485	 	10360.000000
-3.495680	 	10366.666667
-4.007876	 	10373.333333
-4.763973	 	10380.000000
-5.398119	 	10386.666667
-4.324949	 	10393.333333
-4.983485	 	10400.000000
-5.349339	 	10406.666667
-5.276168	 	10413.333333
-4.690802	 	10420.000000
-5.861534	 	10426.666667
-4.812754	 	10433.333333
-5.178607	 	10440.000000
-5.154217	 	10446.666667
-5.910315	 	10453.333333
-5.227388	 	10460.000000
-4.715193	 	10466.666667
-4.690802	 	10473.333333
-5.276168	 	10480.000000
-3.861534	 	10486.666667
-5.324949	 	10493.333333
-4.446900	 	10500.000000
-5.105437	 	10506.666667
-5.837144	 	10513.333333
-4.812754	 	10520.000000
-4.910315	 	10526.666667
-4.471290	 	10533.333333
-4.666412	 	10540.000000
-5.105437	 	10546.666667
-4.934705	 	10553.333333
-4.251778	 	10560.000000
-4.715193	 	10566.666667
-4.642022	 	10573.333333
-5.666412	 	10580.000000
-3.910315	 	10586.666667
-5.032266	 	10593.333333
-5.129827	 	10600.000000
-5.983485	 	10606.666667
-5.251778	 	10613.333333
-5.251778	 	10620.000000
-5.666412	 	10626.666667
-6.690802	 	10633.333333
-6.568851	 	10640.000000
-6.081046	 	10646.666667
-5.934705	 	10653.333333
-6.446900	 	10660.000000
-5.983485	 	10666.666667
-6.593241	 	10673.333333
-6.422510	 	10680.000000
-7.129827	 	10686.666667
-6.568851	 	10693.333333
-6.568851	 	10700.000000
-6.056656	 	10706.666667
-6.446900	 	10713.333333
-5.837144	 	10720.000000
-6.202998	 	10726.666667
-6.544461	 	10733.333333
-7.032266	 	10740.000000
-6.812754	 	10746.666667
-6.276168	 	10753.333333
-6.056656	 	10760.000000
-6.324949	 	10766.666667
-6.324949	 	10773.333333
-5.349339	 	10780.000000
-5.788363	 	10786.666667
-5.373729	 	10793.333333
-6.324949	 	10800.000000
-5.837144	 	10806.666667
-5.373729	 	10813.333333
-5.081046	 	10820.000000
-6.129827	 	10826.666667
-5.276168	 	10833.333333
-5.910315	 	10840.000000
-6.495680	 	10846.666667
-6.593241	 	10853.333333
-6.105437	 	10860.000000
-7.300559	 	10866.666667
-7.129827	 	10873.333333
-8.251778	 	10880.000000
-6.617632	 	10886.666667
-6.398119	 	10893.333333
-6.081046	 	10900.000000
-7.568851	 	10906.666667
-6.666412	 	10913.333333
-7.446900	 	10920.000000
-6.715193	 	10926.666667
-6.812754	 	10933.333333
-6.520071	 	10940.000000
-6.032266	 	10946.666667
-5.690802	 	10953.333333
-5.812754	 	10960.000000
-5.593241	 	10966.666667
-5.812754	 	10973.333333
-5.300559	 	10980.000000
-5.812754	 	10986.666667
-5.642022	 	10993.333333
-5.349339	 	11000.000000
-5.202998	 	11006.666667
-5.227388	 	11013.333333
-5.056656	 	11020.000000
-4.398119	 	11026.666667
-4.885924	 	11033.333333
-5.251778	 	11040.000000
-5.520071	 	11046.666667
-6.520071	 	11053.333333
-5.178607	 	11060.000000
-5.715193	 	11066.666667
-6.178607	 	11073.333333
-6.398119	 	11080.000000
-5.568851	 	11086.666667
-5.568851	 	11093.333333
-6.885924	 	11100.000000
-6.276168	 	11106.666667
-6.520071	 	11113.333333
-5.959095	 	11120.000000
-5.788363	 	11126.666667
-5.934705	 	11133.333333
-5.763973	 	11140.000000
-7.251778	 	11146.666667
-7.202998	 	11153.333333
-6.885924	 	11160.000000
-6.861534	 	11166.666667
-6.934705	 	11173.333333
-6.763973	 	11180.000000
-6.446900	 	11186.666667
-6.934705	 	11193.333333
-5.300559	 	11200.000000
-6.398119	 	11206.666667
-5.471290	 	11213.333333
-5.056656	 	11220.000000
-5.837144	 	11226.666667
-5.471290	 	11233.333333
-6.105437	 	11240.000000
-4.642022	 	11246.666667
-3.885924	 	11253.333333
-5.007876	 	11260.000000
-4.251778	 	11266.666667
-4.885924	 	11273.333333
-4.910315	 	11280.000000
-4.642022	 	11286.666667
-3.959095	 	11293.333333
-4.617632	 	11300.000000
-3.081046	 	11306.666667
-3.837144	 	11313.333333
-2.129827	 	11320.000000
-1.032266	 	11326.666667
-0.739583	 	11333.333333
0.431149	 	11340.000000
-0.251778	 	11346.666667
-0.446900	 	11353.333333
-0.666412	 	11360.000000
0.040905	 	11366.666667
-1.324949	 	11373.333333
-1.032266	 	11380.000000
-1.544461	 	11386.666667
-1.520071	 	11393.333333
-1.251778	 	11400.000000
-1.739583	 	11406.666667
-2.471290	 	11413.333333
-2.910315	 	11420.000000
-2.983485	 	11426.666667
-3.129827	 	11433.333333
-3.520071	 	11440.000000
-3.715193	 	11446.666667
-4.324949	 	11453.333333
-3.837144	 	11460.000000
-4.178607	 	11466.666667
-3.690802	 	11473.333333
-4.568851	 	11480.000000
-4.251778	 	11486.666667
-5.593241	 	11493.333333
-4.739583	 	11500.000000
-4.910315	 	11506.666667
-5.129827	 	11513.333333
-5.056656	 	11520.000000
-4.324949	 	11526.666667
-5.202998	 	11533.333333
-5.398119	 	11540.000000
-4.910315	 	11546.666667
-4.154217	 	11553.333333
-4.763973	 	11560.000000
-4.202998	 	11566.666667
-5.178607	 	11573.333333
-4.715193	 	11580.000000
-5.251778	 	11586.666667
-5.373729	 	11593.333333
-4.983485	 	11600.000000
-6.056656	 	11606.666667
-6.276168	 	11613.333333
-5.788363	 	11620.000000
-6.178607	 	11626.666667
-5.398119	 	11633.333333
-4.715193	 	11640.000000
-4.788363	 	11646.666667
-4.081046	 	11653.333333
-3.910315	 	11660.000000
-3.959095	 	11666.666667
-3.056656	 	11673.333333
-3.422510	 	11680.000000
-3.544461	 	11686.666667
-3.837144	 	11693.333333
-2.910315	 	11700.000000
-3.763973	 	11706.666667
-4.154217	 	11713.333333
-3.251778	 	11720.000000
-3.910315	 	11726.666667
-4.446900	 	11733.333333
-4.105437	 	11740.000000
-4.715193	 	11746.666667
-3.520071	 	11753.333333
-4.398119	 	11760.000000
-4.690802	 	11766.666667
-3.910315	 	11773.333333
-4.690802	 	11780.000000
-4.471290	 	11786.666667
-4.324949	 	11793.333333
-5.251778	 	11800.000000
-5.154217	 	11806.666667
-6.788363	 	11813.333333
-5.422510	 	11820.000000
-6.471290	 	11826.666667
-5.398119	 	11833.333333
-5.422510	 	11840.000000
-5.642022	 	11846.666667
-5.398119	 	11853.333333
-4.422510	 	11860.000000
-5.690802	 	11866.666667
-4.788363	 	11873.333333
-5.959095	 	11880.000000
-6.105437	 	11886.666667
-5.885924	 	11893.333333
-6.324949	 	11900.000000
-4.349339	 	11906.666667
-4.032266	 	11913.333333
-4.007876	 	11920.000000
-4.105437	 	11926.666667
-3.032266	 	11933.333333
-3.666412	 	11940.000000
-3.666412	 	11946.666667
-3.129827	 	11953.333333
-3.276168	 	11960.000000
-2.788363	 	11966.666667
-2.715193	 	11973.333333
-2.178607	 	11980.000000
-2.495680	 	11986.666667
-2.690802	 	11993.333333
-2.081046	 	12000.000000
-1.788363	 	12006.666667
-3.105437	 	12013.333333
-2.715193	 	12020.000000
-3.910315	 	12026.666667
-3.715193	 	12033.333333
-2.959095	 	12040.000000
-2.398119	 	12046.666667
-3.666412	 	12053.333333
-4.324949	 	12060.000000
-3.617632	 	12066.666667
-3.202998	 	12073.333333
-4.081046	 	12080.000000
-3.568851	 	12086.666667
-4.007876	 	12093.333333
-4.081046	 	12100.000000
-4.300559	 	12106.666667
-4.471290	 	12113.333333
-3.983485	 	12120.000000
-4.471290	 	12126.666667
-4.715193	 	12133.333333
-4.715193	 	12140.000000
-4.300559	 	12146.666667
-5.422510	 	12153.333333
-5.568851	 	12160.000000
-6.105437	 	12166.666667
-5.520071	 	12173.333333
-5.885924	 	12180.000000
-6.251778	 	12186.666667
-5.617632	 	12193.333333
-4.983485	 	12200.000000
-5.690802	 	12206.666667
-5.837144	 	12213.333333
-5.495680	 	12220.000000
-4.959095	 	12226.666667
-4.934705	 	12233.333333
-4.812754	 	12240.000000
-5.837144	 	12246.666667
-4.373729	 	12253.333333
-6.032266	 	12260.000000
-5.544461	 	12266.666667
-5.471290	 	12273.333333
-4.642022	 	12280.000000
-5.617632	 	12286.666667
-5.105437	 	12293.333333
-5.666412	 	12300.000000
-4.422510	 	12306.666667
-4.861534	 	12313.333333
-4.788363	 	12320.000000
-5.422510	 	12326.666667
-4.934705	 	12333.333333
-5.300559	 	12340.000000
-4.739583	 	12346.666667
-5.007876	 	12353.333333
-4.349339	 	12360.000000
-4.812754	 	12366.666667
-5.983485	 	12373.333333
-6.129827	 	12380.000000
-5.032266	 	12386.666667
-6.276168	 	12393.333333
-5.056656	 	12400.000000
-4.861534	 	12406.666667
-5.666412	 	12413.333333
-6.544461	 	12420.000000
-6.056656	 	12426.666667
-6.105437	 	12433.333333
-5.471290	 	12440.000000
-6.471290	 	12446.666667
-5.666412	 	12453.333333
-5.593241	 	12460.000000
-6.715193	 	12466.666667
-6.471290	 	12473.333333
-6.349339	 	12480.000000
-6.105437	 	12486.666667
-5.617632	 	12493.333333
-6.446900	 	12500.000000
-7.300559	 	12506.666667
-6.032266	 	12513.333333
-6.568851	 	12520.000000
-6.398119	 	12526.666667
-6.812754	 	12533.333333
-6.885924	 	12540.000000
-7.715193	 	12546.666667
-6.007876	 	12553.333333
-7.105437	 	12560.000000
-5.885924	 	12566.666667
-7.227388	 	12573.333333
-5.568851	 	12580.000000
-7.251778	 	12586.666667
-7.495680	 	12593.333333
-7.007876	 	12600.000000
-7.178607	 	12606.666667
-6.373729	 	12613.333333
-7.373729	 	12620.000000
-7.129827	 	12626.666667
-7.373729	 	12633.333333
-8.154217	 	12640.000000
-6.202998	 	12646.666667
-7.178607	 	12653.333333
-7.861534	 	12660.000000
-7.544461	 	12666.666667
-7.910315	 	12673.333333
-7.861534	 	12680.000000
-7.715193	 	12686.666667
-8.422510	 	12693.333333
-7.324949	 	12700.000000
-8.593241	 	12706.666667
-9.007876	 	12713.333333
-8.520071	 	12720.000000
-8.812754	 	12726.666667
-8.349339	 	12733.333333
-9.105437	 	12740.000000
-8.105437	 	12746.666667
-8.763973	 	12753.333333
-8.739583	 	12760.000000
-7.349339	 	12766.666667
-8.739583	 	12773.333333
-8.227388	 	12780.000000
-8.276168	 	12786.666667
-8.471290	 	12793.333333
-8.178607	 	12800.000000
-9.422510	 	12806.666667
-9.202998	 	12813.333333
-8.056656	 	12820.000000
-9.081046	 	12826.666667
-8.715193	 	12833.333333
-9.617632	 	12840.000000
-8.934705	 	12846.666667
-8.959095	 	12853.333333
-9.251778	 	12860.000000
-9.178607	 	12866.666667
-9.081046	 	12873.333333
-9.105437	 	12880.000000
-9.398119	 	12886.666667
-9.202998	 	12893.333333
-8.251778	 	12900.000000
-9.251778	 	12906.666667
-8.861534	 	12913.333333
-10.446900	 	12920.000000
-9.227388	 	12926.666667
-9.032266	 	12933.333333
-8.983485	 	12940.000000
-8.422510	 	12946.666667
-10.300559	 	12953.333333
-8.642022	 	12960.000000
-8.227388	 	12966.666667
-8.861534	 	12973.333333
-8.202998	 	12980.000000
-8.568851	 	12986.666667
-8.032266	 	12993.333333
-7.276168	 	13000.000000
-8.007876	 	13006.666667
-8.324949	 	13013.333333
-8.227388	 	13020.000000
-8.910315	 	13026.666667
-8.227388	 	13033.333333
-8.129827	 	13040.000000
-8.398119	 	13046.666667
-9.251778	 	13053.333333
-8.276168	 	13060.000000
-7.788363	 	13066.666667
-6.642022	 	13073.333333
-7.715193	 	13080.000000
-6.520071	 	13086.666667
-7.983485	 	13093.333333
-6.788363	 	13100.000000
-7.032266	 	13106.666667
-6.642022	 	13113.333333
-6.763973	 	13120.000000
-6.251778	 	13126.666667
-6.300559	 	13133.333333
-5.739583	 	13140.000000
-6.910315	 	13146.666667
-6.642022	 	13153.333333
-6.105437	 	13160.000000
-6.739583	 	13166.666667
-7.081046	 	13173.333333
-7.788363	 	13180.000000
-7.544461	 	13186.666667
-7.056656	 	13193.333333
-6.739583	 	13200.000000
-7.715193	 	13206.666667
-6.885924	 	13213.333333
-7.032266	 	13220.000000
-8.081046	 	13226.666667
-7.934705	 	13233.333333
-6.666412	 	13240.000000
-8.276168	 	13246.666667
-8.495680	 	13253.333333
-7.788363	 	13260.000000
-7.788363	 	13266.666667
-8.520071	 	13273.333333
-8.373729	 	13280.000000
-8.178607	 	13286.666667
-7.251778	 	13293.333333
-8.324949	 	13300.000000
-9.105437	 	13306.666667
-9.154217	 	13313.333333
-9.617632	 	13320.000000
-8.495680	 	13326.666667
