#peak 	 	#time 
-999.999252	 	0.000000
-999.998806	 	6.666667
-999.999170	 	13.333333
-999.998782	 	20.000000
-999.998931	 	26.666667
-999.999737	 	33.333333
-999.999201	 	40.000000
-999.999626	 	46.666667
-999.999870	 	53.333333
-1000.000000	 	60.000000
-1000.000000	 	66.666667
-1000.000000	 	73.333333
-1000.000000	 	80.000000
36966.131499	 	86.666667
-999.998733	 	93.333333
-999.998737	 	100.000000
-999.998747	 	106.666667
-999.998734	 	113.333333
-999.998741	 	120.000000
-999.998747	 	126.666667
-999.998732	 	133.333333
-999.998731	 	140.000000
-999.998735	 	146.666667
-999.998730	 	153.333333
-999.998732	 	160.000000
-999.998730	 	166.666667
-999.998730	 	173.333333
-999.998730	 	180.000000
1665.518392	 	186.666667
3955.954704	 	193.333333
-683.335484	 	200.000000
-961.663332	 	206.666667
-889.532812	 	213.333333
-835.763319	 	220.000000
-136.000883	 	226.666667
601.093004	 	233.333333
793.370540	 	240.000000
-358.986264	 	246.666667
-332.710648	 	253.333333
-608.975902	 	260.000000
1.048064	 	266.666667
216.829765	 	273.333333
60.920268	 	280.000000
-229.798518	 	286.666667
-28.185186	 	293.333333
-72.544231	 	300.000000
-29.812498	 	306.666667
-374.169248	 	313.333333
-128.162922	 	320.000000
314.941433	 	326.666667
11.372352	 	333.333333
65.226798	 	340.000000
238.482180	 	346.666667
-433.145082	 	353.333333
-457.166973	 	360.000000
-75.654067	 	366.666667
154.524871	 	373.333333
399.378072	 	380.000000
155.788162	 	386.666667
-435.490643	 	393.333333
-158.024988	 	400.000000
137.108289	 	406.666667
-63.541717	 	413.333333
24.054402	 	420.000000
188.901656	 	426.666667
-179.735354	 	433.333333
-68.468512	 	440.000000
261.449474	 	446.666667
151.838451	 	453.333333
-31.458268	 	460.000000
-346.321628	 	466.666667
-157.380734	 	473.333333
337.326767	 	480.000000
152.403534	 	486.666667
-200.436725	 	493.333333
118.677212	 	500.000000
-71.184631	 	506.666667
-16.051839	 	513.333333
168.319361	 	520.000000
-160.534323	 	526.666667
32.359232	 	533.333333
218.484521	 	540.000000
-154.886289	 	546.666667
13.576481	 	553.333333
162.476140	 	560.000000
-287.973744	 	566.666667
14.487447	 	573.333333
226.603711	 	580.000000
233.381498	 	586.666667
-67.077763	 	593.333333
-145.029485	 	600.000000
-345.334013	 	606.666667
133.622040	 	613.333333
226.568817	 	620.000000
240.714668	 	626.666667
-134.709859	 	633.333333
-89.026147	 	640.000000
-242.165239	 	646.666667
143.900593	 	653.333333
155.225245	 	660.000000
30.210999	 	666.666667
-48.410751	 	673.333333
71.104500	 	680.000000
-193.370979	 	686.666667
-27.675897	 	693.333333
144.645917	 	700.000000
3.569191	 	706.666667
-87.684686	 	713.333333
49.242944	 	720.000000
129.639039	 	726.666667
52.510647	 	733.333333
-116.515201	 	740.000000
-116.887957	 	746.666667
-79.264409	 	753.333333
101.768843	 	760.000000
171.488977	 	766.666667
36.924285	 	773.333333
-74.739086	 	780.000000
-63.375794	 	786.666667
-25.128250	 	793.333333
13.698688	 	800.000000
105.538718	 	806.666667
26.364805	 	813.333333
2.397523	 	820.000000
-57.069341	 	826.666667
-34.327579	 	833.333333
-21.248683	 	840.000000
32.395558	 	846.666667
-4.036578	 	853.333333
41.905903	 	860.000000
9.648676	 	866.666667
68.722447	 	873.333333
-17.972316	 	880.000000
-89.793237	 	886.666667
-54.707654	 	893.333333
48.640621	 	900.000000
51.758200	 	906.666667
29.164118	 	913.333333
12.002079	 	920.000000
23.479937	 	926.666667
-16.689826	 	933.333333
-1.075976	 	940.000000
28.452696	 	946.666667
-43.674589	 	953.333333
11.813343	 	960.000000
-19.370849	 	966.666667
-12.182122	 	973.333333
-18.513459	 	980.000000
86.659729	 	986.666667
48.760731	 	993.333333
37.824123	 	1000.000000
-111.217014	 	1006.666667
-27.422197	 	1013.333333
-26.108671	 	1020.000000
91.252916	 	1026.666667
0.069052	 	1033.333333
74.767910	 	1040.000000
-5.557596	 	1046.666667
-9.844113	 	1053.333333
-126.919673	 	1060.000000
31.912159	 	1066.666667
37.163757	 	1073.333333
87.659247	 	1080.000000
-49.991154	 	1086.666667
52.555882	 	1093.333333
-23.910775	 	1100.000000
-13.397355	 	1106.666667
-50.506005	 	1113.333333
76.623567	 	1120.000000
7.806735	 	1126.666667
12.512672	 	1133.333333
-10.522872	 	1140.000000
41.588972	 	1146.666667
-36.700295	 	1153.333333
12.285386	 	1160.000000
-35.143244	 	1166.666667
16.017728	 	1173.333333
52.835863	 	1180.000000
48.385201	 	1186.666667
-26.486165	 	1193.333333
-34.565492	 	1200.000000
-70.528794	 	1206.666667
20.318739	 	1213.333333
88.853366	 	1220.000000
94.941020	 	1226.666667
-58.474447	 	1233.333333
-25.513764	 	1240.000000
-43.604924	 	1246.666667
26.892878	 	1253.333333
15.561143	 	1260.000000
51.142643	 	1266.666667
-17.774328	 	1273.333333
38.279345	 	1280.000000
-43.506495	 	1286.666667
-7.178598	 	1293.333333
31.264501	 	1300.000000
22.775293	 	1306.666667
-19.891268	 	1313.333333
36.350825	 	1320.000000
-31.833142	 	1326.666667
-6.508009	 	1333.333333
5.012296	 	1340.000000
31.180392	 	1346.666667
10.303623	 	1353.333333
47.564942	 	1360.000000
-23.182981	 	1366.666667
-33.215901	 	1373.333333
-19.905487	 	1380.000000
21.113310	 	1386.666667
10.363658	 	1393.333333
44.454798	 	1400.000000
12.996770	 	1406.666667
-0.767122	 	1413.333333
-15.206617	 	1420.000000
-26.454188	 	1426.666667
-10.740977	 	1433.333333
62.806821	 	1440.000000
14.089319	 	1446.666667
4.705797	 	1453.333333
-9.895741	 	1460.000000
-12.646339	 	1466.666667
-5.774819	 	1473.333333
25.994242	 	1480.000000
25.132275	 	1486.666667
47.023528	 	1493.333333
-12.248437	 	1500.000000
-55.065944	 	1506.666667
20.599922	 	1513.333333
47.249065	 	1520.000000
-14.149792	 	1526.666667
-10.110964	 	1533.333333
2.904122	 	1540.000000
15.531185	 	1546.666667
-4.439976	 	1553.333333
24.387708	 	1560.000000
8.365312	 	1566.666667
14.679311	 	1573.333333
-37.551751	 	1580.000000
9.895194	 	1586.666667
49.859929	 	1593.333333
33.842264	 	1600.000000
-44.808936	 	1606.666667
-48.450167	 	1613.333333
40.592068	 	1620.000000
82.597919	 	1626.666667
17.294580	 	1633.333333
-52.417477	 	1640.000000
-18.903025	 	1646.666667
-22.547332	 	1653.333333
-5.982399	 	1660.000000
73.985924	 	1666.666667
79.112001	 	1673.333333
-27.483530	 	1680.000000
-81.582975	 	1686.666667
-63.445708	 	1693.333333
17.647715	 	1700.000000
99.264614	 	1706.666667
129.481449	 	1713.333333
24.211704	 	1720.000000
-155.624379	 	1726.666667
-167.527761	 	1733.333333
50.861859	 	1740.000000
196.613190	 	1746.666667
85.492620	 	1753.333333
-7.384896	 	1760.000000
-98.311375	 	1766.666667
-98.238673	 	1773.333333
18.104327	 	1780.000000
114.882027	 	1786.666667
-18.692687	 	1793.333333
-54.065579	 	1800.000000
41.454306	 	1806.666667
151.104568	 	1813.333333
-13.166245	 	1820.000000
-159.000716	 	1826.666667
-168.317660	 	1833.333333
139.596272	 	1840.000000
208.709512	 	1846.666667
34.938042	 	1853.333333
-63.715529	 	1860.000000
-24.750788	 	1866.666667
-182.553754	 	1873.333333
-93.177714	 	1880.000000
193.303684	 	1886.666667
302.114865	 	1893.333333
-46.803305	 	1900.000000
-123.922449	 	1906.666667
-134.452339	 	1913.333333
-94.056410	 	1920.000000
-54.535787	 	1926.666667
226.741519	 	1933.333333
280.216870	 	1940.000000
-4.848948	 	1946.666667
-281.692085	 	1953.333333
-151.418732	 	1960.000000
71.264229	 	1966.666667
144.545038	 	1973.333333
48.316181	 	1980.000000
25.512108	 	1986.666667
-15.993117	 	1993.333333
-55.262852	 	2000.000000
-39.024537	 	2006.666667
87.864619	 	2013.333333
-20.344655	 	2020.000000
-62.243770	 	2026.666667
34.294573	 	2033.333333
144.520671	 	2040.000000
-80.209375	 	2046.666667
-164.369589	 	2053.333333
164.827029	 	2060.000000
90.510700	 	2066.666667
-50.601960	 	2073.333333
-95.039208	 	2080.000000
9.949715	 	2086.666667
32.679100	 	2093.333333
92.582340	 	2100.000000
63.888367	 	2106.666667
-117.387518	 	2113.333333
-119.380676	 	2120.000000
76.726796	 	2126.666667
166.250949	 	2133.333333
-46.611146	 	2140.000000
-85.321870	 	2146.666667
45.274110	 	2153.333333
-21.311459	 	2160.000000
0.229171	 	2166.666667
144.065513	 	2173.333333
36.554409	 	2180.000000
-187.830748	 	2186.666667
-156.955452	 	2193.333333
146.857362	 	2200.000000
240.701032	 	2206.666667
45.618159	 	2213.333333
-218.914312	 	2220.000000
-122.392130	 	2226.666667
180.351643	 	2233.333333
172.240195	 	2240.000000
-300.629994	 	2246.666667
-267.033418	 	2253.333333
443.189818	 	2260.000000
219.512951	 	2266.666667
-166.420969	 	2273.333333
135.864195	 	2280.000000
-165.937382	 	2286.666667
-508.545884	 	2293.333333
-178.120403	 	2300.000000
965.760369	 	2306.666667
378.806142	 	2313.333333
-311.576419	 	2320.000000
-523.007162	 	2326.666667
-497.843492	 	2333.333333
-41.479815	 	2340.000000
1065.216043	 	2346.666667
375.692152	 	2353.333333
-238.627639	 	2360.000000
-685.290476	 	2366.666667
-620.871495	 	2373.333333
446.541378	 	2380.000000
882.865732	 	2386.666667
-218.696857	 	2393.333333
13.484854	 	2400.000000
-213.173039	 	2406.666667
-495.015864	 	2413.333333
79.529241	 	2420.000000
662.457239	 	2426.666667
-111.014374	 	2433.333333
-99.557076	 	2440.000000
-105.934560	 	2446.666667
56.929045	 	2453.333333
125.624756	 	2460.000000
-259.138973	 	2466.666667
-248.525889	 	2473.333333
498.414322	 	2480.000000
386.898774	 	2486.666667
-346.683183	 	2493.333333
-356.255787	 	2500.000000
-141.103108	 	2506.666667
339.728349	 	2513.333333
279.021119	 	2520.000000
-20.529645	 	2526.666667
-34.369288	 	2533.333333
-406.057644	 	2540.000000
-337.698136	 	2546.666667
790.636742	 	2553.333333
595.938087	 	2560.000000
-594.794756	 	2566.666667
-596.664474	 	2573.333333
-181.546939	 	2580.000000
270.631232	 	2586.666667
816.433247	 	2593.333333
264.676059	 	2600.000000
-491.416134	 	2606.666667
-442.109251	 	2613.333333
-335.830602	 	2620.000000
-85.923605	 	2626.666667
858.474321	 	2633.333333
491.097312	 	2640.000000
-424.020051	 	2646.666667
-479.625364	 	2653.333333
3.553952	 	2660.000000
287.520662	 	2666.666667
-17.493345	 	2673.333333
-144.459291	 	2680.000000
-4.319543	 	2686.666667
113.008065	 	2693.333333
130.194358	 	2700.000000
204.363802	 	2706.666667
-218.442759	 	2713.333333
-304.637953	 	2720.000000
-4.643199	 	2726.666667
126.263294	 	2733.333333
17.533116	 	2740.000000
293.136552	 	2746.666667
113.719921	 	2753.333333
-2.565392	 	2760.000000
-96.771688	 	2766.666667
-423.078137	 	2773.333333
-600.483218	 	2780.000000
-144.824948	 	2786.666667
1152.681174	 	2793.333333
1688.399796	 	2800.000000
-683.200758	 	2806.666667
-989.146433	 	2813.333333
-995.346195	 	2820.000000
-977.548235	 	2826.666667
-935.567723	 	2833.333333
-675.036138	 	2840.000000
1922.987804	 	2846.666667
49386.692430	 	2853.333333
72712.346186	 	2860.000000
-991.094069	 	2866.666667
-999.998730	 	2873.333333
-999.998730	 	2880.000000
-999.998730	 	2886.666667
-999.998730	 	2893.333333
-999.996490	 	2900.000000
-592.837762	 	2906.666667
10331.512731	 	2913.333333
5632.691734	 	2920.000000
1579.048787	 	2926.666667
1040.330744	 	2933.333333
1364.772804	 	2940.000000
3144.848421	 	2946.666667
2830.561959	 	2953.333333
3536.962672	 	2960.000000
2976.308639	 	2966.666667
2632.982594	 	2973.333333
2825.848360	 	2980.000000
3409.580474	 	2986.666667
1841.421002	 	2993.333333
1924.601988	 	3000.000000
1934.286284	 	3006.666667
2232.216769	 	3013.333333
2685.365643	 	3020.000000
3383.255096	 	3026.666667
2653.449252	 	3033.333333
2921.220796	 	3040.000000
1948.435938	 	3046.666667
1642.729180	 	3053.333333
1990.614284	 	3060.000000
3159.565234	 	3066.666667
2845.844931	 	3073.333333
2208.080546	 	3080.000000
1604.394985	 	3086.666667
2461.964647	 	3093.333333
2902.529057	 	3100.000000
2781.366099	 	3106.666667
2829.624865	 	3113.333333
2369.438906	 	3120.000000
1370.393267	 	3126.666667
1585.469595	 	3133.333333
2251.052756	 	3140.000000
3020.480477	 	3146.666667
3426.241297	 	3153.333333
2272.685208	 	3160.000000
1455.041914	 	3166.666667
2399.387174	 	3173.333333
2354.337781	 	3180.000000
1949.751820	 	3186.666667
2334.286186	 	3193.333333
2480.363020	 	3200.000000
2050.200211	 	3206.666667
2666.431824	 	3213.333333
3043.156932	 	3220.000000
2358.228034	 	3226.666667
1664.261209	 	3233.333333
1326.575290	 	3240.000000
2223.616642	 	3246.666667
2823.188382	 	3253.333333
2298.112293	 	3260.000000
1928.038108	 	3266.666667
2179.493578	 	3273.333333
1925.830525	 	3280.000000
2287.848114	 	3286.666667
2088.596040	 	3293.333333
1745.783117	 	3300.000000
2258.260093	 	3306.666667
2192.849661	 	3313.333333
1568.465104	 	3320.000000
2113.989884	 	3326.666667
2032.916883	 	3333.333333
1546.038656	 	3340.000000
2063.849090	 	3346.666667
2434.543857	 	3353.333333
2189.632035	 	3360.000000
1827.243497	 	3366.666667
1185.127207	 	3373.333333
1177.886966	 	3380.000000
2152.434357	 	3386.666667
2512.843818	 	3393.333333
2225.918678	 	3400.000000
1576.862982	 	3406.666667
1187.945125	 	3413.333333
1315.584173	 	3420.000000
2230.879263	 	3426.666667
1903.686648	 	3433.333333
1851.263520	 	3440.000000
1539.390891	 	3446.666667
1334.611691	 	3453.333333
1109.989343	 	3460.000000
1883.562535	 	3466.666667
1826.453188	 	3473.333333
1742.857090	 	3480.000000
1284.377337	 	3486.666667
1740.182731	 	3493.333333
1696.639796	 	3500.000000
1676.954183	 	3506.666667
1074.729147	 	3513.333333
1427.376783	 	3520.000000
1378.549057	 	3526.666667
1721.944611	 	3533.333333
1363.901216	 	3540.000000
1520.603981	 	3546.666667
1503.812457	 	3553.333333
1592.076398	 	3560.000000
1214.257974	 	3566.666667
1238.208313	 	3573.333333
1260.328928	 	3580.000000
1457.203763	 	3586.666667
1398.358897	 	3593.333333
1623.441533	 	3600.000000
1141.422044	 	3606.666667
1241.090388	 	3613.333333
991.533034	 	3620.000000
1184.867128	 	3626.666667
1340.399024	 	3633.333333
1639.732106	 	3640.000000
1241.941215	 	3646.666667
1146.999389	 	3653.333333
997.128918	 	3660.000000
1078.442162	 	3666.666667
1321.321813	 	3673.333333
1102.560681	 	3680.000000
1146.883637	 	3686.666667
1247.805242	 	3693.333333
1257.969915	 	3700.000000
1254.184992	 	3706.666667
1068.688212	 	3713.333333
779.730322	 	3720.000000
844.304403	 	3726.666667
1310.545125	 	3733.333333
1160.795389	 	3740.000000
1049.147368	 	3746.666667
950.329009	 	3753.333333
1167.017621	 	3760.000000
1188.957313	 	3766.666667
1049.303367	 	3773.333333
769.021678	 	3780.000000
788.490181	 	3786.666667
947.139728	 	3793.333333
1137.783634	 	3800.000000
1171.469878	 	3806.666667
1063.933652	 	3813.333333
818.258895	 	3820.000000
742.713544	 	3826.666667
839.535580	 	3833.333333
1091.146040	 	3840.000000
1165.347718	 	3846.666667
965.132766	 	3853.333333
860.708200	 	3860.000000
836.953605	 	3866.666667
634.318795	 	3873.333333
799.846882	 	3880.000000
1012.719308	 	3886.666667
1020.765403	 	3893.333333
794.050597	 	3900.000000
638.382476	 	3906.666667
627.837336	 	3913.333333
913.534926	 	3920.000000
897.699634	 	3926.666667
869.991490	 	3933.333333
782.848286	 	3940.000000
725.522003	 	3946.666667
745.554401	 	3953.333333
708.888409	 	3960.000000
680.153381	 	3966.666667
745.159103	 	3973.333333
712.953064	 	3980.000000
777.915183	 	3986.666667
810.770366	 	3993.333333
659.201732	 	4000.000000
590.468055	 	4006.666667
675.539694	 	4013.333333
714.065535	 	4020.000000
827.801495	 	4026.666667
728.704177	 	4033.333333
578.819643	 	4040.000000
542.639818	 	4046.666667
626.950739	 	4053.333333
649.366974	 	4060.000000
759.562141	 	4066.666667
736.894428	 	4073.333333
616.497455	 	4080.000000
516.151649	 	4086.666667
500.526256	 	4093.333333
554.294202	 	4100.000000
709.165872	 	4106.666667
672.620405	 	4113.333333
583.945838	 	4120.000000
518.547249	 	4126.666667
475.763097	 	4133.333333
549.021312	 	4140.000000
633.646667	 	4146.666667
566.138594	 	4153.333333
594.047327	 	4160.000000
584.856021	 	4166.666667
478.896829	 	4173.333333
505.014603	 	4180.000000
528.245664	 	4186.666667
490.379673	 	4193.333333
526.045465	 	4200.000000
561.646598	 	4206.666667
569.164546	 	4213.333333
469.055056	 	4220.000000
430.625751	 	4226.666667
502.830723	 	4233.333333
517.839497	 	4240.000000
438.011854	 	4246.666667
475.451069	 	4253.333333
491.435502	 	4260.000000
462.466505	 	4266.666667
492.636541	 	4273.333333
459.968149	 	4280.000000
421.427607	 	4286.666667
406.354378	 	4293.333333
445.879188	 	4300.000000
428.740722	 	4306.666667
469.929739	 	4313.333333
428.321109	 	4320.000000
429.481954	 	4326.666667
385.030953	 	4333.333333
413.808500	 	4340.000000
372.408775	 	4346.666667
423.089414	 	4353.333333
371.555765	 	4360.000000
413.284547	 	4366.666667
357.326160	 	4373.333333
385.288277	 	4380.000000
384.143026	 	4386.666667
433.589363	 	4393.333333
324.657863	 	4400.000000
352.573528	 	4406.666667
329.338824	 	4413.333333
355.657932	 	4420.000000
362.835387	 	4426.666667
372.010828	 	4433.333333
304.404570	 	4440.000000
378.821302	 	4446.666667
356.439277	 	4453.333333
335.987323	 	4460.000000
293.545823	 	4466.666667
287.657954	 	4473.333333
247.180214	 	4480.000000
346.212578	 	4486.666667
341.521198	 	4493.333333
375.095249	 	4500.000000
294.545058	 	4506.666667
317.429076	 	4513.333333
249.048330	 	4520.000000
294.872001	 	4526.666667
246.723384	 	4533.333333
353.596644	 	4540.000000
307.257639	 	4546.666667
331.511251	 	4553.333333
244.529589	 	4560.000000
254.042141	 	4566.666667
245.879937	 	4573.333333
316.678670	 	4580.000000
263.398642	 	4586.666667
276.541527	 	4593.333333
240.270933	 	4600.000000
251.988755	 	4606.666667
253.760745	 	4613.333333
242.424697	 	4620.000000
203.353666	 	4626.666667
275.579993	 	4633.333333
281.548118	 	4640.000000
280.989237	 	4646.666667
234.192087	 	4653.333333
187.092155	 	4660.000000
155.983859	 	4666.666667
277.356880	 	4673.333333
286.789541	 	4680.000000
264.343414	 	4686.666667
226.960631	 	4693.333333
226.902067	 	4700.000000
155.344804	 	4706.666667
202.213372	 	4713.333333
231.051921	 	4720.000000
267.747830	 	4726.666667
194.950771	 	4733.333333
178.102409	 	4740.000000
174.469689	 	4746.666667
217.141146	 	4753.333333
180.030972	 	4760.000000
202.672907	 	4766.666667
209.056198	 	4773.333333
225.641306	 	4780.000000
183.537387	 	4786.666667
180.640478	 	4793.333333
176.110361	 	4800.000000
199.629538	 	4806.666667
136.760954	 	4813.333333
149.810086	 	4820.000000
166.873245	 	4826.666667
244.708977	 	4833.333333
166.337327	 	4840.000000
188.805240	 	4846.666667
157.530112	 	4853.333333
137.327532	 	4860.000000
141.835006	 	4866.666667
194.934221	 	4873.333333
159.320575	 	4880.000000
220.186181	 	4886.666667
173.838274	 	4893.333333
115.124426	 	4900.000000
95.067014	 	4906.666667
129.570887	 	4913.333333
146.035188	 	4920.000000
220.061326	 	4926.666667
197.929673	 	4933.333333
160.510650	 	4940.000000
106.288995	 	4946.666667
110.176393	 	4953.333333
114.043428	 	4960.000000
196.095334	 	4966.666667
190.143492	 	4973.333333
167.457130	 	4980.000000
115.020542	 	4986.666667
107.338653	 	4993.333333
76.926839	 	5000.000000
167.819911	 	5006.666667
153.230063	 	5013.333333
161.847847	 	5020.000000
117.302949	 	5026.666667
144.546869	 	5033.333333
90.600520	 	5040.000000
114.613699	 	5046.666667
89.668142	 	5053.333333
118.746526	 	5060.000000
107.228243	 	5066.666667
189.094234	 	5073.333333
111.903676	 	5080.000000
93.582423	 	5086.666667
98.645436	 	5093.333333
120.531698	 	5100.000000
90.392150	 	5106.666667
127.339524	 	5113.333333
137.075869	 	5120.000000
114.695969	 	5126.666667
67.172261	 	5133.333333
83.347998	 	5140.000000
111.193068	 	5146.666667
93.377380	 	5153.333333
104.428469	 	5160.000000
126.229153	 	5166.666667
83.185158	 	5173.333333
93.396857	 	5180.000000
80.279352	 	5186.666667
84.562631	 	5193.333333
103.134437	 	5200.000000
120.843505	 	5206.666667
101.588049	 	5213.333333
89.289866	 	5220.000000
71.565983	 	5226.666667
70.055698	 	5233.333333
100.412046	 	5240.000000
100.685149	 	5246.666667
103.922178	 	5253.333333
80.107557	 	5260.000000
36.419533	 	5266.666667
81.874096	 	5273.333333
142.009222	 	5280.000000
77.745174	 	5286.666667
63.943107	 	5293.333333
74.168998	 	5300.000000
30.325282	 	5306.666667
85.725098	 	5313.333333
100.996066	 	5320.000000
82.652281	 	5326.666667
48.319180	 	5333.333333
95.410181	 	5340.000000
99.546594	 	5346.666667
80.524038	 	5353.333333
23.654321	 	5360.000000
62.894967	 	5366.666667
85.946698	 	5373.333333
99.753597	 	5380.000000
75.348631	 	5386.666667
71.802748	 	5393.333333
39.038851	 	5400.000000
35.842600	 	5406.666667
47.053118	 	5413.333333
96.053203	 	5420.000000
78.327635	 	5426.666667
60.165188	 	5433.333333
52.996016	 	5440.000000
63.016409	 	5446.666667
64.390025	 	5453.333333
32.942565	 	5460.000000
40.702038	 	5466.666667
101.132539	 	5473.333333
125.278563	 	5480.000000
69.720624	 	5486.666667
2.677979	 	5493.333333
18.662317	 	5500.000000
20.390275	 	5506.666667
86.509702	 	5513.333333
92.427231	 	5520.000000
48.527673	 	5526.666667
20.652970	 	5533.333333
76.026518	 	5540.000000
79.817711	 	5546.666667
60.627004	 	5553.333333
26.392558	 	5560.000000
0.474144	 	5566.666667
54.304624	 	5573.333333
85.808009	 	5580.000000
75.034140	 	5586.666667
46.821596	 	5593.333333
13.274462	 	5600.000000
31.981541	 	5606.666667
24.301719	 	5613.333333
45.735244	 	5620.000000
46.009274	 	5626.666667
89.634625	 	5633.333333
20.461011	 	5640.000000
37.480539	 	5646.666667
15.699980	 	5653.333333
56.718565	 	5660.000000
26.486627	 	5666.666667
68.369225	 	5673.333333
35.621018	 	5680.000000
95.638120	 	5686.666667
24.606706	 	5693.333333
23.219303	 	5700.000000
-23.813203	 	5706.666667
41.424305	 	5713.333333
66.134522	 	5720.000000
97.951011	 	5726.666667
28.552534	 	5733.333333
36.982257	 	5740.000000
26.890118	 	5746.666667
53.018435	 	5753.333333
21.685044	 	5760.000000
41.264009	 	5766.666667
16.496214	 	5773.333333
44.483712	 	5780.000000
66.528629	 	5786.666667
20.799371	 	5793.333333
40.919276	 	5800.000000
40.107516	 	5806.666667
49.528058	 	5813.333333
24.399856	 	5820.000000
6.721508	 	5826.666667
-1.689118	 	5833.333333
90.404526	 	5840.000000
63.436903	 	5846.666667
29.999697	 	5853.333333
2.486774	 	5860.000000
-18.392740	 	5866.666667
25.734006	 	5873.333333
62.822825	 	5880.000000
28.615511	 	5886.666667
40.488866	 	5893.333333
49.661592	 	5900.000000
24.232683	 	5906.666667
0.229539	 	5913.333333
7.803970	 	5920.000000
34.091291	 	5926.666667
25.206818	 	5933.333333
32.605717	 	5940.000000
49.725569	 	5946.666667
13.423477	 	5953.333333
23.627850	 	5960.000000
26.995769	 	5966.666667
-19.092489	 	5973.333333
20.643129	 	5980.000000
49.768470	 	5986.666667
39.841895	 	5993.333333
30.721093	 	6000.000000
13.980045	 	6006.666667
27.046199	 	6013.333333
23.859430	 	6020.000000
31.134254	 	6026.666667
37.103726	 	6033.333333
10.746751	 	6040.000000
13.999290	 	6046.666667
-2.873373	 	6053.333333
26.992544	 	6060.000000
33.123500	 	6066.666667
39.858665	 	6073.333333
9.481331	 	6080.000000
37.211397	 	6086.666667
11.007112	 	6093.333333
-1.949983	 	6100.000000
21.578735	 	6106.666667
41.953955	 	6113.333333
34.441331	 	6120.000000
35.169749	 	6126.666667
1.740011	 	6133.333333
-3.674717	 	6140.000000
18.385570	 	6146.666667
24.390052	 	6153.333333
39.634838	 	6160.000000
40.852992	 	6166.666667
12.415815	 	6173.333333
-14.638569	 	6180.000000
-9.622540	 	6186.666667
75.592530	 	6193.333333
31.522691	 	6200.000000
7.671182	 	6206.666667
-17.147203	 	6213.333333
20.250779	 	6220.000000
13.078510	 	6226.666667
56.579759	 	6233.333333
-6.155773	 	6240.000000
17.675082	 	6246.666667
-6.817418	 	6253.333333
22.047404	 	6260.000000
-17.599809	 	6266.666667
43.396054	 	6273.333333
17.639693	 	6280.000000
36.056468	 	6286.666667
-1.955103	 	6293.333333
37.421943	 	6300.000000
-10.564968	 	6306.666667
25.452410	 	6313.333333
2.577581	 	6320.000000
39.097795	 	6326.666667
14.640342	 	6333.333333
21.924591	 	6340.000000
2.749215	 	6346.666667
32.018442	 	6353.333333
6.598529	 	6360.000000
25.572218	 	6366.666667
-0.510420	 	6373.333333
-0.012445	 	6380.000000
18.206486	 	6386.666667
63.864379	 	6393.333333
-29.221612	 	6400.000000
-20.764256	 	6406.666667
10.279015	 	6413.333333
83.380185	 	6420.000000
32.102529	 	6426.666667
-24.352228	 	6433.333333
-29.158874	 	6440.000000
37.122972	 	6446.666667
41.514837	 	6453.333333
30.957639	 	6460.000000
32.864641	 	6466.666667
4.484520	 	6473.333333
-29.549182	 	6480.000000
-22.094763	 	6486.666667
40.657863	 	6493.333333
53.282268	 	6500.000000
18.255557	 	6506.666667
-18.748395	 	6513.333333
6.355909	 	6520.000000
27.274713	 	6526.666667
37.598660	 	6533.333333
4.294850	 	6540.000000
-18.889824	 	6546.666667
-17.963878	 	6553.333333
33.324190	 	6560.000000
49.300099	 	6566.666667
39.588694	 	6573.333333
15.225309	 	6580.000000
-24.378534	 	6586.666667
-24.170475	 	6593.333333
7.053396	 	6600.000000
27.313918	 	6606.666667
49.371635	 	6613.333333
22.153906	 	6620.000000
-31.449491	 	6626.666667
-12.607925	 	6633.333333
18.359423	 	6640.000000
28.509531	 	6646.666667
19.843038	 	6653.333333
27.319601	 	6660.000000
19.763319	 	6666.666667
9.826830	 	6673.333333
-14.408085	 	6680.000000
-33.065227	 	6686.666667
-8.369644	 	6693.333333
57.563774	 	6700.000000
58.744729	 	6706.666667
40.331385	 	6713.333333
-10.668494	 	6720.000000
-56.154625	 	6726.666667
-49.497703	 	6733.333333
18.948061	 	6740.000000
30.446467	 	6746.666667
83.884414	 	6753.333333
8.245371	 	6760.000000
-35.133770	 	6766.666667
-18.010552	 	6773.333333
10.311652	 	6780.000000
16.344728	 	6786.666667
30.147082	 	6793.333333
-9.697540	 	6800.000000
7.446867	 	6806.666667
16.393431	 	6813.333333
43.015726	 	6820.000000
-33.671277	 	6826.666667
-22.320323	 	6833.333333
-14.976183	 	6840.000000
39.305235	 	6846.666667
17.552227	 	6853.333333
33.078905	 	6860.000000
13.056512	 	6866.666667
8.066916	 	6873.333333
-29.901770	 	6880.000000
-8.110081	 	6886.666667
-0.307388	 	6893.333333
63.291680	 	6900.000000
21.309669	 	6906.666667
2.381356	 	6913.333333
-46.862671	 	6920.000000
2.477727	 	6926.666667
12.749390	 	6933.333333
54.176811	 	6940.000000
-8.106936	 	6946.666667
31.053485	 	6953.333333
1.212434	 	6960.000000
7.244785	 	6966.666667
-23.080696	 	6973.333333
59.881990	 	6980.000000
-6.219966	 	6986.666667
6.365283	 	6993.333333
-21.880619	 	7000.000000
19.779704	 	7006.666667
-27.531234	 	7013.333333
45.604892	 	7020.000000
-27.503767	 	7026.666667
10.282449	 	7033.333333
1.688280	 	7040.000000
38.534728	 	7046.666667
-39.211322	 	7053.333333
51.211652	 	7060.000000
16.138395	 	7066.666667
19.302852	 	7073.333333
-57.401584	 	7080.000000
-5.866668	 	7086.666667
34.013365	 	7093.333333
55.365413	 	7100.000000
-22.146150	 	7106.666667
-29.796043	 	7113.333333
-1.183848	 	7120.000000
14.162301	 	7126.666667
31.558765	 	7133.333333
23.646472	 	7140.000000
-18.149869	 	7146.666667
-19.796946	 	7153.333333
-13.648254	 	7160.000000
27.341378	 	7166.666667
34.253821	 	7173.333333
17.745609	 	7180.000000
-20.401960	 	7186.666667
4.097756	 	7193.333333
-7.700766	 	7200.000000
4.530680	 	7206.666667
-10.120349	 	7213.333333
31.997613	 	7220.000000
9.273187	 	7226.666667
-0.630992	 	7233.333333
-21.215593	 	7240.000000
0.780776	 	7246.666667
-21.794486	 	7253.333333
54.404394	 	7260.000000
9.681208	 	7266.666667
10.678643	 	7273.333333
-30.468515	 	7280.000000
-22.481878	 	7286.666667
9.383157	 	7293.333333
70.363182	 	7300.000000
-2.804783	 	7306.666667
-21.855643	 	7313.333333
-26.015965	 	7320.000000
12.726903	 	7326.666667
15.199676	 	7333.333333
43.066828	 	7340.000000
-7.174152	 	7346.666667
0.547020	 	7353.333333
-27.022428	 	7360.000000
-2.199537	 	7366.666667
13.334497	 	7373.333333
25.084401	 	7380.000000
-38.456697	 	7386.666667
26.295902	 	7393.333333
30.642568	 	7400.000000
9.023812	 	7406.666667
-18.747432	 	7413.333333
-5.660356	 	7420.000000
-10.237384	 	7426.666667
22.030067	 	7433.333333
4.421305	 	7440.000000
-12.880061	 	7446.666667
6.591209	 	7453.333333
-15.829367	 	7460.000000
11.334127	 	7466.666667
51.125725	 	7473.333333
-1.772808	 	7480.000000
-26.666392	 	7486.666667
-43.330993	 	7493.333333
-3.163510	 	7500.000000
11.937949	 	7506.666667
73.551588	 	7513.333333
-2.452675	 	7520.000000
-34.951963	 	7526.666667
-44.351520	 	7533.333333
-8.960888	 	7540.000000
-2.858834	 	7546.666667
55.098564	 	7553.333333
15.779802	 	7560.000000
24.440711	 	7566.666667
-9.353221	 	7573.333333
-4.203915	 	7580.000000
-47.015242	 	7586.666667
-12.331435	 	7593.333333
14.645040	 	7600.000000
72.953326	 	7606.666667
-6.740152	 	7613.333333
-21.652850	 	7620.000000
-50.047903	 	7626.666667
11.793929	 	7633.333333
26.702055	 	7640.000000
35.861814	 	7646.666667
-22.216505	 	7653.333333
-23.496616	 	7660.000000
0.627101	 	7666.666667
29.775607	 	7673.333333
39.222205	 	7680.000000
-23.426321	 	7686.666667
-23.837323	 	7693.333333
15.745575	 	7700.000000
20.426123	 	7706.666667
-43.349873	 	7713.333333
29.097854	 	7720.000000
1.703522	 	7726.666667
19.891970	 	7733.333333
-12.530621	 	7740.000000
-19.234264	 	7746.666667
-34.153301	 	7753.333333
32.487804	 	7760.000000
42.618627	 	7766.666667
8.305369	 	7773.333333
-26.421797	 	7780.000000
-21.334037	 	7786.666667
-16.936200	 	7793.333333
33.983265	 	7800.000000
46.475807	 	7806.666667
18.815601	 	7813.333333
-41.843605	 	7820.000000
-41.955219	 	7826.666667
2.332915	 	7833.333333
35.104707	 	7840.000000
-7.115464	 	7846.666667
16.829572	 	7853.333333
-3.773298	 	7860.000000
4.193748	 	7866.666667
-24.630302	 	7873.333333
-7.894256	 	7880.000000
-0.306906	 	7886.666667
25.442642	 	7893.333333
24.882932	 	7900.000000
17.615301	 	7906.666667
-30.324625	 	7913.333333
-50.055921	 	7920.000000
10.303257	 	7926.666667
8.322756	 	7933.333333
11.631454	 	7940.000000
15.770254	 	7946.666667
31.773073	 	7953.333333
-18.576628	 	7960.000000
-43.010610	 	7966.666667
-8.213253	 	7973.333333
18.791557	 	7980.000000
0.240598	 	7986.666667
5.814680	 	7993.333333
-4.245255	 	8000.000000
10.381819	 	8006.666667
16.342260	 	8013.333333
-28.948310	 	8020.000000
-21.554023	 	8026.666667
10.218121	 	8033.333333
25.726705	 	8040.000000
-14.830450	 	8046.666667
-2.771168	 	8053.333333
10.403881	 	8060.000000
14.917458	 	8066.666667
1.034140	 	8073.333333
-6.307255	 	8080.000000
-24.746255	 	8086.666667
-20.397071	 	8093.333333
16.177313	 	8100.000000
-7.030706	 	8106.666667
26.170707	 	8113.333333
21.218664	 	8120.000000
-22.946460	 	8126.666667
-9.003985	 	8133.333333
0.170607	 	8140.000000
-3.561598	 	8146.666667
12.259772	 	8153.333333
36.903314	 	8160.000000
8.218698	 	8166.666667
-4.811249	 	8173.333333
-11.239314	 	8180.000000
-28.548168	 	8186.666667
-12.622134	 	8193.333333
20.495185	 	8200.000000
18.705304	 	8206.666667
5.698313	 	8213.333333
17.006556	 	8220.000000
-13.458851	 	8226.666667
-18.896121	 	8233.333333
-13.897902	 	8240.000000
10.721778	 	8246.666667
17.540764	 	8253.333333
-1.206720	 	8260.000000
-28.490715	 	8266.666667
19.447039	 	8273.333333
-5.212451	 	8280.000000
12.465930	 	8286.666667
-6.315607	 	8293.333333
-5.277780	 	8300.000000
5.520612	 	8306.666667
21.039185	 	8313.333333
0.025669	 	8320.000000
1.104062	 	8326.666667
-23.252456	 	8333.333333
-24.969939	 	8340.000000
-1.810436	 	8346.666667
45.312962	 	8353.333333
17.442719	 	8360.000000
-27.144731	 	8366.666667
-61.809542	 	8373.333333
-8.473563	 	8380.000000
46.205469	 	8386.666667
26.081675	 	8393.333333
-2.103225	 	8400.000000
1.417415	 	8406.666667
-25.155824	 	8413.333333
-4.495174	 	8420.000000
-9.250804	 	8426.666667
10.599400	 	8433.333333
5.867200	 	8440.000000
28.448740	 	8446.666667
-31.214701	 	8453.333333
10.476765	 	8460.000000
-22.687070	 	8466.666667
11.904840	 	8473.333333
-6.070501	 	8480.000000
8.791566	 	8486.666667
-13.620317	 	8493.333333
28.662540	 	8500.000000
-38.074977	 	8506.666667
-10.140760	 	8513.333333
2.938822	 	8520.000000
44.696700	 	8526.666667
-8.870617	 	8533.333333
12.550214	 	8540.000000
-32.401671	 	8546.666667
3.738569	 	8553.333333
15.907889	 	8560.000000
-8.566526	 	8566.666667
3.914178	 	8573.333333
53.210471	 	8580.000000
-0.599358	 	8586.666667
-45.681743	 	8593.333333
-23.876617	 	8600.000000
-19.165866	 	8606.666667
19.435075	 	8613.333333
41.253325	 	8620.000000
-12.751356	 	8626.666667
-2.523690	 	8633.333333
20.423133	 	8640.000000
-11.536190	 	8646.666667
-23.777664	 	8653.333333
2.279917	 	8660.000000
-0.956230	 	8666.666667
22.109077	 	8673.333333
-3.450629	 	8680.000000
-14.949567	 	8686.666667
1.098860	 	8693.333333
15.366194	 	8700.000000
5.550510	 	8706.666667
-5.506304	 	8713.333333
-7.771184	 	8720.000000
-13.000065	 	8726.666667
-3.036789	 	8733.333333
-12.026174	 	8740.000000
-4.120344	 	8746.666667
25.344243	 	8753.333333
43.966253	 	8760.000000
16.044151	 	8766.666667
-93.079205	 	8773.333333
-35.030589	 	8780.000000
32.066731	 	8786.666667
67.537253	 	8793.333333
-9.587754	 	8800.000000
-20.268110	 	8806.666667
-66.257602	 	8813.333333
27.051370	 	8820.000000
24.715196	 	8826.666667
21.867443	 	8833.333333
-23.672851	 	8840.000000
6.895337	 	8846.666667
-34.015448	 	8853.333333
12.625192	 	8860.000000
-41.416507	 	8866.666667
11.862200	 	8873.333333
18.968911	 	8880.000000
30.975291	 	8886.666667
-22.766704	 	8893.333333
1.311720	 	8900.000000
-17.559481	 	8906.666667
-10.937658	 	8913.333333
-37.940038	 	8920.000000
49.114918	 	8926.666667
22.149007	 	8933.333333
17.411084	 	8940.000000
-44.122906	 	8946.666667
-35.893675	 	8953.333333
-7.875753	 	8960.000000
49.579416	 	8966.666667
20.605048	 	8973.333333
0.509030	 	8980.000000
-29.413615	 	8986.666667
-29.726132	 	8993.333333
3.639544	 	9000.000000
26.798426	 	9006.666667
-2.962854	 	9013.333333
-20.135803	 	9020.000000
-10.934943	 	9026.666667
25.914402	 	9033.333333
16.169059	 	9040.000000
22.064342	 	9046.666667
-23.156282	 	9053.333333
-35.567808	 	9060.000000
-7.304450	 	9066.666667
21.338763	 	9073.333333
12.276382	 	9080.000000
24.087313	 	9086.666667
-16.155991	 	9093.333333
-29.812381	 	9100.000000
-6.483940	 	9106.666667
20.581481	 	9113.333333
-25.375852	 	9120.000000
14.920281	 	9126.666667
-15.984862	 	9133.333333
10.999060	 	9140.000000
11.343073	 	9146.666667
16.396184	 	9153.333333
-36.777048	 	9160.000000
20.128448	 	9166.666667
0.866942	 	9173.333333
8.098176	 	9180.000000
-2.623550	 	9186.666667
17.195128	 	9193.333333
-28.928760	 	9200.000000
34.829024	 	9206.666667
-25.827008	 	9213.333333
16.012872	 	9220.000000
-19.151540	 	9226.666667
16.417518	 	9233.333333
-16.712084	 	9240.000000
26.287701	 	9246.666667
-32.771538	 	9253.333333
45.087322	 	9260.000000
-18.032617	 	9266.666667
14.199049	 	9273.333333
-40.433201	 	9280.000000
19.442828	 	9286.666667
-8.039804	 	9293.333333
20.157295	 	9300.000000
-20.885660	 	9306.666667
19.175925	 	9313.333333
-11.590476	 	9320.000000
16.167590	 	9326.666667
-16.966477	 	9333.333333
1.259238	 	9340.000000
-33.557982	 	9346.666667
-4.858549	 	9353.333333
11.927191	 	9360.000000
45.687968	 	9366.666667
-32.760433	 	9373.333333
25.033191	 	9380.000000
-45.104993	 	9386.666667
-21.658507	 	9393.333333
-6.544008	 	9400.000000
42.582705	 	9406.666667
-12.474623	 	9413.333333
30.167089	 	9420.000000
-10.925747	 	9426.666667
-9.266826	 	9433.333333
-22.253649	 	9440.000000
-1.879769	 	9446.666667
-5.744187	 	9453.333333
36.342021	 	9460.000000
-4.094469	 	9466.666667
-0.387866	 	9473.333333
-30.697049	 	9480.000000
15.420673	 	9486.666667
3.708278	 	9493.333333
-8.633514	 	9500.000000
-7.398359	 	9506.666667
30.345546	 	9513.333333
-6.775068	 	9520.000000
-12.918831	 	9526.666667
-37.448850	 	9533.333333
18.821487	 	9540.000000
7.772987	 	9546.666667
38.738037	 	9553.333333
-17.065994	 	9560.000000
1.567158	 	9566.666667
-46.451446	 	9573.333333
-2.907535	 	9580.000000
13.036693	 	9586.666667
38.321388	 	9593.333333
-25.320054	 	9600.000000
-32.017666	 	9606.666667
-14.210376	 	9613.333333
3.586683	 	9620.000000
31.895620	 	9626.666667
23.821428	 	9633.333333
-17.456944	 	9640.000000
-60.848884	 	9646.666667
29.263223	 	9653.333333
18.170349	 	9660.000000
34.080827	 	9666.666667
-15.664031	 	9673.333333
-17.503425	 	9680.000000
-25.470024	 	9686.666667
15.651589	 	9693.333333
-16.993359	 	9700.000000
7.297230	 	9706.666667
40.382154	 	9713.333333
13.596237	 	9720.000000
-19.502993	 	9726.666667
-40.684811	 	9733.333333
-30.255463	 	9740.000000
18.239057	 	9746.666667
38.575730	 	9753.333333
-5.735618	 	9760.000000
-9.568199	 	9766.666667
-6.885020	 	9773.333333
-1.003620	 	9780.000000
15.335225	 	9786.666667
18.024106	 	9793.333333
-31.697607	 	9800.000000
-25.216621	 	9806.666667
-3.906227	 	9813.333333
7.695985	 	9820.000000
35.270652	 	9826.666667
-0.743170	 	9833.333333
17.547848	 	9840.000000
-20.432002	 	9846.666667
-35.742602	 	9853.333333
-13.157862	 	9860.000000
40.504733	 	9866.666667
26.278818	 	9873.333333
-6.748094	 	9880.000000
-34.751410	 	9886.666667
-22.084645	 	9893.333333
3.989007	 	9900.000000
23.797468	 	9906.666667
-1.742934	 	9913.333333
-16.983392	 	9920.000000
-15.955441	 	9926.666667
-20.177767	 	9933.333333
18.410105	 	9940.000000
25.097153	 	9946.666667
-13.893182	 	9953.333333
15.094476	 	9960.000000
-5.757868	 	9966.666667
-39.638098	 	9973.333333
-13.611428	 	9980.000000
8.052565	 	9986.666667
8.945148	 	9993.333333
20.844926	 	10000.000000
-5.750915	 	10006.666667
-3.225982	 	10013.333333
-4.578486	 	10020.000000
2.888077	 	10026.666667
-10.883902	 	10033.333333
-7.315522	 	10040.000000
27.552893	 	10046.666667
20.432613	 	10053.333333
-33.016175	 	10060.000000
-26.658116	 	10066.666667
0.139200	 	10073.333333
6.786840	 	10080.000000
3.103118	 	10086.666667
9.096223	 	10093.333333
19.886766	 	10100.000000
-12.590614	 	10106.666667
-14.739671	 	10113.333333
-30.922061	 	10120.000000
4.230081	 	10126.666667
-3.754653	 	10133.333333
8.234718	 	10140.000000
-9.150109	 	10146.666667
28.524527	 	10153.333333
-44.921377	 	10160.000000
-1.477890	 	10166.666667
34.849512	 	10173.333333
-1.349485	 	10180.000000
-27.404195	 	10186.666667
13.168180	 	10193.333333
-19.220620	 	10200.000000
23.333560	 	10206.666667
-14.178215	 	10213.333333
-19.670034	 	10220.000000
-19.633670	 	10226.666667
28.161382	 	10233.333333
7.304924	 	10240.000000
7.898629	 	10246.666667
-24.132854	 	10253.333333
13.406383	 	10260.000000
-20.792068	 	10266.666667
15.432131	 	10273.333333
-13.688986	 	10280.000000
3.126539	 	10286.666667
-4.851435	 	10293.333333
23.588771	 	10300.000000
-16.191434	 	10306.666667
12.181755	 	10313.333333
-9.453301	 	10320.000000
12.277753	 	10326.666667
-22.783652	 	10333.333333
-16.400458	 	10340.000000
7.876132	 	10346.666667
21.247905	 	10353.333333
-32.713532	 	10360.000000
1.546198	 	10366.666667
11.006487	 	10373.333333
9.369039	 	10380.000000
-12.909799	 	10386.666667
-32.244578	 	10393.333333
5.037186	 	10400.000000
52.305796	 	10406.666667
-22.961193	 	10413.333333
-16.468364	 	10420.000000
-28.610588	 	10426.666667
19.563251	 	10433.333333
-5.270000	 	10440.000000
22.281193	 	10446.666667
-8.408994	 	10453.333333
-5.618797	 	10460.000000
-31.649712	 	10466.666667
24.134004	 	10473.333333
-9.112467	 	10480.000000
-0.177052	 	10486.666667
3.525181	 	10493.333333
13.636444	 	10500.000000
6.406973	 	10506.666667
-14.222890	 	10513.333333
-43.863936	 	10520.000000
15.552351	 	10526.666667
17.529713	 	10533.333333
11.863269	 	10540.000000
12.227664	 	10546.666667
-12.961901	 	10553.333333
-25.435321	 	10560.000000
-31.456424	 	10566.666667
1.593702	 	10573.333333
12.603172	 	10580.000000
34.321031	 	10586.666667
-2.336263	 	10593.333333
-5.184445	 	10600.000000
-39.451782	 	10606.666667
10.210599	 	10613.333333
-26.658123	 	10620.000000
20.732891	 	10626.666667
6.474770	 	10633.333333
-1.276453	 	10640.000000
-21.837078	 	10646.666667
20.998225	 	10653.333333
-12.239184	 	10660.000000
-20.010130	 	10666.666667
-19.936634	 	10673.333333
45.262726	 	10680.000000
-14.085728	 	10686.666667
-34.690722	 	10693.333333
9.309979	 	10700.000000
39.341814	 	10706.666667
14.184339	 	10713.333333
4.843353	 	10720.000000
-49.142877	 	10726.666667
-27.293411	 	10733.333333
7.658400	 	10740.000000
27.503054	 	10746.666667
7.835089	 	10753.333333
-6.120110	 	10760.000000
-29.845075	 	10766.666667
-15.340201	 	10773.333333
4.504888	 	10780.000000
-0.490737	 	10786.666667
6.721638	 	10793.333333
10.196661	 	10800.000000
-0.757441	 	10806.666667
-12.870816	 	10813.333333
-10.958020	 	10820.000000
-1.304341	 	10826.666667
-13.570267	 	10833.333333
10.761316	 	10840.000000
14.804992	 	10846.666667
10.550048	 	10853.333333
-8.886787	 	10860.000000
-22.026355	 	10866.666667
-38.046659	 	10873.333333
17.522692	 	10880.000000
4.132739	 	10886.666667
14.386972	 	10893.333333
-17.756067	 	10900.000000
20.649241	 	10906.666667
-15.041861	 	10913.333333
7.723958	 	10920.000000
-19.826174	 	10926.666667
8.486183	 	10933.333333
-0.528154	 	10940.000000
3.040534	 	10946.666667
-19.005027	 	10953.333333
3.723709	 	10960.000000
-28.612897	 	10966.666667
12.108123	 	10973.333333
26.182490	 	10980.000000
-7.360519	 	10986.666667
-17.639117	 	10993.333333
-31.979921	 	11000.000000
-11.276846	 	11006.666667
36.178920	 	11013.333333
30.426208	 	11020.000000
-23.840112	 	11026.666667
-13.278926	 	11033.333333
-39.707067	 	11040.000000
-10.608231	 	11046.666667
30.058785	 	11053.333333
23.271026	 	11060.000000
-13.683679	 	11066.666667
16.429179	 	11073.333333
-22.359295	 	11080.000000
-16.149795	 	11086.666667
-31.701049	 	11093.333333
-12.785098	 	11100.000000
4.565391	 	11106.666667
47.798680	 	11113.333333
24.154040	 	11120.000000
-13.545159	 	11126.666667
-34.070930	 	11133.333333
-26.808395	 	11140.000000
6.077169	 	11146.666667
20.710963	 	11153.333333
-14.078344	 	11160.000000
1.122001	 	11166.666667
7.894552	 	11173.333333
-16.111302	 	11180.000000
-26.028004	 	11186.666667
-0.827605	 	11193.333333
30.761156	 	11200.000000
26.793073	 	11206.666667
-22.132146	 	11213.333333
-27.200303	 	11220.000000
-2.096230	 	11226.666667
-16.679886	 	11233.333333
15.614142	 	11240.000000
2.035185	 	11246.666667
-1.429955	 	11253.333333
-13.124371	 	11260.000000
1.866799	 	11266.666667
-10.273968	 	11273.333333
21.974676	 	11280.000000
2.392760	 	11286.666667
-4.766918	 	11293.333333
-14.491342	 	11300.000000
-3.655414	 	11306.666667
-12.221010	 	11313.333333
12.776763	 	11320.000000
-6.991405	 	11326.666667
4.947910	 	11333.333333
0.014893	 	11340.000000
4.740399	 	11346.666667
-27.148451	 	11353.333333
-17.736629	 	11360.000000
-19.099759	 	11366.666667
17.448377	 	11373.333333
38.614842	 	11380.000000
-0.354513	 	11386.666667
-47.095060	 	11393.333333
-16.434734	 	11400.000000
6.113826	 	11406.666667
15.706176	 	11413.333333
-6.930060	 	11420.000000
-10.652626	 	11426.666667
5.107736	 	11433.333333
20.735492	 	11440.000000
-28.633379	 	11446.666667
-16.297757	 	11453.333333
4.412975	 	11460.000000
9.164992	 	11466.666667
4.328835	 	11473.333333
-15.174228	 	11480.000000
-46.196336	 	11486.666667
18.617679	 	11493.333333
26.973661	 	11500.000000
14.450555	 	11506.666667
0.600009	 	11513.333333
-14.794353	 	11520.000000
-45.543014	 	11526.666667
3.346192	 	11533.333333
17.135899	 	11540.000000
31.049030	 	11546.666667
-18.600678	 	11553.333333
-6.746013	 	11560.000000
-40.681004	 	11566.666667
12.999303	 	11573.333333
-1.335612	 	11580.000000
-0.329113	 	11586.666667
-13.206879	 	11593.333333
23.439182	 	11600.000000
-4.232728	 	11606.666667
5.880752	 	11613.333333
-37.092409	 	11620.000000
-21.897851	 	11626.666667
33.372675	 	11633.333333
35.649398	 	11640.000000
-23.264839	 	11646.666667
-24.574355	 	11653.333333
-10.320533	 	11660.000000
-0.530473	 	11666.666667
0.282852	 	11673.333333
-5.988392	 	11680.000000
23.170816	 	11686.666667
-1.027196	 	11693.333333
-12.745120	 	11700.000000
-28.876532	 	11706.666667
2.151644	 	11713.333333
-9.520910	 	11720.000000
25.031104	 	11726.666667
9.043357	 	11733.333333
-30.339926	 	11740.000000
-36.617386	 	11746.666667
8.202610	 	11753.333333
37.741792	 	11760.000000
11.810718	 	11766.666667
-19.516361	 	11773.333333
-16.264192	 	11780.000000
1.100817	 	11786.666667
-39.608687	 	11793.333333
-4.009538	 	11800.000000
20.915996	 	11806.666667
20.521338	 	11813.333333
0.559491	 	11820.000000
10.460239	 	11826.666667
-27.179601	 	11833.333333
-1.658865	 	11840.000000
-26.827012	 	11846.666667
11.374506	 	11853.333333
18.205132	 	11860.000000
15.382939	 	11866.666667
-58.604740	 	11873.333333
-28.249191	 	11880.000000
7.314411	 	11886.666667
43.732307	 	11893.333333
32.510755	 	11900.000000
-8.135506	 	11906.666667
-40.193602	 	11913.333333
-42.170613	 	11920.000000
-19.001155	 	11926.666667
6.837164	 	11933.333333
69.101587	 	11940.000000
6.414531	 	11946.666667
-5.232837	 	11953.333333
-33.030776	 	11960.000000
-30.012466	 	11966.666667
-40.576368	 	11973.333333
49.990915	 	11980.000000
13.680888	 	11986.666667
10.083491	 	11993.333333
23.925505	 	12000.000000
-42.050684	 	12006.666667
-53.298144	 	12013.333333
-85.222137	 	12020.000000
142.781162	 	12026.666667
57.434840	 	12033.333333
-115.203874	 	12040.000000
-30.023009	 	12046.666667
129.724972	 	12053.333333
-114.849807	 	12060.000000
-64.296436	 	12066.666667
-35.641084	 	12073.333333
229.471581	 	12080.000000
4.730450	 	12086.666667
-210.741818	 	12093.333333
124.778375	 	12100.000000
-8.015670	 	12106.666667
-129.003737	 	12113.333333
-92.411368	 	12120.000000
177.081269	 	12126.666667
266.571129	 	12133.333333
-208.634986	 	12140.000000
-214.027027	 	12146.666667
-17.420834	 	12153.333333
217.041839	 	12160.000000
8.902493	 	12166.666667
-168.128701	 	12173.333333
86.828687	 	12180.000000
70.476627	 	12186.666667
-101.183846	 	12193.333333
-203.353783	 	12200.000000
316.166663	 	12206.666667
191.672325	 	12213.333333
-223.956078	 	12220.000000
-220.503963	 	12226.666667
-8.956254	 	12233.333333
-36.985947	 	12240.000000
218.738718	 	12246.666667
432.425469	 	12253.333333
-278.164790	 	12260.000000
-378.406379	 	12266.666667
-85.488307	 	12273.333333
172.729421	 	12280.000000
42.260723	 	12286.666667
227.119660	 	12293.333333
0.389788	 	12300.000000
-355.355608	 	12306.666667
14.508611	 	12313.333333
136.667345	 	12320.000000
257.180040	 	12326.666667
-470.942178	 	12333.333333
-66.077358	 	12340.000000
361.208874	 	12346.666667
478.311585	 	12353.333333
-512.479388	 	12360.000000
-522.861809	 	12366.666667
-57.394637	 	12373.333333
995.028838	 	12380.000000
-591.929779	 	12386.666667
130.120042	 	12393.333333
509.509932	 	12400.000000
-311.365834	 	12406.666667
-851.560576	 	12413.333333
-249.905278	 	12420.000000
1300.332162	 	12426.666667
-27.243247	 	12433.333333
-295.256234	 	12440.000000
105.018265	 	12446.666667
-169.785330	 	12453.333333
-497.665702	 	12460.000000
-484.159997	 	12466.666667
939.133684	 	12473.333333
897.627445	 	12480.000000
-823.031776	 	12486.666667
-217.244201	 	12493.333333
-92.876403	 	12500.000000
409.851297	 	12506.666667
-271.607020	 	12513.333333
-514.586558	 	12520.000000
442.096027	 	12526.666667
438.990370	 	12533.333333
-790.821358	 	12540.000000
1193.538444	 	12546.666667
-724.301230	 	12553.333333
51.997968	 	12560.000000
-716.102362	 	12566.666667
1115.489137	 	12573.333333
-494.308128	 	12580.000000
-860.574656	 	12586.666667
1269.133204	 	12593.333333
-73.040407	 	12600.000000
-152.980788	 	12606.666667
-420.251723	 	12613.333333
-113.576213	 	12620.000000
445.302921	 	12626.666667
-221.930624	 	12633.333333
99.518677	 	12640.000000
248.937251	 	12646.666667
-628.980173	 	12653.333333
390.074113	 	12660.000000
38.621580	 	12666.666667
47.363178	 	12673.333333
-684.176587	 	12680.000000
974.310582	 	12686.666667
-626.055319	 	12693.333333
241.854139	 	12700.000000
-53.463893	 	12706.666667
635.592368	 	12713.333333
-643.559693	 	12720.000000
-529.497032	 	12726.666667
-217.407045	 	12733.333333
453.002792	 	12740.000000
1167.297494	 	12746.666667
-601.210001	 	12753.333333
-624.639734	 	12760.000000
763.721477	 	12766.666667
-182.807173	 	12773.333333
-936.059643	 	12780.000000
-999.513424	 	12786.666667
3001.716956	 	12793.333333
-843.605584	 	12800.000000
-770.537400	 	12806.666667
-225.965937	 	12813.333333
1398.167109	 	12820.000000
-997.597721	 	12826.666667
-979.272745	 	12833.333333
-643.687904	 	12840.000000
3698.247793	 	12846.666667
-954.844042	 	12853.333333
-958.269137	 	12860.000000
-998.128381	 	12866.666667
-956.341493	 	12873.333333
2403.040592	 	12880.000000
-929.258732	 	12886.666667
1897.573011	 	12893.333333
-981.735257	 	12900.000000
-999.509437	 	12906.666667
-400.446634	 	12913.333333
619.958527	 	12920.000000
-999.056516	 	12926.666667
2839.906794	 	12933.333333
-926.056539	 	12940.000000
-970.323649	 	12946.666667
-521.032252	 	12953.333333
1165.881173	 	12960.000000
-937.710330	 	12966.666667
1145.343228	 	12973.333333
-994.564500	 	12980.000000
947.265988	 	12986.666667
445.181002	 	12993.333333
-994.965359	 	13000.000000
-929.482238	 	13006.666667
-746.612083	 	13013.333333
3696.218116	 	13020.000000
-999.597677	 	13026.666667
-982.569565	 	13033.333333
-999.879871	 	13040.000000
2434.687861	 	13046.666667
-997.119367	 	13053.333333
-994.387651	 	13060.000000
1432.095884	 	13066.666667
-986.850303	 	13073.333333
-999.992337	 	13080.000000
2049.821509	 	13086.666667
1129.429539	 	13093.333333
-999.596314	 	13100.000000
-999.932975	 	13106.666667
-999.050237	 	13113.333333
-921.611549	 	13120.000000
2814.536859	 	13126.666667
1225.225131	 	13133.333333
-994.201066	 	13140.000000
-592.624810	 	13146.666667
-999.927807	 	13153.333333
-999.998730	 	13160.000000
2247.440315	 	13166.666667
-389.088854	 	13173.333333
1161.604835	 	13180.000000
-999.998730	 	13186.666667
-740.113980	 	13193.333333
-999.440166	 	13200.000000
-999.998697	 	13206.666667
-999.998730	 	13213.333333
7145.484905	 	13220.000000
-999.998730	 	13226.666667
-999.998730	 	13233.333333
-999.998731	 	13240.000000
-999.998732	 	13246.666667
-999.998739	 	13253.333333
-999.998747	 	13260.000000
-999.998737	 	13266.666667
-999.998758	 	13273.333333
-999.998751	 	13280.000000
-999.998801	 	13286.666667
-999.998843	 	13293.333333
-999.998873	 	13300.000000
-999.998966	 	13306.666667
-999.999008	 	13313.333333
-999.998892	 	13320.000000
-999.998973	 	13326.666667
