#peak 	 	#time 
-999.998792	 	0.000000
-999.998894	 	6.666667
-999.998867	 	13.333333
-999.999007	 	20.000000
-999.999465	 	26.666667
-999.999526	 	33.333333
-999.999114	 	40.000000
-999.999668	 	46.666667
-999.999873	 	53.333333
-999.999984	 	60.000000
-1000.000000	 	66.666667
-1000.000000	 	73.333333
-1000.000000	 	80.000000
-1000.000000	 	86.666667
35119.732434	 	93.333333
-999.998720	 	100.000000
-999.998725	 	106.666667
-999.998734	 	113.333333
-999.998732	 	120.000000
-999.998744	 	126.666667
-999.998721	 	133.333333
-999.998735	 	140.000000
-999.998724	 	146.666667
-999.998732	 	153.333333
-999.998720	 	160.000000
-999.998724	 	166.666667
-999.998721	 	173.333333
-999.998720	 	180.000000
-999.998720	 	186.666667
-999.998411	 	193.333333
4031.686932	 	200.000000
2525.987832	 	206.666667
-889.440993	 	213.333333
-971.790261	 	220.000000
-936.878469	 	226.666667
-607.808821	 	233.333333
87.231653	 	240.000000
439.168332	 	246.666667
303.047568	 	253.333333
-131.991307	 	260.000000
-219.186610	 	266.666667
-121.449297	 	273.333333
18.463502	 	280.000000
66.409911	 	286.666667
106.386776	 	293.333333
226.715993	 	300.000000
-168.295174	 	306.666667
-279.371101	 	313.333333
-212.838058	 	320.000000
135.725947	 	326.666667
102.359204	 	333.333333
-128.748646	 	340.000000
16.098320	 	346.666667
35.345155	 	353.333333
-72.406232	 	360.000000
212.480347	 	366.666667
-144.444645	 	373.333333
-44.968809	 	380.000000
-59.928640	 	386.666667
-162.646959	 	393.333333
98.099719	 	400.000000
277.325699	 	406.666667
-127.836776	 	413.333333
-185.330663	 	420.000000
56.021222	 	426.666667
179.883991	 	433.333333
174.980085	 	440.000000
-206.423872	 	446.666667
-58.336147	 	453.333333
-136.632052	 	460.000000
-19.129524	 	466.666667
243.468998	 	473.333333
207.390067	 	480.000000
-112.210720	 	486.666667
-196.161925	 	493.333333
29.308049	 	500.000000
47.842040	 	506.666667
77.726129	 	513.333333
-3.091266	 	520.000000
24.901712	 	526.666667
80.671921	 	533.333333
-106.371619	 	540.000000
-8.641754	 	546.666667
-47.707566	 	553.333333
92.218094	 	560.000000
108.014628	 	566.666667
128.493988	 	573.333333
-169.594253	 	580.000000
7.111885	 	586.666667
-82.289208	 	593.333333
79.769050	 	600.000000
1.569135	 	606.666667
-59.148191	 	613.333333
52.144733	 	620.000000
30.031430	 	626.666667
21.007500	 	633.333333
-28.144841	 	640.000000
-42.856313	 	646.666667
195.913566	 	653.333333
-37.614638	 	660.000000
-4.620042	 	666.666667
-99.699382	 	673.333333
77.775702	 	680.000000
77.278010	 	686.666667
-68.891639	 	693.333333
-83.039634	 	700.000000
122.892942	 	706.666667
-33.129272	 	713.333333
71.382010	 	720.000000
-61.220151	 	726.666667
42.728535	 	733.333333
37.559360	 	740.000000
-87.481881	 	746.666667
-58.817793	 	753.333333
149.025300	 	760.000000
87.524913	 	766.666667
-20.920942	 	773.333333
-156.501025	 	780.000000
-35.907637	 	786.666667
28.451493	 	793.333333
180.743879	 	800.000000
26.347083	 	806.666667
-96.943271	 	813.333333
-71.993974	 	820.000000
90.487225	 	826.666667
97.936413	 	833.333333
50.895166	 	840.000000
-168.484107	 	846.666667
-31.883893	 	853.333333
36.870135	 	860.000000
65.895795	 	866.666667
2.843673	 	873.333333
22.658808	 	880.000000
22.322918	 	886.666667
15.790960	 	893.333333
-71.695806	 	900.000000
-17.872457	 	906.666667
13.713928	 	913.333333
108.163618	 	920.000000
-46.477201	 	926.666667
71.721750	 	933.333333
15.002726	 	940.000000
-70.167640	 	946.666667
-69.014616	 	953.333333
-3.350310	 	960.000000
76.884767	 	966.666667
50.984694	 	973.333333
7.990041	 	980.000000
5.683941	 	986.666667
-56.636686	 	993.333333
70.549744	 	1000.000000
32.807635	 	1006.666667
-36.337326	 	1013.333333
-47.073389	 	1020.000000
-28.316769	 	1026.666667
55.634030	 	1033.333333
139.897314	 	1040.000000
-32.201430	 	1046.666667
-33.117115	 	1053.333333
-35.095242	 	1060.000000
-89.877470	 	1066.666667
91.106740	 	1073.333333
66.269248	 	1080.000000
32.265282	 	1086.666667
-40.315693	 	1093.333333
-54.383565	 	1100.000000
8.319835	 	1106.666667
43.243118	 	1113.333333
8.137660	 	1120.000000
35.615538	 	1126.666667
-7.830653	 	1133.333333
15.528229	 	1140.000000
9.866685	 	1146.666667
5.019654	 	1153.333333
2.220660	 	1160.000000
4.172286	 	1166.666667
-71.872845	 	1173.333333
18.845654	 	1180.000000
90.958320	 	1186.666667
66.735718	 	1193.333333
-20.753794	 	1200.000000
-75.129227	 	1206.666667
-48.749834	 	1213.333333
22.926821	 	1220.000000
67.328597	 	1226.666667
32.376488	 	1233.333333
31.950787	 	1240.000000
-28.719012	 	1246.666667
-0.999606	 	1253.333333
4.237836	 	1260.000000
-10.015662	 	1266.666667
10.209482	 	1273.333333
26.540102	 	1280.000000
6.752243	 	1286.666667
-12.940844	 	1293.333333
33.622645	 	1300.000000
9.131443	 	1306.666667
8.839965	 	1313.333333
-5.903143	 	1320.000000
-40.457249	 	1326.666667
17.814349	 	1333.333333
34.837071	 	1340.000000
15.170422	 	1346.666667
7.297821	 	1353.333333
10.985295	 	1360.000000
-1.948295	 	1366.666667
-12.347020	 	1373.333333
24.971894	 	1380.000000
9.951514	 	1386.666667
8.397498	 	1393.333333
-9.384102	 	1400.000000
14.514196	 	1406.666667
-8.293606	 	1413.333333
29.093533	 	1420.000000
9.924549	 	1426.666667
-19.555159	 	1433.333333
9.183589	 	1440.000000
13.643847	 	1446.666667
14.127463	 	1453.333333
-12.038864	 	1460.000000
-31.876200	 	1466.666667
38.108974	 	1473.333333
32.100541	 	1480.000000
25.679914	 	1486.666667
-18.516650	 	1493.333333
-11.139302	 	1500.000000
-5.196405	 	1506.666667
28.513074	 	1513.333333
36.739730	 	1520.000000
-5.533163	 	1526.666667
-10.510544	 	1533.333333
0.753351	 	1540.000000
12.078954	 	1546.666667
6.422867	 	1553.333333
-10.626695	 	1560.000000
25.224927	 	1566.666667
-11.914734	 	1573.333333
25.511656	 	1580.000000
11.287530	 	1586.666667
16.348310	 	1593.333333
-11.435055	 	1600.000000
-23.869710	 	1606.666667
-2.893849	 	1613.333333
29.905728	 	1620.000000
25.343248	 	1626.666667
18.861381	 	1633.333333
35.975512	 	1640.000000
-19.916939	 	1646.666667
-33.472354	 	1653.333333
-5.755211	 	1660.000000
27.684064	 	1666.666667
26.038671	 	1673.333333
29.423631	 	1680.000000
-29.973877	 	1686.666667
-30.265194	 	1693.333333
22.563023	 	1700.000000
66.582966	 	1706.666667
-2.102002	 	1713.333333
-17.916221	 	1720.000000
0.823435	 	1726.666667
-31.361654	 	1733.333333
0.686976	 	1740.000000
26.355353	 	1746.666667
29.915867	 	1753.333333
43.182461	 	1760.000000
33.904867	 	1766.666667
-88.975172	 	1773.333333
-61.112829	 	1780.000000
18.575005	 	1786.666667
114.329578	 	1793.333333
-21.419527	 	1800.000000
60.743428	 	1806.666667
-12.855301	 	1813.333333
-87.122300	 	1820.000000
-5.334133	 	1826.666667
78.956930	 	1833.333333
-1.738851	 	1840.000000
66.875078	 	1846.666667
-88.705657	 	1853.333333
-28.441850	 	1860.000000
79.624750	 	1866.666667
77.287593	 	1873.333333
-39.360964	 	1880.000000
-75.151793	 	1886.666667
-49.338998	 	1893.333333
133.370046	 	1900.000000
41.028732	 	1906.666667
38.064546	 	1913.333333
-33.725607	 	1920.000000
-162.053020	 	1926.666667
-6.049008	 	1933.333333
203.639882	 	1940.000000
96.981173	 	1946.666667
-121.538051	 	1953.333333
-153.027175	 	1960.000000
1.161811	 	1966.666667
190.077695	 	1973.333333
63.228620	 	1980.000000
-42.935275	 	1986.666667
-120.411324	 	1993.333333
-64.186595	 	2000.000000
79.269207	 	2006.666667
186.893684	 	2013.333333
35.295475	 	2020.000000
-148.388687	 	2026.666667
-52.874438	 	2033.333333
58.870290	 	2040.000000
-61.680863	 	2046.666667
-0.531110	 	2053.333333
141.964052	 	2060.000000
94.346303	 	2066.666667
-113.953641	 	2073.333333
-101.489984	 	2080.000000
49.238642	 	2086.666667
73.638640	 	2093.333333
-24.297797	 	2100.000000
-66.490347	 	2106.666667
92.675239	 	2113.333333
178.939029	 	2120.000000
-132.398011	 	2126.666667
-188.289615	 	2133.333333
-55.797277	 	2140.000000
225.080443	 	2146.666667
260.362895	 	2153.333333
-113.155509	 	2160.000000
-253.854444	 	2166.666667
-109.932887	 	2173.333333
177.307874	 	2180.000000
247.851338	 	2186.666667
47.283396	 	2193.333333
-209.838596	 	2200.000000
-247.194478	 	2206.666667
121.712707	 	2213.333333
250.652213	 	2220.000000
-21.920793	 	2226.666667
-13.874994	 	2233.333333
-56.807438	 	2240.000000
-87.186903	 	2246.666667
87.239460	 	2253.333333
-2.055489	 	2260.000000
129.538936	 	2266.666667
-40.875710	 	2273.333333
-195.040651	 	2280.000000
-4.418625	 	2286.666667
312.932256	 	2293.333333
58.443283	 	2300.000000
-148.085984	 	2306.666667
-244.243908	 	2313.333333
61.372964	 	2320.000000
158.365921	 	2326.666667
115.573554	 	2333.333333
-22.301262	 	2340.000000
-42.979068	 	2346.666667
51.102001	 	2353.333333
-169.064021	 	2360.000000
-145.980378	 	2366.666667
179.804882	 	2373.333333
208.645335	 	2380.000000
191.752697	 	2386.666667
-296.376260	 	2393.333333
-227.465061	 	2400.000000
-30.401735	 	2406.666667
195.966733	 	2413.333333
223.921951	 	2420.000000
101.776522	 	2426.666667
-265.590430	 	2433.333333
-100.253052	 	2440.000000
135.514918	 	2446.666667
-11.123305	 	2453.333333
-94.996843	 	2460.000000
-6.554990	 	2466.666667
409.852685	 	2473.333333
-25.573904	 	2480.000000
-354.228272	 	2486.666667
-226.704057	 	2493.333333
239.369937	 	2500.000000
226.146495	 	2506.666667
81.961274	 	2513.333333
84.472871	 	2520.000000
-326.894313	 	2526.666667
-254.624871	 	2533.333333
146.959619	 	2540.000000
492.982846	 	2546.666667
-40.955728	 	2553.333333
-345.308798	 	2560.000000
-85.547258	 	2566.666667
236.591763	 	2573.333333
39.404979	 	2580.000000
64.857813	 	2586.666667
-17.239490	 	2593.333333
-285.491685	 	2600.000000
36.620537	 	2606.666667
187.019610	 	2613.333333
146.206416	 	2620.000000
31.158087	 	2626.666667
-260.838484	 	2633.333333
-242.687909	 	2640.000000
174.522465	 	2646.666667
439.299335	 	2653.333333
-7.279713	 	2660.000000
-239.597711	 	2666.666667
-109.416873	 	2673.333333
-36.422341	 	2680.000000
17.229178	 	2686.666667
121.903748	 	2693.333333
110.080950	 	2700.000000
48.122641	 	2706.666667
2.056800	 	2713.333333
32.118919	 	2720.000000
-228.986295	 	2726.666667
-226.273840	 	2733.333333
119.128750	 	2740.000000
290.864362	 	2746.666667
177.226897	 	2753.333333
67.353048	 	2760.000000
-67.873170	 	2766.666667
-279.772658	 	2773.333333
-275.693540	 	2780.000000
-87.750621	 	2786.666667
236.516863	 	2793.333333
245.353024	 	2800.000000
419.843385	 	2806.666667
425.630083	 	2813.333333
-427.299309	 	2820.000000
-740.015712	 	2826.666667
-597.588868	 	2833.333333
-489.098908	 	2840.000000
-226.490745	 	2846.666667
2403.666412	 	2853.333333
33156.033151	 	2860.000000
87523.281952	 	2866.666667
-537.574028	 	2873.333333
-999.998719	 	2880.000000
-999.998720	 	2886.666667
-999.998720	 	2893.333333
-999.998720	 	2900.000000
-993.346439	 	2906.666667
1584.294887	 	2913.333333
8770.705963	 	2920.000000
5436.808686	 	2926.666667
3167.355835	 	2933.333333
1524.489393	 	2940.000000
1686.711954	 	2946.666667
2721.922056	 	2953.333333
3718.073104	 	2960.000000
3555.920069	 	2966.666667
2648.809952	 	2973.333333
2100.162072	 	2980.000000
2686.189411	 	2986.666667
3306.883936	 	2993.333333
3035.924448	 	3000.000000
2171.464092	 	3006.666667
1605.259721	 	3013.333333
1825.945862	 	3020.000000
2947.841404	 	3026.666667
2914.008054	 	3033.333333
2667.910815	 	3040.000000
2386.328025	 	3046.666667
2312.916925	 	3053.333333
2461.041375	 	3060.000000
2573.227818	 	3066.666667
2777.925710	 	3073.333333
1875.594345	 	3080.000000
1493.534359	 	3086.666667
2052.704584	 	3093.333333
2827.080920	 	3100.000000
2404.313751	 	3106.666667
2234.789805	 	3113.333333
2268.983465	 	3120.000000
2334.368605	 	3126.666667
2372.899928	 	3133.333333
2635.535447	 	3140.000000
1934.937499	 	3146.666667
2122.863021	 	3153.333333
1880.125651	 	3160.000000
1870.445350	 	3166.666667
2403.862695	 	3173.333333
2614.710111	 	3180.000000
1984.276141	 	3186.666667
1984.754438	 	3193.333333
2400.469123	 	3200.000000
2278.378199	 	3206.666667
2005.529701	 	3213.333333
1686.318298	 	3220.000000
1874.716087	 	3226.666667
1958.465109	 	3233.333333
2166.468936	 	3240.000000
2562.644237	 	3246.666667
2027.584165	 	3253.333333
1367.505948	 	3260.000000
1612.321678	 	3266.666667
2292.963079	 	3273.333333
1909.211540	 	3280.000000
1921.522735	 	3286.666667
1885.054340	 	3293.333333
1981.857114	 	3300.000000
2068.221711	 	3306.666667
1434.276177	 	3313.333333
1540.889005	 	3320.000000
1771.763539	 	3326.666667
2264.357504	 	3333.333333
2351.837778	 	3340.000000
1766.295202	 	3346.666667
1056.133994	 	3353.333333
1418.019828	 	3360.000000
1492.361918	 	3366.666667
2043.681226	 	3373.333333
1873.358314	 	3380.000000
1471.615468	 	3386.666667
1406.889999	 	3393.333333
1640.032484	 	3400.000000
1538.856797	 	3406.666667
1667.629169	 	3413.333333
1720.620976	 	3420.000000
1836.158308	 	3426.666667
1408.656133	 	3433.333333
1377.859872	 	3440.000000
1083.186309	 	3446.666667
1314.325604	 	3453.333333
1663.856462	 	3460.000000
1626.977161	 	3466.666667
1524.762617	 	3473.333333
1558.722044	 	3480.000000
1337.556605	 	3486.666667
1458.564569	 	3493.333333
1171.106092	 	3500.000000
1317.450895	 	3506.666667
1338.804169	 	3513.333333
1146.320971	 	3520.000000
1482.040234	 	3526.666667
1680.748568	 	3533.333333
1310.778333	 	3540.000000
924.150769	 	3546.666667
1140.355420	 	3553.333333
1043.414727	 	3560.000000
1352.325686	 	3566.666667
1712.839845	 	3573.333333
1014.867660	 	3580.000000
883.337975	 	3586.666667
1325.678619	 	3593.333333
1398.311043	 	3600.000000
1400.016698	 	3606.666667
905.018049	 	3613.333333
499.517859	 	3620.000000
1323.422794	 	3626.666667
1390.016661	 	3633.333333
1068.230842	 	3640.000000
1146.194981	 	3646.666667
859.222926	 	3653.333333
1316.164770	 	3660.000000
1054.330507	 	3666.666667
796.648180	 	3673.333333
1120.603858	 	3680.000000
1045.348498	 	3686.666667
965.070257	 	3693.333333
1159.661582	 	3700.000000
1112.044190	 	3706.666667
1014.294845	 	3713.333333
832.948084	 	3720.000000
510.297305	 	3726.666667
892.989732	 	3733.333333
1339.493685	 	3740.000000
1036.649461	 	3746.666667
932.747127	 	3753.333333
751.902077	 	3760.000000
848.887555	 	3766.666667
989.819137	 	3773.333333
915.829368	 	3780.000000
779.579979	 	3786.666667
645.505326	 	3793.333333
812.631087	 	3800.000000
949.250793	 	3806.666667
1082.711886	 	3813.333333
903.306423	 	3820.000000
625.748251	 	3826.666667
669.056787	 	3833.333333
776.112569	 	3840.000000
868.532997	 	3846.666667
914.044005	 	3853.333333
696.734779	 	3860.000000
674.684596	 	3866.666667
829.547578	 	3873.333333
682.625359	 	3880.000000
783.974685	 	3886.666667
756.795566	 	3893.333333
628.883578	 	3900.000000
822.248267	 	3906.666667
765.402567	 	3913.333333
660.147413	 	3920.000000
793.329979	 	3926.666667
508.564180	 	3933.333333
611.725536	 	3940.000000
667.877391	 	3946.666667
609.025409	 	3953.333333
813.669324	 	3960.000000
744.509673	 	3966.666667
511.657666	 	3973.333333
614.617388	 	3980.000000
519.825942	 	3986.666667
618.444858	 	3993.333333
809.511777	 	4000.000000
578.020608	 	4006.666667
627.114902	 	4013.333333
629.091709	 	4020.000000
543.291778	 	4026.666667
544.742913	 	4033.333333
541.424150	 	4040.000000
592.717160	 	4046.666667
587.495956	 	4053.333333
486.527066	 	4060.000000
494.996361	 	4066.666667
570.171184	 	4073.333333
667.158932	 	4080.000000
517.539914	 	4086.666667
436.627853	 	4093.333333
549.974697	 	4100.000000
490.485779	 	4106.666667
517.435124	 	4113.333333
573.408155	 	4120.000000
465.581963	 	4126.666667
517.319534	 	4133.333333
457.847057	 	4140.000000
462.725964	 	4146.666667
544.268425	 	4153.333333
452.854877	 	4160.000000
439.445489	 	4166.666667
486.879759	 	4173.333333
413.793331	 	4180.000000
528.544388	 	4186.666667
464.978039	 	4193.333333
370.802872	 	4200.000000
449.399120	 	4206.666667
471.575559	 	4213.333333
360.965493	 	4220.000000
412.919726	 	4226.666667
414.035181	 	4233.333333
471.845919	 	4240.000000
415.581612	 	4246.666667
358.264768	 	4253.333333
375.044502	 	4260.000000
390.921007	 	4266.666667
387.128475	 	4273.333333
453.081348	 	4280.000000
425.819125	 	4286.666667
405.256618	 	4293.333333
360.656778	 	4300.000000
326.468105	 	4306.666667
384.529249	 	4313.333333
361.113934	 	4320.000000
301.848932	 	4326.666667
380.354443	 	4333.333333
447.301265	 	4340.000000
359.322172	 	4346.666667
280.017269	 	4353.333333
268.190473	 	4360.000000
329.891178	 	4366.666667
350.404933	 	4373.333333
356.280974	 	4380.000000
359.703204	 	4386.666667
348.698552	 	4393.333333
270.072009	 	4400.000000
268.408295	 	4406.666667
344.520260	 	4413.333333
359.171770	 	4420.000000
315.340564	 	4426.666667
271.664335	 	4433.333333
275.824036	 	4440.000000
317.227587	 	4446.666667
317.347181	 	4453.333333
244.986300	 	4460.000000
238.522306	 	4466.666667
284.203349	 	4473.333333
259.302041	 	4480.000000
299.020571	 	4486.666667
268.099048	 	4493.333333
286.644283	 	4500.000000
271.081615	 	4506.666667
290.718503	 	4513.333333
242.873302	 	4520.000000
234.551452	 	4526.666667
231.139811	 	4533.333333
257.655330	 	4540.000000
267.687683	 	4546.666667
265.688364	 	4553.333333
243.969068	 	4560.000000
248.195365	 	4566.666667
212.046861	 	4573.333333
203.239490	 	4580.000000
214.232468	 	4586.666667
232.992997	 	4593.333333
242.846569	 	4600.000000
238.071930	 	4606.666667
236.003835	 	4613.333333
253.366208	 	4620.000000
221.702681	 	4626.666667
156.274445	 	4633.333333
216.594727	 	4640.000000
240.238590	 	4646.666667
226.263869	 	4653.333333
170.621176	 	4660.000000
127.971324	 	4666.666667
192.497692	 	4673.333333
254.489108	 	4680.000000
228.737912	 	4686.666667
208.194865	 	4693.333333
221.051377	 	4700.000000
139.679748	 	4706.666667
182.310315	 	4713.333333
206.127530	 	4720.000000
194.018808	 	4726.666667
162.326841	 	4733.333333
179.343794	 	4740.000000
192.940481	 	4746.666667
223.878120	 	4753.333333
163.923939	 	4760.000000
171.799781	 	4766.666667
153.912225	 	4773.333333
191.457088	 	4780.000000
149.156705	 	4786.666667
166.378564	 	4793.333333
166.673025	 	4800.000000
162.018921	 	4806.666667
139.261982	 	4813.333333
188.922980	 	4820.000000
143.824383	 	4826.666667
168.024034	 	4833.333333
124.365523	 	4840.000000
159.058437	 	4846.666667
191.238474	 	4853.333333
176.982347	 	4860.000000
117.457847	 	4866.666667
184.335501	 	4873.333333
115.719137	 	4880.000000
119.038190	 	4886.666667
153.286218	 	4893.333333
145.941900	 	4900.000000
136.808039	 	4906.666667
154.065322	 	4913.333333
159.214339	 	4920.000000
146.736767	 	4926.666667
93.460723	 	4933.333333
124.384299	 	4940.000000
161.767015	 	4946.666667
149.356159	 	4953.333333
142.603870	 	4960.000000
110.301214	 	4966.666667
110.174145	 	4973.333333
148.352305	 	4980.000000
101.612069	 	4986.666667
112.386458	 	4993.333333
155.824476	 	5000.000000
118.046179	 	5006.666667
119.521881	 	5013.333333
106.057955	 	5020.000000
128.739697	 	5026.666667
97.339111	 	5033.333333
91.054104	 	5040.000000
95.057964	 	5046.666667
170.552568	 	5053.333333
137.138921	 	5060.000000
112.203727	 	5066.666667
56.328785	 	5073.333333
150.036452	 	5080.000000
143.410984	 	5086.666667
70.713989	 	5093.333333
68.339129	 	5100.000000
114.264637	 	5106.666667
134.361095	 	5113.333333
131.804659	 	5120.000000
75.719367	 	5126.666667
88.047349	 	5133.333333
80.644187	 	5140.000000
78.828549	 	5146.666667
85.070650	 	5153.333333
138.116159	 	5160.000000
93.300761	 	5166.666667
110.364380	 	5173.333333
40.151464	 	5180.000000
59.810494	 	5186.666667
129.276469	 	5193.333333
135.969110	 	5200.000000
91.620922	 	5206.666667
45.556657	 	5213.333333
42.748113	 	5220.000000
124.440537	 	5226.666667
76.366025	 	5233.333333
60.965767	 	5240.000000
82.686418	 	5246.666667
74.284039	 	5253.333333
126.251983	 	5260.000000
102.171813	 	5266.666667
43.689744	 	5273.333333
111.717659	 	5280.000000
76.324496	 	5286.666667
86.951655	 	5293.333333
70.323406	 	5300.000000
49.197377	 	5306.666667
69.930977	 	5313.333333
76.207579	 	5320.000000
73.725892	 	5326.666667
111.196979	 	5333.333333
71.646835	 	5340.000000
79.717072	 	5346.666667
47.575321	 	5353.333333
49.561024	 	5360.000000
96.253203	 	5366.666667
88.193969	 	5373.333333
52.558872	 	5380.000000
73.905390	 	5386.666667
72.917186	 	5393.333333
91.563848	 	5400.000000
78.239558	 	5406.666667
34.359061	 	5413.333333
32.335702	 	5420.000000
61.650573	 	5426.666667
96.486709	 	5433.333333
80.668667	 	5440.000000
19.640625	 	5446.666667
65.783365	 	5453.333333
63.975856	 	5460.000000
67.542487	 	5466.666667
76.389863	 	5473.333333
32.725559	 	5480.000000
53.767491	 	5486.666667
77.967518	 	5493.333333
44.482100	 	5500.000000
53.860603	 	5506.666667
48.765780	 	5513.333333
27.457331	 	5520.000000
80.647127	 	5526.666667
60.383550	 	5533.333333
41.423066	 	5540.000000
35.004713	 	5546.666667
38.502886	 	5553.333333
73.053078	 	5560.000000
62.258287	 	5566.666667
59.712310	 	5573.333333
59.767129	 	5580.000000
34.700105	 	5586.666667
66.892227	 	5593.333333
52.682825	 	5600.000000
-7.546845	 	5606.666667
60.018562	 	5613.333333
95.007322	 	5620.000000
55.262656	 	5626.666667
28.008219	 	5633.333333
24.029741	 	5640.000000
10.487377	 	5646.666667
77.273775	 	5653.333333
70.375514	 	5660.000000
81.226273	 	5666.666667
7.622497	 	5673.333333
16.219290	 	5680.000000
18.806115	 	5686.666667
78.461199	 	5693.333333
64.780491	 	5700.000000
67.994131	 	5706.666667
6.689342	 	5713.333333
64.143926	 	5720.000000
25.903558	 	5726.666667
62.762213	 	5733.333333
16.378987	 	5740.000000
44.038773	 	5746.666667
49.865961	 	5753.333333
45.065752	 	5760.000000
32.526841	 	5766.666667
52.080979	 	5773.333333
41.580141	 	5780.000000
68.106406	 	5786.666667
3.559577	 	5793.333333
-3.599162	 	5800.000000
34.151908	 	5806.666667
51.203844	 	5813.333333
73.201497	 	5820.000000
33.778550	 	5826.666667
-6.927059	 	5833.333333
-9.727487	 	5840.000000
34.423263	 	5846.666667
51.118553	 	5853.333333
75.313250	 	5860.000000
23.958253	 	5866.666667
18.831153	 	5873.333333
19.843829	 	5880.000000
29.942692	 	5886.666667
7.856830	 	5893.333333
59.337287	 	5900.000000
44.027275	 	5906.666667
51.704220	 	5913.333333
31.945508	 	5920.000000
18.110959	 	5926.666667
-15.406921	 	5933.333333
12.917951	 	5940.000000
5.940340	 	5946.666667
64.924652	 	5953.333333
43.965584	 	5960.000000
42.750750	 	5966.666667
-0.418308	 	5973.333333
52.212176	 	5980.000000
-6.298399	 	5986.666667
34.378229	 	5993.333333
32.888202	 	6000.000000
26.916972	 	6006.666667
45.653892	 	6013.333333
39.311068	 	6020.000000
11.734267	 	6026.666667
46.654635	 	6033.333333
14.130192	 	6040.000000
30.011617	 	6046.666667
7.726841	 	6053.333333
31.838557	 	6060.000000
39.616318	 	6066.666667
61.724442	 	6073.333333
28.251174	 	6080.000000
-6.601434	 	6086.666667
-20.391572	 	6093.333333
29.776862	 	6100.000000
25.610022	 	6106.666667
34.433993	 	6113.333333
47.923778	 	6120.000000
12.518180	 	6126.666667
-6.456434	 	6133.333333
6.274233	 	6140.000000
38.738982	 	6146.666667
71.241056	 	6153.333333
-10.811949	 	6160.000000
-1.401658	 	6166.666667
36.644066	 	6173.333333
36.557975	 	6180.000000
34.842172	 	6186.666667
1.877622	 	6193.333333
9.074534	 	6200.000000
46.284907	 	6206.666667
-2.589423	 	6213.333333
-13.762565	 	6220.000000
36.963320	 	6226.666667
39.005228	 	6233.333333
32.879937	 	6240.000000
17.951669	 	6246.666667
-9.309947	 	6253.333333
10.346447	 	6260.000000
31.198567	 	6266.666667
21.622211	 	6273.333333
17.930165	 	6280.000000
6.572523	 	6286.666667
9.224181	 	6293.333333
30.778612	 	6300.000000
43.094852	 	6306.666667
2.168559	 	6313.333333
22.369845	 	6320.000000
6.611564	 	6326.666667
44.194422	 	6333.333333
26.027959	 	6340.000000
-0.775099	 	6346.666667
-7.566583	 	6353.333333
50.910272	 	6360.000000
1.175652	 	6366.666667
42.027769	 	6373.333333
28.060757	 	6380.000000
-4.708939	 	6386.666667
-4.106509	 	6393.333333
12.233681	 	6400.000000
23.816207	 	6406.666667
56.618405	 	6413.333333
6.659878	 	6420.000000
-4.021706	 	6426.666667
-0.719700	 	6433.333333
29.320435	 	6440.000000
-0.890703	 	6446.666667
18.080800	 	6453.333333
32.356385	 	6460.000000
18.219004	 	6466.666667
10.794876	 	6473.333333
0.294875	 	6480.000000
7.679938	 	6486.666667
19.458289	 	6493.333333
38.489013	 	6500.000000
38.808962	 	6506.666667
13.066886	 	6513.333333
-13.052738	 	6520.000000
16.307732	 	6526.666667
-2.123405	 	6533.333333
35.058261	 	6540.000000
8.238451	 	6546.666667
2.253474	 	6553.333333
22.554572	 	6560.000000
47.891244	 	6566.666667
-2.861861	 	6573.333333
1.062680	 	6580.000000
4.208215	 	6586.666667
-3.713748	 	6593.333333
35.011691	 	6600.000000
37.386838	 	6606.666667
2.771377	 	6613.333333
38.307230	 	6620.000000
4.318321	 	6626.666667
-17.882051	 	6633.333333
24.275462	 	6640.000000
-21.728657	 	6646.666667
-10.287196	 	6653.333333
55.775192	 	6660.000000
17.201504	 	6666.666667
8.704547	 	6673.333333
2.258690	 	6680.000000
-15.646913	 	6686.666667
-11.814556	 	6693.333333
28.874882	 	6700.000000
38.743143	 	6706.666667
-5.114240	 	6713.333333
18.145522	 	6720.000000
15.520753	 	6726.666667
-18.553841	 	6733.333333
8.539989	 	6740.000000
-4.260455	 	6746.666667
6.427415	 	6753.333333
26.582683	 	6760.000000
31.769590	 	6766.666667
22.508994	 	6773.333333
22.845560	 	6780.000000
-19.885503	 	6786.666667
-22.250804	 	6793.333333
26.014714	 	6800.000000
56.878173	 	6806.666667
-4.888832	 	6813.333333
-9.789306	 	6820.000000
-15.920119	 	6826.666667
24.424235	 	6833.333333
8.932299	 	6840.000000
-0.777426	 	6846.666667
-9.028901	 	6853.333333
33.127544	 	6860.000000
6.120165	 	6866.666667
-15.715539	 	6873.333333
40.242045	 	6880.000000
22.339055	 	6886.666667
-8.371639	 	6893.333333
-2.494452	 	6900.000000
5.996670	 	6906.666667
6.186035	 	6913.333333
15.756420	 	6920.000000
3.000603	 	6926.666667
6.763912	 	6933.333333
20.710071	 	6940.000000
2.225890	 	6946.666667
-11.578435	 	6953.333333
11.807350	 	6960.000000
39.176692	 	6966.666667
25.347900	 	6973.333333
-1.496337	 	6980.000000
5.570138	 	6986.666667
-29.746875	 	6993.333333
-3.893397	 	7000.000000
29.143690	 	7006.666667
19.283791	 	7013.333333
17.352954	 	7020.000000
4.313218	 	7026.666667
-18.967349	 	7033.333333
30.314802	 	7040.000000
-10.879564	 	7046.666667
6.419037	 	7053.333333
3.161907	 	7060.000000
4.014099	 	7066.666667
20.375610	 	7073.333333
1.600915	 	7080.000000
-3.500464	 	7086.666667
7.216041	 	7093.333333
4.882012	 	7100.000000
4.370097	 	7106.666667
-9.098545	 	7113.333333
-5.102099	 	7120.000000
32.092119	 	7126.666667
10.512751	 	7133.333333
12.070545	 	7140.000000
-10.200969	 	7146.666667
-21.908605	 	7153.333333
34.317972	 	7160.000000
-2.175377	 	7166.666667
5.867138	 	7173.333333
5.718438	 	7180.000000
-1.550425	 	7186.666667
1.718147	 	7193.333333
5.335913	 	7200.000000
-22.668690	 	7206.666667
21.257092	 	7213.333333
37.523314	 	7220.000000
13.083706	 	7226.666667
-16.484902	 	7233.333333
-16.418221	 	7240.000000
-7.705124	 	7246.666667
16.122577	 	7253.333333
-8.341910	 	7260.000000
27.576670	 	7266.666667
35.935703	 	7273.333333
16.174157	 	7280.000000
-43.798328	 	7286.666667
-44.269826	 	7293.333333
3.930672	 	7300.000000
56.457778	 	7306.666667
22.255192	 	7313.333333
14.568854	 	7320.000000
-4.823137	 	7326.666667
6.227576	 	7333.333333
-21.718907	 	7340.000000
-28.984282	 	7346.666667
26.874227	 	7353.333333
35.133190	 	7360.000000
-0.262795	 	7366.666667
-6.762363	 	7373.333333
-4.166516	 	7380.000000
9.505228	 	7386.666667
-4.007160	 	7393.333333
-8.111047	 	7400.000000
23.237522	 	7406.666667
22.430777	 	7413.333333
8.094404	 	7420.000000
-14.949719	 	7426.666667
-5.918977	 	7433.333333
32.093966	 	7440.000000
-19.719549	 	7446.666667
-23.379154	 	7453.333333
23.078603	 	7460.000000
9.087421	 	7466.666667
23.532809	 	7473.333333
16.471573	 	7480.000000
-21.161737	 	7486.666667
-18.340165	 	7493.333333
-5.731630	 	7500.000000
20.393703	 	7506.666667
33.151931	 	7513.333333
0.456847	 	7520.000000
-36.632848	 	7526.666667
-13.782200	 	7533.333333
28.184374	 	7540.000000
18.494642	 	7546.666667
11.950119	 	7553.333333
-31.887718	 	7560.000000
-37.455869	 	7566.666667
24.868067	 	7573.333333
31.126820	 	7580.000000
30.442750	 	7586.666667
-14.188275	 	7593.333333
-17.739169	 	7600.000000
-1.684882	 	7606.666667
19.956316	 	7613.333333
26.096855	 	7620.000000
8.160436	 	7626.666667
-44.804488	 	7633.333333
10.229643	 	7640.000000
13.292177	 	7646.666667
19.248963	 	7653.333333
15.022048	 	7660.000000
-12.264561	 	7666.666667
-37.430063	 	7673.333333
26.663478	 	7680.000000
15.120916	 	7686.666667
10.151634	 	7693.333333
-27.899811	 	7700.000000
0.549951	 	7706.666667
14.652645	 	7713.333333
58.845378	 	7720.000000
-19.449455	 	7726.666667
-15.239372	 	7733.333333
-10.083664	 	7740.000000
-2.863529	 	7746.666667
20.760282	 	7753.333333
24.197569	 	7760.000000
4.943023	 	7766.666667
-8.966010	 	7773.333333
-3.376094	 	7780.000000
17.207557	 	7786.666667
3.468081	 	7793.333333
-17.853699	 	7800.000000
7.270339	 	7806.666667
1.959155	 	7813.333333
7.830103	 	7820.000000
-17.571463	 	7826.666667
11.138757	 	7833.333333
39.837787	 	7840.000000
14.147916	 	7846.666667
-30.270611	 	7853.333333
-42.944452	 	7860.000000
1.952489	 	7866.666667
53.503564	 	7873.333333
15.683772	 	7880.000000
-20.573008	 	7886.666667
-39.475820	 	7893.333333
25.528549	 	7900.000000
28.498215	 	7906.666667
5.466438	 	7913.333333
-2.826695	 	7920.000000
-8.740222	 	7926.666667
13.560165	 	7933.333333
-5.405857	 	7940.000000
-5.497590	 	7946.666667
-18.211121	 	7953.333333
7.289417	 	7960.000000
20.975763	 	7966.666667
36.463234	 	7973.333333
-8.950803	 	7980.000000
-10.944358	 	7986.666667
-24.920459	 	7993.333333
-9.571390	 	8000.000000
37.572069	 	8006.666667
15.882556	 	8013.333333
-21.520374	 	8020.000000
12.362749	 	8026.666667
-0.944109	 	8033.333333
12.919132	 	8040.000000
-11.023340	 	8046.666667
-31.050883	 	8053.333333
-27.413369	 	8060.000000
28.668534	 	8066.666667
45.150821	 	8073.333333
37.025322	 	8080.000000
-22.253497	 	8086.666667
-46.081273	 	8093.333333
7.331048	 	8100.000000
13.648016	 	8106.666667
7.325749	 	8113.333333
-24.174653	 	8120.000000
6.353359	 	8126.666667
36.713301	 	8133.333333
28.484242	 	8140.000000
-36.517271	 	8146.666667
-26.408617	 	8153.333333
2.433482	 	8160.000000
18.173634	 	8166.666667
-0.395943	 	8173.333333
12.437778	 	8180.000000
1.615778	 	8186.666667
15.032252	 	8193.333333
9.218274	 	8200.000000
-17.097984	 	8206.666667
-11.588746	 	8213.333333
-10.900301	 	8220.000000
-5.535836	 	8226.666667
26.912237	 	8233.333333
9.679483	 	8240.000000
17.251282	 	8246.666667
-17.909050	 	8253.333333
-15.466138	 	8260.000000
11.581410	 	8266.666667
2.333555	 	8273.333333
-29.942286	 	8280.000000
8.408573	 	8286.666667
-2.208425	 	8293.333333
27.538204	 	8300.000000
2.271146	 	8306.666667
-5.541453	 	8313.333333
14.200388	 	8320.000000
-2.301035	 	8326.666667
-28.339678	 	8333.333333
6.667357	 	8340.000000
7.863877	 	8346.666667
2.922720	 	8353.333333
6.565146	 	8360.000000
-15.458308	 	8366.666667
11.764691	 	8373.333333
13.161691	 	8380.000000
-18.363200	 	8386.666667
-4.577762	 	8393.333333
-15.759753	 	8400.000000
19.015195	 	8406.666667
6.462208	 	8413.333333
9.696482	 	8420.000000
-25.941372	 	8426.666667
1.360317	 	8433.333333
14.101931	 	8440.000000
10.557836	 	8446.666667
10.074921	 	8453.333333
-4.338145	 	8460.000000
-18.533350	 	8466.666667
-23.205427	 	8473.333333
30.236538	 	8480.000000
-17.071284	 	8486.666667
24.281203	 	8493.333333
-10.595037	 	8500.000000
-18.210749	 	8506.666667
10.038142	 	8513.333333
20.011127	 	8520.000000
-30.168936	 	8526.666667
-9.820817	 	8533.333333
-3.676546	 	8540.000000
19.892027	 	8546.666667
38.333472	 	8553.333333
-6.852422	 	8560.000000
-32.722132	 	8566.666667
4.192382	 	8573.333333
3.455434	 	8580.000000
19.539873	 	8586.666667
-11.811959	 	8593.333333
12.506456	 	8600.000000
-6.246015	 	8606.666667
3.331542	 	8613.333333
2.391273	 	8620.000000
-0.045280	 	8626.666667
2.489299	 	8633.333333
-5.044901	 	8640.000000
-23.693267	 	8646.666667
9.947285	 	8653.333333
1.957706	 	8660.000000
3.093480	 	8666.666667
15.958162	 	8673.333333
-0.135264	 	8680.000000
-2.673078	 	8686.666667
-26.166634	 	8693.333333
-18.622346	 	8700.000000
9.930595	 	8706.666667
6.801357	 	8713.333333
9.896119	 	8720.000000
-14.349836	 	8726.666667
-9.302912	 	8733.333333
2.394905	 	8740.000000
-10.847089	 	8746.666667
-11.716069	 	8753.333333
30.352801	 	8760.000000
-13.875208	 	8766.666667
-7.601181	 	8773.333333
5.456168	 	8780.000000
12.890573	 	8786.666667
-27.701307	 	8793.333333
-7.630092	 	8800.000000
-16.642532	 	8806.666667
7.714753	 	8813.333333
21.587306	 	8820.000000
8.441358	 	8826.666667
-17.449585	 	8833.333333
-3.029559	 	8840.000000
-21.475878	 	8846.666667
-5.854712	 	8853.333333
-12.259074	 	8860.000000
24.457129	 	8866.666667
-5.200200	 	8873.333333
46.717395	 	8880.000000
-12.863912	 	8886.666667
-19.043266	 	8893.333333
-14.183077	 	8900.000000
1.157726	 	8906.666667
-31.995919	 	8913.333333
42.484006	 	8920.000000
2.909418	 	8926.666667
-1.248759	 	8933.333333
26.963938	 	8940.000000
2.930255	 	8946.666667
-55.617244	 	8953.333333
-11.174864	 	8960.000000
15.427861	 	8966.666667
34.383138	 	8973.333333
16.320938	 	8980.000000
-6.154695	 	8986.666667
-20.189403	 	8993.333333
46.811402	 	9000.000000
0.105928	 	9006.666667
-17.651360	 	9013.333333
-18.228188	 	9020.000000
-8.770093	 	9026.666667
22.257841	 	9033.333333
29.103797	 	9040.000000
-14.432552	 	9046.666667
-3.117711	 	9053.333333
-17.468000	 	9060.000000
-0.228352	 	9066.666667
-6.584490	 	9073.333333
21.066656	 	9080.000000
2.071083	 	9086.666667
11.823116	 	9093.333333
-18.641410	 	9100.000000
-10.735591	 	9106.666667
7.603914	 	9113.333333
20.236162	 	9120.000000
-2.597008	 	9126.666667
-8.836187	 	9133.333333
-19.758461	 	9140.000000
7.368570	 	9146.666667
-13.685935	 	9153.333333
-16.244071	 	9160.000000
8.777810	 	9166.666667
25.118043	 	9173.333333
16.847720	 	9180.000000
-37.991993	 	9186.666667
-24.233953	 	9193.333333
9.145635	 	9200.000000
23.695611	 	9206.666667
10.027478	 	9213.333333
-30.576660	 	9220.000000
-7.323418	 	9226.666667
9.352453	 	9233.333333
0.660426	 	9240.000000
-15.553350	 	9246.666667
-7.485112	 	9253.333333
2.097889	 	9260.000000
28.523507	 	9266.666667
-0.288399	 	9273.333333
-19.000627	 	9280.000000
-12.354310	 	9286.666667
0.275603	 	9293.333333
7.284539	 	9300.000000
8.559604	 	9306.666667
-16.072482	 	9313.333333
7.881729	 	9320.000000
16.420466	 	9326.666667
-30.098869	 	9333.333333
-0.748594	 	9340.000000
8.216402	 	9346.666667
-18.777438	 	9353.333333
12.918504	 	9360.000000
8.221116	 	9366.666667
-11.395418	 	9373.333333
1.797393	 	9380.000000
-24.229736	 	9386.666667
-6.475866	 	9393.333333
31.463358	 	9400.000000
21.830523	 	9406.666667
-24.362211	 	9413.333333
-49.768551	 	9420.000000
13.969606	 	9426.666667
10.948410	 	9433.333333
25.560898	 	9440.000000
-14.655389	 	9446.666667
-29.125908	 	9453.333333
11.032425	 	9460.000000
-2.530536	 	9466.666667
-5.823420	 	9473.333333
6.687442	 	9480.000000
-19.616157	 	9486.666667
-4.569303	 	9493.333333
16.160038	 	9500.000000
5.465137	 	9506.666667
5.022954	 	9513.333333
7.426641	 	9520.000000
-30.118063	 	9526.666667
-19.998380	 	9533.333333
-11.614762	 	9540.000000
5.691416	 	9546.666667
28.994383	 	9553.333333
-16.331664	 	9560.000000
-23.130975	 	9566.666667
1.103184	 	9573.333333
6.448085	 	9580.000000
-5.011874	 	9586.666667
17.533784	 	9593.333333
-14.507580	 	9600.000000
4.405649	 	9606.666667
-10.407751	 	9613.333333
-0.523283	 	9620.000000
2.667031	 	9626.666667
-20.444557	 	9633.333333
3.310789	 	9640.000000
-13.608440	 	9646.666667
-15.199009	 	9653.333333
30.032283	 	9660.000000
20.335815	 	9666.666667
8.979001	 	9673.333333
2.289320	 	9680.000000
-44.405832	 	9686.666667
-20.418680	 	9693.333333
-18.050320	 	9700.000000
-1.854502	 	9706.666667
50.729631	 	9713.333333
33.772950	 	9720.000000
-37.669078	 	9726.666667
-26.173392	 	9733.333333
-5.042210	 	9740.000000
27.979450	 	9746.666667
-4.967794	 	9753.333333
-6.221903	 	9760.000000
7.911648	 	9766.666667
-18.620433	 	9773.333333
-2.020902	 	9780.000000
-15.528992	 	9786.666667
24.643913	 	9793.333333
25.598441	 	9800.000000
-38.779032	 	9806.666667
-18.400444	 	9813.333333
31.308522	 	9820.000000
19.779465	 	9826.666667
-0.015378	 	9833.333333
-26.931829	 	9840.000000
-28.279169	 	9846.666667
13.029440	 	9853.333333
0.660245	 	9860.000000
16.200605	 	9866.666667
6.317285	 	9873.333333
6.936402	 	9880.000000
-1.634519	 	9886.666667
-14.375545	 	9893.333333
-22.008834	 	9900.000000
6.428324	 	9906.666667
1.053468	 	9913.333333
33.418904	 	9920.000000
-5.746379	 	9926.666667
-43.104504	 	9933.333333
-2.936427	 	9940.000000
50.514362	 	9946.666667
-0.302852	 	9953.333333
-14.426345	 	9960.000000
-48.651908	 	9966.666667
-5.925641	 	9973.333333
39.502251	 	9980.000000
15.263445	 	9986.666667
19.588558	 	9993.333333
-31.131822	 	10000.000000
-28.384385	 	10006.666667
-17.330077	 	10013.333333
-6.576021	 	10020.000000
32.890675	 	10026.666667
19.715297	 	10033.333333
-34.430815	 	10040.000000
3.394624	 	10046.666667
-9.262619	 	10053.333333
26.799292	 	10060.000000
-6.039375	 	10066.666667
-28.078534	 	10073.333333
-4.637609	 	10080.000000
18.548475	 	10086.666667
-3.217487	 	10093.333333
-11.494256	 	10100.000000
7.280360	 	10106.666667
3.596626	 	10113.333333
8.244515	 	10120.000000
-15.485522	 	10126.666667
-7.590517	 	10133.333333
0.774226	 	10140.000000
26.686042	 	10146.666667
-7.123172	 	10153.333333
-12.121149	 	10160.000000
7.406548	 	10166.666667
-19.942032	 	10173.333333
-37.215591	 	10180.000000
4.496364	 	10186.666667
28.510808	 	10193.333333
33.324366	 	10200.000000
-19.401642	 	10206.666667
-31.701464	 	10213.333333
-1.054805	 	10220.000000
25.961415	 	10226.666667
-5.158976	 	10233.333333
-24.615778	 	10240.000000
-9.903846	 	10246.666667
7.302653	 	10253.333333
5.135731	 	10260.000000
11.515042	 	10266.666667
-7.515897	 	10273.333333
-12.614781	 	10280.000000
-1.525757	 	10286.666667
-5.020512	 	10293.333333
-14.811068	 	10300.000000
21.635993	 	10306.666667
3.652054	 	10313.333333
30.345342	 	10320.000000
-33.006207	 	10326.666667
-42.946530	 	10333.333333
7.243434	 	10340.000000
27.834519	 	10346.666667
0.975671	 	10353.333333
6.453534	 	10360.000000
-31.717746	 	10366.666667
-5.193662	 	10373.333333
-6.780245	 	10380.000000
4.957158	 	10386.666667
-4.900727	 	10393.333333
23.607035	 	10400.000000
-20.858932	 	10406.666667
3.353298	 	10413.333333
-27.130741	 	10420.000000
10.305857	 	10426.666667
-9.391436	 	10433.333333
15.040673	 	10440.000000
-14.176311	 	10446.666667
-0.885336	 	10453.333333
-14.359829	 	10460.000000
12.401798	 	10466.666667
-20.017869	 	10473.333333
39.704781	 	10480.000000
-23.987117	 	10486.666667
0.045868	 	10493.333333
-5.615131	 	10500.000000
31.550567	 	10506.666667
1.854407	 	10513.333333
2.316937	 	10520.000000
-4.882820	 	10526.666667
-9.178016	 	10533.333333
-42.648814	 	10540.000000
23.577183	 	10546.666667
-1.081491	 	10553.333333
1.228289	 	10560.000000
2.675440	 	10566.666667
7.446693	 	10573.333333
-10.590355	 	10580.000000
16.449343	 	10586.666667
-48.963498	 	10593.333333
11.956773	 	10600.000000
13.308770	 	10606.666667
11.197891	 	10613.333333
-7.276757	 	10620.000000
-8.864523	 	10626.666667
-38.465735	 	10633.333333
12.579013	 	10640.000000
9.354910	 	10646.666667
-2.418965	 	10653.333333
-6.983434	 	10660.000000
-2.537816	 	10666.666667
17.353499	 	10673.333333
15.801490	 	10680.000000
-48.062921	 	10686.666667
-40.034603	 	10693.333333
7.020426	 	10700.000000
65.228941	 	10706.666667
1.241299	 	10713.333333
-8.108180	 	10720.000000
0.530689	 	10726.666667
-13.206106	 	10733.333333
4.363300	 	10740.000000
25.642975	 	10746.666667
-43.176800	 	10753.333333
13.240472	 	10760.000000
17.209766	 	10766.666667
10.732024	 	10773.333333
2.455525	 	10780.000000
-42.101764	 	10786.666667
-23.923711	 	10793.333333
27.696945	 	10800.000000
2.754169	 	10806.666667
29.335540	 	10813.333333
-4.519678	 	10820.000000
-5.939251	 	10826.666667
8.008088	 	10833.333333
-15.749910	 	10840.000000
-0.036157	 	10846.666667
-14.081572	 	10853.333333
-5.025229	 	10860.000000
14.386440	 	10866.666667
29.057262	 	10873.333333
6.223284	 	10880.000000
-32.027012	 	10886.666667
-13.339638	 	10893.333333
4.420640	 	10900.000000
29.861495	 	10906.666667
-8.364785	 	10913.333333
-5.479989	 	10920.000000
-12.281974	 	10926.666667
15.644385	 	10933.333333
7.171694	 	10940.000000
1.703016	 	10946.666667
-16.997376	 	10953.333333
-19.522102	 	10960.000000
-2.646012	 	10966.666667
28.104471	 	10973.333333
-19.881041	 	10980.000000
4.932795	 	10986.666667
-4.805225	 	10993.333333
28.853795	 	11000.000000
-5.800676	 	11006.666667
-31.392979	 	11013.333333
-19.619487	 	11020.000000
27.447948	 	11026.666667
20.653134	 	11033.333333
16.015899	 	11040.000000
13.332691	 	11046.666667
-40.282223	 	11053.333333
-10.115929	 	11060.000000
-14.955870	 	11066.666667
16.820176	 	11073.333333
46.054037	 	11080.000000
4.442901	 	11086.666667
-41.393201	 	11093.333333
-29.465009	 	11100.000000
4.967834	 	11106.666667
16.235628	 	11113.333333
22.931822	 	11120.000000
-27.846929	 	11126.666667
-13.927226	 	11133.333333
29.492944	 	11140.000000
-4.505070	 	11146.666667
-18.455054	 	11153.333333
-8.372156	 	11160.000000
4.757006	 	11166.666667
1.819744	 	11173.333333
19.313899	 	11180.000000
-6.529412	 	11186.666667
2.670117	 	11193.333333
-35.233046	 	11200.000000
-41.341849	 	11206.666667
35.366201	 	11213.333333
45.460340	 	11220.000000
-1.175805	 	11226.666667
-23.536528	 	11233.333333
-31.517517	 	11240.000000
22.255157	 	11246.666667
-6.007667	 	11253.333333
13.546413	 	11260.000000
-1.485413	 	11266.666667
10.623764	 	11273.333333
-14.408815	 	11280.000000
-6.318086	 	11286.666667
-9.213049	 	11293.333333
-5.024325	 	11300.000000
13.788654	 	11306.666667
-5.813490	 	11313.333333
-20.230910	 	11320.000000
13.972644	 	11326.666667
9.592014	 	11333.333333
-17.608059	 	11340.000000
-4.169714	 	11346.666667
-13.607360	 	11353.333333
17.150887	 	11360.000000
31.566275	 	11366.666667
-25.729891	 	11373.333333
22.584436	 	11380.000000
-10.685409	 	11386.666667
-38.708643	 	11393.333333
-28.034821	 	11400.000000
-12.528141	 	11406.666667
18.972783	 	11413.333333
42.594900	 	11420.000000
16.522128	 	11426.666667
-4.648385	 	11433.333333
-23.701382	 	11440.000000
-33.863950	 	11446.666667
-8.351312	 	11453.333333
-2.494160	 	11460.000000
12.021933	 	11466.666667
1.914112	 	11473.333333
28.608265	 	11480.000000
-4.597383	 	11486.666667
-14.888305	 	11493.333333
-11.559472	 	11500.000000
1.373470	 	11506.666667
-5.846376	 	11513.333333
0.472462	 	11520.000000
-11.740254	 	11526.666667
19.766522	 	11533.333333
-1.990837	 	11540.000000
-21.154533	 	11546.666667
8.197391	 	11553.333333
12.395465	 	11560.000000
-35.341653	 	11566.666667
-23.104243	 	11573.333333
16.487989	 	11580.000000
36.005478	 	11586.666667
4.303171	 	11593.333333
-25.451041	 	11600.000000
1.928945	 	11606.666667
11.145153	 	11613.333333
-13.556806	 	11620.000000
-21.229862	 	11626.666667
-0.097009	 	11633.333333
11.489361	 	11640.000000
10.026255	 	11646.666667
-9.717705	 	11653.333333
-2.476136	 	11660.000000
6.520828	 	11666.666667
-41.638256	 	11673.333333
19.561043	 	11680.000000
20.262590	 	11686.666667
5.349922	 	11693.333333
-3.325997	 	11700.000000
2.404808	 	11706.666667
-35.458784	 	11713.333333
19.790476	 	11720.000000
-22.091985	 	11726.666667
47.282612	 	11733.333333
-30.769639	 	11740.000000
-19.832398	 	11746.666667
-19.520950	 	11753.333333
25.088308	 	11760.000000
-14.436588	 	11766.666667
23.776773	 	11773.333333
18.677536	 	11780.000000
-23.834230	 	11786.666667
-23.473846	 	11793.333333
1.489082	 	11800.000000
13.944979	 	11806.666667
13.226779	 	11813.333333
-18.562997	 	11820.000000
5.810391	 	11826.666667
-11.890202	 	11833.333333
2.212704	 	11840.000000
-57.179066	 	11846.666667
34.587297	 	11853.333333
-3.950348	 	11860.000000
40.490242	 	11866.666667
-20.092403	 	11873.333333
-36.700209	 	11880.000000
14.909736	 	11886.666667
11.641991	 	11893.333333
11.532896	 	11900.000000
-24.788956	 	11906.666667
-10.976611	 	11913.333333
42.561310	 	11920.000000
-29.781414	 	11926.666667
-2.129069	 	11933.333333
-32.267046	 	11940.000000
45.084857	 	11946.666667
-46.311540	 	11953.333333
21.602760	 	11960.000000
7.144813	 	11966.666667
28.806378	 	11973.333333
-65.855093	 	11980.000000
38.096442	 	11986.666667
-43.563554	 	11993.333333
7.634047	 	12000.000000
8.324030	 	12006.666667
46.340333	 	12013.333333
-16.242248	 	12020.000000
-33.186232	 	12026.666667
-4.548028	 	12033.333333
51.729983	 	12040.000000
-62.864000	 	12046.666667
-40.096800	 	12053.333333
41.021123	 	12060.000000
54.016706	 	12066.666667
-61.884193	 	12073.333333
94.108498	 	12080.000000
-127.547567	 	12086.666667
-3.374488	 	12093.333333
43.519518	 	12100.000000
86.310209	 	12106.666667
-94.372391	 	12113.333333
-56.315048	 	12120.000000
65.022855	 	12126.666667
11.545210	 	12133.333333
104.283958	 	12140.000000
-181.295197	 	12146.666667
41.615786	 	12153.333333
-51.530667	 	12160.000000
-2.383443	 	12166.666667
90.303515	 	12173.333333
104.936356	 	12180.000000
-195.038589	 	12186.666667
40.037036	 	12193.333333
-67.875498	 	12200.000000
169.927711	 	12206.666667
2.926992	 	12213.333333
-179.401569	 	12220.000000
10.684234	 	12226.666667
-9.288850	 	12233.333333
1.326891	 	12240.000000
221.717542	 	12246.666667
-226.861642	 	12253.333333
352.783394	 	12260.000000
-257.945318	 	12266.666667
-237.351342	 	12273.333333
-18.433070	 	12280.000000
-177.062156	 	12286.666667
810.684047	 	12293.333333
26.641524	 	12300.000000
-350.220650	 	12306.666667
-503.518027	 	12313.333333
496.060533	 	12320.000000
-366.059720	 	12326.666667
129.891705	 	12333.333333
228.359821	 	12340.000000
200.784428	 	12346.666667
-367.639632	 	12353.333333
179.252306	 	12360.000000
-429.509430	 	12366.666667
520.378296	 	12373.333333
-74.717214	 	12380.000000
-373.832653	 	12386.666667
-69.216785	 	12393.333333
469.533722	 	12400.000000
205.476377	 	12406.666667
-90.382345	 	12413.333333
-658.015626	 	12420.000000
23.927518	 	12426.666667
431.994099	 	12433.333333
-526.120455	 	12440.000000
1327.305148	 	12446.666667
-561.814991	 	12453.333333
-583.435931	 	12460.000000
-306.334884	 	12466.666667
540.102479	 	12473.333333
415.906515	 	12480.000000
-202.848306	 	12486.666667
-771.103163	 	12493.333333
570.613686	 	12500.000000
94.329032	 	12506.666667
226.225545	 	12513.333333
77.884502	 	12520.000000
-430.081410	 	12526.666667
-352.150293	 	12533.333333
-200.044387	 	12540.000000
756.431691	 	12546.666667
220.384024	 	12553.333333
-815.277398	 	12560.000000
1146.873458	 	12566.666667
-602.835521	 	12573.333333
-480.574949	 	12580.000000
-674.386950	 	12586.666667
1488.201117	 	12593.333333
102.012245	 	12600.000000
-520.363714	 	12606.666667
-340.874089	 	12613.333333
657.476349	 	12620.000000
-384.646412	 	12626.666667
-324.340284	 	12633.333333
-874.296610	 	12640.000000
2178.578164	 	12646.666667
-229.141000	 	12653.333333
-648.491341	 	12660.000000
-521.563996	 	12666.666667
-647.427589	 	12673.333333
1433.419128	 	12680.000000
524.622765	 	12686.666667
-675.677745	 	12693.333333
-355.696644	 	12700.000000
-691.787131	 	12706.666667
720.761105	 	12713.333333
200.025413	 	12720.000000
637.769656	 	12726.666667
-736.717736	 	12733.333333
-807.493652	 	12740.000000
1270.124484	 	12746.666667
-469.012311	 	12753.333333
-531.677654	 	12760.000000
1124.464231	 	12766.666667
-910.817152	 	12773.333333
786.094604	 	12780.000000
-836.742121	 	12786.666667
68.534450	 	12793.333333
1089.148149	 	12800.000000
-700.804528	 	12806.666667
-890.656843	 	12813.333333
442.680274	 	12820.000000
-198.215541	 	12826.666667
1791.917940	 	12833.333333
-914.095582	 	12840.000000
-598.554799	 	12846.666667
225.314342	 	12853.333333
-625.023835	 	12860.000000
1164.387655	 	12866.666667
-805.194134	 	12873.333333
330.434149	 	12880.000000
607.860214	 	12886.666667
-979.754723	 	12893.333333
-414.759708	 	12900.000000
-979.413568	 	12906.666667
3482.329350	 	12913.333333
-761.509114	 	12920.000000
-700.295039	 	12926.666667
-633.269892	 	12933.333333
-248.390158	 	12940.000000
-793.399221	 	12946.666667
2269.222744	 	12953.333333
-275.733168	 	12960.000000
-863.371776	 	12966.666667
750.056562	 	12973.333333
-691.360121	 	12980.000000
432.009711	 	12986.666667
-985.161175	 	12993.333333
-284.228735	 	13000.000000
2831.789463	 	13006.666667
-907.418152	 	13013.333333
-986.174993	 	13020.000000
-968.056830	 	13026.666667
910.256858	 	13033.333333
-982.834847	 	13040.000000
2655.560426	 	13046.666667
-413.036291	 	13053.333333
-836.343911	 	13060.000000
-986.281552	 	13066.666667
-654.470231	 	13073.333333
3219.984079	 	13080.000000
-976.612929	 	13086.666667
-995.240482	 	13093.333333
-255.658002	 	13100.000000
-66.394588	 	13106.666667
-996.945685	 	13113.333333
3492.352043	 	13120.000000
-990.545444	 	13126.666667
-942.295889	 	13133.333333
-666.654871	 	13140.000000
-967.594307	 	13146.666667
3301.387392	 	13153.333333
-787.501016	 	13160.000000
-992.493517	 	13166.666667
-949.481547	 	13173.333333
-621.741352	 	13180.000000
3574.419652	 	13186.666667
-999.386013	 	13193.333333
-999.972221	 	13200.000000
-999.894643	 	13206.666667
-999.996813	 	13213.333333
-996.069205	 	13220.000000
5148.897406	 	13226.666667
1806.503398	 	13233.333333
-999.998720	 	13240.000000
-999.998721	 	13246.666667
-999.998720	 	13253.333333
-999.998722	 	13260.000000
-999.998733	 	13266.666667
-999.998735	 	13273.333333
-999.998768	 	13280.000000
-999.998769	 	13286.666667
-999.998727	 	13293.333333
-999.998756	 	13300.000000
-999.998841	 	13306.666667
-999.998878	 	13313.333333
-999.998790	 	13320.000000
-999.998876	 	13326.666667
