#peak 	 	#time 
1.967386	 	0.000000
2.374302	 	6.666667
1.960261	 	13.333333
1.924878	 	20.000000
2.062263	 	26.666667
2.534534	 	33.333333
2.484571	 	40.000000
1.966053	 	46.666667
2.317905	 	53.333333
1.731485	 	60.000000
2.064818	 	66.666667
2.348769	 	73.333333
2.317905	 	80.000000
2.503090	 	86.666667
2.787041	 	93.333333
2.750004	 	100.000000
2.311732	 	106.666667
3.033954	 	113.333333
2.429016	 	120.000000
2.015436	 	126.666667
2.632720	 	133.333333
2.404324	 	140.000000
2.657411	 	146.666667
2.564818	 	153.333333
1.817905	 	160.000000
2.348769	 	166.666667
2.169757	 	173.333333
2.472226	 	180.000000
2.015436	 	186.666667
2.503090	 	193.333333
1.731485	 	200.000000
2.262349	 	206.666667
2.287041	 	213.333333
1.984571	 	220.000000
1.867287	 	226.666667
2.311732	 	233.333333
1.743831	 	240.000000
2.379633	 	246.666667
2.095683	 	253.333333
1.817905	 	260.000000
1.793213	 	266.666667
1.645065	 	273.333333
1.978399	 	280.000000
1.626547	 	286.666667
2.379633	 	293.333333
1.669757	 	300.000000
1.966053	 	306.666667
1.546300	 	313.333333
1.324078	 	320.000000
2.336423	 	326.666667
1.861115	 	333.333333
2.194448	 	340.000000
1.898152	 	346.666667
2.182102	 	353.333333
1.645065	 	360.000000
1.663584	 	366.666667
0.904324	 	373.333333
1.799386	 	380.000000
2.237658	 	386.666667
2.089510	 	393.333333
2.225312	 	400.000000
1.682102	 	406.666667
1.429016	 	413.333333
1.342596	 	420.000000
1.126547	 	426.666667
1.787041	 	433.333333
1.342596	 	440.000000
1.941362	 	446.666667
1.910497	 	453.333333
1.435189	 	460.000000
1.361115	 	466.666667
1.206794	 	473.333333
1.095683	 	480.000000
0.972226	 	486.666667
1.848769	 	493.333333
1.719139	 	500.000000
1.466053	 	506.666667
1.947534	 	513.333333
1.762349	 	520.000000
1.280868	 	526.666667
1.447534	 	533.333333
1.638892	 	540.000000
1.496917	 	546.666667
2.138892	 	553.333333
1.929016	 	560.000000
1.768522	 	566.666667
1.861115	 	573.333333
1.978399	 	580.000000
1.700621	 	586.666667
2.046300	 	593.333333
2.336423	 	600.000000
2.601855	 	606.666667
2.435189	 	613.333333
1.750004	 	620.000000
1.558645	 	626.666667
2.114201	 	633.333333
1.484571	 	640.000000
1.768522	 	646.666667
2.089510	 	653.333333
2.194448	 	660.000000
2.237658	 	666.666667
1.293213	 	673.333333
1.447534	 	680.000000
1.342596	 	686.666667
1.583337	 	693.333333
1.904324	 	700.000000
2.385806	 	706.666667
1.509263	 	713.333333
1.675929	 	720.000000
1.447534	 	726.666667
1.422843	 	733.333333
1.984571	 	740.000000
1.922843	 	746.666667
2.114201	 	753.333333
2.509263	 	760.000000
2.447534	 	766.666667
2.453707	 	773.333333
2.336423	 	780.000000
1.984571	 	786.666667
2.496917	 	793.333333
2.453707	 	800.000000
2.836423	 	806.666667
2.848769	 	813.333333
2.490744	 	820.000000
2.126547	 	826.666667
2.157411	 	833.333333
1.836423	 	840.000000
1.669757	 	846.666667
1.700621	 	853.333333
2.391979	 	860.000000
2.688275	 	866.666667
2.398152	 	873.333333
2.194448	 	880.000000
2.256176	 	886.666667
2.533954	 	893.333333
2.558645	 	900.000000
3.064818	 	906.666667
2.496917	 	913.333333
3.095683	 	920.000000
3.126547	 	926.666667
2.898152	 	933.333333
2.608028	 	940.000000
3.114201	 	946.666667
2.799386	 	953.333333
3.521608	 	960.000000
3.145065	 	966.666667
2.589510	 	973.333333
2.737658	 	980.000000
2.941362	 	986.666667
2.830250	 	993.333333
2.577164	 	1000.000000
2.780868	 	1006.666667
3.070991	 	1013.333333
2.959880	 	1020.000000
3.250004	 	1026.666667
2.861115	 	1033.333333
2.188275	 	1040.000000
3.021608	 	1046.666667
2.194448	 	1053.333333
2.336423	 	1060.000000
2.169757	 	1066.666667
2.626547	 	1073.333333
2.638892	 	1080.000000
2.361115	 	1086.666667
2.256176	 	1093.333333
2.515436	 	1100.000000
1.879633	 	1106.666667
2.194448	 	1113.333333
2.435189	 	1120.000000
2.262349	 	1126.666667
2.348769	 	1133.333333
2.175929	 	1140.000000
2.052473	 	1146.666667
2.083337	 	1153.333333
2.966053	 	1160.000000
2.225312	 	1166.666667
2.595683	 	1173.333333
2.305559	 	1180.000000
1.984571	 	1186.666667
2.558645	 	1193.333333
2.354942	 	1200.000000
1.848769	 	1206.666667
2.194448	 	1213.333333
2.311732	 	1220.000000
1.750004	 	1226.666667
2.311732	 	1233.333333
2.175929	 	1240.000000
2.021608	 	1246.666667
2.435189	 	1253.333333
1.793213	 	1260.000000
2.175929	 	1266.666667
1.694448	 	1273.333333
2.108028	 	1280.000000
1.731485	 	1286.666667
1.762349	 	1293.333333
1.762349	 	1300.000000
2.033954	 	1306.666667
1.805559	 	1313.333333
1.410497	 	1320.000000
1.219139	 	1326.666667
1.305559	 	1333.333333
1.694448	 	1340.000000
1.527781	 	1346.666667
1.416670	 	1353.333333
1.682102	 	1360.000000
0.780868	 	1366.666667
1.929016	 	1373.333333
1.712966	 	1380.000000
1.737658	 	1386.666667
1.194448	 	1393.333333
1.583337	 	1400.000000
2.083337	 	1406.666667
2.200621	 	1413.333333
2.163584	 	1420.000000
1.682102	 	1426.666667
1.398152	 	1433.333333
1.978399	 	1440.000000
1.700621	 	1446.666667
1.774695	 	1453.333333
1.750004	 	1460.000000
1.731485	 	1466.666667
1.817905	 	1473.333333
1.972226	 	1480.000000
1.743831	 	1486.666667
2.262349	 	1493.333333
2.348769	 	1500.000000
2.317905	 	1506.666667
2.330250	 	1513.333333
2.472226	 	1520.000000
2.083337	 	1526.666667
1.990744	 	1533.333333
1.898152	 	1540.000000
2.503090	 	1546.666667
1.910497	 	1553.333333
2.015436	 	1560.000000
1.385806	 	1566.666667
1.867287	 	1573.333333
1.842596	 	1580.000000
1.768522	 	1586.666667
2.330250	 	1593.333333
1.552473	 	1600.000000
1.799386	 	1606.666667
1.564818	 	1613.333333
1.521608	 	1620.000000
1.719139	 	1626.666667
1.231485	 	1633.333333
1.879633	 	1640.000000
2.027781	 	1646.666667
1.885806	 	1653.333333
1.558645	 	1660.000000
1.552473	 	1666.666667
2.268522	 	1673.333333
2.033954	 	1680.000000
2.033954	 	1686.666667
1.873460	 	1693.333333
2.379633	 	1700.000000
1.694448	 	1706.666667
1.848769	 	1713.333333
1.750004	 	1720.000000
1.614201	 	1726.666667
1.484571	 	1733.333333
2.138892	 	1740.000000
2.188275	 	1746.666667
2.256176	 	1753.333333
2.157411	 	1760.000000
1.966053	 	1766.666667
1.669757	 	1773.333333
1.830250	 	1780.000000
2.503090	 	1786.666667
2.336423	 	1793.333333
2.077164	 	1800.000000
2.219139	 	1806.666667
2.466053	 	1813.333333
1.885806	 	1820.000000
1.577164	 	1826.666667
1.861115	 	1833.333333
1.533954	 	1840.000000
1.891979	 	1846.666667
1.898152	 	1853.333333
2.243831	 	1860.000000
1.410497	 	1866.666667
1.793213	 	1873.333333
1.441362	 	1880.000000
1.891979	 	1886.666667
1.873460	 	1893.333333
2.262349	 	1900.000000
1.608028	 	1906.666667
1.725312	 	1913.333333
1.737658	 	1920.000000
1.404324	 	1926.666667
1.046300	 	1933.333333
1.787041	 	1940.000000
1.959880	 	1946.666667
1.675929	 	1953.333333
1.503090	 	1960.000000
1.564818	 	1966.666667
1.564818	 	1973.333333
1.774695	 	1980.000000
1.712966	 	1986.666667
1.435189	 	1993.333333
2.089510	 	2000.000000
2.299386	 	2006.666667
1.669757	 	2013.333333
2.336423	 	2020.000000
1.885806	 	2026.666667
1.984571	 	2033.333333
2.243831	 	2040.000000
2.138892	 	2046.666667
2.169757	 	2053.333333
2.638892	 	2060.000000
2.237658	 	2066.666667
2.675929	 	2073.333333
2.317905	 	2080.000000
1.842596	 	2086.666667
1.317905	 	2093.333333
1.842596	 	2100.000000
1.978399	 	2106.666667
1.990744	 	2113.333333
2.108028	 	2120.000000
2.682102	 	2126.666667
1.367287	 	2133.333333
1.996917	 	2140.000000
1.521608	 	2146.666667
1.521608	 	2153.333333
2.422843	 	2160.000000
2.052473	 	2166.666667
2.083337	 	2173.333333
1.966053	 	2180.000000
1.848769	 	2186.666667
1.583337	 	2193.333333
1.478399	 	2200.000000
2.077164	 	2206.666667
2.398152	 	2213.333333
1.842596	 	2220.000000
1.904324	 	2226.666667
1.793213	 	2233.333333
1.743831	 	2240.000000
1.842596	 	2246.666667
2.200621	 	2253.333333
1.521608	 	2260.000000
2.243831	 	2266.666667
1.972226	 	2273.333333
1.712966	 	2280.000000
1.984571	 	2286.666667
1.824078	 	2293.333333
2.052473	 	2300.000000
1.706794	 	2306.666667
1.546300	 	2313.333333
2.077164	 	2320.000000
1.250004	 	2326.666667
1.966053	 	2333.333333
1.410497	 	2340.000000
1.830250	 	2346.666667
1.225312	 	2353.333333
1.478399	 	2360.000000
1.663584	 	2366.666667
1.379633	 	2373.333333
1.237658	 	2380.000000
1.824078	 	2386.666667
1.583337	 	2393.333333
1.830250	 	2400.000000
1.867287	 	2406.666667
1.836423	 	2413.333333
1.503090	 	2420.000000
2.250004	 	2426.666667
1.694448	 	2433.333333
2.157411	 	2440.000000
1.614201	 	2446.666667
2.243831	 	2453.333333
2.145065	 	2460.000000
1.404324	 	2466.666667
1.712966	 	2473.333333
1.558645	 	2480.000000
1.416670	 	2486.666667
2.237658	 	2493.333333
1.861115	 	2500.000000
1.645065	 	2506.666667
1.959880	 	2513.333333
2.101855	 	2520.000000
1.459880	 	2526.666667
1.762349	 	2533.333333
1.361115	 	2540.000000
1.601855	 	2546.666667
2.033954	 	2553.333333
2.614201	 	2560.000000
2.466053	 	2566.666667
2.009263	 	2573.333333
1.521608	 	2580.000000
1.805559	 	2586.666667
1.268522	 	2593.333333
2.262349	 	2600.000000
1.854942	 	2606.666667
2.391979	 	2613.333333
2.330250	 	2620.000000
1.429016	 	2626.666667
1.385806	 	2633.333333
1.064818	 	2640.000000
1.317905	 	2646.666667
1.095683	 	2653.333333
1.712966	 	2660.000000
2.342596	 	2666.666667
1.916670	 	2673.333333
1.879633	 	2680.000000
1.459880	 	2686.666667
1.675929	 	2693.333333
1.651238	 	2700.000000
1.626547	 	2706.666667
2.330250	 	2713.333333
2.293213	 	2720.000000
2.391979	 	2726.666667
1.712966	 	2733.333333
1.410497	 	2740.000000
1.342596	 	2746.666667
1.793213	 	2753.333333
2.219139	 	2760.000000
1.978399	 	2766.666667
2.299386	 	2773.333333
2.033954	 	2780.000000
8.404324	 	2786.666667
77.379633	 	2793.333333
308.120374	 	2800.000000
701.830250	 	2806.666667
1139.842596	 	2813.333333
1537.885806	 	2820.000000
1856.996917	 	2826.666667
2101.459880	 	2833.333333
2291.972226	 	2840.000000
2433.422843	 	2846.666667
2525.972226	 	2853.333333
2580.330250	 	2860.000000
2611.725312	 	2866.666667
2620.657411	 	2873.333333
2602.805559	 	2880.000000
2578.003090	 	2886.666667
2548.021608	 	2893.333333
2512.484571	 	2900.000000
2474.021608	 	2906.666667
2428.935189	 	2913.333333
2383.212966	 	2920.000000
2349.404324	 	2926.666667
2317.620374	 	2933.333333
2277.978399	 	2940.000000
2234.027781	 	2946.666667
2189.811732	 	2953.333333
2151.743831	 	2960.000000
2116.435189	 	2966.666667
2087.033954	 	2973.333333
2051.441362	 	2980.000000
2016.620374	 	2986.666667
1984.712966	 	2993.333333
1961.712966	 	3000.000000
1932.564818	 	3006.666667
1904.737658	 	3013.333333
1873.466053	 	3020.000000
1847.219139	 	3026.666667
1821.787041	 	3033.333333
1802.780868	 	3040.000000
1775.126547	 	3046.666667
1750.848769	 	3053.333333
1722.712966	 	3060.000000
1699.922843	 	3066.666667
1679.706794	 	3073.333333
1662.441362	 	3080.000000
1639.169757	 	3086.666667
1618.589510	 	3093.333333
1594.435189	 	3100.000000
1577.466053	 	3106.666667
1559.126547	 	3113.333333
1540.089510	 	3120.000000
1520.151238	 	3126.666667
1504.546300	 	3133.333333
1486.206794	 	3140.000000
1470.632720	 	3146.666667
1450.447534	 	3153.333333
1430.990744	 	3160.000000
1412.373460	 	3166.666667
1399.410497	 	3173.333333
1383.429016	 	3180.000000
1367.657411	 	3186.666667
1348.675929	 	3193.333333
1331.373460	 	3200.000000
1315.027781	 	3206.666667
1300.268522	 	3213.333333
1284.274695	 	3220.000000
1270.416670	 	3226.666667
1254.947534	 	3233.333333
1241.268522	 	3240.000000
1225.898152	 	3246.666667
1208.040127	 	3253.333333
1191.706794	 	3260.000000
1178.015436	 	3266.666667
1165.824078	 	3273.333333
1153.645065	 	3280.000000
1140.762349	 	3286.666667
1125.274695	 	3293.333333
1111.114201	 	3300.000000
1099.472226	 	3306.666667
1086.725312	 	3313.333333
1073.935189	 	3320.000000
1062.774695	 	3326.666667
1051.256176	 	3333.333333
1041.194448	 	3340.000000
1028.817905	 	3346.666667
1014.453707	 	3353.333333
1001.682102	 	3360.000000
990.237658	 	3366.666667
980.824078	 	3373.333333
972.521608	 	3380.000000
962.317905	 	3386.666667
950.182102	 	3393.333333
938.354942	 	3400.000000
926.885806	 	3406.666667
916.885806	 	3413.333333
905.398152	 	3420.000000
895.354942	 	3426.666667
887.287041	 	3433.333333
878.398152	 	3440.000000
863.435189	 	3446.666667
856.206794	 	3453.333333
843.861115	 	3460.000000
835.620374	 	3466.666667
826.237658	 	3473.333333
817.935189	 	3480.000000
810.533954	 	3486.666667
799.219139	 	3493.333333
787.706794	 	3500.000000
777.361115	 	3506.666667
768.311732	 	3513.333333
760.268522	 	3520.000000
750.194448	 	3526.666667
743.391979	 	3533.333333
732.250004	 	3540.000000
725.941362	 	3546.666667
714.132720	 	3553.333333
707.774695	 	3560.000000
697.570991	 	3566.666667
691.577164	 	3573.333333
681.527781	 	3580.000000
674.101855	 	3586.666667
666.256176	 	3593.333333
657.583337	 	3600.000000
648.453707	 	3606.666667
641.132720	 	3613.333333
633.404324	 	3620.000000
625.657411	 	3626.666667
617.003090	 	3633.333333
611.527781	 	3640.000000
602.966053	 	3646.666667
596.675929	 	3653.333333
586.651238	 	3660.000000
582.163584	 	3666.666667
576.756176	 	3673.333333
570.589510	 	3680.000000
564.780868	 	3686.666667
559.188275	 	3693.333333
550.966053	 	3700.000000
546.194448	 	3706.666667
540.694448	 	3713.333333
533.077164	 	3720.000000
527.126547	 	3726.666667
520.447534	 	3733.333333
514.447534	 	3740.000000
511.027781	 	3746.666667
503.330250	 	3753.333333
498.138892	 	3760.000000
492.546300	 	3766.666667
485.842596	 	3773.333333
481.317905	 	3780.000000
476.305559	 	3786.666667
468.774695	 	3793.333333
465.385806	 	3800.000000
458.929016	 	3806.666667
453.089510	 	3813.333333
448.089510	 	3820.000000
441.922843	 	3826.666667
436.009263	 	3833.333333
431.521608	 	3840.000000
426.490744	 	3846.666667
421.959880	 	3853.333333
417.114201	 	3860.000000
412.120374	 	3866.666667
407.787041	 	3873.333333
403.552473	 	3880.000000
398.929016	 	3886.666667
395.145065	 	3893.333333
391.750004	 	3900.000000
386.354942	 	3906.666667
382.799386	 	3913.333333
378.990744	 	3920.000000
373.725312	 	3926.666667
369.725312	 	3933.333333
365.206794	 	3940.000000
360.077164	 	3946.666667
357.324078	 	3953.333333
351.898152	 	3960.000000
347.348769	 	3966.666667
344.157411	 	3973.333333
339.503090	 	3980.000000
335.398152	 	3986.666667
333.108028	 	3993.333333
328.916670	 	4000.000000
325.478399	 	4006.666667
321.657411	 	4013.333333
317.638892	 	4020.000000
314.675929	 	4026.666667
310.496917	 	4033.333333
306.435189	 	4040.000000
304.206794	 	4046.666667
299.873460	 	4053.333333
295.731485	 	4060.000000
291.898152	 	4066.666667
287.719139	 	4073.333333
285.577164	 	4080.000000
282.324078	 	4086.666667
278.064818	 	4093.333333
274.447534	 	4100.000000
270.527781	 	4106.666667
266.836423	 	4113.333333
263.787041	 	4120.000000
261.453707	 	4126.666667
258.114201	 	4133.333333
255.089510	 	4140.000000
253.033954	 	4146.666667
248.953707	 	4153.333333
244.891979	 	4160.000000
241.583337	 	4166.666667
238.330250	 	4173.333333
236.459880	 	4180.000000
233.175929	 	4186.666667
230.811732	 	4193.333333
228.206794	 	4200.000000
224.854942	 	4206.666667
222.058645	 	4213.333333
218.842596	 	4220.000000
216.799386	 	4226.666667
215.027781	 	4233.333333
211.959880	 	4240.000000
208.966053	 	4246.666667
206.861115	 	4253.333333
203.984571	 	4260.000000
201.225312	 	4266.666667
199.743831	 	4273.333333
197.990744	 	4280.000000
196.293213	 	4286.666667
193.601855	 	4293.333333
191.231485	 	4300.000000
189.459880	 	4306.666667
187.601855	 	4313.333333
184.737658	 	4320.000000
182.935189	 	4326.666667
181.138892	 	4333.333333
178.169757	 	4340.000000
176.145065	 	4346.666667
173.503090	 	4353.333333
171.861115	 	4360.000000
170.675929	 	4366.666667
169.182102	 	4373.333333
168.194448	 	4380.000000
166.169757	 	4386.666667
163.620374	 	4393.333333
161.342596	 	4400.000000
160.145065	 	4406.666667
157.830250	 	4413.333333
157.052473	 	4420.000000
155.626547	 	4426.666667
153.663584	 	4433.333333
152.145065	 	4440.000000
149.990744	 	4446.666667
147.391979	 	4453.333333
146.342596	 	4460.000000
144.966053	 	4466.666667
143.089510	 	4473.333333
141.194448	 	4480.000000
139.052473	 	4486.666667
137.552473	 	4493.333333
135.435189	 	4500.000000
133.583337	 	4506.666667
132.824078	 	4513.333333
131.558645	 	4520.000000
129.799386	 	4526.666667
128.256176	 	4533.333333
126.496917	 	4540.000000
125.293213	 	4546.666667
123.935189	 	4553.333333
122.601855	 	4560.000000
121.577164	 	4566.666667
120.287041	 	4573.333333
118.521608	 	4580.000000
117.250004	 	4586.666667
115.842596	 	4593.333333
115.250004	 	4600.000000
113.848769	 	4606.666667
112.793213	 	4613.333333
112.046300	 	4620.000000
110.873460	 	4626.666667
108.953707	 	4633.333333
108.163584	 	4640.000000
107.472226	 	4646.666667
105.311732	 	4653.333333
104.237658	 	4660.000000
104.268522	 	4666.666667
102.953707	 	4673.333333
102.422843	 	4680.000000
101.027781	 	4686.666667
99.873460	 	4693.333333
98.787041	 	4700.000000
97.361115	 	4706.666667
96.688275	 	4713.333333
95.509263	 	4720.000000
94.138892	 	4726.666667
93.361115	 	4733.333333
92.398152	 	4740.000000
90.367287	 	4746.666667
89.336423	 	4753.333333
88.830250	 	4760.000000
87.293213	 	4766.666667
85.719139	 	4773.333333
84.688275	 	4780.000000
83.293213	 	4786.666667
82.601855	 	4793.333333
81.787041	 	4800.000000
80.348769	 	4806.666667
79.169757	 	4813.333333
78.398152	 	4820.000000
76.811732	 	4826.666667
76.447534	 	4833.333333
75.385806	 	4840.000000
74.984571	 	4846.666667
73.861115	 	4853.333333
73.046300	 	4860.000000
71.984571	 	4866.666667
71.101855	 	4873.333333
70.293213	 	4880.000000
69.367287	 	4886.666667
69.558645	 	4893.333333
68.941362	 	4900.000000
67.669757	 	4906.666667
66.595683	 	4913.333333
65.330250	 	4920.000000
64.694448	 	4926.666667
63.725312	 	4933.333333
63.521608	 	4940.000000
62.885806	 	4946.666667
62.299386	 	4953.333333
61.015436	 	4960.000000
61.015436	 	4966.666667
59.373460	 	4973.333333
59.157411	 	4980.000000
58.058645	 	4986.666667
58.163584	 	4993.333333
57.478399	 	5000.000000
57.101855	 	5006.666667
55.441362	 	5013.333333
55.114201	 	5020.000000
53.891979	 	5026.666667
53.904324	 	5033.333333
53.601855	 	5040.000000
53.601855	 	5046.666667
52.398152	 	5053.333333
52.268522	 	5060.000000
51.410497	 	5066.666667
50.966053	 	5073.333333
50.645065	 	5080.000000
51.250004	 	5086.666667
51.280868	 	5093.333333
50.848769	 	5100.000000
49.250004	 	5106.666667
49.700621	 	5113.333333
49.268522	 	5120.000000
48.120374	 	5126.666667
47.293213	 	5133.333333
47.237658	 	5140.000000
47.126547	 	5146.666667
46.188275	 	5153.333333
45.311732	 	5160.000000
45.268522	 	5166.666667
43.793213	 	5173.333333
43.435189	 	5180.000000
43.009263	 	5186.666667
42.391979	 	5193.333333
42.120374	 	5200.000000
41.669757	 	5206.666667
41.929016	 	5213.333333
41.342596	 	5220.000000
41.126547	 	5226.666667
40.879633	 	5233.333333
40.608028	 	5240.000000
40.787041	 	5246.666667
39.916670	 	5253.333333
39.416670	 	5260.000000
39.805559	 	5266.666667
39.250004	 	5273.333333
38.743831	 	5280.000000
38.305559	 	5286.666667
37.651238	 	5293.333333
37.287041	 	5300.000000
37.120374	 	5306.666667
36.373460	 	5313.333333
36.367287	 	5320.000000
35.651238	 	5326.666667
34.842596	 	5333.333333
34.435189	 	5340.000000
33.651238	 	5346.666667
32.922843	 	5353.333333
33.132720	 	5360.000000
32.293213	 	5366.666667
32.669757	 	5373.333333
32.287041	 	5380.000000
31.212966	 	5386.666667
30.688275	 	5393.333333
30.157411	 	5400.000000
30.027781	 	5406.666667
28.935189	 	5413.333333
29.404324	 	5420.000000
29.101855	 	5426.666667
28.441362	 	5433.333333
27.750004	 	5440.000000
27.509263	 	5446.666667
27.410497	 	5453.333333
27.768522	 	5460.000000
26.743831	 	5466.666667
27.373460	 	5473.333333
26.496917	 	5480.000000
27.151238	 	5486.666667
25.947534	 	5493.333333
25.756176	 	5500.000000
25.484571	 	5506.666667
25.836423	 	5513.333333
25.447534	 	5520.000000
25.848769	 	5526.666667
25.021608	 	5533.333333
23.861115	 	5540.000000
24.145065	 	5546.666667
23.311732	 	5553.333333
23.330250	 	5560.000000
22.922843	 	5566.666667
22.354942	 	5573.333333
22.780868	 	5580.000000
22.256176	 	5586.666667
22.009263	 	5593.333333
21.256176	 	5600.000000
20.947534	 	5606.666667
20.762349	 	5613.333333
20.453707	 	5620.000000
20.620374	 	5626.666667
21.231485	 	5633.333333
20.817905	 	5640.000000
20.762349	 	5646.666667
20.404324	 	5653.333333
20.805559	 	5660.000000
20.040127	 	5666.666667
20.027781	 	5673.333333
19.959880	 	5680.000000
19.638892	 	5686.666667
19.243831	 	5693.333333
19.620374	 	5700.000000
19.873460	 	5706.666667
19.663584	 	5713.333333
19.169757	 	5720.000000
18.836423	 	5726.666667
18.589510	 	5733.333333
18.447534	 	5740.000000
18.793213	 	5746.666667
18.280868	 	5753.333333
18.682102	 	5760.000000
19.120374	 	5766.666667
18.824078	 	5773.333333
18.503090	 	5780.000000
18.342596	 	5786.666667
18.163584	 	5793.333333
18.237658	 	5800.000000
18.015436	 	5806.666667
18.243831	 	5813.333333
17.817905	 	5820.000000
17.070991	 	5826.666667
17.429016	 	5833.333333
17.330250	 	5840.000000
17.237658	 	5846.666667
17.299386	 	5853.333333
16.793213	 	5860.000000
15.879633	 	5866.666667
16.330250	 	5873.333333
16.379633	 	5880.000000
16.052473	 	5886.666667
15.743831	 	5893.333333
15.663584	 	5900.000000
14.990744	 	5906.666667
15.558645	 	5913.333333
15.212966	 	5920.000000
15.324078	 	5926.666667
14.780868	 	5933.333333
15.021608	 	5940.000000
14.459880	 	5946.666667
15.268522	 	5953.333333
14.811732	 	5960.000000
14.114201	 	5966.666667
14.583337	 	5973.333333
14.225312	 	5980.000000
14.083337	 	5986.666667
14.083337	 	5993.333333
13.898152	 	6000.000000
13.657411	 	6006.666667
13.459880	 	6013.333333
13.391979	 	6020.000000
13.490744	 	6026.666667
13.472226	 	6033.333333
12.719139	 	6040.000000
12.558645	 	6046.666667
12.546300	 	6053.333333
12.070991	 	6060.000000
12.324078	 	6066.666667
11.935189	 	6073.333333
11.490744	 	6080.000000
12.361115	 	6086.666667
11.280868	 	6093.333333
11.861115	 	6100.000000
11.385806	 	6106.666667
12.021608	 	6113.333333
11.700621	 	6120.000000
11.274695	 	6126.666667
11.145065	 	6133.333333
11.410497	 	6140.000000
10.750004	 	6146.666667
10.725312	 	6153.333333
10.558645	 	6160.000000
10.478399	 	6166.666667
10.336423	 	6173.333333
10.459880	 	6180.000000
10.725312	 	6186.666667
10.601855	 	6193.333333
10.540127	 	6200.000000
10.225312	 	6206.666667
10.145065	 	6213.333333
9.700621	 	6220.000000
10.188275	 	6226.666667
9.645065	 	6233.333333
9.947534	 	6240.000000
9.626547	 	6246.666667
9.293213	 	6253.333333
9.188275	 	6260.000000
9.478399	 	6266.666667
9.712966	 	6273.333333
9.348769	 	6280.000000
9.182102	 	6286.666667
8.737658	 	6293.333333
8.317905	 	6300.000000
8.558645	 	6306.666667
7.410497	 	6313.333333
7.577164	 	6320.000000
7.966053	 	6326.666667
7.472226	 	6333.333333
7.836423	 	6340.000000
7.262349	 	6346.666667
6.904324	 	6353.333333
6.873460	 	6360.000000
7.033954	 	6366.666667
7.169757	 	6373.333333
7.132720	 	6380.000000
7.231485	 	6386.666667
6.577164	 	6393.333333
6.552473	 	6400.000000
5.953707	 	6406.666667
6.564818	 	6413.333333
6.496917	 	6420.000000
6.706794	 	6426.666667
6.848769	 	6433.333333
6.910497	 	6440.000000
6.305559	 	6446.666667
6.447534	 	6453.333333
6.496917	 	6460.000000
6.052473	 	6466.666667
6.632720	 	6473.333333
6.756176	 	6480.000000
6.348769	 	6486.666667
6.330250	 	6493.333333
6.342596	 	6500.000000
6.175929	 	6506.666667
5.595683	 	6513.333333
6.262349	 	6520.000000
6.182102	 	6526.666667
6.354942	 	6533.333333
6.706794	 	6540.000000
6.793213	 	6546.666667
6.577164	 	6553.333333
6.509263	 	6560.000000
6.429016	 	6566.666667
6.891979	 	6573.333333
6.379633	 	6580.000000
6.904324	 	6586.666667
6.669757	 	6593.333333
6.416670	 	6600.000000
6.317905	 	6606.666667
6.305559	 	6613.333333
6.589510	 	6620.000000
6.638892	 	6626.666667
6.552473	 	6633.333333
6.348769	 	6640.000000
6.515436	 	6646.666667
6.194448	 	6653.333333
6.441362	 	6660.000000
5.453707	 	6666.666667
5.762349	 	6673.333333
5.996917	 	6680.000000
6.293213	 	6686.666667
5.929016	 	6693.333333
5.688275	 	6700.000000
5.601855	 	6706.666667
5.163584	 	6713.333333
5.416670	 	6720.000000
5.435189	 	6726.666667
5.688275	 	6733.333333
5.608028	 	6740.000000
5.484571	 	6746.666667
5.509263	 	6753.333333
5.077164	 	6760.000000
5.478399	 	6766.666667
5.577164	 	6773.333333
5.021608	 	6780.000000
5.138892	 	6786.666667
4.385806	 	6793.333333
4.410497	 	6800.000000
4.608028	 	6806.666667
4.169757	 	6813.333333
4.225312	 	6820.000000
4.459880	 	6826.666667
4.478399	 	6833.333333
4.083337	 	6840.000000
4.077164	 	6846.666667
4.157411	 	6853.333333
3.830250	 	6860.000000
4.027781	 	6866.666667
3.984571	 	6873.333333
3.898152	 	6880.000000
4.046300	 	6886.666667
3.756176	 	6893.333333
3.385806	 	6900.000000
3.151238	 	6906.666667
2.867287	 	6913.333333
3.509263	 	6920.000000
3.478399	 	6926.666667
3.614201	 	6933.333333
3.867287	 	6940.000000
3.712966	 	6946.666667
3.756176	 	6953.333333
2.712966	 	6960.000000
2.694448	 	6966.666667
2.861115	 	6973.333333
2.885806	 	6980.000000
3.324078	 	6986.666667
3.496917	 	6993.333333
2.533954	 	7000.000000
2.330250	 	7006.666667
2.188275	 	7013.333333
2.959880	 	7020.000000
2.922843	 	7026.666667
3.614201	 	7033.333333
3.466053	 	7040.000000
3.836423	 	7046.666667
3.719139	 	7053.333333
3.577164	 	7060.000000
2.996917	 	7066.666667
3.293213	 	7073.333333
3.373460	 	7080.000000
3.651238	 	7086.666667
4.064818	 	7093.333333
3.570991	 	7100.000000
3.509263	 	7106.666667
3.021608	 	7113.333333
3.305559	 	7120.000000
3.422843	 	7126.666667
4.089510	 	7133.333333
4.657411	 	7140.000000
4.064818	 	7146.666667
3.521608	 	7153.333333
3.601855	 	7160.000000
3.262349	 	7166.666667
3.608028	 	7173.333333
3.021608	 	7180.000000
2.848769	 	7186.666667
2.484571	 	7193.333333
2.947534	 	7200.000000
2.842596	 	7206.666667
2.601855	 	7213.333333
2.533954	 	7220.000000
2.435189	 	7226.666667
2.725312	 	7233.333333
3.046300	 	7240.000000
3.287041	 	7246.666667
2.922843	 	7253.333333
2.990744	 	7260.000000
2.583337	 	7266.666667
3.219139	 	7273.333333
2.385806	 	7280.000000
2.990744	 	7286.666667
3.182102	 	7293.333333
3.675929	 	7300.000000
3.348769	 	7306.666667
2.700621	 	7313.333333
2.996917	 	7320.000000
3.583337	 	7326.666667
3.336423	 	7333.333333
3.688275	 	7340.000000
3.780868	 	7346.666667
3.947534	 	7353.333333
3.663584	 	7360.000000
3.077164	 	7366.666667
3.194448	 	7373.333333
3.219139	 	7380.000000
3.614201	 	7386.666667
3.645065	 	7393.333333
3.583337	 	7400.000000
3.138892	 	7406.666667
3.212966	 	7413.333333
3.231485	 	7420.000000
3.015436	 	7426.666667
3.064818	 	7433.333333
3.250004	 	7440.000000
3.422843	 	7446.666667
3.429016	 	7453.333333
2.756176	 	7460.000000
2.274695	 	7466.666667
2.978399	 	7473.333333
2.879633	 	7480.000000
2.762349	 	7486.666667
2.867287	 	7493.333333
3.040127	 	7500.000000
2.725312	 	7506.666667
2.552473	 	7513.333333
2.200621	 	7520.000000
2.336423	 	7526.666667
1.916670	 	7533.333333
2.163584	 	7540.000000
2.564818	 	7546.666667
2.391979	 	7553.333333
1.750004	 	7560.000000
1.787041	 	7566.666667
1.336423	 	7573.333333
2.293213	 	7580.000000
1.891979	 	7586.666667
1.867287	 	7593.333333
1.750004	 	7600.000000
2.070991	 	7606.666667
1.293213	 	7613.333333
1.824078	 	7620.000000
1.435189	 	7626.666667
1.830250	 	7633.333333
1.614201	 	7640.000000
1.564818	 	7646.666667
1.570991	 	7653.333333
1.540127	 	7660.000000
1.114201	 	7666.666667
1.663584	 	7673.333333
1.496917	 	7680.000000
1.453707	 	7686.666667
1.842596	 	7693.333333
1.953707	 	7700.000000
2.422843	 	7706.666667
2.595683	 	7713.333333
2.108028	 	7720.000000
2.373460	 	7726.666667
2.114201	 	7733.333333
1.608028	 	7740.000000
1.953707	 	7746.666667
2.750004	 	7753.333333
2.256176	 	7760.000000
1.854942	 	7766.666667
2.126547	 	7773.333333
1.459880	 	7780.000000
2.108028	 	7786.666667
2.268522	 	7793.333333
1.984571	 	7800.000000
2.706794	 	7806.666667
2.496917	 	7813.333333
1.885806	 	7820.000000
2.416670	 	7826.666667
1.533954	 	7833.333333
2.614201	 	7840.000000
2.638892	 	7846.666667
2.515436	 	7853.333333
1.910497	 	7860.000000
2.774695	 	7866.666667
2.262349	 	7873.333333
2.663584	 	7880.000000
2.490744	 	7886.666667
2.768522	 	7893.333333
3.040127	 	7900.000000
3.027781	 	7906.666667
2.898152	 	7913.333333
2.305559	 	7920.000000
2.126547	 	7926.666667
2.095683	 	7933.333333
2.503090	 	7940.000000
2.225312	 	7946.666667
2.435189	 	7953.333333
2.138892	 	7960.000000
1.836423	 	7966.666667
1.626547	 	7973.333333
1.496917	 	7980.000000
1.700621	 	7986.666667
2.225312	 	7993.333333
1.959880	 	8000.000000
1.953707	 	8006.666667
1.521608	 	8013.333333
1.132720	 	8020.000000
1.645065	 	8026.666667
1.367287	 	8033.333333
1.163584	 	8040.000000
2.212966	 	8046.666667
1.848769	 	8053.333333
1.762349	 	8060.000000
1.620374	 	8066.666667
1.472226	 	8073.333333
1.570991	 	8080.000000
1.694448	 	8086.666667
1.953707	 	8093.333333
1.929016	 	8100.000000
1.558645	 	8106.666667
1.787041	 	8113.333333
1.756176	 	8120.000000
1.527781	 	8126.666667
1.398152	 	8133.333333
1.608028	 	8140.000000
1.811732	 	8146.666667
1.898152	 	8153.333333
1.762349	 	8160.000000
1.342596	 	8166.666667
0.904324	 	8173.333333
1.293213	 	8180.000000
0.379633	 	8186.666667
0.861115	 	8193.333333
0.348769	 	8200.000000
0.996917	 	8206.666667
0.540127	 	8213.333333
0.824078	 	8220.000000
1.040127	 	8226.666667
0.731485	 	8233.333333
0.027781	 	8240.000000
0.787041	 	8246.666667
0.601855	 	8253.333333
1.101855	 	8260.000000
0.978399	 	8266.666667
0.762349	 	8273.333333
0.379633	 	8280.000000
0.354942	 	8286.666667
0.027781	 	8293.333333
0.231485	 	8300.000000
-0.132713	 	8306.666667
0.274695	 	8313.333333
-0.040120	 	8320.000000
-0.052466	 	8326.666667
-0.379626	 	8333.333333
0.250004	 	8340.000000
-0.182095	 	8346.666667
-0.305552	 	8353.333333
0.429016	 	8360.000000
-0.188268	 	8366.666667
-0.527774	 	8373.333333
-0.206787	 	8380.000000
-0.225305	 	8386.666667
0.052473	 	8393.333333
-0.212959	 	8400.000000
0.250004	 	8406.666667
-0.089503	 	8413.333333
-0.114194	 	8420.000000
-0.422836	 	8426.666667
0.070991	 	8433.333333
0.033954	 	8440.000000
-0.336416	 	8446.666667
0.064818	 	8453.333333
-0.243824	 	8460.000000
-0.398145	 	8466.666667
0.175929	 	8473.333333
-0.873453	 	8480.000000
-0.379626	 	8486.666667
-0.447527	 	8493.333333
-0.132713	 	8500.000000
0.114201	 	8506.666667
0.540127	 	8513.333333
-0.429009	 	8520.000000
0.095683	 	8526.666667
-0.175922	 	8533.333333
0.120374	 	8540.000000
0.077164	 	8546.666667
0.003090	 	8553.333333
0.219139	 	8560.000000
0.391979	 	8566.666667
0.070991	 	8573.333333
0.305559	 	8580.000000
0.046300	 	8586.666667
-0.515429	 	8593.333333
-0.169750	 	8600.000000
0.484571	 	8606.666667
0.274695	 	8613.333333
0.824078	 	8620.000000
0.404324	 	8626.666667
0.367287	 	8633.333333
0.484571	 	8640.000000
-0.570984	 	8646.666667
0.015436	 	8653.333333
0.003090	 	8660.000000
0.793213	 	8666.666667
-0.089503	 	8673.333333
0.799386	 	8680.000000
0.682102	 	8686.666667
0.459880	 	8693.333333
0.589510	 	8700.000000
0.842596	 	8706.666667
0.879633	 	8713.333333
0.873460	 	8720.000000
0.904324	 	8726.666667
1.330250	 	8733.333333
1.058645	 	8740.000000
0.453707	 	8746.666667
0.540127	 	8753.333333
-0.021601	 	8760.000000
0.385806	 	8766.666667
0.410497	 	8773.333333
1.243831	 	8780.000000
0.422843	 	8786.666667
0.225312	 	8793.333333
0.472226	 	8800.000000
0.163584	 	8806.666667
-0.410490	 	8813.333333
-0.669750	 	8820.000000
0.033954	 	8826.666667
0.521608	 	8833.333333
0.379633	 	8840.000000
0.274695	 	8846.666667
-0.663577	 	8853.333333
-0.564811	 	8860.000000
-0.169750	 	8866.666667
-0.200614	 	8873.333333
-0.095676	 	8880.000000
0.095683	 	8886.666667
0.194448	 	8893.333333
-0.151231	 	8900.000000
-0.064811	 	8906.666667
-0.373453	 	8913.333333
0.262349	 	8920.000000
-0.114194	 	8926.666667
0.589510	 	8933.333333
0.867287	 	8940.000000
0.089510	 	8946.666667
0.466053	 	8953.333333
0.219139	 	8960.000000
0.163584	 	8966.666667
0.163584	 	8973.333333
-0.015429	 	8980.000000
0.033954	 	8986.666667
0.114201	 	8993.333333
0.577164	 	9000.000000
0.342596	 	9006.666667
0.194448	 	9013.333333
-0.021601	 	9020.000000
0.027781	 	9026.666667
-0.447527	 	9033.333333
0.447534	 	9040.000000
0.188275	 	9046.666667
-0.336416	 	9053.333333
0.033954	 	9060.000000
-0.966046	 	9066.666667
-0.515429	 	9073.333333
-0.009256	 	9080.000000
-0.533947	 	9086.666667
-0.083330	 	9093.333333
-0.429009	 	9100.000000
-0.225305	 	9106.666667
-0.817898	 	9113.333333
-0.700614	 	9120.000000
-0.725305	 	9126.666667
-1.175922	 	9133.333333
-0.435182	 	9140.000000
-0.379626	 	9146.666667
-0.762342	 	9153.333333
-0.941355	 	9160.000000
-0.459873	 	9166.666667
-0.787034	 	9173.333333
-1.182095	 	9180.000000
-0.898145	 	9186.666667
-1.756169	 	9193.333333
-0.774688	 	9200.000000
-1.052466	 	9206.666667
-1.521601	 	9213.333333
-1.033947	 	9220.000000
-1.237651	 	9226.666667
-1.243824	 	9233.333333
-0.836416	 	9240.000000
-0.206787	 	9246.666667
-0.138885	 	9253.333333
0.132720	 	9260.000000
0.138892	 	9266.666667
-0.157404	 	9273.333333
-0.688268	 	9280.000000
-0.515429	 	9286.666667
-0.756169	 	9293.333333
0.108028	 	9300.000000
0.077164	 	9306.666667
-0.225305	 	9313.333333
-0.515429	 	9320.000000
-0.558638	 	9326.666667
-1.249996	 	9333.333333
-0.879626	 	9340.000000
-0.620367	 	9346.666667
0.373460	 	9353.333333
-0.342589	 	9360.000000
0.354942	 	9366.666667
-0.206787	 	9373.333333
-0.620367	 	9380.000000
-0.342589	 	9386.666667
-0.503083	 	9393.333333
-0.496910	 	9400.000000
0.188275	 	9406.666667
0.293213	 	9413.333333
-0.188268	 	9420.000000
-0.398145	 	9426.666667
-0.299379	 	9433.333333
-0.620367	 	9440.000000
-0.453700	 	9446.666667
-0.799379	 	9453.333333
-0.941355	 	9460.000000
-0.496910	 	9466.666667
-0.305552	 	9473.333333
0.385806	 	9480.000000
0.225312	 	9486.666667
-0.737651	 	9493.333333
-0.101848	 	9500.000000
-0.256169	 	9506.666667
0.231485	 	9513.333333
0.354942	 	9520.000000
-0.015429	 	9526.666667
-0.287034	 	9533.333333
-0.435182	 	9540.000000
-1.077157	 	9546.666667
-1.009256	 	9553.333333
-0.163577	 	9560.000000
-0.756169	 	9566.666667
-0.546293	 	9573.333333
-0.509256	 	9580.000000
-0.712959	 	9586.666667
-1.163577	 	9593.333333
-0.533947	 	9600.000000
-1.280861	 	9606.666667
-0.731478	 	9613.333333
-0.342589	 	9620.000000
-0.916663	 	9626.666667
-1.064811	 	9633.333333
-0.842589	 	9640.000000
-1.836416	 	9646.666667
-1.040120	 	9653.333333
-1.459873	 	9660.000000
-0.645058	 	9666.666667
-1.138885	 	9673.333333
-0.712959	 	9680.000000
-1.361108	 	9686.666667
-1.033947	 	9693.333333
-1.694441	 	9700.000000
-1.206787	 	9706.666667
-0.601848	 	9713.333333
-1.077157	 	9720.000000
-0.274688	 	9726.666667
-1.021601	 	9733.333333
-0.959873	 	9740.000000
-1.027774	 	9746.666667
-1.379626	 	9753.333333
-1.114194	 	9760.000000
-0.984564	 	9766.666667
-0.929009	 	9773.333333
-0.422836	 	9780.000000
-0.731478	 	9786.666667
-0.805552	 	9793.333333
-1.231478	 	9800.000000
-1.009256	 	9806.666667
-1.200614	 	9813.333333
-1.459873	 	9820.000000
-0.737651	 	9826.666667
-0.916663	 	9833.333333
-1.015429	 	9840.000000
-1.138885	 	9846.666667
-1.799379	 	9853.333333
-0.638885	 	9860.000000
-1.151231	 	9866.666667
-0.287034	 	9873.333333
-0.811725	 	9880.000000
-0.873453	 	9886.666667
-1.249996	 	9893.333333
-1.015429	 	9900.000000
-1.138885	 	9906.666667
-1.132713	 	9913.333333
-1.422836	 	9920.000000
-0.966046	 	9926.666667
-0.941355	 	9933.333333
-1.262342	 	9940.000000
-1.768515	 	9946.666667
-1.089503	 	9953.333333
-0.922836	 	9960.000000
-0.780861	 	9966.666667
-0.354935	 	9973.333333
-0.293206	 	9980.000000
-0.595676	 	9986.666667
-0.601848	 	9993.333333
-1.021601	 	10000.000000
-1.070984	 	10006.666667
-0.953700	 	10013.333333
-1.484564	 	10020.000000
-0.509256	 	10026.666667
-0.824071	 	10033.333333
-0.749996	 	10040.000000
-0.484564	 	10046.666667
-1.077157	 	10053.333333
-0.904317	 	10060.000000
-0.799379	 	10066.666667
-0.645058	 	10073.333333
-0.799379	 	10080.000000
-0.256169	 	10086.666667
-1.027774	 	10093.333333
-0.317898	 	10100.000000
-0.447527	 	10106.666667
-1.083330	 	10113.333333
-0.558638	 	10120.000000
-0.342589	 	10126.666667
-0.743824	 	10133.333333
-0.811725	 	10140.000000
-0.194441	 	10146.666667
-0.138885	 	10153.333333
-0.453700	 	10160.000000
-0.064811	 	10166.666667
-0.342589	 	10173.333333
-0.608021	 	10180.000000
-0.466046	 	10186.666667
-0.145058	 	10193.333333
-0.169750	 	10200.000000
-0.293206	 	10206.666667
-0.811725	 	10213.333333
-0.589503	 	10220.000000
-0.682095	 	10226.666667
-0.231478	 	10233.333333
-0.503083	 	10240.000000
-0.632713	 	10246.666667
-0.620367	 	10253.333333
-0.867280	 	10260.000000
-1.046293	 	10266.666667
-1.391972	 	10273.333333
-0.682095	 	10280.000000
-0.546293	 	10286.666667
-0.416663	 	10293.333333
-0.472219	 	10300.000000
-0.379626	 	10306.666667
-0.787034	 	10313.333333
-0.663577	 	10320.000000
-0.330243	 	10326.666667
-0.509256	 	10333.333333
-0.842589	 	10340.000000
-0.620367	 	10346.666667
-0.675922	 	10353.333333
-0.811725	 	10360.000000
-1.638885	 	10366.666667
-0.842589	 	10373.333333
-1.830243	 	10380.000000
-1.157404	 	10386.666667
-0.583330	 	10393.333333
-1.354935	 	10400.000000
-1.496910	 	10406.666667
-1.694441	 	10413.333333
-1.929009	 	10420.000000
-1.324071	 	10426.666667
-1.614194	 	10433.333333
-1.330243	 	10440.000000
-0.824071	 	10446.666667
-0.262342	 	10453.333333
-0.472219	 	10460.000000
-1.490737	 	10466.666667
-1.552466	 	10473.333333
-1.367280	 	10480.000000
-0.885799	 	10486.666667
-0.966046	 	10493.333333
-1.385799	 	10500.000000
-0.929009	 	10506.666667
-1.243824	 	10513.333333
-0.953700	 	10520.000000
-1.429009	 	10526.666667
-1.768515	 	10533.333333
-1.243824	 	10540.000000
-1.237651	 	10546.666667
-1.132713	 	10553.333333
-1.052466	 	10560.000000
-1.120367	 	10566.666667
-1.280861	 	10573.333333
-1.182095	 	10580.000000
-1.163577	 	10586.666667
-0.638885	 	10593.333333
-0.972219	 	10600.000000
-1.157404	 	10606.666667
-0.651231	 	10613.333333
-0.842589	 	10620.000000
-1.206787	 	10626.666667
-1.385799	 	10633.333333
-1.354935	 	10640.000000
-1.280861	 	10646.666667
-0.916663	 	10653.333333
-0.910490	 	10660.000000
0.182102	 	10666.666667
-0.496910	 	10673.333333
-0.879626	 	10680.000000
-1.077157	 	10686.666667
-1.188268	 	10693.333333
-0.984564	 	10700.000000
-0.922836	 	10706.666667
-0.200614	 	10713.333333
-0.249996	 	10720.000000
-0.651231	 	10726.666667
-0.021601	 	10733.333333
-0.206787	 	10740.000000
-0.206787	 	10746.666667
-0.169750	 	10753.333333
-0.256169	 	10760.000000
-0.410490	 	10766.666667
-0.404317	 	10773.333333
-1.194441	 	10780.000000
-1.027774	 	10786.666667
-0.484564	 	10793.333333
-1.095676	 	10800.000000
-0.620367	 	10806.666667
-1.132713	 	10813.333333
-0.694441	 	10820.000000
-0.898145	 	10826.666667
-1.015429	 	10833.333333
-0.638885	 	10840.000000
-1.052466	 	10846.666667
-1.447527	 	10853.333333
-0.978392	 	10860.000000
-1.015429	 	10866.666667
-1.009256	 	10873.333333
-1.070984	 	10880.000000
-0.805552	 	10886.666667
-1.330243	 	10893.333333
-0.885799	 	10900.000000
-1.108021	 	10906.666667
-1.287034	 	10913.333333
-0.700614	 	10920.000000
-0.959873	 	10926.666667
-0.836416	 	10933.333333
-0.731478	 	10940.000000
-0.787034	 	10946.666667
-0.515429	 	10953.333333
-0.885799	 	10960.000000
-0.885799	 	10966.666667
-0.466046	 	10973.333333
-0.009256	 	10980.000000
-0.225305	 	10986.666667
-0.089503	 	10993.333333
-0.898145	 	11000.000000
-1.108021	 	11006.666667
-0.577157	 	11013.333333
-1.237651	 	11020.000000
-0.706787	 	11026.666667
-0.558638	 	11033.333333
-1.157404	 	11040.000000
-0.620367	 	11046.666667
-0.663577	 	11053.333333
-0.990737	 	11060.000000
-0.910490	 	11066.666667
-1.429009	 	11073.333333
-1.114194	 	11080.000000
-0.552466	 	11086.666667
-1.200614	 	11093.333333
-1.348762	 	11100.000000
-0.947527	 	11106.666667
-1.293206	 	11113.333333
-0.898145	 	11120.000000
-0.780861	 	11126.666667
-0.682095	 	11133.333333
-1.138885	 	11140.000000
-0.620367	 	11146.666667
-0.996910	 	11153.333333
-0.206787	 	11160.000000
-0.595676	 	11166.666667
-0.194441	 	11173.333333
-0.712959	 	11180.000000
-0.651231	 	11186.666667
-0.688268	 	11193.333333
-0.546293	 	11200.000000
-0.731478	 	11206.666667
-0.929009	 	11213.333333
-0.694441	 	11220.000000
-0.663577	 	11226.666667
-1.157404	 	11233.333333
-0.638885	 	11240.000000
-0.743824	 	11246.666667
-1.138885	 	11253.333333
-0.910490	 	11260.000000
-0.589503	 	11266.666667
-0.657404	 	11273.333333
-0.626540	 	11280.000000
-0.231478	 	11286.666667
-0.435182	 	11293.333333
-0.422836	 	11300.000000
-0.478392	 	11306.666667
-0.342589	 	11313.333333
-0.410490	 	11320.000000
-0.484564	 	11326.666667
-0.441355	 	11333.333333
-0.552466	 	11340.000000
-0.688268	 	11346.666667
-0.743824	 	11353.333333
-0.330243	 	11360.000000
-0.626540	 	11366.666667
-0.583330	 	11373.333333
-0.336416	 	11380.000000
-0.527774	 	11386.666667
-0.385799	 	11393.333333
-0.756169	 	11400.000000
-0.712959	 	11406.666667
-0.466046	 	11413.333333
-0.706787	 	11420.000000
-0.706787	 	11426.666667
-1.015429	 	11433.333333
-1.151231	 	11440.000000
-0.799379	 	11446.666667
-0.620367	 	11453.333333
-0.694441	 	11460.000000
-0.873453	 	11466.666667
-1.478392	 	11473.333333
-1.373453	 	11480.000000
-1.200614	 	11486.666667
-1.743824	 	11493.333333
-0.984564	 	11500.000000
-1.367280	 	11506.666667
-1.663577	 	11513.333333
-1.891972	 	11520.000000
-1.725305	 	11526.666667
-1.293206	 	11533.333333
-1.206787	 	11540.000000
-1.021601	 	11546.666667
-1.404317	 	11553.333333
-1.379626	 	11560.000000
-1.774688	 	11566.666667
-1.688268	 	11573.333333
-2.095676	 	11580.000000
-1.768515	 	11586.666667
-1.219132	 	11593.333333
-1.262342	 	11600.000000
-1.595676	 	11606.666667
-0.978392	 	11613.333333
-1.157404	 	11620.000000
-1.558638	 	11626.666667
-1.126540	 	11633.333333
-0.608021	 	11640.000000
-0.663577	 	11646.666667
-1.459873	 	11653.333333
-0.947527	 	11660.000000
-0.966046	 	11666.666667
-1.620367	 	11673.333333
-1.262342	 	11680.000000
-1.163577	 	11686.666667
-0.762342	 	11693.333333
-1.015429	 	11700.000000
-0.972219	 	11706.666667
-1.626540	 	11713.333333
-1.274688	 	11720.000000
-1.515429	 	11726.666667
-1.811725	 	11733.333333
-0.916663	 	11740.000000
-1.009256	 	11746.666667
-1.299379	 	11753.333333
-0.861108	 	11760.000000
-1.064811	 	11766.666667
-1.206787	 	11773.333333
-1.398145	 	11780.000000
-1.503083	 	11786.666667
-0.848762	 	11793.333333
-0.490737	 	11800.000000
-0.873453	 	11806.666667
-0.756169	 	11813.333333
-1.212959	 	11820.000000
-1.219132	 	11826.666667
-1.879626	 	11833.333333
-1.138885	 	11840.000000
-1.058638	 	11846.666667
-0.756169	 	11853.333333
-0.959873	 	11860.000000
-0.922836	 	11866.666667
-1.416663	 	11873.333333
-1.879626	 	11880.000000
-1.466046	 	11886.666667
-2.262342	 	11893.333333
-0.861108	 	11900.000000
-0.700614	 	11906.666667
-0.540120	 	11913.333333
-0.861108	 	11920.000000
-0.688268	 	11926.666667
-0.935182	 	11933.333333
-0.552466	 	11940.000000
-0.212959	 	11946.666667
0.021608	 	11953.333333
0.132720	 	11960.000000
-0.114194	 	11966.666667
0.182102	 	11973.333333
-0.311725	 	11980.000000
-0.422836	 	11986.666667
-0.342589	 	11993.333333
-0.169750	 	12000.000000
0.367287	 	12006.666667
-0.256169	 	12013.333333
-0.120367	 	12020.000000
-0.626540	 	12026.666667
-0.262342	 	12033.333333
-0.669750	 	12040.000000
-1.274688	 	12046.666667
-0.243824	 	12053.333333
-1.398145	 	12060.000000
-1.175922	 	12066.666667
-0.651231	 	12073.333333
-0.429009	 	12080.000000
-0.694441	 	12086.666667
-0.836416	 	12093.333333
-1.459873	 	12100.000000
-1.225305	 	12106.666667
-0.953700	 	12113.333333
-0.663577	 	12120.000000
-1.138885	 	12126.666667
-1.262342	 	12133.333333
-1.169750	 	12140.000000
-1.120367	 	12146.666667
-1.466046	 	12153.333333
-1.453700	 	12160.000000
-1.262342	 	12166.666667
-0.966046	 	12173.333333
-1.083330	 	12180.000000
-1.015429	 	12186.666667
-1.219132	 	12193.333333
-1.077157	 	12200.000000
-1.429009	 	12206.666667
-1.564811	 	12213.333333
-1.496910	 	12220.000000
-0.824071	 	12226.666667
-1.175922	 	12233.333333
-1.484564	 	12240.000000
-1.583330	 	12246.666667
-1.330243	 	12253.333333
-1.799379	 	12260.000000
-1.268515	 	12266.666667
-0.953700	 	12273.333333
-1.700614	 	12280.000000
-2.157404	 	12286.666667
-1.787034	 	12293.333333
-1.817898	 	12300.000000
-0.904317	 	12306.666667
-2.077157	 	12313.333333
-1.496910	 	12320.000000
-2.108021	 	12326.666667
-1.410490	 	12333.333333
-1.564811	 	12340.000000
-1.817898	 	12346.666667
-1.706787	 	12353.333333
-1.435182	 	12360.000000
-1.330243	 	12366.666667
-1.552466	 	12373.333333
-1.361108	 	12380.000000
-1.496910	 	12386.666667
-1.021601	 	12393.333333
-1.151231	 	12400.000000
-1.095676	 	12406.666667
-1.225305	 	12413.333333
-1.540120	 	12420.000000
-1.348762	 	12426.666667
-1.336416	 	12433.333333
-1.416663	 	12440.000000
-1.342589	 	12446.666667
-1.342589	 	12453.333333
-1.262342	 	12460.000000
-0.509256	 	12466.666667
-1.330243	 	12473.333333
-1.293206	 	12480.000000
-1.287034	 	12486.666667
-1.422836	 	12493.333333
-1.120367	 	12500.000000
-0.675922	 	12506.666667
-0.978392	 	12513.333333
-0.953700	 	12520.000000
-1.503083	 	12526.666667
-1.669750	 	12533.333333
-1.922836	 	12540.000000
-1.645058	 	12546.666667
-1.478392	 	12553.333333
-1.811725	 	12560.000000
-1.354935	 	12566.666667
-1.126540	 	12573.333333
-1.533947	 	12580.000000
-1.188268	 	12586.666667
-1.484564	 	12593.333333
-1.219132	 	12600.000000
-0.959873	 	12606.666667
-0.941355	 	12613.333333
-1.114194	 	12620.000000
-0.947527	 	12626.666667
-1.466046	 	12633.333333
-0.793206	 	12640.000000
-0.879626	 	12646.666667
-0.311725	 	12653.333333
-0.966046	 	12660.000000
-1.046293	 	12666.666667
-0.972219	 	12673.333333
-1.077157	 	12680.000000
-0.929009	 	12686.666667
-0.669750	 	12693.333333
-0.651231	 	12700.000000
0.138892	 	12706.666667
-0.620367	 	12713.333333
0.311732	 	12720.000000
-0.095676	 	12726.666667
0.694448	 	12733.333333
0.188275	 	12740.000000
0.052473	 	12746.666667
-0.688268	 	12753.333333
-0.651231	 	12760.000000
-0.293206	 	12766.666667
-0.169750	 	12773.333333
-0.811725	 	12780.000000
-0.879626	 	12786.666667
-0.990737	 	12793.333333
-0.583330	 	12800.000000
-0.694441	 	12806.666667
0.077164	 	12813.333333
-0.175922	 	12820.000000
-0.182095	 	12826.666667
0.367287	 	12833.333333
-0.391972	 	12840.000000
0.243831	 	12846.666667
-0.268515	 	12853.333333
0.120374	 	12860.000000
0.231485	 	12866.666667
0.793213	 	12873.333333
0.194448	 	12880.000000
-0.058638	 	12886.666667
0.243831	 	12893.333333
-0.379626	 	12900.000000
-0.182095	 	12906.666667
-0.132713	 	12913.333333
0.503090	 	12920.000000
0.169757	 	12926.666667
0.305559	 	12933.333333
0.219139	 	12940.000000
-0.404317	 	12946.666667
-0.305552	 	12953.333333
-0.416663	 	12960.000000
-0.811725	 	12966.666667
0.163584	 	12973.333333
0.095683	 	12980.000000
0.138892	 	12986.666667
-0.447527	 	12993.333333
-0.521601	 	13000.000000
-0.854935	 	13006.666667
-0.324071	 	13013.333333
-0.225305	 	13020.000000
-0.163577	 	13026.666667
-0.373453	 	13033.333333
-0.361108	 	13040.000000
-1.070984	 	13046.666667
-1.496910	 	13053.333333
-1.743824	 	13060.000000
-1.157404	 	13066.666667
-0.854935	 	13073.333333
-0.293206	 	13080.000000
-1.027774	 	13086.666667
-0.663577	 	13093.333333
-1.237651	 	13100.000000
-1.521601	 	13106.666667
-1.385799	 	13113.333333
-1.194441	 	13120.000000
-0.533947	 	13126.666667
-0.682095	 	13133.333333
-0.552466	 	13140.000000
-0.861108	 	13146.666667
-1.138885	 	13153.333333
-1.570984	 	13160.000000
-1.132713	 	13166.666667
-1.021601	 	13173.333333
-0.447527	 	13180.000000
-0.595676	 	13186.666667
-0.453700	 	13193.333333
-0.682095	 	13200.000000
-0.774688	 	13206.666667
-0.614194	 	13213.333333
-0.058638	 	13220.000000
-0.175922	 	13226.666667
-0.188268	 	13233.333333
-0.256169	 	13240.000000
-0.157404	 	13246.666667
-0.447527	 	13253.333333
-0.811725	 	13260.000000
-0.287034	 	13266.666667
0.324078	 	13273.333333
0.083337	 	13280.000000
0.916670	 	13286.666667
0.342596	 	13293.333333
0.429016	 	13300.000000
0.231485	 	13306.666667
0.200621	 	13313.333333
0.009263	 	13320.000000
0.287041	 	13326.666667
