#peak 	 	#time 
3.460887	 	0.000000
3.710643	 	6.666667
4.093349	 	13.333333
4.316093	 	20.000000
4.291510	 	26.666667
4.580098	 	33.333333
4.576525	 	40.000000
4.690977	 	46.666667
4.849836	 	53.333333
4.747377	 	60.000000
4.722787	 	66.666667
4.833443	 	73.333333
5.015820	 	80.000000
5.140820	 	86.666667
4.810902	 	93.333333
4.925656	 	100.000000
4.843689	 	106.666667
5.052705	 	113.333333
4.728934	 	120.000000
4.808852	 	126.666667
4.907213	 	133.333333
4.862131	 	140.000000
4.901066	 	146.666667
5.103934	 	153.333333
5.095738	 	160.000000
5.214590	 	166.666667
5.226885	 	173.333333
5.183852	 	180.000000
5.046557	 	186.666667
5.200246	 	193.333333
5.177705	 	200.000000
5.001475	 	206.666667
5.214590	 	213.333333
5.198197	 	220.000000
5.019918	 	226.666667
4.855984	 	233.333333
4.923607	 	240.000000
5.224836	 	246.666667
4.872377	 	253.333333
5.024016	 	260.000000
4.622377	 	266.666667
4.927705	 	273.333333
4.583443	 	280.000000
5.024016	 	286.666667
5.192049	 	293.333333
5.036311	 	300.000000
4.665410	 	306.666667
5.138770	 	313.333333
4.948197	 	320.000000
5.110082	 	326.666667
4.872377	 	333.333333
4.874426	 	340.000000
4.687951	 	346.666667
4.983033	 	353.333333
4.757623	 	360.000000
4.974836	 	366.666667
4.603934	 	373.333333
4.931803	 	380.000000
4.671557	 	386.666667
4.960492	 	393.333333
4.937951	 	400.000000
5.118279	 	406.666667
4.708443	 	413.333333
4.757623	 	420.000000
4.993279	 	426.666667
5.132623	 	433.333333
4.712541	 	440.000000
4.778115	 	446.666667
4.991229	 	453.333333
5.132623	 	460.000000
4.937951	 	466.666667
4.880574	 	473.333333
4.999426	 	480.000000
5.091639	 	486.666667
4.868279	 	493.333333
5.187951	 	500.000000
4.849836	 	506.666667
4.786311	 	513.333333
4.905164	 	520.000000
4.829344	 	526.666667
5.056803	 	533.333333
4.858033	 	540.000000
4.792459	 	546.666667
4.921557	 	553.333333
4.802705	 	560.000000
4.960492	 	566.666667
4.890820	 	573.333333
4.640820	 	580.000000
5.073197	 	586.666667
4.944098	 	593.333333
5.050656	 	600.000000
4.950246	 	606.666667
4.702295	 	613.333333
4.669508	 	620.000000
4.790410	 	626.666667
4.862131	 	633.333333
5.009672	 	640.000000
5.071148	 	646.666667
4.757623	 	653.333333
4.815000	 	660.000000
4.579344	 	666.666667
4.806803	 	673.333333
4.780164	 	680.000000
4.544508	 	686.666667
4.599836	 	693.333333
4.630574	 	700.000000
4.323197	 	706.666667
4.601885	 	713.333333
4.677705	 	720.000000
4.663361	 	726.666667
4.380574	 	733.333333
4.329344	 	740.000000
4.454344	 	746.666667
4.230984	 	753.333333
4.345738	 	760.000000
4.542459	 	766.666667
4.673607	 	773.333333
4.646967	 	780.000000
4.122377	 	786.666667
4.360082	 	793.333333
4.079344	 	800.000000
4.610082	 	806.666667
4.376475	 	813.333333
4.638770	 	820.000000
4.593689	 	826.666667
4.622377	 	833.333333
4.517869	 	840.000000
4.190000	 	846.666667
4.360082	 	853.333333
4.364180	 	860.000000
4.478934	 	866.666667
4.507623	 	873.333333
4.458443	 	880.000000
4.310902	 	886.666667
4.446148	 	893.333333
4.421557	 	900.000000
4.515820	 	906.666667
4.755574	 	913.333333
4.378525	 	920.000000
4.296557	 	926.666667
4.558852	 	933.333333
4.413361	 	940.000000
4.454344	 	946.666667
4.241229	 	953.333333
4.251475	 	960.000000
4.218689	 	966.666667
4.679754	 	973.333333
4.298607	 	980.000000
4.450246	 	986.666667
4.503525	 	993.333333
4.681803	 	1000.000000
4.690000	 	1006.666667
4.835492	 	1013.333333
4.620328	 	1020.000000
4.935902	 	1026.666667
4.548607	 	1033.333333
4.653115	 	1040.000000
4.595738	 	1046.666667
4.776066	 	1053.333333
4.687951	 	1060.000000
4.892869	 	1066.666667
4.685902	 	1073.333333
4.677705	 	1080.000000
4.925656	 	1086.666667
5.163361	 	1093.333333
4.827295	 	1100.000000
5.097787	 	1106.666667
4.876475	 	1113.333333
5.101885	 	1120.000000
4.817049	 	1126.666667
5.163361	 	1133.333333
4.860082	 	1140.000000
5.497377	 	1146.666667
4.855984	 	1153.333333
4.976885	 	1160.000000
5.044508	 	1166.666667
5.228934	 	1173.333333
5.290410	 	1180.000000
5.222787	 	1186.666667
5.276066	 	1193.333333
5.562951	 	1200.000000
5.222787	 	1206.666667
5.415410	 	1213.333333
5.155164	 	1220.000000
5.858033	 	1226.666667
5.280164	 	1233.333333
5.292459	 	1240.000000
5.675656	 	1246.666667
5.626475	 	1253.333333
5.505574	 	1260.000000
5.712541	 	1266.666667
5.618279	 	1273.333333
5.409262	 	1280.000000
5.542459	 	1286.666667
5.226885	 	1293.333333
5.347787	 	1300.000000
5.751475	 	1306.666667
5.577295	 	1313.333333
5.581393	 	1320.000000
5.284262	 	1326.666667
5.552705	 	1333.333333
5.101885	 	1340.000000
5.202295	 	1346.666667
5.226885	 	1353.333333
5.446148	 	1360.000000
5.345738	 	1366.666667
5.288361	 	1373.333333
5.136721	 	1380.000000
5.530164	 	1386.666667
5.112131	 	1393.333333
5.353934	 	1400.000000
5.269918	 	1406.666667
5.360082	 	1413.333333
5.112131	 	1420.000000
5.378525	 	1426.666667
5.351885	 	1433.333333
5.649016	 	1440.000000
5.610082	 	1446.666667
5.507623	 	1453.333333
5.812951	 	1460.000000
5.812951	 	1466.666667
5.837541	 	1473.333333
5.665410	 	1480.000000
5.933852	 	1486.666667
5.360082	 	1493.333333
5.550656	 	1500.000000
5.655164	 	1506.666667
5.556803	 	1513.333333
5.806803	 	1520.000000
5.491229	 	1526.666667
5.808852	 	1533.333333
5.456393	 	1540.000000
5.911311	 	1546.666667
5.651066	 	1553.333333
5.726885	 	1560.000000
5.730984	 	1566.666667
5.991229	 	1573.333333
5.980984	 	1580.000000
5.987131	 	1586.666667
6.118279	 	1593.333333
5.894918	 	1600.000000
5.536311	 	1606.666667
5.976885	 	1613.333333
5.833443	 	1620.000000
5.765820	 	1626.666667
5.640820	 	1633.333333
5.661311	 	1640.000000
5.403115	 	1646.666667
5.429754	 	1653.333333
5.685902	 	1660.000000
5.698197	 	1666.666667
5.927705	 	1673.333333
5.190000	 	1680.000000
5.505574	 	1686.666667
5.444098	 	1693.333333
5.790410	 	1700.000000
5.687951	 	1706.666667
5.708443	 	1713.333333
5.728934	 	1720.000000
5.806803	 	1726.666667
5.796557	 	1733.333333
5.472787	 	1740.000000
5.372377	 	1746.666667
5.571148	 	1753.333333
5.649016	 	1760.000000
5.761721	 	1766.666667
5.667459	 	1773.333333
5.208443	 	1780.000000
5.230984	 	1786.666667
5.509672	 	1793.333333
5.759672	 	1800.000000
5.472787	 	1806.666667
5.384672	 	1813.333333
4.964590	 	1820.000000
5.411311	 	1826.666667
5.483033	 	1833.333333
5.511721	 	1840.000000
5.597787	 	1846.666667
5.692049	 	1853.333333
5.233033	 	1860.000000
5.392869	 	1866.666667
5.048607	 	1873.333333
5.437951	 	1880.000000
5.097787	 	1886.666667
5.386721	 	1893.333333
5.265820	 	1900.000000
5.302705	 	1906.666667
5.327295	 	1913.333333
5.251475	 	1920.000000
5.405164	 	1926.666667
5.456393	 	1933.333333
5.450246	 	1940.000000
5.263770	 	1946.666667
5.409262	 	1953.333333
5.478934	 	1960.000000
5.265820	 	1966.666667
5.593689	 	1973.333333
5.151066	 	1980.000000
5.554754	 	1986.666667
5.128525	 	1993.333333
5.341639	 	2000.000000
5.165410	 	2006.666667
4.962541	 	2013.333333
5.210492	 	2020.000000
5.251475	 	2026.666667
5.190000	 	2033.333333
5.044508	 	2040.000000
5.608033	 	2046.666667
5.312951	 	2053.333333
5.632623	 	2060.000000
5.278115	 	2066.666667
5.159262	 	2073.333333
5.306803	 	2080.000000
5.009672	 	2086.666667
5.362131	 	2093.333333
5.364180	 	2100.000000
5.657213	 	2106.666667
5.409262	 	2113.333333
5.530164	 	2120.000000
5.333443	 	2126.666667
5.462541	 	2133.333333
5.411311	 	2140.000000
5.401066	 	2146.666667
5.743279	 	2153.333333
5.429754	 	2160.000000
5.228934	 	2166.666667
5.446148	 	2173.333333
5.360082	 	2180.000000
5.351885	 	2186.666667
5.384672	 	2193.333333
5.169508	 	2200.000000
4.899016	 	2206.666667
5.124426	 	2213.333333
4.937951	 	2220.000000
5.228934	 	2226.666667
5.097787	 	2233.333333
5.427705	 	2240.000000
5.196148	 	2246.666667
5.296557	 	2253.333333
5.169508	 	2260.000000
5.036311	 	2266.666667
5.054754	 	2273.333333
5.478934	 	2280.000000
5.210492	 	2286.666667
5.019918	 	2293.333333
5.087541	 	2300.000000
4.841639	 	2306.666667
4.987131	 	2313.333333
4.919508	 	2320.000000
5.255574	 	2326.666667
5.048607	 	2333.333333
5.050656	 	2340.000000
5.009672	 	2346.666667
4.782213	 	2353.333333
5.175656	 	2360.000000
5.165410	 	2366.666667
4.868279	 	2373.333333
5.167459	 	2380.000000
5.159262	 	2386.666667
4.839590	 	2393.333333
5.472787	 	2400.000000
5.327295	 	2406.666667
5.454344	 	2413.333333
5.167459	 	2420.000000
5.157213	 	2426.666667
4.849836	 	2433.333333
5.360082	 	2440.000000
5.060902	 	2446.666667
5.177705	 	2453.333333
4.839590	 	2460.000000
4.907213	 	2466.666667
5.183852	 	2473.333333
5.194098	 	2480.000000
5.310902	 	2486.666667
5.396967	 	2493.333333
5.282213	 	2500.000000
5.382623	 	2506.666667
5.190000	 	2513.333333
5.120328	 	2520.000000
5.394918	 	2526.666667
5.774016	 	2533.333333
5.517869	 	2540.000000
5.392869	 	2546.666667
5.171557	 	2553.333333
5.241229	 	2560.000000
5.165410	 	2566.666667
5.491229	 	2573.333333
5.200246	 	2580.000000
5.280164	 	2586.666667
5.276066	 	2593.333333
5.370328	 	2600.000000
5.526066	 	2606.666667
5.224836	 	2613.333333
5.630574	 	2620.000000
5.271967	 	2626.666667
5.224836	 	2633.333333
5.255574	 	2640.000000
4.974836	 	2646.666667
5.085492	 	2653.333333
5.269918	 	2660.000000
5.298607	 	2666.666667
5.196148	 	2673.333333
5.091639	 	2680.000000
5.509672	 	2686.666667
5.288361	 	2693.333333
5.187951	 	2700.000000
5.212541	 	2706.666667
5.300656	 	2713.333333
4.968689	 	2720.000000
4.786311	 	2726.666667
5.169508	 	2733.333333
4.931803	 	2740.000000
5.015820	 	2746.666667
5.013770	 	2753.333333
4.917459	 	2760.000000
5.122377	 	2766.666667
4.980984	 	2773.333333
5.198197	 	2780.000000
9.601885	 	2786.666667
39.778115	 	2793.333333
264.124426	 	2800.000000
826.228934	 	2806.666667
1504.454344	 	2813.333333
2106.778115	 	2820.000000
2587.698197	 	2826.666667
2944.905164	 	2833.333333
3199.890820	 	2840.000000
3384.034262	 	2846.666667
3504.108033	 	2853.333333
3579.786311	 	2860.000000
3619.958443	 	2866.666667
3640.946148	 	2873.333333
3640.771967	 	2880.000000
3628.942049	 	2886.666667
3606.480984	 	2893.333333
3584.153115	 	2900.000000
3556.759672	 	2906.666667
3530.105984	 	2913.333333
3499.567049	 	2920.000000
3476.708443	 	2926.666667
3458.575246	 	2933.333333
3439.069098	 	2940.000000
3413.153115	 	2946.666667
3384.208443	 	2953.333333
3351.802705	 	2960.000000
3326.052705	 	2966.666667
3303.202295	 	2973.333333
3285.376475	 	2980.000000
3265.507623	 	2986.666667
3244.884672	 	2993.333333
3223.583443	 	3000.000000
3202.581393	 	3006.666667
3183.487131	 	3013.333333
3164.415410	 	3020.000000
3144.993279	 	3026.666667
3126.140820	 	3033.333333
3106.317049	 	3040.000000
3086.737131	 	3046.666667
3069.626475	 	3053.333333
3049.331393	 	3060.000000
3029.899016	 	3066.666667
3011.427705	 	3073.333333
2993.571148	 	3080.000000
2973.130574	 	3086.666667
2955.265820	 	3093.333333
2936.468689	 	3100.000000
2917.243279	 	3106.666667
2897.714590	 	3113.333333
2879.843689	 	3120.000000
2860.712541	 	3126.666667
2840.757623	 	3133.333333
2820.118279	 	3140.000000
2800.466639	 	3146.666667
2780.300656	 	3153.333333
2762.124426	 	3160.000000
2745.306803	 	3166.666667
2727.290410	 	3173.333333
2707.644918	 	3180.000000
2689.653115	 	3186.666667
2670.108033	 	3193.333333
2650.538361	 	3200.000000
2632.767869	 	3206.666667
2614.458443	 	3213.333333
2593.538361	 	3220.000000
2574.685902	 	3226.666667
2555.187951	 	3233.333333
2535.550656	 	3240.000000
2516.058852	 	3246.666667
2496.767869	 	3253.333333
2477.497377	 	3260.000000
2457.364180	 	3266.666667
2436.403115	 	3273.333333
2417.886721	 	3280.000000
2399.241229	 	3286.666667
2378.894918	 	3293.333333
2359.874426	 	3300.000000
2340.245328	 	3306.666667
2321.933852	 	3313.333333
2304.540410	 	3320.000000
2286.679754	 	3326.666667
2265.690000	 	3333.333333
2248.630574	 	3340.000000
2229.972787	 	3346.666667
2214.399016	 	3353.333333
2195.440000	 	3360.000000
2178.259672	 	3366.666667
2160.462541	 	3373.333333
2142.501475	 	3380.000000
2124.634672	 	3386.666667
2107.329344	 	3393.333333
2088.394918	 	3400.000000
2070.485082	 	3406.666667
2051.952295	 	3413.333333
2035.351885	 	3420.000000
2016.976885	 	3426.666667
1999.478934	 	3433.333333
1979.394918	 	3440.000000
1964.300656	 	3446.666667
1947.767869	 	3453.333333
1929.501475	 	3460.000000
1914.769918	 	3466.666667
1897.222787	 	3473.333333
1882.976885	 	3480.000000
1861.841639	 	3486.666667
1847.976885	 	3493.333333
1829.442049	 	3500.000000
1815.370328	 	3506.666667
1798.382623	 	3513.333333
1781.319098	 	3520.000000
1764.737131	 	3526.666667
1747.237131	 	3533.333333
1733.440000	 	3540.000000
1717.220738	 	3546.666667
1703.105984	 	3553.333333
1686.884672	 	3560.000000
1670.603934	 	3566.666667
1655.171557	 	3573.333333
1636.872377	 	3580.000000
1626.440000	 	3586.666667
1606.060902	 	3593.333333
1594.802705	 	3600.000000
1577.821148	 	3606.666667
1564.415410	 	3613.333333
1548.489180	 	3620.000000
1534.028115	 	3626.666667
1519.126475	 	3633.333333
1504.235082	 	3640.000000
1489.105984	 	3646.666667
1474.257623	 	3653.333333
1462.140820	 	3660.000000
1445.419508	 	3666.666667
1430.579344	 	3673.333333
1417.896967	 	3680.000000
1403.784262	 	3686.666667
1390.673607	 	3693.333333
1376.052705	 	3700.000000
1363.118279	 	3706.666667
1348.733033	 	3713.333333
1336.593689	 	3720.000000
1323.118279	 	3726.666667
1310.190000	 	3733.333333
1297.030164	 	3740.000000
1284.411311	 	3746.666667
1271.489180	 	3753.333333
1260.122377	 	3760.000000
1247.089590	 	3766.666667
1234.905164	 	3773.333333
1223.380574	 	3780.000000
1211.718689	 	3786.666667
1201.495328	 	3793.333333
1190.085492	 	3800.000000
1178.970738	 	3806.666667
1168.429754	 	3813.333333
1156.241229	 	3820.000000
1144.702295	 	3826.666667
1134.075246	 	3833.333333
1122.269918	 	3840.000000
1111.093689	 	3846.666667
1099.577295	 	3853.333333
1086.698197	 	3860.000000
1075.954344	 	3866.666667
1064.130574	 	3873.333333
1053.230984	 	3880.000000
1042.864180	 	3886.666667
1032.204344	 	3893.333333
1021.175656	 	3900.000000
1010.749426	 	3906.666667
999.595738	 	3913.333333
989.675656	 	3920.000000
979.583443	 	3926.666667
968.444098	 	3933.333333
959.081393	 	3940.000000
948.401066	 	3946.666667
937.966639	 	3953.333333
927.989180	 	3960.000000
918.392869	 	3966.666667
909.622377	 	3973.333333
900.425656	 	3980.000000
891.257623	 	3986.666667
881.835492	 	3993.333333
872.556803	 	4000.000000
862.720738	 	4006.666667
854.355984	 	4013.333333
846.110082	 	4020.000000
837.771967	 	4026.666667
828.946148	 	4033.333333
820.462541	 	4040.000000
811.255574	 	4046.666667
802.890820	 	4053.333333
794.415410	 	4060.000000
785.964590	 	4066.666667
777.562951	 	4073.333333
769.062951	 	4080.000000
760.458443	 	4086.666667
752.878525	 	4093.333333
744.362131	 	4100.000000
736.802705	 	4106.666667
729.741229	 	4113.333333
721.259672	 	4120.000000
713.966639	 	4126.666667
707.054754	 	4133.333333
699.194098	 	4140.000000
691.649016	 	4146.666667
684.860082	 	4153.333333
678.083443	 	4160.000000
670.901066	 	4166.666667
663.487131	 	4173.333333
656.968689	 	4180.000000
650.382623	 	4186.666667
642.923607	 	4193.333333
636.507623	 	4200.000000
629.667459	 	4206.666667
623.202295	 	4213.333333
616.538361	 	4220.000000
610.642869	 	4226.666667
603.929754	 	4233.333333
597.649016	 	4240.000000
591.196148	 	4246.666667
584.776066	 	4253.333333
578.782213	 	4260.000000
572.733033	 	4266.666667
566.483033	 	4273.333333
560.636721	 	4280.000000
554.821148	 	4286.666667
548.618279	 	4293.333333
542.554754	 	4300.000000
536.685902	 	4306.666667
531.015820	 	4313.333333
524.940000	 	4320.000000
519.153115	 	4326.666667
513.407213	 	4333.333333
508.255574	 	4340.000000
502.419508	 	4346.666667
496.944098	 	4353.333333
491.530164	 	4360.000000
485.993279	 	4366.666667
480.364180	 	4373.333333
475.319098	 	4380.000000
469.692049	 	4386.666667
464.790410	 	4393.333333
459.605984	 	4400.000000
454.692049	 	4406.666667
449.847787	 	4413.333333
444.692049	 	4420.000000
438.950246	 	4426.666667
433.966639	 	4433.333333
428.958443	 	4440.000000
424.038361	 	4446.666667
419.493279	 	4453.333333
414.970738	 	4460.000000
410.378525	 	4466.666667
405.882623	 	4473.333333
401.065000	 	4480.000000
396.798607	 	4486.666667
392.343689	 	4493.333333
388.575246	 	4500.000000
384.124426	 	4506.666667
380.161311	 	4513.333333
375.696148	 	4520.000000
371.927705	 	4526.666667
367.651066	 	4533.333333
363.778115	 	4540.000000
359.532213	 	4546.666667
355.579344	 	4553.333333
351.456393	 	4560.000000
347.423607	 	4566.666667
343.108033	 	4573.333333
339.419508	 	4580.000000
335.235082	 	4586.666667
331.722787	 	4593.333333
328.384672	 	4600.000000
324.638770	 	4606.666667
320.212541	 	4613.333333
316.942049	 	4620.000000
313.638770	 	4626.666667
310.230984	 	4633.333333
306.808852	 	4640.000000
303.995328	 	4646.666667
300.485082	 	4653.333333
297.210492	 	4660.000000
293.696148	 	4666.666667
290.954344	 	4673.333333
287.681803	 	4680.000000
284.351885	 	4686.666667
280.710492	 	4693.333333
277.849836	 	4700.000000
274.499426	 	4706.666667
271.060902	 	4713.333333
267.999426	 	4720.000000
265.065000	 	4726.666667
262.374426	 	4733.333333
259.073197	 	4740.000000
256.333443	 	4746.666667
253.622377	 	4753.333333
250.573197	 	4760.000000
247.349836	 	4766.666667
244.286311	 	4773.333333
241.644918	 	4780.000000
238.661311	 	4786.666667
236.126475	 	4793.333333
233.442049	 	4800.000000
230.788361	 	4806.666667
227.960492	 	4813.333333
225.683852	 	4820.000000
222.581393	 	4826.666667
220.786311	 	4833.333333
218.345738	 	4840.000000
215.837541	 	4846.666667
213.458443	 	4853.333333
210.696148	 	4860.000000
207.923607	 	4866.666667
205.804754	 	4873.333333
203.507623	 	4880.000000
201.544508	 	4886.666667
199.306803	 	4893.333333
197.208443	 	4900.000000
194.899016	 	4906.666667
192.933852	 	4913.333333
191.118279	 	4920.000000
189.249426	 	4926.666667
187.567049	 	4933.333333
185.478934	 	4940.000000
183.321148	 	4946.666667
181.526066	 	4953.333333
179.476885	 	4960.000000
177.622377	 	4966.666667
175.771967	 	4973.333333
174.015820	 	4980.000000
171.987131	 	4986.666667
170.202295	 	4993.333333
168.101885	 	5000.000000
166.089590	 	5006.666667
163.603934	 	5013.333333
162.310902	 	5020.000000
160.163361	 	5026.666667
158.384672	 	5033.333333
156.554754	 	5040.000000
154.976885	 	5046.666667
152.817049	 	5053.333333
151.433852	 	5060.000000
149.575246	 	5066.666667
148.146967	 	5073.333333
146.263770	 	5080.000000
144.565000	 	5086.666667
142.860082	 	5093.333333
141.009672	 	5100.000000
139.300656	 	5106.666667
137.849836	 	5113.333333
136.015820	 	5120.000000
134.425656	 	5126.666667
132.896967	 	5133.333333
131.128525	 	5140.000000
129.577295	 	5146.666667
128.274016	 	5153.333333
126.755574	 	5160.000000
125.491229	 	5166.666667
124.015820	 	5173.333333
122.583443	 	5180.000000
121.218689	 	5186.666667
119.823197	 	5193.333333
118.700246	 	5200.000000
117.409262	 	5206.666667
115.745328	 	5213.333333
114.401066	 	5220.000000
113.548607	 	5226.666667
111.935902	 	5233.333333
110.788361	 	5240.000000
109.825246	 	5246.666667
108.028115	 	5253.333333
106.579344	 	5260.000000
105.681803	 	5266.666667
104.233033	 	5273.333333
102.819098	 	5280.000000
101.649016	 	5286.666667
100.599836	 	5293.333333
99.909262	 	5300.000000
98.360082	 	5306.666667
97.288361	 	5313.333333
96.358033	 	5320.000000
95.210492	 	5326.666667
94.296557	 	5333.333333
93.394918	 	5340.000000
92.235082	 	5346.666667
91.296557	 	5353.333333
89.784262	 	5360.000000
88.876475	 	5366.666667
87.726885	 	5373.333333
86.831393	 	5380.000000
85.528115	 	5386.666667
84.657213	 	5393.333333
83.769918	 	5400.000000
82.673607	 	5406.666667
81.528115	 	5413.333333
80.575246	 	5420.000000
80.165410	 	5426.666667
79.454344	 	5433.333333
78.800656	 	5440.000000
77.718689	 	5446.666667
76.646967	 	5453.333333
75.831393	 	5460.000000
74.915410	 	5466.666667
74.093689	 	5473.333333
72.853934	 	5480.000000
72.384672	 	5486.666667
71.407213	 	5493.333333
70.966639	 	5500.000000
70.388770	 	5506.666667
69.146967	 	5513.333333
68.333443	 	5520.000000
67.521967	 	5526.666667
67.116229	 	5533.333333
66.151066	 	5540.000000
65.454344	 	5546.666667
64.546557	 	5553.333333
63.771967	 	5560.000000
62.761721	 	5566.666667
61.790410	 	5573.333333
61.173607	 	5580.000000
60.409262	 	5586.666667
59.470738	 	5593.333333
58.735082	 	5600.000000
58.017869	 	5606.666667
57.190000	 	5613.333333
56.632623	 	5620.000000
55.790410	 	5626.666667
55.618279	 	5633.333333
54.915410	 	5640.000000
54.659262	 	5646.666667
53.655164	 	5653.333333
53.017869	 	5660.000000
52.249426	 	5666.666667
52.032213	 	5673.333333
51.489180	 	5680.000000
51.003525	 	5686.666667
50.575246	 	5693.333333
50.358033	 	5700.000000
49.804754	 	5706.666667
49.601885	 	5713.333333
48.665410	 	5720.000000
48.478934	 	5726.666667
47.860082	 	5733.333333
47.534262	 	5740.000000
46.894918	 	5746.666667
46.778115	 	5753.333333
46.237131	 	5760.000000
45.909262	 	5766.666667
45.454344	 	5773.333333
44.663361	 	5780.000000
44.327295	 	5786.666667
43.935902	 	5793.333333
43.683852	 	5800.000000
43.319098	 	5806.666667
42.372377	 	5813.333333
41.868279	 	5820.000000
41.536311	 	5826.666667
40.743279	 	5833.333333
40.206393	 	5840.000000
40.062951	 	5846.666667
39.497377	 	5853.333333
39.054754	 	5860.000000
38.690000	 	5866.666667
37.878525	 	5873.333333
37.683852	 	5880.000000
36.751475	 	5886.666667
36.810902	 	5893.333333
35.946148	 	5900.000000
35.714590	 	5906.666667
35.519918	 	5913.333333
34.474836	 	5920.000000
34.267869	 	5926.666667
33.610082	 	5933.333333
33.165410	 	5940.000000
33.003525	 	5946.666667
32.480984	 	5953.333333
32.243279	 	5960.000000
31.933852	 	5966.666667
31.663361	 	5973.333333
31.546557	 	5980.000000
31.157213	 	5986.666667
30.929754	 	5993.333333
30.380574	 	6000.000000
30.019918	 	6006.666667
29.653115	 	6013.333333
29.345738	 	6020.000000
28.937951	 	6026.666667
28.862131	 	6033.333333
28.370328	 	6040.000000
28.110082	 	6046.666667
27.694098	 	6053.333333
27.605984	 	6060.000000
27.077295	 	6066.666667
27.243279	 	6073.333333
26.972787	 	6080.000000
26.343689	 	6086.666667
26.517869	 	6093.333333
25.790410	 	6100.000000
25.884672	 	6106.666667
25.476885	 	6113.333333
25.556803	 	6120.000000
25.056803	 	6126.666667
24.690000	 	6133.333333
24.573197	 	6140.000000
24.452295	 	6146.666667
24.224836	 	6153.333333
23.962541	 	6160.000000
23.521967	 	6166.666667
23.200246	 	6173.333333
23.312951	 	6180.000000
22.698197	 	6186.666667
22.585492	 	6193.333333
22.202295	 	6200.000000
21.915410	 	6206.666667
21.298607	 	6213.333333
21.140820	 	6220.000000
20.782213	 	6226.666667
20.540410	 	6233.333333
20.280164	 	6240.000000
20.298607	 	6246.666667
19.950246	 	6253.333333
19.780164	 	6260.000000
19.605984	 	6266.666667
19.702295	 	6273.333333
19.142869	 	6280.000000
19.376475	 	6286.666667
19.165410	 	6293.333333
19.163361	 	6300.000000
18.892869	 	6306.666667
18.868279	 	6313.333333
18.976885	 	6320.000000
18.435902	 	6326.666667
18.171557	 	6333.333333
18.470738	 	6340.000000
18.081393	 	6346.666667
17.794508	 	6353.333333
17.149016	 	6360.000000
17.501475	 	6366.666667
17.483033	 	6373.333333
17.306803	 	6380.000000
16.716639	 	6386.666667
17.009672	 	6393.333333
16.716639	 	6400.000000
16.917459	 	6406.666667
16.812951	 	6413.333333
17.089590	 	6420.000000
16.683852	 	6426.666667
16.472787	 	6433.333333
16.329344	 	6440.000000
16.274016	 	6446.666667
16.230984	 	6453.333333
15.966639	 	6460.000000
15.870328	 	6466.666667
15.605984	 	6473.333333
15.849836	 	6480.000000
15.673607	 	6486.666667
15.567049	 	6493.333333
15.044508	 	6500.000000
14.956393	 	6506.666667
14.966639	 	6513.333333
15.003525	 	6520.000000
15.038361	 	6526.666667
14.882623	 	6533.333333
14.827295	 	6540.000000
14.497377	 	6546.666667
14.278115	 	6553.333333
14.312951	 	6560.000000
14.263770	 	6566.666667
13.993279	 	6573.333333
13.700246	 	6580.000000
13.577295	 	6586.666667
13.458443	 	6593.333333
13.360082	 	6600.000000
13.317049	 	6606.666667
13.259672	 	6613.333333
13.390820	 	6620.000000
13.327295	 	6626.666667
13.024016	 	6633.333333
12.554754	 	6640.000000
12.521967	 	6646.666667
12.696148	 	6653.333333
12.575246	 	6660.000000
12.837541	 	6666.666667
12.583443	 	6673.333333
12.116229	 	6680.000000
11.845738	 	6686.666667
11.382623	 	6693.333333
11.452295	 	6700.000000
11.478934	 	6706.666667
10.991229	 	6713.333333
11.005574	 	6720.000000
10.855984	 	6726.666667
10.616229	 	6733.333333
10.665410	 	6740.000000
10.343689	 	6746.666667
10.192049	 	6753.333333
10.202295	 	6760.000000
10.163361	 	6766.666667
10.099836	 	6773.333333
9.882623	 	6780.000000
9.425656	 	6786.666667
9.308852	 	6793.333333
9.089590	 	6800.000000
9.280164	 	6806.666667
9.042459	 	6813.333333
9.105984	 	6820.000000
9.171557	 	6826.666667
8.929754	 	6833.333333
8.769918	 	6840.000000
8.677705	 	6846.666667
8.931803	 	6853.333333
8.966639	 	6860.000000
8.583443	 	6866.666667
8.454344	 	6873.333333
8.435902	 	6880.000000
8.569098	 	6886.666667
8.294508	 	6893.333333
8.513770	 	6900.000000
8.577295	 	6906.666667
8.642869	 	6913.333333
8.464590	 	6920.000000
8.886721	 	6926.666667
8.819098	 	6933.333333
8.827295	 	6940.000000
8.794508	 	6946.666667
8.626475	 	6953.333333
8.218689	 	6960.000000
8.552705	 	6966.666667
8.079344	 	6973.333333
7.753525	 	6980.000000
7.642869	 	6986.666667
7.821148	 	6993.333333
7.233033	 	7000.000000
7.460492	 	7006.666667
7.474836	 	7013.333333
7.702295	 	7020.000000
7.319098	 	7026.666667
7.302705	 	7033.333333
6.968689	 	7040.000000
7.616229	 	7046.666667
7.011721	 	7053.333333
7.144918	 	7060.000000
6.808852	 	7066.666667
6.718689	 	7073.333333
6.780164	 	7080.000000
6.737131	 	7086.666667
6.743279	 	7093.333333
6.501475	 	7100.000000
6.355984	 	7106.666667
6.144918	 	7113.333333
6.261721	 	7120.000000
6.483033	 	7126.666667
5.983033	 	7133.333333
6.403115	 	7140.000000
6.077295	 	7146.666667
6.099836	 	7153.333333
5.851885	 	7160.000000
5.780164	 	7166.666667
5.913361	 	7173.333333
5.671557	 	7180.000000
5.601885	 	7186.666667
5.370328	 	7193.333333
5.210492	 	7200.000000
5.105984	 	7206.666667
5.099836	 	7213.333333
5.165410	 	7220.000000
5.077295	 	7226.666667
4.810902	 	7233.333333
4.509672	 	7240.000000
5.001475	 	7246.666667
4.831393	 	7253.333333
4.839590	 	7260.000000
4.601885	 	7266.666667
4.632623	 	7273.333333
4.601885	 	7280.000000
4.687951	 	7286.666667
4.657213	 	7293.333333
4.884672	 	7300.000000
4.571148	 	7306.666667
4.536311	 	7313.333333
4.472787	 	7320.000000
4.644918	 	7326.666667
4.116229	 	7333.333333
4.204344	 	7340.000000
4.222787	 	7346.666667
4.507623	 	7353.333333
4.099836	 	7360.000000
4.519918	 	7366.666667
3.962541	 	7373.333333
4.269918	 	7380.000000
4.077295	 	7386.666667
3.884672	 	7393.333333
4.003525	 	7400.000000
3.524016	 	7406.666667
3.649016	 	7413.333333
3.649016	 	7420.000000
3.823197	 	7426.666667
3.593689	 	7433.333333
3.571148	 	7440.000000
3.056803	 	7446.666667
3.044508	 	7453.333333
3.089590	 	7460.000000
3.165410	 	7466.666667
2.962541	 	7473.333333
2.716639	 	7480.000000
2.583443	 	7486.666667
2.028115	 	7493.333333
2.321148	 	7500.000000
2.105984	 	7506.666667
2.214590	 	7513.333333
2.399016	 	7520.000000
2.546557	 	7526.666667
2.429754	 	7533.333333
2.251475	 	7540.000000
2.032213	 	7546.666667
2.433852	 	7553.333333
2.187951	 	7560.000000
2.429754	 	7566.666667
2.038361	 	7573.333333
2.060902	 	7580.000000
1.872377	 	7586.666667
2.130574	 	7593.333333
2.142869	 	7600.000000
1.864180	 	7606.666667
1.685902	 	7613.333333
2.030164	 	7620.000000
2.062951	 	7626.666667
2.323197	 	7633.333333
1.901066	 	7640.000000
2.413361	 	7646.666667
2.224836	 	7653.333333
2.073197	 	7660.000000
2.278115	 	7666.666667
2.085492	 	7673.333333
2.093689	 	7680.000000
2.312951	 	7686.666667
2.038361	 	7693.333333
1.757623	 	7700.000000
1.749426	 	7706.666667
1.847787	 	7713.333333
1.872377	 	7720.000000
1.786311	 	7726.666667
1.942049	 	7733.333333
1.550656	 	7740.000000
1.642869	 	7746.666667
1.899016	 	7753.333333
2.067049	 	7760.000000
2.103934	 	7766.666667
1.794508	 	7773.333333
1.884672	 	7780.000000
1.919508	 	7786.666667
1.669508	 	7793.333333
1.700246	 	7800.000000
1.761721	 	7806.666667
1.737131	 	7813.333333
1.431803	 	7820.000000
1.690000	 	7826.666667
1.300656	 	7833.333333
1.440000	 	7840.000000
1.212541	 	7846.666667
1.878525	 	7853.333333
1.503525	 	7860.000000
1.319098	 	7866.666667
1.341639	 	7873.333333
1.194098	 	7880.000000
1.056803	 	7886.666667
0.976885	 	7893.333333
1.247377	 	7900.000000
1.159262	 	7906.666667
1.161311	 	7913.333333
0.937951	 	7920.000000
0.921557	 	7926.666667
0.706393	 	7933.333333
0.901066	 	7940.000000
0.573197	 	7946.666667
0.497377	 	7953.333333
0.851885	 	7960.000000
0.624426	 	7966.666667
0.411311	 	7973.333333
0.417459	 	7980.000000
0.495328	 	7986.666667
0.312951	 	7993.333333
0.423607	 	8000.000000
0.097787	 	8006.666667
0.544508	 	8013.333333
0.411311	 	8020.000000
0.614180	 	8026.666667
0.370328	 	8033.333333
0.271967	 	8040.000000
0.337541	 	8046.666667
-0.148115	 	8053.333333
0.118279	 	8060.000000
0.122377	 	8066.666667
0.128525	 	8073.333333
0.046557	 	8080.000000
0.171557	 	8086.666667
0.095738	 	8093.333333
0.155164	 	8100.000000
0.347787	 	8106.666667
0.513770	 	8113.333333
0.763770	 	8120.000000
0.851885	 	8126.666667
0.829344	 	8133.333333
0.737131	 	8140.000000
0.646967	 	8146.666667
0.858033	 	8153.333333
0.536311	 	8160.000000
0.978934	 	8166.666667
0.894918	 	8173.333333
0.776066	 	8180.000000
0.962541	 	8186.666667
0.622377	 	8193.333333
0.872377	 	8200.000000
0.644918	 	8206.666667
0.620328	 	8213.333333
0.534262	 	8220.000000
0.431803	 	8226.666667
0.603934	 	8233.333333
0.509672	 	8240.000000
0.480984	 	8246.666667
0.376475	 	8253.333333
0.649016	 	8260.000000
0.681803	 	8266.666667
0.634672	 	8273.333333
0.778115	 	8280.000000
0.597787	 	8286.666667
0.329344	 	8293.333333
0.435902	 	8300.000000
0.577295	 	8306.666667
0.517869	 	8313.333333
0.103934	 	8320.000000
-0.156311	 	8326.666667
-0.084590	 	8333.333333
-0.129672	 	8340.000000
-0.068197	 	8346.666667
-0.088689	 	8353.333333
-0.014918	 	8360.000000
-0.187049	 	8366.666667
-0.021066	 	8373.333333
-0.201393	 	8380.000000
-0.166557	 	8386.666667
-0.051803	 	8393.333333
-0.162459	 	8400.000000
-0.012869	 	8406.666667
-0.201393	 	8413.333333
-0.094836	 	8420.000000
-0.182951	 	8426.666667
-0.172705	 	8433.333333
-0.350984	 	8440.000000
-0.199344	 	8446.666667
-0.293607	 	8453.333333
-0.496475	 	8460.000000
-0.502623	 	8466.666667
-0.562049	 	8473.333333
-0.332541	 	8480.000000
-0.191148	 	8486.666667
-0.461639	 	8493.333333
-0.111230	 	8500.000000
-0.318197	 	8506.666667
0.173607	 	8513.333333
-0.400164	 	8520.000000
0.442049	 	8526.666667
0.274016	 	8533.333333
0.554754	 	8540.000000
0.394918	 	8546.666667
0.071148	 	8553.333333
0.026066	 	8560.000000
0.331393	 	8566.666667
-0.041557	 	8573.333333
-0.060000	 	8580.000000
0.343689	 	8586.666667
0.198197	 	8593.333333
0.208443	 	8600.000000
0.230984	 	8606.666667
0.015820	 	8613.333333
0.255574	 	8620.000000
0.126475	 	8626.666667
0.130574	 	8633.333333
0.048607	 	8640.000000
0.200246	 	8646.666667
0.085492	 	8653.333333
0.247377	 	8660.000000
0.378525	 	8666.666667
-0.105082	 	8673.333333
0.226885	 	8680.000000
-0.146066	 	8686.666667
-0.111230	 	8693.333333
-0.512869	 	8700.000000
0.136721	 	8706.666667
0.171557	 	8713.333333
0.009672	 	8720.000000
-0.426803	 	8726.666667
-0.260820	 	8733.333333
-0.248525	 	8740.000000
-0.314098	 	8746.666667
0.003525	 	8753.333333
-0.682951	 	8760.000000
-0.631721	 	8766.666667
-0.568197	 	8773.333333
-0.377623	 	8780.000000
-0.596885	 	8786.666667
-0.576393	 	8793.333333
-0.736230	 	8800.000000
-0.490328	 	8806.666667
-0.998525	 	8813.333333
-1.168607	 	8820.000000
-1.133771	 	8826.666667
-0.973934	 	8833.333333
-1.211639	 	8840.000000
-1.100984	 	8846.666667
-1.049754	 	8853.333333
-1.084590	 	8860.000000
-1.490328	 	8866.666667
-1.371475	 	8873.333333
-1.211639	 	8880.000000
-1.146066	 	8886.666667
-1.213689	 	8893.333333
-1.228033	 	8900.000000
-1.615328	 	8906.666667
-1.135820	 	8913.333333
-1.387869	 	8920.000000
-0.963689	 	8926.666667
-1.166557	 	8933.333333
-1.262869	 	8940.000000
-1.250574	 	8946.666667
-1.131721	 	8953.333333
-1.281311	 	8960.000000
-1.258771	 	8966.666667
-1.422705	 	8973.333333
-1.387869	 	8980.000000
-1.291557	 	8986.666667
-0.853033	 	8993.333333
-1.047705	 	9000.000000
-0.877623	 	9006.666667
-1.086639	 	9013.333333
-0.961639	 	9020.000000
-0.900164	 	9026.666667
-0.898115	 	9033.333333
-0.627623	 	9040.000000
-0.996475	 	9046.666667
-0.646066	 	9053.333333
-0.978033	 	9060.000000
-0.932951	 	9066.666667
-0.879672	 	9073.333333
-1.213689	 	9080.000000
-1.199344	 	9086.666667
-1.029262	 	9093.333333
-0.918607	 	9100.000000
-1.098934	 	9106.666667
-0.955492	 	9113.333333
-0.709590	 	9120.000000
-0.842787	 	9126.666667
-0.588689	 	9133.333333
-0.400164	 	9140.000000
-0.596885	 	9146.666667
-0.129672	 	9153.333333
-0.340738	 	9160.000000
-0.094836	 	9166.666667
-0.123525	 	9173.333333
-0.127623	 	9180.000000
-0.139918	 	9186.666667
0.056803	 	9193.333333
-0.195246	 	9200.000000
0.132623	 	9206.666667
0.005574	 	9213.333333
0.308852	 	9220.000000
0.046557	 	9226.666667
0.157213	 	9233.333333
0.042459	 	9240.000000
0.269918	 	9246.666667
-0.113279	 	9253.333333
0.282213	 	9260.000000
-0.027213	 	9266.666667
0.220738	 	9273.333333
0.087541	 	9280.000000
0.120328	 	9286.666667
-0.027213	 	9293.333333
-0.385820	 	9300.000000
-0.234180	 	9306.666667
-0.342787	 	9313.333333
-0.439098	 	9320.000000
-0.131721	 	9326.666667
-0.508771	 	9333.333333
-0.547705	 	9340.000000
-0.857131	 	9346.666667
-0.580492	 	9353.333333
-1.141967	 	9360.000000
-0.572295	 	9366.666667
-0.773115	 	9373.333333
-0.738279	 	9380.000000
-0.687049	 	9386.666667
-0.672705	 	9393.333333
-0.963689	 	9400.000000
-0.674754	 	9406.666667
-0.803852	 	9413.333333
-0.543607	 	9420.000000
-0.889918	 	9426.666667
-0.736230	 	9433.333333
-0.584590	 	9440.000000
-0.723934	 	9446.666667
-0.873525	 	9453.333333
-0.541557	 	9460.000000
-0.701393	 	9466.666667
-0.584590	 	9473.333333
-0.820246	 	9480.000000
-0.894016	 	9486.666667
-0.795656	 	9493.333333
-0.760820	 	9500.000000
-0.666557	 	9506.666667
-0.537459	 	9513.333333
-0.795656	 	9520.000000
-0.783361	 	9526.666667
-0.971885	 	9533.333333
-0.582541	 	9540.000000
-1.074344	 	9546.666667
-0.824344	 	9553.333333
-1.359180	 	9560.000000
-1.273115	 	9566.666667
-1.484180	 	9573.333333
-1.090738	 	9580.000000
-1.242377	 	9586.666667
-1.424754	 	9593.333333
-1.439098	 	9600.000000
-1.310000	 	9606.666667
-1.144016	 	9613.333333
-0.965738	 	9620.000000
-1.021066	 	9626.666667
-1.150164	 	9633.333333
-0.861230	 	9640.000000
-1.150164	 	9646.666667
-1.090738	 	9653.333333
-1.035410	 	9660.000000
-0.795656	 	9666.666667
-0.617377	 	9673.333333
-0.889918	 	9680.000000
-0.955492	 	9686.666667
-1.029262	 	9693.333333
-1.033361	 	9700.000000
-1.014918	 	9706.666667
-1.162459	 	9713.333333
-0.902213	 	9720.000000
-1.260820	 	9726.666667
-1.000574	 	9733.333333
-0.674754	 	9740.000000
-0.867377	 	9746.666667
-1.076393	 	9753.333333
-1.060000	 	9760.000000
-1.150164	 	9766.666667
-1.064098	 	9773.333333
-1.062049	 	9780.000000
-0.898115	 	9786.666667
-0.633771	 	9793.333333
-0.910410	 	9800.000000
-0.998525	 	9806.666667
-0.773115	 	9813.333333
-0.766967	 	9820.000000
-0.545656	 	9826.666667
-0.810000	 	9833.333333
-0.803852	 	9840.000000
-0.824344	 	9846.666667
-1.066148	 	9853.333333
-0.744426	 	9860.000000
-1.172705	 	9866.666667
-1.154262	 	9873.333333
-1.500574	 	9880.000000
-1.451393	 	9886.666667
-1.381721	 	9893.333333
-1.611230	 	9900.000000
-1.336639	 	9906.666667
-1.379672	 	9913.333333
-1.535410	 	9920.000000
-1.578443	 	9926.666667
-1.639918	 	9933.333333
-1.955492	 	9940.000000
-1.615328	 	9946.666667
-1.785410	 	9953.333333
-1.672705	 	9960.000000
-1.801803	 	9966.666667
-1.332541	 	9973.333333
-1.672705	 	9980.000000
-1.494426	 	9986.666667
-1.484180	 	9993.333333
-1.199344	 	10000.000000
-1.199344	 	10006.666667
-1.432951	 	10013.333333
-1.242377	 	10020.000000
-1.539508	 	10026.666667
-1.350984	 	10033.333333
-1.521066	 	10040.000000
-1.371475	 	10046.666667
-1.225984	 	10053.333333
-1.340738	 	10060.000000
-1.383771	 	10066.666667
-1.482131	 	10073.333333
-1.664508	 	10080.000000
-1.693197	 	10086.666667
-1.918607	 	10093.333333
-1.648115	 	10100.000000
-2.086639	 	10106.666667
-2.053852	 	10113.333333
-1.795656	 	10120.000000
-2.006721	 	10126.666667
-1.887869	 	10133.333333
-1.771066	 	10140.000000
-1.982131	 	10146.666667
-1.959590	 	10153.333333
-1.631721	 	10160.000000
-2.082541	 	10166.666667
-2.045656	 	10173.333333
-2.084590	 	10180.000000
-2.086639	 	10186.666667
-1.916557	 	10193.333333
-2.064098	 	10200.000000
-1.912459	 	10206.666667
-2.004672	 	10213.333333
-1.812049	 	10220.000000
-1.894016	 	10226.666667
-1.896066	 	10233.333333
-1.945246	 	10240.000000
-1.664508	 	10246.666667
-1.812049	 	10253.333333
-1.529262	 	10260.000000
-1.719836	 	10266.666667
-1.273115	 	10273.333333
-1.504672	 	10280.000000
-1.457541	 	10286.666667
-1.713689	 	10293.333333
-1.299754	 	10300.000000
-1.697295	 	10306.666667
-1.674754	 	10313.333333
-1.709590	 	10320.000000
-1.695246	 	10326.666667
-1.424754	 	10333.333333
-1.975984	 	10340.000000
-1.838689	 	10346.666667
-1.619426	 	10353.333333
-1.670656	 	10360.000000
-1.758771	 	10366.666667
-1.728033	 	10373.333333
-1.914508	 	10380.000000
-1.791557	 	10386.666667
-1.787459	 	10393.333333
-1.900164	 	10400.000000
-1.594836	 	10406.666667
-2.098934	 	10413.333333
-1.697295	 	10420.000000
-1.990328	 	10426.666667
-1.750574	 	10433.333333
-1.963689	 	10440.000000
-1.789508	 	10446.666667
-1.730082	 	10453.333333
-1.435000	 	10460.000000
-1.947295	 	10466.666667
-1.687049	 	10473.333333
-1.738279	 	10480.000000
-1.662459	 	10486.666667
-1.566148	 	10493.333333
-1.426803	 	10500.000000
-1.631721	 	10506.666667
-1.445246	 	10513.333333
-1.982131	 	10520.000000
-1.803852	 	10526.666667
-1.758771	 	10533.333333
-1.795656	 	10540.000000
-1.721885	 	10546.666667
-1.832541	 	10553.333333
-1.641967	 	10560.000000
-2.057951	 	10566.666667
-2.019016	 	10573.333333
-1.805902	 	10580.000000
-2.062049	 	10586.666667
-2.266967	 	10593.333333
-1.904262	 	10600.000000
-2.094836	 	10606.666667
-2.078443	 	10613.333333
-2.512869	 	10620.000000
-2.023115	 	10626.666667
-2.271066	 	10633.333333
-2.496475	 	10640.000000
-2.365328	 	10646.666667
-2.262869	 	10653.333333
-2.127623	 	10660.000000
-1.732131	 	10666.666667
-1.853033	 	10673.333333
-1.971885	 	10680.000000
-1.914508	 	10686.666667
-1.961639	 	10693.333333
-1.935000	 	10700.000000
-1.711639	 	10706.666667
-2.168607	 	10713.333333
-2.033361	 	10720.000000
-2.158361	 	10726.666667
-2.297705	 	10733.333333
-2.258771	 	10740.000000
-2.361230	 	10746.666667
-2.275164	 	10753.333333
-2.225984	 	10760.000000
-2.301803	 	10766.666667
-2.320246	 	10773.333333
-2.355082	 	10780.000000
-2.320246	 	10786.666667
-2.324344	 	10793.333333
-2.312049	 	10800.000000
-2.012869	 	10806.666667
-2.100984	 	10813.333333
-2.359180	 	10820.000000
-2.420656	 	10826.666667
-2.273115	 	10833.333333
-2.428852	 	10840.000000
-2.537459	 	10846.666667
-2.428852	 	10853.333333
-2.262869	 	10860.000000
-2.330492	 	10866.666667
-2.299754	 	10873.333333
-2.199344	 	10880.000000
-2.211639	 	10886.666667
-1.998525	 	10893.333333
-2.426803	 	10900.000000
-1.998525	 	10906.666667
-2.447295	 	10913.333333
-2.344836	 	10920.000000
-2.359180	 	10926.666667
-2.242377	 	10933.333333
-2.293607	 	10940.000000
-2.480082	 	10946.666667
-2.707541	 	10953.333333
-2.541557	 	10960.000000
-2.484180	 	10966.666667
-2.387869	 	10973.333333
-2.488279	 	10980.000000
-2.506721	 	10986.666667
-2.879672	 	10993.333333
-2.598934	 	11000.000000
-2.689098	 	11006.666667
-2.711639	 	11013.333333
-2.478033	 	11020.000000
-2.469836	 	11026.666667
-2.578443	 	11033.333333
-2.578443	 	11040.000000
-2.834590	 	11046.666667
-3.072295	 	11053.333333
-2.896066	 	11060.000000
-2.873525	 	11066.666667
-2.449344	 	11073.333333
-2.746475	 	11080.000000
-2.555902	 	11086.666667
-2.795656	 	11093.333333
-2.447295	 	11100.000000
-2.691148	 	11106.666667
-2.781311	 	11113.333333
-2.557951	 	11120.000000
-2.723934	 	11126.666667
-2.799754	 	11133.333333
-2.859180	 	11140.000000
-2.867377	 	11146.666667
-2.467787	 	11153.333333
-2.631721	 	11160.000000
-2.519016	 	11166.666667
-2.611230	 	11173.333333
-2.639918	 	11180.000000
-2.553852	 	11186.666667
-2.629672	 	11193.333333
-2.670656	 	11200.000000
-2.676803	 	11206.666667
-2.654262	 	11213.333333
-2.822295	 	11220.000000
-2.551803	 	11226.666667
-2.496475	 	11233.333333
-2.424754	 	11240.000000
-2.408361	 	11246.666667
-2.342787	 	11253.333333
-2.467787	 	11260.000000
-2.340738	 	11266.666667
-2.461639	 	11273.333333
-2.297705	 	11280.000000
-2.312049	 	11286.666667
-2.320246	 	11293.333333
-2.307951	 	11300.000000
-2.463689	 	11306.666667
-2.596885	 	11313.333333
-2.887869	 	11320.000000
-2.562049	 	11326.666667
-2.521066	 	11333.333333
-2.695246	 	11340.000000
-2.773115	 	11346.666667
-2.873525	 	11353.333333
-2.805902	 	11360.000000
-2.894016	 	11366.666667
-2.914508	 	11373.333333
-2.930902	 	11380.000000
-2.730082	 	11386.666667
-2.863279	 	11393.333333
-2.824344	 	11400.000000
-2.939098	 	11406.666667
-2.889918	 	11413.333333
-2.807951	 	11420.000000
-2.674754	 	11426.666667
-3.238279	 	11433.333333
-3.051803	 	11440.000000
-3.057951	 	11446.666667
-3.041557	 	11453.333333
-2.672705	 	11460.000000
-2.826393	 	11466.666667
-2.748525	 	11473.333333
-2.801803	 	11480.000000
-2.859180	 	11486.666667
-2.670656	 	11493.333333
-2.652213	 	11500.000000
-2.588689	 	11506.666667
-2.805902	 	11513.333333
-2.766967	 	11520.000000
-2.828443	 	11526.666667
-2.738279	 	11533.333333
-3.031311	 	11540.000000
-2.963689	 	11546.666667
-3.000574	 	11553.333333
-2.660410	 	11560.000000
-2.816148	 	11566.666667
-3.105082	 	11573.333333
-2.904262	 	11580.000000
-2.713689	 	11586.666667
-2.785410	 	11593.333333
-2.658361	 	11600.000000
-2.789508	 	11606.666667
-2.609180	 	11613.333333
-2.939098	 	11620.000000
-2.795656	 	11626.666667
-2.906311	 	11633.333333
-2.625574	 	11640.000000
-2.725984	 	11646.666667
-2.637869	 	11653.333333
-2.771066	 	11660.000000
-3.062049	 	11666.666667
-2.912459	 	11673.333333
-2.826393	 	11680.000000
-2.689098	 	11686.666667
-3.189098	 	11693.333333
-2.937049	 	11700.000000
-3.111230	 	11706.666667
-2.978033	 	11713.333333
-2.955492	 	11720.000000
-2.799754	 	11726.666667
-2.826393	 	11733.333333
-2.975984	 	11740.000000
-3.103033	 	11746.666667
-3.060000	 	11753.333333
-3.217787	 	11760.000000
-3.103033	 	11766.666667
-2.889918	 	11773.333333
-2.830492	 	11780.000000
-2.676803	 	11786.666667
-2.625574	 	11793.333333
-2.766967	 	11800.000000
-2.805902	 	11806.666667
-2.730082	 	11813.333333
-2.725984	 	11820.000000
-3.051803	 	11826.666667
-3.053852	 	11833.333333
-2.922705	 	11840.000000
-2.961639	 	11846.666667
-2.646066	 	11853.333333
-2.926803	 	11860.000000
-2.660410	 	11866.666667
-3.203443	 	11873.333333
-3.027213	 	11880.000000
-3.168607	 	11886.666667
-2.707541	 	11893.333333
-2.959590	 	11900.000000
-2.746475	 	11906.666667
-2.748525	 	11913.333333
-3.137869	 	11920.000000
-2.572295	 	11926.666667
-3.146066	 	11933.333333
-2.850984	 	11940.000000
-2.730082	 	11946.666667
-2.621475	 	11953.333333
-2.894016	 	11960.000000
-2.906311	 	11966.666667
-3.076393	 	11973.333333
-3.105082	 	11980.000000
-3.092787	 	11986.666667
-3.109180	 	11993.333333
-3.066148	 	12000.000000
-3.141967	 	12006.666667
-3.312049	 	12013.333333
-3.318197	 	12020.000000
-3.111230	 	12026.666667
-3.166557	 	12033.333333
-3.314098	 	12040.000000
-3.068197	 	12046.666667
-3.191148	 	12053.333333
-3.348934	 	12060.000000
-3.162459	 	12066.666667
-3.375574	 	12073.333333
-3.193197	 	12080.000000
-3.197295	 	12086.666667
-3.006721	 	12093.333333
-3.383771	 	12100.000000
-3.301803	 	12106.666667
-3.266967	 	12113.333333
-3.363279	 	12120.000000
-3.844836	 	12126.666667
-3.164508	 	12133.333333
-3.543607	 	12140.000000
-3.170656	 	12146.666667
-3.207541	 	12153.333333
-2.840738	 	12160.000000
-3.260820	 	12166.666667
-2.586639	 	12173.333333
-3.082541	 	12180.000000
-2.961639	 	12186.666667
-2.787459	 	12193.333333
-2.937049	 	12200.000000
-2.738279	 	12206.666667
-2.805902	 	12213.333333
-2.859180	 	12220.000000
-2.793607	 	12226.666667
-3.053852	 	12233.333333
-3.154262	 	12240.000000
-3.260820	 	12246.666667
-3.195246	 	12253.333333
-3.605082	 	12260.000000
-3.324344	 	12266.666667
-3.312049	 	12273.333333
-3.449344	 	12280.000000
-3.297705	 	12286.666667
-3.068197	 	12293.333333
-3.324344	 	12300.000000
-3.344836	 	12306.666667
-3.533361	 	12313.333333
-3.187049	 	12320.000000
-3.111230	 	12326.666667
-3.010820	 	12333.333333
-3.158361	 	12340.000000
-3.174754	 	12346.666667
-3.375574	 	12353.333333
-3.355082	 	12360.000000
-3.400164	 	12366.666667
-3.269016	 	12373.333333
-3.164508	 	12380.000000
-3.273115	 	12386.666667
-3.039508	 	12393.333333
-3.412459	 	12400.000000
-3.279262	 	12406.666667
-3.435000	 	12413.333333
-3.500574	 	12420.000000
-3.264918	 	12426.666667
-3.201393	 	12433.333333
-3.449344	 	12440.000000
-3.205492	 	12446.666667
-3.293607	 	12453.333333
-3.185000	 	12460.000000
-3.273115	 	12466.666667
-3.324344	 	12473.333333
-3.078443	 	12480.000000
-3.516967	 	12486.666667
-3.428852	 	12493.333333
-3.367377	 	12500.000000
-3.242377	 	12506.666667
-3.480082	 	12513.333333
-3.221885	 	12520.000000
-3.658361	 	12526.666667
-3.637869	 	12533.333333
-3.707541	 	12540.000000
-3.498525	 	12546.666667
-3.607131	 	12553.333333
-3.369426	 	12560.000000
-3.941148	 	12566.666667
-3.887869	 	12573.333333
-3.982131	 	12580.000000
-3.799754	 	12586.666667
-3.810000	 	12593.333333
-3.685000	 	12600.000000
-3.584590	 	12606.666667
-3.578443	 	12613.333333
-3.875574	 	12620.000000
-4.156311	 	12626.666667
-3.762869	 	12633.333333
-3.969836	 	12640.000000
-3.480082	 	12646.666667
-3.992377	 	12653.333333
-4.033361	 	12660.000000
-4.463689	 	12666.666667
-3.744426	 	12673.333333
-4.172705	 	12680.000000
-4.068197	 	12686.666667
-4.154262	 	12693.333333
-4.180902	 	12700.000000
-4.303852	 	12706.666667
-3.926803	 	12713.333333
-4.031311	 	12720.000000
-3.590738	 	12726.666667
-4.135820	 	12733.333333
-4.062049	 	12740.000000
-4.113279	 	12746.666667
-3.918607	 	12753.333333
-3.928852	 	12760.000000
-3.822295	 	12766.666667
-3.496475	 	12773.333333
-3.723934	 	12780.000000
-3.775164	 	12786.666667
-3.850984	 	12793.333333
-3.420656	 	12800.000000
-3.471885	 	12806.666667
-3.576393	 	12813.333333
-3.422705	 	12820.000000
-3.617377	 	12826.666667
-3.797705	 	12833.333333
-3.865328	 	12840.000000
-3.543607	 	12846.666667
-3.703443	 	12853.333333
-3.383771	 	12860.000000
-3.516967	 	12866.666667
-3.475984	 	12873.333333
-3.652213	 	12880.000000
-3.619426	 	12886.666667
-3.641967	 	12893.333333
-3.363279	 	12900.000000
-3.254672	 	12906.666667
-3.406311	 	12913.333333
-3.500574	 	12920.000000
-3.371475	 	12926.666667
-3.373525	 	12933.333333
-3.346885	 	12940.000000
-3.500574	 	12946.666667
-3.453443	 	12953.333333
-3.387869	 	12960.000000
-3.596885	 	12966.666667
-3.260820	 	12973.333333
-3.236230	 	12980.000000
-3.457541	 	12986.666667
-3.363279	 	12993.333333
-3.404262	 	13000.000000
-3.008771	 	13006.666667
-3.490328	 	13013.333333
-3.219836	 	13020.000000
-3.418607	 	13026.666667
-3.330492	 	13033.333333
-3.717787	 	13040.000000
-3.187049	 	13046.666667
-3.318197	 	13053.333333
-3.592787	 	13060.000000
-3.490328	 	13066.666667
-3.516967	 	13073.333333
-3.527213	 	13080.000000
-3.641967	 	13086.666667
-3.973934	 	13093.333333
-3.748525	 	13100.000000
-3.603033	 	13106.666667
-3.728033	 	13113.333333
-3.869426	 	13120.000000
-3.762869	 	13126.666667
-3.791557	 	13133.333333
-3.500574	 	13140.000000
-3.844836	 	13146.666667
-3.930902	 	13153.333333
-3.965738	 	13160.000000
-3.904262	 	13166.666667
-3.875574	 	13173.333333
-4.060000	 	13180.000000
-3.592787	 	13186.666667
-3.621475	 	13193.333333
-3.637869	 	13200.000000
-3.623525	 	13206.666667
-3.353033	 	13213.333333
-3.998525	 	13220.000000
-3.607131	 	13226.666667
-3.443197	 	13233.333333
-3.478033	 	13240.000000
-3.492377	 	13246.666667
-3.574344	 	13253.333333
-3.525164	 	13260.000000
-3.824344	 	13266.666667
-3.666557	 	13273.333333
-3.955492	 	13280.000000
-3.820246	 	13286.666667
-3.783361	 	13293.333333
-3.904262	 	13300.000000
-3.926803	 	13306.666667
-3.914508	 	13313.333333
-3.664508	 	13320.000000
-3.539508	 	13326.666667
