#peak 	 	#time 
-999.998794	 	0.000000
-999.998896	 	6.666667
-999.998869	 	13.333333
-999.999009	 	20.000000
-999.999466	 	26.666667
-999.999528	 	33.333333
-999.999118	 	40.000000
-999.999669	 	46.666667
-999.999873	 	53.333333
-999.999984	 	60.000000
-1000.000000	 	66.666667
-1000.000000	 	73.333333
-1000.000000	 	80.000000
-1000.000000	 	86.666667
35159.552764	 	93.333333
-999.998732	 	100.000000
-999.998732	 	106.666667
-999.998742	 	113.333333
-999.998747	 	120.000000
-999.998743	 	126.666667
-999.998740	 	133.333333
-999.998735	 	140.000000
-999.998729	 	146.666667
-999.998724	 	153.333333
-999.998721	 	160.000000
-999.998721	 	166.666667
-999.998722	 	173.333333
-999.998721	 	180.000000
-999.998720	 	186.666667
-999.998720	 	193.333333
3817.064763	 	200.000000
2792.880068	 	206.666667
-899.000843	 	213.333333
-971.334042	 	220.000000
-934.617415	 	226.666667
-640.516256	 	233.333333
-113.253817	 	240.000000
532.487493	 	246.666667
358.117129	 	253.333333
-57.886742	 	260.000000
-222.880566	 	266.666667
-344.174693	 	273.333333
83.542387	 	280.000000
199.443053	 	286.666667
87.735999	 	293.333333
129.659518	 	300.000000
-165.718371	 	306.666667
-218.438085	 	313.333333
-161.658668	 	320.000000
43.774465	 	326.666667
126.954998	 	333.333333
-139.501512	 	340.000000
-7.720510	 	346.666667
20.920444	 	353.333333
-19.214329	 	360.000000
296.140906	 	366.666667
-83.323765	 	373.333333
-293.889874	 	380.000000
-216.738741	 	386.666667
-58.991495	 	393.333333
217.399315	 	400.000000
346.571454	 	406.666667
-180.189189	 	413.333333
-165.954337	 	420.000000
-32.488892	 	426.666667
180.029637	 	433.333333
164.044531	 	440.000000
-193.879624	 	446.666667
-127.536483	 	453.333333
-109.635054	 	460.000000
125.006466	 	466.666667
368.591737	 	473.333333
-71.617493	 	480.000000
-269.457765	 	486.666667
-156.899505	 	493.333333
248.468465	 	500.000000
12.609734	 	506.666667
-47.682283	 	513.333333
-56.982067	 	520.000000
141.740420	 	526.666667
282.733703	 	533.333333
-169.816195	 	540.000000
-245.622549	 	546.666667
-51.981478	 	553.333333
81.803056	 	560.000000
132.267742	 	566.666667
289.074993	 	573.333333
-236.963136	 	580.000000
-54.586820	 	586.666667
1.043153	 	593.333333
-39.863728	 	600.000000
1.898091	 	606.666667
21.695588	 	613.333333
-61.742007	 	620.000000
6.433738	 	626.666667
93.121573	 	633.333333
-90.831898	 	640.000000
-73.888863	 	646.666667
317.606828	 	653.333333
-135.825774	 	660.000000
38.795736	 	666.666667
-80.503071	 	673.333333
18.297605	 	680.000000
60.155359	 	686.666667
-40.649916	 	693.333333
-57.457115	 	700.000000
123.178114	 	706.666667
-126.263413	 	713.333333
-28.145064	 	720.000000
44.414472	 	726.666667
23.347016	 	733.333333
121.572846	 	740.000000
-102.624637	 	746.666667
-69.078253	 	753.333333
59.366039	 	760.000000
141.166853	 	766.666667
-147.106959	 	773.333333
-179.269477	 	780.000000
203.177307	 	786.666667
-11.678322	 	793.333333
12.042389	 	800.000000
62.616199	 	806.666667
-201.612759	 	813.333333
101.735206	 	820.000000
92.144811	 	826.666667
129.570332	 	833.333333
-40.968695	 	840.000000
-304.412117	 	846.666667
-30.904526	 	853.333333
60.790387	 	860.000000
212.150988	 	866.666667
-28.600707	 	873.333333
-128.934606	 	880.000000
52.412972	 	886.666667
310.331313	 	893.333333
-293.310842	 	900.000000
-137.251608	 	906.666667
-18.400401	 	913.333333
240.874742	 	920.000000
-36.454609	 	926.666667
3.059328	 	933.333333
-94.228834	 	940.000000
82.648691	 	946.666667
-15.050630	 	953.333333
-96.384041	 	960.000000
-80.170208	 	966.666667
183.151309	 	973.333333
-16.857289	 	980.000000
118.295673	 	986.666667
-187.919039	 	993.333333
75.428956	 	1000.000000
51.742533	 	1006.666667
-23.566177	 	1013.333333
-98.896926	 	1020.000000
97.222140	 	1026.666667
-10.925998	 	1033.333333
136.105853	 	1040.000000
-62.749731	 	1046.666667
-0.502893	 	1053.333333
-66.342606	 	1060.000000
-129.031593	 	1066.666667
34.270661	 	1073.333333
348.828051	 	1080.000000
-31.705562	 	1086.666667
-100.917755	 	1093.333333
-196.390588	 	1100.000000
65.182218	 	1106.666667
196.292623	 	1113.333333
28.980083	 	1120.000000
-269.624538	 	1126.666667
-11.739639	 	1133.333333
216.296097	 	1140.000000
22.078878	 	1146.666667
-115.209266	 	1153.333333
-56.456537	 	1160.000000
157.565754	 	1166.666667
-21.708824	 	1173.333333
-61.749829	 	1180.000000
11.282629	 	1186.666667
107.110161	 	1193.333333
29.110115	 	1200.000000
-141.520172	 	1206.666667
-1.626605	 	1213.333333
131.342286	 	1220.000000
0.739277	 	1226.666667
45.372103	 	1233.333333
-96.408612	 	1240.000000
-134.638445	 	1246.666667
284.715303	 	1253.333333
-76.207476	 	1260.000000
-138.084341	 	1266.666667
-10.355922	 	1273.333333
22.797225	 	1280.000000
166.542554	 	1286.666667
57.171997	 	1293.333333
-132.280928	 	1300.000000
-113.664930	 	1306.666667
61.528806	 	1313.333333
66.282556	 	1320.000000
-2.264721	 	1326.666667
47.998619	 	1333.333333
56.822184	 	1340.000000
-101.449676	 	1346.666667
-78.699562	 	1353.333333
-146.991736	 	1360.000000
181.427173	 	1366.666667
157.493669	 	1373.333333
-21.707189	 	1380.000000
-3.206923	 	1386.666667
5.352355	 	1393.333333
-80.460997	 	1400.000000
-14.289533	 	1406.666667
-32.758163	 	1413.333333
-2.585632	 	1420.000000
29.954145	 	1426.666667
91.156039	 	1433.333333
5.934488	 	1440.000000
-94.859854	 	1446.666667
83.833768	 	1453.333333
149.400729	 	1460.000000
-145.119219	 	1466.666667
91.828254	 	1473.333333
-119.595208	 	1480.000000
-152.421564	 	1486.666667
72.360737	 	1493.333333
151.874328	 	1500.000000
33.407064	 	1506.666667
78.793448	 	1513.333333
-197.276010	 	1520.000000
-113.880886	 	1526.666667
118.282070	 	1533.333333
33.395586	 	1540.000000
90.780490	 	1546.666667
5.519773	 	1553.333333
-43.211840	 	1560.000000
-51.340831	 	1566.666667
-106.230350	 	1573.333333
165.175330	 	1580.000000
118.835515	 	1586.666667
228.729499	 	1593.333333
-123.240470	 	1600.000000
-165.954085	 	1606.666667
-157.101236	 	1613.333333
46.577433	 	1620.000000
-10.947385	 	1626.666667
282.195471	 	1633.333333
54.415017	 	1640.000000
-92.949987	 	1646.666667
-219.186469	 	1653.333333
-50.005758	 	1660.000000
177.351760	 	1666.666667
79.392394	 	1673.333333
-58.557002	 	1680.000000
-25.581211	 	1686.666667
-36.200588	 	1693.333333
91.784100	 	1700.000000
-100.003466	 	1706.666667
27.038136	 	1713.333333
127.075789	 	1720.000000
-124.129260	 	1726.666667
-28.550825	 	1733.333333
114.053500	 	1740.000000
-0.297362	 	1746.666667
72.225302	 	1753.333333
145.309925	 	1760.000000
-34.172466	 	1766.666667
-117.708985	 	1773.333333
-38.696461	 	1780.000000
-39.640011	 	1786.666667
146.268368	 	1793.333333
-36.427315	 	1800.000000
-66.396253	 	1806.666667
48.904219	 	1813.333333
154.028658	 	1820.000000
-190.272593	 	1826.666667
-61.314788	 	1833.333333
-58.984154	 	1840.000000
110.236043	 	1846.666667
171.288747	 	1853.333333
109.153184	 	1860.000000
-121.810822	 	1866.666667
-98.796101	 	1873.333333
-216.040314	 	1880.000000
105.326590	 	1886.666667
144.683017	 	1893.333333
9.018064	 	1900.000000
39.612788	 	1906.666667
165.895891	 	1913.333333
-226.258344	 	1920.000000
-198.131940	 	1926.666667
145.236950	 	1933.333333
70.493205	 	1940.000000
-10.848554	 	1946.666667
45.993581	 	1953.333333
204.083870	 	1960.000000
-10.837463	 	1966.666667
-117.228495	 	1973.333333
-198.787776	 	1980.000000
-7.671638	 	1986.666667
168.833657	 	1993.333333
131.126736	 	2000.000000
-136.721630	 	2006.666667
-108.823149	 	2013.333333
70.748477	 	2020.000000
14.065341	 	2026.666667
-20.223476	 	2033.333333
72.392957	 	2040.000000
41.404255	 	2046.666667
-102.856959	 	2053.333333
85.492293	 	2060.000000
-52.317940	 	2066.666667
-86.983038	 	2073.333333
146.939637	 	2080.000000
8.122505	 	2086.666667
-65.958924	 	2093.333333
-34.418960	 	2100.000000
-137.640087	 	2106.666667
189.826980	 	2113.333333
231.316689	 	2120.000000
-196.523777	 	2126.666667
-85.750768	 	2133.333333
-3.467235	 	2140.000000
-74.967648	 	2146.666667
26.029112	 	2153.333333
37.507476	 	2160.000000
53.268671	 	2166.666667
233.483421	 	2173.333333
-6.631921	 	2180.000000
-159.917794	 	2186.666667
13.770318	 	2193.333333
33.058396	 	2200.000000
107.095721	 	2206.666667
-60.332487	 	2213.333333
-18.954762	 	2220.000000
61.747826	 	2226.666667
-53.555713	 	2233.333333
-50.236703	 	2240.000000
121.004297	 	2246.666667
18.151399	 	2253.333333
-166.700621	 	2260.000000
-70.779394	 	2266.666667
126.480876	 	2273.333333
294.959611	 	2280.000000
-51.695321	 	2286.666667
-160.908450	 	2293.333333
-77.502505	 	2300.000000
-44.076678	 	2306.666667
-3.065887	 	2313.333333
223.449200	 	2320.000000
-53.412377	 	2326.666667
7.127142	 	2333.333333
-177.741271	 	2340.000000
22.981554	 	2346.666667
176.598169	 	2353.333333
34.262797	 	2360.000000
-110.051422	 	2366.666667
-36.326001	 	2373.333333
-67.534143	 	2380.000000
99.731683	 	2386.666667
154.023467	 	2393.333333
206.118242	 	2400.000000
-101.846857	 	2406.666667
-154.251111	 	2413.333333
-172.052395	 	2420.000000
181.081343	 	2426.666667
226.682671	 	2433.333333
-106.643618	 	2440.000000
-224.272258	 	2446.666667
21.096695	 	2453.333333
87.444966	 	2460.000000
74.081762	 	2466.666667
54.112509	 	2473.333333
-195.672092	 	2480.000000
57.795660	 	2486.666667
110.696108	 	2493.333333
66.786727	 	2500.000000
-122.303532	 	2506.666667
-120.628472	 	2513.333333
122.255426	 	2520.000000
-97.914963	 	2526.666667
73.641549	 	2533.333333
131.649212	 	2540.000000
-13.744549	 	2546.666667
-128.797740	 	2553.333333
-44.810691	 	2560.000000
-4.523707	 	2566.666667
407.718632	 	2573.333333
40.545474	 	2580.000000
-203.666649	 	2586.666667
-231.383406	 	2593.333333
194.298854	 	2600.000000
10.079498	 	2606.666667
160.995054	 	2613.333333
-28.490199	 	2620.000000
77.752598	 	2626.666667
-148.087713	 	2633.333333
-99.176705	 	2640.000000
69.238584	 	2646.666667
131.295560	 	2653.333333
-45.072085	 	2660.000000
-97.083219	 	2666.666667
158.978519	 	2673.333333
-15.119787	 	2680.000000
-197.384070	 	2686.666667
24.976581	 	2693.333333
-43.097748	 	2700.000000
158.557448	 	2706.666667
211.491879	 	2713.333333
27.809002	 	2720.000000
-170.539293	 	2726.666667
-133.343560	 	2733.333333
-184.176962	 	2740.000000
60.010198	 	2746.666667
389.635712	 	2753.333333
19.679814	 	2760.000000
-98.794925	 	2766.666667
-191.202675	 	2773.333333
-76.910315	 	2780.000000
159.698629	 	2786.666667
66.848868	 	2793.333333
99.574439	 	2800.000000
-39.416457	 	2806.666667
-68.796098	 	2813.333333
-37.227794	 	2820.000000
-108.056339	 	2826.666667
-67.059861	 	2833.333333
216.937544	 	2840.000000
-25.389642	 	2846.666667
132.818811	 	2853.333333
-36.600603	 	2860.000000
-76.286300	 	2866.666667
-94.408298	 	2873.333333
31.017817	 	2880.000000
-2.242501	 	2886.666667
-6.265338	 	2893.333333
119.541934	 	2900.000000
128.139944	 	2906.666667
-200.477200	 	2913.333333
-144.686540	 	2920.000000
93.294462	 	2926.666667
99.781597	 	2933.333333
144.699443	 	2940.000000
-44.903087	 	2946.666667
-85.950938	 	2953.333333
-33.785055	 	2960.000000
-104.272695	 	2966.666667
84.604159	 	2973.333333
59.304425	 	2980.000000
30.662090	 	2986.666667
-50.655034	 	2993.333333
112.916731	 	3000.000000
-75.867698	 	3006.666667
-207.664075	 	3013.333333
-33.462309	 	3020.000000
210.924874	 	3026.666667
249.008142	 	3033.333333
-115.848745	 	3040.000000
-265.193825	 	3046.666667
38.483135	 	3053.333333
306.650661	 	3060.000000
-72.231514	 	3066.666667
-191.552739	 	3073.333333
-62.086062	 	3080.000000
98.747544	 	3086.666667
68.254146	 	3093.333333
0.135464	 	3100.000000
-54.345417	 	3106.666667
1.040098	 	3113.333333
135.443203	 	3120.000000
-133.163806	 	3126.666667
-31.318027	 	3133.333333
4.164348	 	3140.000000
62.568506	 	3146.666667
42.035446	 	3153.333333
-60.274950	 	3160.000000
-14.125346	 	3166.666667
69.533221	 	3173.333333
10.079144	 	3180.000000
-25.172954	 	3186.666667
-6.888106	 	3193.333333
-65.909485	 	3200.000000
69.024288	 	3206.666667
38.803104	 	3213.333333
53.013461	 	3220.000000
40.521010	 	3226.666667
205.792426	 	3233.333333
-98.542481	 	3240.000000
-123.734482	 	3246.666667
311.356213	 	3253.333333
-115.445257	 	3260.000000
-114.419769	 	3266.666667
0.544160	 	3273.333333
-133.732733	 	3280.000000
57.381203	 	3286.666667
127.396627	 	3293.333333
-52.294501	 	3300.000000
73.796925	 	3306.666667
25.686172	 	3313.333333
68.322176	 	3320.000000
-61.404728	 	3326.666667
-152.011827	 	3333.333333
-138.554553	 	3340.000000
215.945841	 	3346.666667
145.366030	 	3353.333333
171.192752	 	3360.000000
-351.950663	 	3366.666667
-191.078648	 	3373.333333
112.163347	 	3380.000000
232.134887	 	3386.666667
11.061153	 	3393.333333
-59.509529	 	3400.000000
-127.814181	 	3406.666667
164.433657	 	3413.333333
-64.149331	 	3420.000000
49.666077	 	3426.666667
-124.622299	 	3433.333333
194.338097	 	3440.000000
-111.349792	 	3446.666667
-76.678469	 	3453.333333
19.838919	 	3460.000000
61.744311	 	3466.666667
-4.303141	 	3473.333333
43.367596	 	3480.000000
-82.934998	 	3486.666667
108.687878	 	3493.333333
-29.615902	 	3500.000000
-102.791831	 	3506.666667
75.610755	 	3513.333333
101.548336	 	3520.000000
-42.263824	 	3526.666667
-17.986066	 	3533.333333
-85.100961	 	3540.000000
147.985838	 	3546.666667
24.986435	 	3553.333333
-107.005264	 	3560.000000
-140.799992	 	3566.666667
53.146826	 	3573.333333
102.359789	 	3580.000000
58.795723	 	3586.666667
86.985305	 	3593.333333
-9.518359	 	3600.000000
-119.542009	 	3606.666667
-214.900495	 	3613.333333
74.791788	 	3620.000000
271.693800	 	3626.666667
-198.590766	 	3633.333333
-25.410561	 	3640.000000
58.503686	 	3646.666667
171.594509	 	3653.333333
-131.921654	 	3660.000000
-55.192178	 	3666.666667
-44.230880	 	3673.333333
292.572600	 	3680.000000
-31.615771	 	3686.666667
-207.076311	 	3693.333333
-153.052985	 	3700.000000
-46.273249	 	3706.666667
118.588359	 	3713.333333
244.962549	 	3720.000000
256.269159	 	3726.666667
-79.445656	 	3733.333333
-421.657851	 	3740.000000
-222.952196	 	3746.666667
99.832375	 	3753.333333
400.110797	 	3760.000000
43.701670	 	3766.666667
-148.522623	 	3773.333333
-114.209117	 	3780.000000
56.861411	 	3786.666667
-42.266323	 	3793.333333
-31.710952	 	3800.000000
-30.841283	 	3806.666667
66.063770	 	3813.333333
296.703535	 	3820.000000
-13.085789	 	3826.666667
-168.640166	 	3833.333333
-143.969552	 	3840.000000
-114.286405	 	3846.666667
121.075238	 	3853.333333
67.664902	 	3860.000000
235.369187	 	3866.666667
-149.829325	 	3873.333333
-220.372927	 	3880.000000
39.701832	 	3886.666667
196.271145	 	3893.333333
84.435874	 	3900.000000
-107.754235	 	3906.666667
-195.403918	 	3913.333333
-123.962618	 	3920.000000
316.509188	 	3926.666667
107.721209	 	3933.333333
-79.040550	 	3940.000000
-167.342002	 	3946.666667
-7.424820	 	3953.333333
17.122293	 	3960.000000
108.139409	 	3966.666667
45.253064	 	3973.333333
40.081968	 	3980.000000
-103.721529	 	3986.666667
-75.131876	 	3993.333333
-118.240260	 	4000.000000
156.221434	 	4006.666667
179.416929	 	4013.333333
-36.496833	 	4020.000000
-97.253368	 	4026.666667
-152.868975	 	4033.333333
127.289146	 	4040.000000
6.863668	 	4046.666667
-45.518612	 	4053.333333
32.867911	 	4060.000000
140.895970	 	4066.666667
15.986212	 	4073.333333
-124.984463	 	4080.000000
-136.762736	 	4086.666667
-32.817574	 	4093.333333
86.874326	 	4100.000000
143.723388	 	4106.666667
258.324330	 	4113.333333
-142.175913	 	4120.000000
-217.530911	 	4126.666667
-265.040317	 	4133.333333
49.308815	 	4140.000000
314.720889	 	4146.666667
139.594472	 	4153.333333
-122.825879	 	4160.000000
-56.702816	 	4166.666667
-116.255791	 	4173.333333
39.475805	 	4180.000000
99.769089	 	4186.666667
-28.359308	 	4193.333333
-223.044579	 	4200.000000
176.259318	 	4206.666667
145.538197	 	4213.333333
108.527051	 	4220.000000
-236.665296	 	4226.666667
-106.802486	 	4233.333333
-75.449755	 	4240.000000
264.304372	 	4246.666667
25.720734	 	4253.333333
69.048881	 	4260.000000
-91.090864	 	4266.666667
-208.190942	 	4273.333333
-69.771528	 	4280.000000
38.048122	 	4286.666667
211.968358	 	4293.333333
-3.925112	 	4300.000000
-91.429844	 	4306.666667
224.597903	 	4313.333333
-66.007503	 	4320.000000
-171.405888	 	4326.666667
-9.894287	 	4333.333333
120.294103	 	4340.000000
-90.143506	 	4346.666667
-97.708995	 	4353.333333
175.096063	 	4360.000000
119.663165	 	4366.666667
-24.756237	 	4373.333333
-245.121712	 	4380.000000
-19.221285	 	4386.666667
159.691775	 	4393.333333
83.215823	 	4400.000000
-66.530916	 	4406.666667
-230.963076	 	4413.333333
21.776615	 	4420.000000
242.994404	 	4426.666667
152.787783	 	4433.333333
-118.831573	 	4440.000000
-151.995418	 	4446.666667
-78.149108	 	4453.333333
36.028834	 	4460.000000
-10.591867	 	4466.666667
48.742190	 	4473.333333
54.925541	 	4480.000000
114.802774	 	4486.666667
-48.458618	 	4493.333333
9.659689	 	4500.000000
-30.721292	 	4506.666667
-212.654910	 	4513.333333
-128.002544	 	4520.000000
393.675868	 	4526.666667
69.766986	 	4533.333333
-196.030436	 	4540.000000
-198.362791	 	4546.666667
74.483908	 	4553.333333
256.850448	 	4560.000000
-25.055560	 	4566.666667
-126.863940	 	4573.333333
72.098225	 	4580.000000
53.797662	 	4586.666667
-178.522178	 	4593.333333
-27.543842	 	4600.000000
355.432226	 	4606.666667
-35.623699	 	4613.333333
-165.021439	 	4620.000000
-89.910806	 	4626.666667
78.473249	 	4633.333333
-21.064583	 	4640.000000
23.709334	 	4646.666667
143.452001	 	4653.333333
14.619182	 	4660.000000
-21.258688	 	4666.666667
-137.939496	 	4673.333333
-110.846254	 	4680.000000
186.042253	 	4686.666667
147.752752	 	4693.333333
-118.965199	 	4700.000000
-88.437885	 	4706.666667
-74.913389	 	4713.333333
141.678707	 	4720.000000
-32.761202	 	4726.666667
49.634285	 	4733.333333
-150.900430	 	4740.000000
124.948268	 	4746.666667
147.581817	 	4753.333333
-60.176732	 	4760.000000
-230.530718	 	4766.666667
9.307804	 	4773.333333
45.273700	 	4780.000000
201.058582	 	4786.666667
111.515044	 	4793.333333
-143.763498	 	4800.000000
-206.110159	 	4806.666667
-67.200106	 	4813.333333
112.661469	 	4820.000000
94.089991	 	4826.666667
63.075197	 	4833.333333
-40.322484	 	4840.000000
-17.733487	 	4846.666667
-67.889993	 	4853.333333
-124.321795	 	4860.000000
197.512579	 	4866.666667
130.851377	 	4873.333333
42.133997	 	4880.000000
-207.175247	 	4886.666667
-260.279655	 	4893.333333
-97.453213	 	4900.000000
483.533278	 	4906.666667
55.700793	 	4913.333333
120.209585	 	4920.000000
-245.358742	 	4926.666667
-189.578272	 	4933.333333
-41.898561	 	4940.000000
161.358680	 	4946.666667
188.157386	 	4953.333333
-122.592707	 	4960.000000
-40.732877	 	4966.666667
-141.920815	 	4973.333333
2.819186	 	4980.000000
178.660654	 	4986.666667
123.145073	 	4993.333333
-150.676859	 	5000.000000
-82.457457	 	5006.666667
83.629526	 	5013.333333
59.391442	 	5020.000000
-91.798117	 	5026.666667
-192.246492	 	5033.333333
299.136711	 	5040.000000
-32.209942	 	5046.666667
-4.591919	 	5053.333333
86.355438	 	5060.000000
-78.884719	 	5066.666667
-222.049160	 	5073.333333
93.790121	 	5080.000000
215.520165	 	5086.666667
-91.804407	 	5093.333333
-134.358339	 	5100.000000
76.845586	 	5106.666667
260.253707	 	5113.333333
-174.267497	 	5120.000000
-288.601965	 	5126.666667
160.401308	 	5133.333333
71.209761	 	5140.000000
-46.612620	 	5146.666667
66.600000	 	5153.333333
215.341526	 	5160.000000
-268.680983	 	5166.666667
-50.134106	 	5173.333333
29.573032	 	5180.000000
105.685300	 	5186.666667
-161.833320	 	5193.333333
-46.508037	 	5200.000000
202.127914	 	5206.666667
107.293009	 	5213.333333
-143.173824	 	5220.000000
-133.692793	 	5226.666667
-105.875311	 	5233.333333
241.118944	 	5240.000000
121.584732	 	5246.666667
23.887564	 	5253.333333
-67.580677	 	5260.000000
-153.166625	 	5266.666667
-176.237939	 	5273.333333
136.321479	 	5280.000000
228.917973	 	5286.666667
-60.529028	 	5293.333333
-122.475508	 	5300.000000
27.959979	 	5306.666667
23.867068	 	5313.333333
-64.946008	 	5320.000000
2.660239	 	5326.666667
230.957024	 	5333.333333
-44.190046	 	5340.000000
-142.442837	 	5346.666667
-150.056922	 	5353.333333
-131.321068	 	5360.000000
-232.966797	 	5366.666667
412.290986	 	5373.333333
2528.093773	 	5380.000000
3334.383336	 	5386.666667
675.059383	 	5393.333333
-380.189415	 	5400.000000
-691.402884	 	5406.666667
-623.141439	 	5413.333333
-69.883439	 	5420.000000
2443.980839	 	5426.666667
6275.447600	 	5433.333333
14550.471419	 	5440.000000
9892.987655	 	5446.666667
6880.963369	 	5453.333333
4780.804842	 	5460.000000
8421.029452	 	5466.666667
14957.175655	 	5473.333333
28848.403344	 	5480.000000
5679.281241	 	5486.666667
-502.484191	 	5493.333333
-185.406901	 	5500.000000
3959.826280	 	5506.666667
4887.128297	 	5513.333333
2982.957816	 	5520.000000
3174.906860	 	5526.666667
2042.632401	 	5533.333333
1962.696748	 	5540.000000
1809.532056	 	5546.666667
2367.232433	 	5553.333333
3971.289680	 	5560.000000
4288.108224	 	5566.666667
2247.262046	 	5573.333333
2148.623272	 	5580.000000
1382.676341	 	5586.666667
1857.402193	 	5593.333333
2741.679522	 	5600.000000
3344.123210	 	5606.666667
1657.752175	 	5613.333333
2026.462012	 	5620.000000
2240.535590	 	5626.666667
2625.080173	 	5633.333333
2347.432664	 	5640.000000
2297.422308	 	5646.666667
1894.596217	 	5653.333333
2476.450790	 	5660.000000
1789.364259	 	5666.666667
2005.365769	 	5673.333333
1844.996653	 	5680.000000
2236.887894	 	5686.666667
1745.165300	 	5693.333333
1770.803138	 	5700.000000
1514.124508	 	5706.666667
2501.216362	 	5713.333333
3064.877940	 	5720.000000
2278.324849	 	5726.666667
1512.656593	 	5733.333333
1508.989042	 	5740.000000
1613.967682	 	5746.666667
2128.006174	 	5753.333333
2079.264471	 	5760.000000
1460.510777	 	5766.666667
1526.195027	 	5773.333333
2073.765183	 	5780.000000
2162.701133	 	5786.666667
1669.295459	 	5793.333333
1096.652908	 	5800.000000
1449.002129	 	5806.666667
2283.190399	 	5813.333333
1975.475320	 	5820.000000
2121.403509	 	5826.666667
1790.210729	 	5833.333333
2004.233063	 	5840.000000
2034.407002	 	5846.666667
1855.956776	 	5853.333333
1736.506506	 	5860.000000
1623.524273	 	5866.666667
1484.125595	 	5873.333333
1306.382749	 	5880.000000
1532.889832	 	5886.666667
2204.837422	 	5893.333333
1817.653168	 	5900.000000
1964.967834	 	5906.666667
2335.043807	 	5913.333333
2010.682266	 	5920.000000
1249.695327	 	5926.666667
1503.262569	 	5933.333333
1010.341073	 	5940.000000
1396.046738	 	5946.666667
1849.925408	 	5953.333333
1382.199554	 	5960.000000
1062.762095	 	5966.666667
1730.877332	 	5973.333333
1922.041515	 	5980.000000
1207.265073	 	5986.666667
762.584603	 	5993.333333
978.079335	 	6000.000000
1461.121815	 	6006.666667
1600.577744	 	6013.333333
1293.844649	 	6020.000000
1089.709104	 	6026.666667
1202.415298	 	6033.333333
1291.678762	 	6040.000000
1473.895295	 	6046.666667
1463.195744	 	6053.333333
1098.156103	 	6060.000000
785.763279	 	6066.666667
952.729304	 	6073.333333
1207.534227	 	6080.000000
1425.125259	 	6086.666667
1089.915155	 	6093.333333
1064.753531	 	6100.000000
1290.380707	 	6106.666667
929.181103	 	6113.333333
768.436316	 	6120.000000
1219.316111	 	6126.666667
1305.338513	 	6133.333333
1010.201515	 	6140.000000
751.792442	 	6146.666667
1049.699549	 	6153.333333
1245.649010	 	6160.000000
999.590425	 	6166.666667
862.403311	 	6173.333333
1417.278468	 	6180.000000
1437.159420	 	6186.666667
1126.098536	 	6193.333333
662.552154	 	6200.000000
650.773821	 	6206.666667
762.757693	 	6213.333333
1127.065848	 	6220.000000
981.365681	 	6226.666667
859.783988	 	6233.333333
686.262519	 	6240.000000
908.183132	 	6246.666667
995.638451	 	6253.333333
990.154006	 	6260.000000
519.444553	 	6266.666667
591.567819	 	6273.333333
833.550342	 	6280.000000
1009.269859	 	6286.666667
724.264984	 	6293.333333
554.001759	 	6300.000000
566.157508	 	6306.666667
889.830432	 	6313.333333
1154.192977	 	6320.000000
828.853590	 	6326.666667
448.526641	 	6333.333333
421.109371	 	6340.000000
792.082840	 	6346.666667
1485.449186	 	6353.333333
1057.670733	 	6360.000000
464.530976	 	6366.666667
297.356916	 	6373.333333
552.391321	 	6380.000000
898.949941	 	6386.666667
867.071117	 	6393.333333
613.832822	 	6400.000000
607.330627	 	6406.666667
580.625249	 	6413.333333
790.332133	 	6420.000000
800.286561	 	6426.666667
628.511062	 	6433.333333
483.431774	 	6440.000000
368.293816	 	6446.666667
1092.615321	 	6453.333333
1453.637276	 	6460.000000
844.182001	 	6466.666667
262.336518	 	6473.333333
219.390409	 	6480.000000
451.215290	 	6486.666667
971.781311	 	6493.333333
727.636041	 	6500.000000
672.897272	 	6506.666667
611.666148	 	6513.333333
502.355552	 	6520.000000
327.855286	 	6526.666667
755.498263	 	6533.333333
720.359433	 	6540.000000
603.230474	 	6546.666667
241.533138	 	6553.333333
248.353716	 	6560.000000
259.658477	 	6566.666667
580.542863	 	6573.333333
638.288662	 	6580.000000
932.120808	 	6586.666667
714.116116	 	6593.333333
243.390857	 	6600.000000
85.278649	 	6606.666667
143.188595	 	6613.333333
543.667670	 	6620.000000
864.605225	 	6626.666667
412.688677	 	6633.333333
147.769441	 	6640.000000
468.926270	 	6646.666667
594.321157	 	6653.333333
404.439954	 	6660.000000
398.080161	 	6666.666667
459.422200	 	6673.333333
423.707845	 	6680.000000
482.774940	 	6686.666667
236.439020	 	6693.333333
443.947270	 	6700.000000
437.011892	 	6706.666667
479.276980	 	6713.333333
500.236547	 	6720.000000
622.479333	 	6726.666667
617.272111	 	6733.333333
225.271129	 	6740.000000
209.564213	 	6746.666667
173.353579	 	6753.333333
341.882663	 	6760.000000
419.083049	 	6766.666667
527.679266	 	6773.333333
390.505177	 	6780.000000
346.055461	 	6786.666667
229.692577	 	6793.333333
196.729917	 	6800.000000
500.500309	 	6806.666667
577.595286	 	6813.333333
201.579030	 	6820.000000
-36.933084	 	6826.666667
191.931805	 	6833.333333
482.935194	 	6840.000000
401.393499	 	6846.666667
387.900079	 	6853.333333
214.680839	 	6860.000000
416.707073	 	6866.666667
437.491620	 	6873.333333
118.273227	 	6880.000000
139.599996	 	6886.666667
342.546981	 	6893.333333
491.337192	 	6900.000000
362.098825	 	6906.666667
266.051363	 	6913.333333
170.659974	 	6920.000000
305.360114	 	6926.666667
243.499694	 	6933.333333
233.477072	 	6940.000000
266.888021	 	6946.666667
383.504508	 	6953.333333
222.828179	 	6960.000000
6.274940	 	6966.666667
157.404359	 	6973.333333
421.134717	 	6980.000000
485.027405	 	6986.666667
266.777870	 	6993.333333
196.075373	 	7000.000000
36.705897	 	7006.666667
361.458565	 	7013.333333
191.810041	 	7020.000000
136.954474	 	7026.666667
106.826012	 	7033.333333
609.929713	 	7040.000000
-17.174377	 	7046.666667
132.397949	 	7053.333333
343.095579	 	7060.000000
345.427864	 	7066.666667
241.079457	 	7073.333333
179.879016	 	7080.000000
-39.760464	 	7086.666667
354.781578	 	7093.333333
293.285793	 	7100.000000
309.757921	 	7106.666667
89.725140	 	7113.333333
249.273823	 	7120.000000
24.282319	 	7126.666667
150.236115	 	7133.333333
221.436025	 	7140.000000
219.453304	 	7146.666667
139.542279	 	7153.333333
161.534888	 	7160.000000
85.020190	 	7166.666667
398.456774	 	7173.333333
113.896607	 	7180.000000
80.373879	 	7186.666667
90.145312	 	7193.333333
200.773316	 	7200.000000
281.151774	 	7206.666667
180.694557	 	7213.333333
30.749692	 	7220.000000
119.105106	 	7226.666667
150.801964	 	7233.333333
133.801376	 	7240.000000
162.087321	 	7246.666667
364.351867	 	7253.333333
110.188440	 	7260.000000
-2.000149	 	7266.666667
108.647649	 	7273.333333
109.322739	 	7280.000000
203.764664	 	7286.666667
249.741811	 	7293.333333
4.950979	 	7300.000000
103.104818	 	7306.666667
193.291869	 	7313.333333
270.071023	 	7320.000000
375.568314	 	7326.666667
138.885776	 	7333.333333
109.654024	 	7340.000000
179.118558	 	7346.666667
82.828364	 	7353.333333
36.860272	 	7360.000000
41.745268	 	7366.666667
161.376980	 	7373.333333
158.890913	 	7380.000000
185.958463	 	7386.666667
255.364115	 	7393.333333
210.268088	 	7400.000000
19.773954	 	7406.666667
68.407753	 	7413.333333
287.561126	 	7420.000000
231.836510	 	7426.666667
131.670013	 	7433.333333
3.075536	 	7440.000000
-145.574507	 	7446.666667
172.587596	 	7453.333333
185.345170	 	7460.000000
61.346093	 	7466.666667
201.040870	 	7473.333333
198.160612	 	7480.000000
10.538485	 	7486.666667
-25.510026	 	7493.333333
63.821390	 	7500.000000
69.873401	 	7506.666667
266.047329	 	7513.333333
206.032550	 	7520.000000
-56.940291	 	7526.666667
-56.512265	 	7533.333333
133.826068	 	7540.000000
312.165967	 	7546.666667
213.309881	 	7553.333333
-141.095600	 	7560.000000
-149.438287	 	7566.666667
100.853408	 	7573.333333
446.411944	 	7580.000000
21.200173	 	7586.666667
-64.817398	 	7593.333333
-71.954773	 	7600.000000
142.095243	 	7606.666667
52.871962	 	7613.333333
283.031289	 	7620.000000
26.628001	 	7626.666667
89.994402	 	7633.333333
13.332011	 	7640.000000
-67.310800	 	7646.666667
62.526859	 	7653.333333
404.032732	 	7660.000000
123.281828	 	7666.666667
-12.440092	 	7673.333333
-149.414817	 	7680.000000
53.067935	 	7686.666667
219.217652	 	7693.333333
269.144649	 	7700.000000
-73.504040	 	7706.666667
135.856805	 	7713.333333
-64.285958	 	7720.000000
149.241564	 	7726.666667
158.927756	 	7733.333333
-92.486972	 	7740.000000
-40.361347	 	7746.666667
44.638507	 	7753.333333
9.487589	 	7760.000000
172.493466	 	7766.666667
243.345757	 	7773.333333
131.777196	 	7780.000000
-218.350540	 	7786.666667
-32.206018	 	7793.333333
141.437088	 	7800.000000
110.534889	 	7806.666667
192.730888	 	7813.333333
-42.540733	 	7820.000000
-129.197640	 	7826.666667
56.408617	 	7833.333333
138.342573	 	7840.000000
350.811463	 	7846.666667
242.316411	 	7853.333333
-70.094487	 	7860.000000
-223.358988	 	7866.666667
12.981744	 	7873.333333
177.973923	 	7880.000000
326.192690	 	7886.666667
69.825918	 	7893.333333
206.023236	 	7900.000000
38.869452	 	7906.666667
-270.243167	 	7913.333333
54.077532	 	7920.000000
245.528206	 	7926.666667
-84.280843	 	7933.333333
59.081088	 	7940.000000
233.003637	 	7946.666667
-26.992463	 	7953.333333
79.917288	 	7960.000000
33.221117	 	7966.666667
-37.005466	 	7973.333333
205.183962	 	7980.000000
2.645934	 	7986.666667
57.174585	 	7993.333333
146.442328	 	8000.000000
-159.804434	 	8006.666667
-21.375737	 	8013.333333
154.881748	 	8020.000000
192.003578	 	8026.666667
234.663064	 	8033.333333
-78.252277	 	8040.000000
-150.482692	 	8046.666667
102.310199	 	8053.333333
50.541334	 	8060.000000
-7.129956	 	8066.666667
-91.016827	 	8073.333333
83.931835	 	8080.000000
78.634153	 	8086.666667
107.950275	 	8093.333333
58.406619	 	8100.000000
102.972705	 	8106.666667
-3.774966	 	8113.333333
199.146120	 	8120.000000
-81.610278	 	8126.666667
-45.774125	 	8133.333333
14.837966	 	8140.000000
-39.003669	 	8146.666667
-30.839661	 	8153.333333
112.698042	 	8160.000000
158.847906	 	8166.666667
111.955320	 	8173.333333
97.220423	 	8180.000000
-129.387303	 	8186.666667
-16.780652	 	8193.333333
37.400821	 	8200.000000
17.719985	 	8206.666667
-0.291782	 	8213.333333
191.447222	 	8220.000000
191.705075	 	8226.666667
107.343553	 	8233.333333
-209.827019	 	8240.000000
22.038458	 	8246.666667
-51.663949	 	8253.333333
177.904411	 	8260.000000
328.481429	 	8266.666667
440.807696	 	8273.333333
-11.994087	 	8280.000000
-190.433007	 	8286.666667
-328.069161	 	8293.333333
164.910176	 	8300.000000
8.923910	 	8306.666667
154.666085	 	8313.333333
129.597820	 	8320.000000
55.559203	 	8326.666667
-25.898507	 	8333.333333
-76.088483	 	8340.000000
-8.113453	 	8346.666667
97.576509	 	8353.333333
-8.533920	 	8360.000000
113.979045	 	8366.666667
31.190271	 	8373.333333
-92.460216	 	8380.000000
17.042827	 	8386.666667
78.761074	 	8393.333333
233.551211	 	8400.000000
127.618564	 	8406.666667
-222.162820	 	8413.333333
-114.651760	 	8420.000000
111.905603	 	8426.666667
253.813667	 	8433.333333
-57.454519	 	8440.000000
-47.633788	 	8446.666667
-105.273796	 	8453.333333
97.998757	 	8460.000000
101.402688	 	8466.666667
12.164346	 	8473.333333
95.439261	 	8480.000000
-152.903393	 	8486.666667
19.258135	 	8493.333333
163.108092	 	8500.000000
-146.162888	 	8506.666667
70.211993	 	8513.333333
154.589806	 	8520.000000
119.564202	 	8526.666667
-32.259378	 	8533.333333
-179.743434	 	8540.000000
-81.991377	 	8546.666667
255.764415	 	8553.333333
42.087591	 	8560.000000
77.741708	 	8566.666667
-214.745593	 	8573.333333
-96.681824	 	8580.000000
212.696795	 	8586.666667
365.975218	 	8593.333333
114.528868	 	8600.000000
-227.368566	 	8606.666667
-122.552920	 	8613.333333
-2.476888	 	8620.000000
-41.938139	 	8626.666667
132.272426	 	8633.333333
203.557274	 	8640.000000
-50.255622	 	8646.666667
121.947052	 	8653.333333
-49.687719	 	8660.000000
-40.713937	 	8666.666667
-19.635327	 	8673.333333
51.557542	 	8680.000000
-108.373954	 	8686.666667
130.855392	 	8693.333333
44.644324	 	8700.000000
-8.693696	 	8706.666667
90.572627	 	8713.333333
-63.069679	 	8720.000000
-137.600052	 	8726.666667
142.382816	 	8733.333333
-4.963432	 	8740.000000
24.141071	 	8746.666667
44.612745	 	8753.333333
-21.747255	 	8760.000000
-101.406632	 	8766.666667
57.514064	 	8773.333333
65.361288	 	8780.000000
163.303587	 	8786.666667
-85.221875	 	8793.333333
-40.717556	 	8800.000000
11.014775	 	8806.666667
57.908220	 	8813.333333
-19.684521	 	8820.000000
-38.953535	 	8826.666667
142.138969	 	8833.333333
-115.000868	 	8840.000000
-73.574233	 	8846.666667
90.016097	 	8853.333333
86.599761	 	8860.000000
261.594186	 	8866.666667
-25.261281	 	8873.333333
-236.907335	 	8880.000000
-52.464889	 	8886.666667
128.349973	 	8893.333333
56.681049	 	8900.000000
243.382144	 	8906.666667
-194.839041	 	8913.333333
-116.980067	 	8920.000000
-107.184787	 	8926.666667
52.273455	 	8933.333333
260.428983	 	8940.000000
-3.606040	 	8946.666667
34.060307	 	8953.333333
-13.184201	 	8960.000000
-196.589222	 	8966.666667
-198.098322	 	8973.333333
344.073131	 	8980.000000
118.571920	 	8986.666667
92.986308	 	8993.333333
-135.453632	 	9000.000000
-229.212631	 	9006.666667
152.698607	 	9013.333333
282.021705	 	9020.000000
-44.957394	 	9026.666667
-91.673233	 	9033.333333
-102.793969	 	9040.000000
-45.314090	 	9046.666667
81.747612	 	9053.333333
135.938166	 	9060.000000
-8.516542	 	9066.666667
18.612034	 	9073.333333
111.005583	 	9080.000000
-159.236402	 	9086.666667
-116.000927	 	9093.333333
64.502733	 	9100.000000
33.761388	 	9106.666667
60.504212	 	9113.333333
194.166716	 	9120.000000
-75.392447	 	9126.666667
20.998127	 	9133.333333
-121.786486	 	9140.000000
52.961369	 	9146.666667
86.129508	 	9153.333333
171.913713	 	9160.000000
-169.878957	 	9166.666667
-267.692436	 	9173.333333
169.941029	 	9180.000000
206.015644	 	9186.666667
-109.239964	 	9193.333333
-123.847444	 	9200.000000
-113.897884	 	9206.666667
120.759472	 	9213.333333
241.670784	 	9220.000000
-57.030369	 	9226.666667
-153.002662	 	9233.333333
-51.534628	 	9240.000000
208.967582	 	9246.666667
-56.147793	 	9253.333333
-88.624757	 	9260.000000
-39.972848	 	9266.666667
-34.000397	 	9273.333333
23.823914	 	9280.000000
60.185882	 	9286.666667
156.746779	 	9293.333333
37.850042	 	9300.000000
-247.545137	 	9306.666667
-100.458691	 	9313.333333
287.558789	 	9320.000000
64.847323	 	9326.666667
-145.655374	 	9333.333333
-4.543779	 	9340.000000
-198.318504	 	9346.666667
88.083483	 	9353.333333
62.773502	 	9360.000000
-5.598367	 	9366.666667
82.328861	 	9373.333333
77.880015	 	9380.000000
-20.446616	 	9386.666667
-94.574644	 	9393.333333
-199.122078	 	9400.000000
56.539569	 	9406.666667
179.996856	 	9413.333333
-55.371023	 	9420.000000
3.359547	 	9426.666667
8.475755	 	9433.333333
-17.550224	 	9440.000000
181.968173	 	9446.666667
-161.292701	 	9453.333333
38.587277	 	9460.000000
24.453402	 	9466.666667
122.638057	 	9473.333333
-197.056801	 	9480.000000
-89.245416	 	9486.666667
-79.098418	 	9493.333333
210.550963	 	9500.000000
121.874215	 	9506.666667
95.988593	 	9513.333333
-157.784992	 	9520.000000
-77.434852	 	9526.666667
-196.996115	 	9533.333333
127.743799	 	9540.000000
135.693539	 	9546.666667
199.202676	 	9553.333333
-115.388173	 	9560.000000
-174.076871	 	9566.666667
-73.685373	 	9573.333333
145.068982	 	9580.000000
7.483008	 	9586.666667
25.053718	 	9593.333333
-46.930452	 	9600.000000
86.103747	 	9606.666667
-36.064684	 	9613.333333
66.767026	 	9620.000000
-154.831586	 	9626.666667
-11.183934	 	9633.333333
37.591150	 	9640.000000
98.030047	 	9646.666667
171.861139	 	9653.333333
149.061968	 	9660.000000
-137.035616	 	9666.666667
-189.547054	 	9673.333333
-20.062905	 	9680.000000
-47.996201	 	9686.666667
85.439282	 	9693.333333
192.902302	 	9700.000000
43.603023	 	9706.666667
-48.926839	 	9713.333333
-89.455120	 	9720.000000
-89.001082	 	9726.666667
122.534664	 	9733.333333
3.543026	 	9740.000000
-122.953395	 	9746.666667
115.419895	 	9753.333333
121.488494	 	9760.000000
44.043600	 	9766.666667
46.204464	 	9773.333333
-160.946265	 	9780.000000
-64.386401	 	9786.666667
-14.114513	 	9793.333333
151.882948	 	9800.000000
80.531210	 	9806.666667
80.470206	 	9813.333333
-125.343671	 	9820.000000
-74.339394	 	9826.666667
2.042036	 	9833.333333
-16.196546	 	9840.000000
5.543702	 	9846.666667
39.980177	 	9853.333333
135.326082	 	9860.000000
22.000597	 	9866.666667
-177.750071	 	9873.333333
-4.728038	 	9880.000000
86.268519	 	9886.666667
123.509499	 	9893.333333
44.630512	 	9900.000000
-22.664355	 	9906.666667
-249.242343	 	9913.333333
75.311633	 	9920.000000
183.990757	 	9926.666667
24.856300	 	9933.333333
-44.517281	 	9940.000000
-37.769623	 	9946.666667
-239.080726	 	9953.333333
148.118172	 	9960.000000
131.668995	 	9966.666667
12.361745	 	9973.333333
-57.601921	 	9980.000000
36.255166	 	9986.666667
-103.870571	 	9993.333333
239.773189	 	10000.000000
-103.666707	 	10006.666667
-86.267318	 	10013.333333
64.608905	 	10020.000000
21.042720	 	10026.666667
106.326074	 	10033.333333
110.078520	 	10040.000000
-147.555238	 	10046.666667
-132.354710	 	10053.333333
-5.357056	 	10060.000000
66.542719	 	10066.666667
146.769859	 	10073.333333
-43.897179	 	10080.000000
-123.038467	 	10086.666667
-116.626601	 	10093.333333
-14.828771	 	10100.000000
142.670527	 	10106.666667
83.777145	 	10113.333333
-10.690841	 	10120.000000
-25.784978	 	10126.666667
-107.709152	 	10133.333333
-63.531952	 	10140.000000
177.667198	 	10146.666667
11.156617	 	10153.333333
-78.423174	 	10160.000000
113.093888	 	10166.666667
-138.864685	 	10173.333333
-128.379560	 	10180.000000
207.724754	 	10186.666667
46.337773	 	10193.333333
-7.778678	 	10200.000000
56.298439	 	10206.666667
39.845124	 	10213.333333
-165.282609	 	10220.000000
-38.931310	 	10226.666667
-17.994142	 	10233.333333
106.418822	 	10240.000000
77.715937	 	10246.666667
-4.261195	 	10253.333333
-154.783132	 	10260.000000
40.889783	 	10266.666667
32.916254	 	10273.333333
-7.758748	 	10280.000000
-108.934137	 	10286.666667
185.604752	 	10293.333333
33.916544	 	10300.000000
-93.247728	 	10306.666667
-125.855349	 	10313.333333
81.096863	 	10320.000000
-34.212012	 	10326.666667
-29.926458	 	10333.333333
33.125343	 	10340.000000
129.888435	 	10346.666667
-32.811117	 	10353.333333
30.555390	 	10360.000000
-255.629395	 	10366.666667
7.623580	 	10373.333333
114.472802	 	10380.000000
70.188743	 	10386.666667
-19.297694	 	10393.333333
89.260756	 	10400.000000
-151.223063	 	10406.666667
-47.987524	 	10413.333333
-2.560540	 	10420.000000
117.354177	 	10426.666667
-49.373205	 	10433.333333
-38.884346	 	10440.000000
-69.132569	 	10446.666667
66.306727	 	10453.333333
8.502228	 	10460.000000
-65.705166	 	10466.666667
-12.940914	 	10473.333333
10.095368	 	10480.000000
183.282680	 	10486.666667
-124.526355	 	10493.333333
-155.525550	 	10500.000000
-59.328128	 	10506.666667
147.694670	 	10513.333333
153.842710	 	10520.000000
22.984687	 	10526.666667
-191.900009	 	10533.333333
-60.292570	 	10540.000000
-29.968292	 	10546.666667
-19.670396	 	10553.333333
208.167613	 	10560.000000
-18.068099	 	10566.666667
-123.783681	 	10573.333333
5.393005	 	10580.000000
-75.590659	 	10586.666667
15.550138	 	10593.333333
53.825801	 	10600.000000
62.200201	 	10606.666667
135.168397	 	10613.333333
-76.502771	 	10620.000000
30.752896	 	10626.666667
-69.951424	 	10633.333333
131.802075	 	10640.000000
-285.475636	 	10646.666667
-88.168747	 	10653.333333
203.707148	 	10660.000000
68.098872	 	10666.666667
-109.231904	 	10673.333333
37.021353	 	10680.000000
-120.831637	 	10686.666667
211.301450	 	10693.333333
-145.606607	 	10700.000000
-171.266242	 	10706.666667
211.424861	 	10713.333333
90.952979	 	10720.000000
-37.312695	 	10726.666667
-36.641375	 	10733.333333
-208.120726	 	10740.000000
-1.133418	 	10746.666667
245.840740	 	10753.333333
-77.022499	 	10760.000000
-84.762646	 	10766.666667
-1.956626	 	10773.333333
-18.510796	 	10780.000000
158.205685	 	10786.666667
-133.253824	 	10793.333333
1.518358	 	10800.000000
17.936854	 	10806.666667
11.864566	 	10813.333333
3.431203	 	10820.000000
-86.269338	 	10826.666667
-55.582355	 	10833.333333
145.533884	 	10840.000000
80.884397	 	10846.666667
-129.319778	 	10853.333333
53.124754	 	10860.000000
117.564959	 	10866.666667
-150.322264	 	10873.333333
8.217388	 	10880.000000
-32.187717	 	10886.666667
14.545534	 	10893.333333
49.554538	 	10900.000000
61.666447	 	10906.666667
1.454515	 	10913.333333
3.110332	 	10920.000000
-83.338730	 	10926.666667
87.318920	 	10933.333333
-197.545551	 	10940.000000
88.620306	 	10946.666667
109.518026	 	10953.333333
-62.837589	 	10960.000000
-188.625806	 	10966.666667
62.396753	 	10973.333333
100.574345	 	10980.000000
148.973677	 	10986.666667
-96.656910	 	10993.333333
0.576612	 	11000.000000
-103.314129	 	11006.666667
64.157787	 	11013.333333
44.765938	 	11020.000000
3.225981	 	11026.666667
-29.348665	 	11033.333333
-139.262559	 	11040.000000
-124.403638	 	11046.666667
371.722382	 	11053.333333
-108.635390	 	11060.000000
-58.396521	 	11066.666667
-98.829143	 	11073.333333
318.549281	 	11080.000000
-39.154104	 	11086.666667
-30.700292	 	11093.333333
-190.557203	 	11100.000000
136.663188	 	11106.666667
67.140169	 	11113.333333
-87.817824	 	11120.000000
-125.351218	 	11126.666667
41.171562	 	11133.333333
-67.693721	 	11140.000000
88.671509	 	11146.666667
43.607392	 	11153.333333
-32.552884	 	11160.000000
-16.814689	 	11166.666667
7.608847	 	11173.333333
1.676876	 	11180.000000
98.730895	 	11186.666667
-122.710076	 	11193.333333
-132.591053	 	11200.000000
-29.212663	 	11206.666667
143.735482	 	11213.333333
16.456197	 	11220.000000
110.501839	 	11226.666667
-80.289713	 	11233.333333
-93.129281	 	11240.000000
-23.731089	 	11246.666667
-57.121439	 	11253.333333
40.543749	 	11260.000000
99.949987	 	11266.666667
66.774766	 	11273.333333
7.327827	 	11280.000000
-232.756438	 	11286.666667
-171.633858	 	11293.333333
214.892415	 	11300.000000
205.338176	 	11306.666667
70.008965	 	11313.333333
-128.847677	 	11320.000000
-218.453441	 	11326.666667
25.988916	 	11333.333333
91.762995	 	11340.000000
143.376682	 	11346.666667
80.198717	 	11353.333333
-69.030589	 	11360.000000
-87.443551	 	11366.666667
-36.997242	 	11373.333333
23.354731	 	11380.000000
-31.232958	 	11386.666667
-127.626419	 	11393.333333
298.033822	 	11400.000000
-93.625406	 	11406.666667
-159.467762	 	11413.333333
-102.954842	 	11420.000000
71.769421	 	11426.666667
268.379162	 	11433.333333
-100.197581	 	11440.000000
-133.743871	 	11446.666667
28.866304	 	11453.333333
-78.633963	 	11460.000000
-40.959663	 	11466.666667
43.665291	 	11473.333333
251.139276	 	11480.000000
-79.264828	 	11486.666667
-177.090579	 	11493.333333
-33.127865	 	11500.000000
30.990078	 	11506.666667
-1.601063	 	11513.333333
102.835961	 	11520.000000
-43.438003	 	11526.666667
-23.832208	 	11533.333333
6.253550	 	11540.000000
-195.457262	 	11546.666667
145.009660	 	11553.333333
31.650304	 	11560.000000
16.964515	 	11566.666667
-119.595661	 	11573.333333
-10.933398	 	11580.000000
-12.318220	 	11586.666667
203.756155	 	11593.333333
89.115994	 	11600.000000
-120.326962	 	11606.666667
-247.040320	 	11613.333333
-69.249000	 	11620.000000
32.452663	 	11626.666667
212.917892	 	11633.333333
30.663847	 	11640.000000
74.650509	 	11646.666667
-103.333445	 	11653.333333
-227.753792	 	11660.000000
-14.362749	 	11666.666667
18.303835	 	11673.333333
158.771481	 	11680.000000
108.554723	 	11686.666667
-206.363362	 	11693.333333
-5.794628	 	11700.000000
143.494077	 	11706.666667
-54.027908	 	11713.333333
-137.659478	 	11720.000000
-53.361165	 	11726.666667
-17.846548	 	11733.333333
123.311413	 	11740.000000
61.844382	 	11746.666667
-119.036027	 	11753.333333
76.920983	 	11760.000000
116.385146	 	11766.666667
-78.608609	 	11773.333333
-156.775557	 	11780.000000
-144.379819	 	11786.666667
-92.378402	 	11793.333333
506.995026	 	11800.000000
-151.281325	 	11806.666667
-216.528817	 	11813.333333
3.786769	 	11820.000000
17.984997	 	11826.666667
87.822589	 	11833.333333
45.465085	 	11840.000000
-143.115389	 	11846.666667
107.711978	 	11853.333333
-97.600736	 	11860.000000
-20.234445	 	11866.666667
-8.824238	 	11873.333333
-154.259581	 	11880.000000
144.470474	 	11886.666667
215.423484	 	11893.333333
-153.493886	 	11900.000000
-103.399676	 	11906.666667
109.638283	 	11913.333333
-61.684621	 	11920.000000
22.709986	 	11926.666667
11.509070	 	11933.333333
-204.690702	 	11940.000000
-7.411302	 	11946.666667
155.859477	 	11953.333333
-0.176351	 	11960.000000
50.183862	 	11966.666667
-39.533193	 	11973.333333
-119.278200	 	11980.000000
91.131857	 	11986.666667
8.146679	 	11993.333333
-209.169974	 	12000.000000
104.910423	 	12006.666667
40.526873	 	12013.333333
34.180780	 	12020.000000
96.806558	 	12026.666667
-81.037843	 	12033.333333
-135.078495	 	12040.000000
-121.729290	 	12046.666667
32.752340	 	12053.333333
166.160204	 	12060.000000
50.715468	 	12066.666667
-327.868563	 	12073.333333
137.235024	 	12080.000000
30.316553	 	12086.666667
77.181116	 	12093.333333
103.968272	 	12100.000000
27.245789	 	12106.666667
-282.573964	 	12113.333333
-182.750772	 	12120.000000
30.158801	 	12126.666667
229.989607	 	12133.333333
143.719430	 	12140.000000
-357.436859	 	12146.666667
-15.112014	 	12153.333333
76.866955	 	12160.000000
7.957888	 	12166.666667
165.963658	 	12173.333333
69.323644	 	12180.000000
-280.834289	 	12186.666667
-34.676669	 	12193.333333
64.573091	 	12200.000000
18.351856	 	12206.666667
241.711961	 	12213.333333
-252.731705	 	12220.000000
-138.872479	 	12226.666667
96.236437	 	12233.333333
150.833109	 	12240.000000
140.752624	 	12246.666667
-244.611429	 	12253.333333
120.642630	 	12260.000000
-213.851608	 	12266.666667
-155.647854	 	12273.333333
183.429180	 	12280.000000
-187.775497	 	12286.666667
684.516299	 	12293.333333
-223.094677	 	12300.000000
-375.605265	 	12306.666667
-447.004306	 	12313.333333
832.761750	 	12320.000000
-414.604668	 	12326.666667
144.467925	 	12333.333333
64.834814	 	12340.000000
183.058410	 	12346.666667
-356.836631	 	12353.333333
72.312651	 	12360.000000
-425.413202	 	12366.666667
600.660235	 	12373.333333
-136.765610	 	12380.000000
-405.012368	 	12386.666667
45.214005	 	12393.333333
470.350407	 	12400.000000
96.056186	 	12406.666667
-34.320569	 	12413.333333
-663.599106	 	12420.000000
-31.084496	 	12426.666667
426.612428	 	12433.333333
-562.152153	 	12440.000000
1173.396287	 	12446.666667
-347.515061	 	12453.333333
-424.889178	 	12460.000000
-380.260511	 	12466.666667
236.982943	 	12473.333333
598.821850	 	12480.000000
-276.911817	 	12486.666667
-777.656892	 	12493.333333
550.749254	 	12500.000000
168.042542	 	12506.666667
318.103062	 	12513.333333
2.669154	 	12520.000000
-575.475416	 	12526.666667
-407.706353	 	12533.333333
-239.511766	 	12540.000000
844.434366	 	12546.666667
347.178403	 	12553.333333
-790.028403	 	12560.000000
1157.865978	 	12566.666667
-651.084316	 	12573.333333
-518.345608	 	12580.000000
-655.000147	 	12586.666667
1327.860282	 	12593.333333
11.626593	 	12600.000000
-542.607366	 	12606.666667
-257.831381	 	12613.333333
991.145175	 	12620.000000
-421.708352	 	12626.666667
-519.146452	 	12633.333333
-897.965521	 	12640.000000
2010.448033	 	12646.666667
-118.553506	 	12653.333333
-574.741112	 	12660.000000
-457.120879	 	12666.666667
-593.237773	 	12673.333333
1360.339424	 	12680.000000
358.102725	 	12686.666667
-662.382797	 	12693.333333
-222.409885	 	12700.000000
-639.607205	 	12706.666667
625.544987	 	12713.333333
149.031162	 	12720.000000
643.595460	 	12726.666667
-710.301868	 	12733.333333
-848.082512	 	12740.000000
1205.914053	 	12746.666667
-313.301043	 	12753.333333
-380.630821	 	12760.000000
1032.276086	 	12766.666667
-918.312094	 	12773.333333
632.466170	 	12780.000000
-795.177692	 	12786.666667
299.815755	 	12793.333333
814.272881	 	12800.000000
-776.690276	 	12806.666667
-891.744888	 	12813.333333
599.058427	 	12820.000000
-14.971140	 	12826.666667
1571.737034	 	12833.333333
-939.059475	 	12840.000000
-734.028131	 	12846.666667
388.672731	 	12853.333333
-628.367129	 	12860.000000
1143.006478	 	12866.666667
-866.437824	 	12873.333333
239.845203	 	12880.000000
783.991563	 	12886.666667
-978.690367	 	12893.333333
-410.196584	 	12900.000000
-976.247239	 	12906.666667
3252.147634	 	12913.333333
-724.609655	 	12920.000000
-679.203206	 	12926.666667
-516.311364	 	12933.333333
-178.233309	 	12940.000000
-798.627881	 	12946.666667
2004.063783	 	12953.333333
-235.863739	 	12960.000000
-851.322758	 	12966.666667
875.474687	 	12973.333333
-724.217322	 	12980.000000
350.068778	 	12986.666667
-988.666504	 	12993.333333
-267.322182	 	13000.000000
2714.255329	 	13006.666667
-852.690394	 	13013.333333
-978.344993	 	13020.000000
-952.352128	 	13026.666667
988.033732	 	13033.333333
-981.294901	 	13040.000000
2521.305734	 	13046.666667
-354.354089	 	13053.333333
-873.139448	 	13060.000000
-988.691020	 	13066.666667
-702.215080	 	13073.333333
3240.506806	 	13080.000000
-973.535859	 	13086.666667
-995.081980	 	13093.333333
-226.504004	 	13100.000000
-75.191759	 	13106.666667
-997.379312	 	13113.333333
3485.656044	 	13120.000000
-991.976158	 	13126.666667
-955.676587	 	13133.333333
-771.651024	 	13140.000000
-968.043963	 	13146.666667
3371.811372	 	13153.333333
-758.509545	 	13160.000000
-989.972220	 	13166.666667
-952.135968	 	13173.333333
-680.124944	 	13180.000000
3551.667584	 	13186.666667
-999.152828	 	13193.333333
-999.916275	 	13200.000000
-999.812794	 	13206.666667
-999.996426	 	13213.333333
-996.690520	 	13220.000000
5173.931901	 	13226.666667
1722.801523	 	13233.333333
-999.998720	 	13240.000000
-999.998721	 	13246.666667
-999.998724	 	13253.333333
-999.998722	 	13260.000000
-999.998731	 	13266.666667
-999.998725	 	13273.333333
-999.998733	 	13280.000000
-999.998780	 	13286.666667
-999.998735	 	13293.333333
-999.998762	 	13300.000000
-999.998844	 	13306.666667
-999.998880	 	13313.333333
-999.998792	 	13320.000000
-999.998878	 	13326.666667
