#peak 	 	#time 
-999.998994	 	0.000000
-999.999279	 	6.666667
-999.999440	 	13.333333
-999.999039	 	20.000000
-999.999547	 	26.666667
-999.999662	 	33.333333
-999.999505	 	40.000000
-999.999880	 	46.666667
-999.999981	 	53.333333
-1000.000000	 	60.000000
-1000.000000	 	66.666667
-1000.000000	 	73.333333
-1000.000000	 	80.000000
-1000.000000	 	86.666667
32995.719372	 	93.333333
-999.998854	 	100.000000
-999.998867	 	106.666667
-999.998859	 	113.333333
-999.998862	 	120.000000
-999.998857	 	126.666667
-999.998857	 	133.333333
-999.998869	 	140.000000
-999.998860	 	146.666667
-999.998851	 	153.333333
-999.998855	 	160.000000
-999.998854	 	166.666667
-999.998852	 	173.333333
-999.998851	 	180.000000
-999.998851	 	186.666667
-999.997733	 	193.333333
3036.918904	 	200.000000
3026.753196	 	206.666667
-837.930341	 	213.333333
-885.760119	 	220.000000
-791.667898	 	226.666667
-264.278968	 	233.333333
614.762769	 	240.000000
170.094339	 	246.666667
101.265431	 	253.333333
-375.509181	 	260.000000
-45.120085	 	266.666667
480.579180	 	273.333333
-123.509261	 	280.000000
-437.327097	 	286.666667
22.137743	 	293.333333
-367.293703	 	300.000000
408.978531	 	306.666667
50.046176	 	313.333333
-406.952882	 	320.000000
76.838101	 	326.666667
79.609805	 	333.333333
271.399825	 	340.000000
135.270741	 	346.666667
-296.741771	 	353.333333
-122.811656	 	360.000000
203.957002	 	366.666667
-100.523553	 	373.333333
-207.763959	 	380.000000
-98.245783	 	386.666667
40.287126	 	393.333333
358.666158	 	400.000000
-113.339302	 	406.666667
-1.104405	 	413.333333
97.164413	 	420.000000
2.198201	 	426.666667
-23.079739	 	433.333333
-86.714955	 	440.000000
-257.142013	 	446.666667
-246.529563	 	453.333333
546.205837	 	460.000000
275.863876	 	466.666667
-192.195162	 	473.333333
-116.685359	 	480.000000
-32.561375	 	486.666667
-164.281078	 	493.333333
-147.399944	 	500.000000
164.920379	 	506.666667
243.196349	 	513.333333
339.395412	 	520.000000
-206.231859	 	526.666667
-100.205133	 	533.333333
-50.261064	 	540.000000
-94.184397	 	546.666667
-69.698974	 	553.333333
136.396693	 	560.000000
175.875821	 	566.666667
-223.806049	 	573.333333
-147.035977	 	580.000000
234.465336	 	586.666667
97.836528	 	593.333333
194.660260	 	600.000000
-226.569601	 	606.666667
-176.156855	 	613.333333
-155.630133	 	620.000000
46.926139	 	626.666667
182.547255	 	633.333333
339.504309	 	640.000000
39.831453	 	646.666667
-18.447948	 	653.333333
-335.972864	 	660.000000
-330.108564	 	666.666667
369.319325	 	673.333333
-111.797471	 	680.000000
291.176503	 	686.666667
-270.968363	 	693.333333
-140.812265	 	700.000000
431.540251	 	706.666667
31.562390	 	713.333333
-366.065628	 	720.000000
-33.828603	 	726.666667
50.960505	 	733.333333
216.551343	 	740.000000
-51.540335	 	746.666667
-39.751069	 	753.333333
-105.237815	 	760.000000
-31.559911	 	766.666667
151.361227	 	773.333333
196.430955	 	780.000000
-24.184855	 	786.666667
-209.861529	 	793.333333
-193.449641	 	800.000000
339.035459	 	806.666667
-40.578943	 	813.333333
-264.913910	 	820.000000
-89.517662	 	826.666667
261.642435	 	833.333333
366.127132	 	840.000000
-114.039031	 	846.666667
-377.068746	 	853.333333
-100.888193	 	860.000000
119.334896	 	866.666667
157.911681	 	873.333333
159.902417	 	880.000000
-193.835807	 	886.666667
138.843362	 	893.333333
110.350230	 	900.000000
-300.299430	 	906.666667
-284.322735	 	913.333333
42.542340	 	920.000000
454.972196	 	926.666667
139.989585	 	933.333333
101.211487	 	940.000000
-449.916661	 	946.666667
-213.420554	 	953.333333
186.023015	 	960.000000
34.251904	 	966.666667
37.204301	 	973.333333
237.895545	 	980.000000
-127.148973	 	986.666667
55.052569	 	993.333333
-210.105184	 	1000.000000
-129.329295	 	1006.666667
182.855119	 	1013.333333
-9.169026	 	1020.000000
132.173482	 	1026.666667
22.610471	 	1033.333333
48.144331	 	1040.000000
-200.435748	 	1046.666667
-279.568368	 	1053.333333
394.640931	 	1060.000000
198.111574	 	1066.666667
-244.962277	 	1073.333333
60.743364	 	1080.000000
-230.805404	 	1086.666667
134.864451	 	1093.333333
44.920721	 	1100.000000
-256.375698	 	1106.666667
161.616846	 	1113.333333
217.349316	 	1120.000000
-257.064854	 	1126.666667
317.024950	 	1133.333333
-185.614506	 	1140.000000
-15.361803	 	1146.666667
21.889188	 	1153.333333
-4.943101	 	1160.000000
-69.390762	 	1166.666667
174.499616	 	1173.333333
-29.439571	 	1180.000000
-180.107193	 	1186.666667
24.164348	 	1193.333333
26.470455	 	1200.000000
163.049293	 	1206.666667
103.726081	 	1213.333333
-397.064041	 	1220.000000
19.442659	 	1226.666667
416.837277	 	1233.333333
-183.742742	 	1240.000000
-65.504190	 	1246.666667
5.950088	 	1253.333333
187.232755	 	1260.000000
-94.397285	 	1266.666667
-352.042090	 	1273.333333
5.534075	 	1280.000000
343.719290	 	1286.666667
201.206056	 	1293.333333
-259.338120	 	1300.000000
-200.098340	 	1306.666667
280.125290	 	1313.333333
-188.548219	 	1320.000000
-135.557796	 	1326.666667
152.363141	 	1333.333333
335.327130	 	1340.000000
-33.204545	 	1346.666667
-438.440053	 	1353.333333
-83.714009	 	1360.000000
316.086472	 	1366.666667
156.987595	 	1373.333333
-10.773566	 	1380.000000
-83.643212	 	1386.666667
-107.279709	 	1393.333333
-60.661473	 	1400.000000
-142.168262	 	1406.666667
299.240637	 	1413.333333
260.055965	 	1420.000000
-266.427205	 	1426.666667
-403.023241	 	1433.333333
122.366199	 	1440.000000
286.459460	 	1446.666667
20.005234	 	1453.333333
94.480616	 	1460.000000
-218.651677	 	1466.666667
-1.858432	 	1473.333333
179.342786	 	1480.000000
-201.054705	 	1486.666667
-2.397454	 	1493.333333
-13.142409	 	1500.000000
-28.790390	 	1506.666667
11.647550	 	1513.333333
203.439118	 	1520.000000
118.631503	 	1526.666667
-4.648257	 	1533.333333
-363.730067	 	1540.000000
-12.199548	 	1546.666667
242.591173	 	1553.333333
26.380779	 	1560.000000
92.701907	 	1566.666667
-335.613852	 	1573.333333
-217.257888	 	1580.000000
492.683022	 	1586.666667
164.294517	 	1593.333333
-166.764644	 	1600.000000
-127.692573	 	1606.666667
-198.321625	 	1613.333333
112.518685	 	1620.000000
196.365912	 	1626.666667
-88.805916	 	1633.333333
44.751507	 	1640.000000
186.915931	 	1646.666667
-96.278473	 	1653.333333
-381.874273	 	1660.000000
50.126560	 	1666.666667
138.158227	 	1673.333333
364.930985	 	1680.000000
-56.292023	 	1686.666667
-340.807959	 	1693.333333
-110.740619	 	1700.000000
139.395988	 	1706.666667
173.184381	 	1713.333333
142.920738	 	1720.000000
-385.338374	 	1726.666667
-51.297481	 	1733.333333
234.531245	 	1740.000000
-70.580324	 	1746.666667
105.203955	 	1753.333333
-30.244599	 	1760.000000
-212.387569	 	1766.666667
363.493623	 	1773.333333
70.667043	 	1780.000000
-366.726033	 	1786.666667
-136.514774	 	1793.333333
239.751548	 	1800.000000
58.794511	 	1806.666667
212.651398	 	1813.333333
-88.004566	 	1820.000000
-410.773454	 	1826.666667
183.804479	 	1833.333333
243.163190	 	1840.000000
-49.983302	 	1846.666667
-22.299869	 	1853.333333
-179.868374	 	1860.000000
-145.246523	 	1866.666667
140.266975	 	1873.333333
124.433251	 	1880.000000
30.950030	 	1886.666667
248.210144	 	1893.333333
-222.813552	 	1900.000000
-135.964804	 	1906.666667
-264.869553	 	1913.333333
54.616638	 	1920.000000
439.935023	 	1926.666667
-104.487421	 	1933.333333
-6.743542	 	1940.000000
64.819911	 	1946.666667
-273.736766	 	1953.333333
46.890824	 	1960.000000
11.201465	 	1966.666667
138.041327	 	1973.333333
200.374787	 	1980.000000
-494.240477	 	1986.666667
-239.610811	 	1993.333333
452.575585	 	2000.000000
408.182903	 	2006.666667
-210.009711	 	2013.333333
-418.965763	 	2020.000000
117.200462	 	2026.666667
444.651582	 	2033.333333
-103.775110	 	2040.000000
-243.606612	 	2046.666667
-103.235251	 	2053.333333
157.065798	 	2060.000000
-25.662692	 	2066.666667
-117.652716	 	2073.333333
-40.056189	 	2080.000000
198.525467	 	2086.666667
-117.705465	 	2093.333333
193.441220	 	2100.000000
51.004099	 	2106.666667
-204.973971	 	2113.333333
-109.539429	 	2120.000000
230.571285	 	2126.666667
124.889428	 	2133.333333
99.172101	 	2140.000000
-240.544536	 	2146.666667
-303.281677	 	2153.333333
68.921862	 	2160.000000
-31.540876	 	2166.666667
185.735394	 	2173.333333
219.247685	 	2180.000000
128.674704	 	2186.666667
-269.527506	 	2193.333333
-270.941517	 	2200.000000
58.747207	 	2206.666667
63.265752	 	2213.333333
343.139602	 	2220.000000
-165.322399	 	2226.666667
-114.832313	 	2233.333333
226.339628	 	2240.000000
-109.861888	 	2246.666667
-63.329643	 	2253.333333
-155.254647	 	2260.000000
0.588658	 	2266.666667
304.680560	 	2273.333333
-58.124490	 	2280.000000
-94.506261	 	2286.666667
131.849344	 	2293.333333
-284.382665	 	2300.000000
143.556511	 	2306.666667
121.979389	 	2313.333333
-35.650658	 	2320.000000
243.594534	 	2326.666667
-283.968130	 	2333.333333
-330.968266	 	2340.000000
171.948536	 	2346.666667
161.985053	 	2353.333333
81.145812	 	2360.000000
-90.102386	 	2366.666667
-42.420065	 	2373.333333
206.228807	 	2380.000000
-156.131677	 	2386.666667
-220.152419	 	2393.333333
86.707413	 	2400.000000
151.232478	 	2406.666667
221.100432	 	2413.333333
-111.487390	 	2420.000000
-273.957195	 	2426.666667
311.536744	 	2433.333333
-267.466661	 	2440.000000
-139.718937	 	2446.666667
171.207731	 	2453.333333
77.818860	 	2460.000000
113.610180	 	2466.666667
26.778772	 	2473.333333
-269.839233	 	2480.000000
100.379088	 	2486.666667
-15.020243	 	2493.333333
-0.436105	 	2500.000000
-103.726855	 	2506.666667
167.461582	 	2513.333333
-30.133205	 	2520.000000
63.862230	 	2526.666667
52.523263	 	2533.333333
-249.701081	 	2540.000000
166.621486	 	2546.666667
61.173749	 	2553.333333
-273.447635	 	2560.000000
396.374397	 	2566.666667
-374.453466	 	2573.333333
12.923124	 	2580.000000
96.950282	 	2586.666667
-63.450869	 	2593.333333
257.567019	 	2600.000000
145.365913	 	2606.666667
-410.888066	 	2613.333333
-105.963405	 	2620.000000
9.371793	 	2626.666667
401.092510	 	2633.333333
162.902150	 	2640.000000
-363.827358	 	2646.666667
-135.816401	 	2653.333333
9.222478	 	2660.000000
117.266229	 	2666.666667
81.166842	 	2673.333333
213.165514	 	2680.000000
-217.897854	 	2686.666667
-79.520602	 	2693.333333
7.390943	 	2700.000000
14.267460	 	2706.666667
69.427239	 	2713.333333
-187.766645	 	2720.000000
44.746582	 	2726.666667
126.708660	 	2733.333333
-47.357521	 	2740.000000
137.553803	 	2746.666667
-95.298370	 	2753.333333
-49.565148	 	2760.000000
33.364328	 	2766.666667
-92.580213	 	2773.333333
151.363579	 	2780.000000
136.781757	 	2786.666667
-274.620960	 	2793.333333
11.383707	 	2800.000000
5.582219	 	2806.666667
155.368701	 	2813.333333
166.077801	 	2820.000000
-152.077179	 	2826.666667
-275.962279	 	2833.333333
60.881903	 	2840.000000
206.092129	 	2846.666667
7.829139	 	2853.333333
-203.554319	 	2860.000000
-131.121563	 	2866.666667
270.759651	 	2873.333333
263.541919	 	2880.000000
-135.683742	 	2886.666667
-203.937587	 	2893.333333
-79.790985	 	2900.000000
85.268241	 	2906.666667
230.511264	 	2913.333333
-175.361138	 	2920.000000
11.076883	 	2926.666667
-13.213967	 	2933.333333
-137.796792	 	2940.000000
65.060325	 	2946.666667
48.389712	 	2953.333333
200.999284	 	2960.000000
-292.288775	 	2966.666667
-124.058038	 	2973.333333
222.799852	 	2980.000000
-57.587639	 	2986.666667
75.515060	 	2993.333333
343.674446	 	3000.000000
-254.177509	 	3006.666667
-85.583264	 	3013.333333
-100.307839	 	3020.000000
54.296320	 	3026.666667
45.135004	 	3033.333333
-230.019362	 	3040.000000
31.041087	 	3046.666667
542.306067	 	3053.333333
16.572761	 	3060.000000
-490.731337	 	3066.666667
-32.841570	 	3073.333333
292.066126	 	3080.000000
-2.404263	 	3086.666667
-188.163817	 	3093.333333
-96.389339	 	3100.000000
183.290749	 	3106.666667
-89.669006	 	3113.333333
-88.869939	 	3120.000000
89.703448	 	3126.666667
412.963850	 	3133.333333
-82.352796	 	3140.000000
-467.374732	 	3146.666667
-49.426962	 	3153.333333
187.567211	 	3160.000000
234.028250	 	3166.666667
-108.064123	 	3173.333333
-236.283287	 	3180.000000
236.854109	 	3186.666667
58.364522	 	3193.333333
-54.029920	 	3200.000000
-86.188453	 	3206.666667
21.749486	 	3213.333333
364.905446	 	3220.000000
28.848541	 	3226.666667
-112.356284	 	3233.333333
-34.722421	 	3240.000000
-338.452736	 	3246.666667
73.313552	 	3253.333333
200.498219	 	3260.000000
62.952374	 	3266.666667
-93.252006	 	3273.333333
-150.067348	 	3280.000000
30.459672	 	3286.666667
338.814302	 	3293.333333
-223.689016	 	3300.000000
-122.079454	 	3306.666667
133.334580	 	3313.333333
92.927158	 	3320.000000
-108.639963	 	3326.666667
53.307316	 	3333.333333
-14.803660	 	3340.000000
-57.679550	 	3346.666667
6.387185	 	3353.333333
97.069811	 	3360.000000
163.799020	 	3366.666667
-209.724025	 	3373.333333
-449.257841	 	3380.000000
399.861199	 	3386.666667
310.312624	 	3393.333333
-180.780750	 	3400.000000
-255.307209	 	3406.666667
206.437857	 	3413.333333
-13.898784	 	3420.000000
242.186617	 	3426.666667
-407.075470	 	3433.333333
30.321798	 	3440.000000
243.795212	 	3446.666667
-200.404590	 	3453.333333
116.191373	 	3460.000000
205.631072	 	3466.666667
-285.228639	 	3473.333333
-229.886267	 	3480.000000
204.403371	 	3486.666667
192.827081	 	3493.333333
66.233288	 	3500.000000
-283.170632	 	3506.666667
-47.715551	 	3513.333333
219.491483	 	3520.000000
-33.210529	 	3526.666667
-22.625697	 	3533.333333
-155.747393	 	3540.000000
248.421966	 	3546.666667
161.585480	 	3553.333333
-220.663028	 	3560.000000
-299.244483	 	3566.666667
125.765310	 	3573.333333
329.472751	 	3580.000000
-110.917497	 	3586.666667
-159.989517	 	3593.333333
26.010095	 	3600.000000
106.614570	 	3606.666667
5.055189	 	3613.333333
-232.339291	 	3620.000000
77.835535	 	3626.666667
303.462992	 	3633.333333
-34.924420	 	3640.000000
-172.681732	 	3646.666667
204.004011	 	3653.333333
-174.406139	 	3660.000000
-246.563110	 	3666.666667
92.922568	 	3673.333333
199.162045	 	3680.000000
61.593437	 	3686.666667
25.381485	 	3693.333333
-193.810988	 	3700.000000
-24.858916	 	3706.666667
181.862665	 	3713.333333
34.526095	 	3720.000000
-16.595093	 	3726.666667
-338.258521	 	3733.333333
-101.737622	 	3740.000000
428.865251	 	3746.666667
108.526585	 	3753.333333
116.364537	 	3760.000000
-349.110613	 	3766.666667
-112.857151	 	3773.333333
158.198815	 	3780.000000
15.011417	 	3786.666667
225.213441	 	3793.333333
-224.296523	 	3800.000000
-131.859202	 	3806.666667
93.165778	 	3813.333333
129.581786	 	3820.000000
-7.632175	 	3826.666667
6.541119	 	3833.333333
-213.160434	 	3840.000000
62.179085	 	3846.666667
-164.353623	 	3853.333333
129.802451	 	3860.000000
484.910811	 	3866.666667
-257.729519	 	3873.333333
-222.207887	 	3880.000000
-192.724257	 	3886.666667
-39.075462	 	3893.333333
379.615910	 	3900.000000
158.628218	 	3906.666667
18.174105	 	3913.333333
-56.011226	 	3920.000000
-352.253485	 	3926.666667
-147.528034	 	3933.333333
474.368533	 	3940.000000
179.064992	 	3946.666667
-88.574174	 	3953.333333
-332.516703	 	3960.000000
73.451164	 	3966.666667
4.685538	 	3973.333333
-38.950943	 	3980.000000
-128.891382	 	3986.666667
36.585463	 	3993.333333
486.476462	 	4000.000000
-182.545440	 	4006.666667
-123.896028	 	4013.333333
-38.001131	 	4020.000000
-9.180434	 	4026.666667
213.729571	 	4033.333333
-100.026987	 	4040.000000
-58.900192	 	4046.666667
46.425754	 	4053.333333
-59.856035	 	4060.000000
44.399082	 	4066.666667
6.600003	 	4073.333333
-67.238140	 	4080.000000
98.638015	 	4086.666667
-181.940508	 	4093.333333
159.266611	 	4100.000000
68.451573	 	4106.666667
-95.981970	 	4113.333333
-22.815974	 	4120.000000
-53.536821	 	4126.666667
-54.376492	 	4133.333333
211.690797	 	4140.000000
123.376183	 	4146.666667
14.090964	 	4153.333333
-210.355192	 	4160.000000
-274.945472	 	4166.666667
188.996798	 	4173.333333
142.117259	 	4180.000000
-86.326796	 	4186.666667
135.417241	 	4193.333333
68.797455	 	4200.000000
-102.683336	 	4206.666667
-136.970337	 	4213.333333
-168.668414	 	4220.000000
190.010549	 	4226.666667
334.926853	 	4233.333333
-175.113992	 	4240.000000
-303.902188	 	4246.666667
-8.593372	 	4253.333333
79.786136	 	4260.000000
267.971673	 	4266.666667
206.869559	 	4273.333333
-338.347665	 	4280.000000
-298.935143	 	4286.666667
63.228519	 	4293.333333
343.713969	 	4300.000000
-32.480486	 	4306.666667
-64.757147	 	4313.333333
-150.532139	 	4320.000000
262.589843	 	4326.666667
31.787398	 	4333.333333
-103.830323	 	4340.000000
-209.635809	 	4346.666667
-155.583514	 	4353.333333
349.724018	 	4360.000000
291.191904	 	4366.666667
-117.364743	 	4373.333333
-258.183022	 	4380.000000
-221.571236	 	4386.666667
181.375384	 	4393.333333
360.109270	 	4400.000000
-108.377374	 	4406.666667
-315.953495	 	4413.333333
-7.150285	 	4420.000000
256.921045	 	4426.666667
32.017386	 	4433.333333
-104.126560	 	4440.000000
-166.916893	 	4446.666667
-60.146945	 	4453.333333
166.988770	 	4460.000000
288.175563	 	4466.666667
-237.764172	 	4473.333333
-4.994007	 	4480.000000
5.280470	 	4486.666667
-67.791347	 	4493.333333
-128.552826	 	4500.000000
350.749614	 	4506.666667
-15.450737	 	4513.333333
-222.875880	 	4520.000000
-216.862258	 	4526.666667
224.044782	 	4533.333333
403.455495	 	4540.000000
-132.162796	 	4546.666667
-402.425853	 	4553.333333
-130.137743	 	4560.000000
476.210725	 	4566.666667
-7.762834	 	4573.333333
-101.201086	 	4580.000000
-110.990203	 	4586.666667
132.183084	 	4593.333333
150.862433	 	4600.000000
-348.079255	 	4606.666667
-163.169746	 	4613.333333
471.773803	 	4620.000000
-110.269926	 	4626.666667
-20.774604	 	4633.333333
24.645707	 	4640.000000
-121.068568	 	4646.666667
230.731467	 	4653.333333
-135.050346	 	4660.000000
-235.079005	 	4666.666667
160.829744	 	4673.333333
109.392868	 	4680.000000
160.521425	 	4686.666667
-79.667383	 	4693.333333
-122.399481	 	4700.000000
-226.990671	 	4706.666667
80.793964	 	4713.333333
230.467924	 	4720.000000
163.994045	 	4726.666667
-310.103169	 	4733.333333
-40.128569	 	4740.000000
336.955883	 	4746.666667
-118.369819	 	4753.333333
-90.078490	 	4760.000000
22.521858	 	4766.666667
-338.110965	 	4773.333333
104.233857	 	4780.000000
606.189044	 	4786.666667
-145.703498	 	4793.333333
-238.135313	 	4800.000000
-47.354632	 	4806.666667
-291.895345	 	4813.333333
63.355836	 	4820.000000
562.315045	 	4826.666667
-86.572204	 	4833.333333
77.351838	 	4840.000000
-364.077277	 	4846.666667
-267.584098	 	4853.333333
170.553839	 	4860.000000
478.896234	 	4866.666667
-349.892401	 	4873.333333
-171.881697	 	4880.000000
356.928354	 	4886.666667
131.778531	 	4893.333333
-196.543922	 	4900.000000
-29.571698	 	4906.666667
-275.870641	 	4913.333333
212.447444	 	4920.000000
194.622227	 	4926.666667
-66.924446	 	4933.333333
-2.003014	 	4940.000000
-369.947693	 	4946.666667
16.704188	 	4953.333333
500.450268	 	4960.000000
-38.605946	 	4966.666667
-15.374231	 	4973.333333
-345.092738	 	4980.000000
-266.031812	 	4986.666667
521.834052	 	4993.333333
37.003406	 	5000.000000
-11.636794	 	5006.666667
113.555079	 	5013.333333
-316.388378	 	5020.000000
-192.702049	 	5026.666667
551.039808	 	5033.333333
-167.016290	 	5040.000000
-311.352361	 	5046.666667
53.326060	 	5053.333333
328.834699	 	5060.000000
-187.760095	 	5066.666667
63.837849	 	5073.333333
33.763949	 	5080.000000
-17.354831	 	5086.666667
-2.600824	 	5093.333333
-55.587063	 	5100.000000
127.575747	 	5106.666667
-274.779216	 	5113.333333
84.835952	 	5120.000000
78.326215	 	5126.666667
44.498495	 	5133.333333
117.066884	 	5140.000000
-167.551150	 	5146.666667
-193.558328	 	5153.333333
312.395483	 	5160.000000
201.893865	 	5166.666667
-359.127916	 	5173.333333
-5.172531	 	5180.000000
78.159338	 	5186.666667
-284.229796	 	5193.333333
150.292010	 	5200.000000
257.119336	 	5206.666667
30.358295	 	5213.333333
-36.757305	 	5220.000000
-63.473348	 	5226.666667
-31.689066	 	5233.333333
-229.735185	 	5240.000000
-3.782657	 	5246.666667
274.584652	 	5253.333333
-40.143804	 	5260.000000
45.501893	 	5266.666667
-127.226020	 	5273.333333
-292.282401	 	5280.000000
517.486535	 	5286.666667
128.396259	 	5293.333333
-379.414004	 	5300.000000
24.017423	 	5306.666667
76.232853	 	5313.333333
-17.121086	 	5320.000000
45.983883	 	5326.666667
-139.141084	 	5333.333333
34.480287	 	5340.000000
73.128253	 	5346.666667
23.155523	 	5353.333333
-31.376856	 	5360.000000
18.498389	 	5366.666667
105.416648	 	5373.333333
-305.523661	 	5380.000000
-353.257026	 	5386.666667
571.771387	 	5393.333333
543.202545	 	5400.000000
-182.537789	 	5406.666667
-126.341803	 	5413.333333
-432.545684	 	5420.000000
-824.134341	 	5426.666667
-519.071993	 	5433.333333
5575.376027	 	5440.000000
30023.909461	 	5446.666667
35953.657705	 	5453.333333
4994.967382	 	5460.000000
275.608353	 	5466.666667
4340.187705	 	5473.333333
17399.147179	 	5480.000000
10449.271867	 	5486.666667
3446.144392	 	5493.333333
-258.949165	 	5500.000000
83.679161	 	5506.666667
6137.142519	 	5513.333333
6682.314157	 	5520.000000
1799.787229	 	5526.666667
973.190791	 	5533.333333
1702.036434	 	5540.000000
2981.537676	 	5546.666667
1094.914987	 	5553.333333
1892.894586	 	5560.000000
4158.497334	 	5566.666667
2590.404243	 	5573.333333
1927.203707	 	5580.000000
2122.106523	 	5586.666667
1502.685306	 	5593.333333
1774.465053	 	5600.000000
1651.272407	 	5606.666667
2164.976042	 	5613.333333
2559.767407	 	5620.000000
816.163296	 	5626.666667
958.620067	 	5633.333333
2511.416114	 	5640.000000
2273.250107	 	5646.666667
728.822353	 	5653.333333
316.853340	 	5660.000000
2779.855986	 	5666.666667
3772.196704	 	5673.333333
1353.957396	 	5680.000000
566.043705	 	5686.666667
1034.511980	 	5693.333333
2239.721276	 	5700.000000
1783.636458	 	5706.666667
1166.540051	 	5713.333333
1746.864655	 	5720.000000
1090.208160	 	5726.666667
1240.183858	 	5733.333333
1913.079644	 	5740.000000
1415.531796	 	5746.666667
1981.676101	 	5753.333333
1122.470676	 	5760.000000
1507.840835	 	5766.666667
2751.703699	 	5773.333333
2415.325181	 	5780.000000
977.561451	 	5786.666667
1138.926395	 	5793.333333
934.192042	 	5800.000000
1591.588078	 	5806.666667
1117.387202	 	5813.333333
2057.156605	 	5820.000000
2285.365040	 	5826.666667
1585.607577	 	5833.333333
870.035785	 	5840.000000
1040.586678	 	5846.666667
1711.478075	 	5853.333333
2716.757370	 	5860.000000
1550.543469	 	5866.666667
1241.598417	 	5873.333333
866.503770	 	5880.000000
957.578809	 	5886.666667
1771.408010	 	5893.333333
2258.635722	 	5900.000000
1136.722789	 	5906.666667
774.213219	 	5913.333333
842.987770	 	5920.000000
1914.755339	 	5926.666667
1795.313315	 	5933.333333
806.969762	 	5940.000000
1351.861760	 	5946.666667
1248.142484	 	5953.333333
1236.623084	 	5960.000000
590.172646	 	5966.666667
567.794478	 	5973.333333
1256.813208	 	5980.000000
1397.184887	 	5986.666667
912.584112	 	5993.333333
640.562870	 	6000.000000
808.714292	 	6006.666667
1267.613037	 	6013.333333
1579.415033	 	6020.000000
1236.724055	 	6026.666667
505.130253	 	6033.333333
695.878321	 	6040.000000
1696.957980	 	6046.666667
737.503625	 	6053.333333
513.093898	 	6060.000000
1396.099887	 	6066.666667
1138.676609	 	6073.333333
1270.953716	 	6080.000000
748.678170	 	6086.666667
670.254793	 	6093.333333
948.574701	 	6100.000000
826.053215	 	6106.666667
648.092376	 	6113.333333
1179.257306	 	6120.000000
1263.939471	 	6126.666667
1086.141118	 	6133.333333
851.501689	 	6140.000000
372.944156	 	6146.666667
676.910201	 	6153.333333
841.373653	 	6160.000000
745.589168	 	6166.666667
624.096662	 	6173.333333
622.091023	 	6180.000000
1556.755758	 	6186.666667
1262.018621	 	6193.333333
418.578689	 	6200.000000
305.873755	 	6206.666667
426.237325	 	6213.333333
317.285505	 	6220.000000
960.695317	 	6226.666667
497.181388	 	6233.333333
1010.033388	 	6240.000000
821.005388	 	6246.666667
823.667513	 	6253.333333
1376.854616	 	6260.000000
575.633472	 	6266.666667
-201.261748	 	6273.333333
235.491159	 	6280.000000
876.618368	 	6286.666667
1032.052289	 	6293.333333
673.385375	 	6300.000000
530.212765	 	6306.666667
260.223433	 	6313.333333
504.887442	 	6320.000000
705.273169	 	6326.666667
836.208108	 	6333.333333
818.829310	 	6340.000000
333.144949	 	6346.666667
316.160356	 	6353.333333
778.964788	 	6360.000000
686.831625	 	6366.666667
536.449919	 	6373.333333
280.919090	 	6380.000000
78.688620	 	6386.666667
880.211182	 	6393.333333
780.579783	 	6400.000000
496.463799	 	6406.666667
130.124054	 	6413.333333
280.848171	 	6420.000000
583.360304	 	6426.666667
925.986857	 	6433.333333
108.754786	 	6440.000000
258.928493	 	6446.666667
341.943898	 	6453.333333
631.670781	 	6460.000000
512.355361	 	6466.666667
277.246290	 	6473.333333
167.820464	 	6480.000000
471.106775	 	6486.666667
501.180675	 	6493.333333
759.028923	 	6500.000000
570.368555	 	6506.666667
228.716770	 	6513.333333
44.411422	 	6520.000000
227.795887	 	6526.666667
692.311359	 	6533.333333
862.197920	 	6540.000000
315.770182	 	6546.666667
122.755568	 	6553.333333
298.680880	 	6560.000000
605.802350	 	6566.666667
325.444657	 	6573.333333
318.957408	 	6580.000000
158.911088	 	6586.666667
508.718573	 	6593.333333
538.600330	 	6600.000000
409.543548	 	6606.666667
302.914209	 	6613.333333
120.474861	 	6620.000000
197.590813	 	6626.666667
372.127608	 	6633.333333
885.685903	 	6640.000000
320.607508	 	6646.666667
220.961416	 	6653.333333
307.634491	 	6660.000000
662.269393	 	6666.666667
655.275193	 	6673.333333
347.213241	 	6680.000000
-133.472691	 	6686.666667
23.838340	 	6693.333333
485.586712	 	6700.000000
1145.696060	 	6706.666667
1181.469377	 	6713.333333
122.888818	 	6720.000000
-125.281682	 	6726.666667
194.885715	 	6733.333333
579.368531	 	6740.000000
253.280268	 	6746.666667
-58.233722	 	6753.333333
135.014958	 	6760.000000
208.608663	 	6766.666667
418.976293	 	6773.333333
593.662745	 	6780.000000
536.473008	 	6786.666667
445.557146	 	6793.333333
-80.645697	 	6800.000000
-80.719769	 	6806.666667
719.277722	 	6813.333333
323.938244	 	6820.000000
313.539969	 	6826.666667
767.960399	 	6833.333333
306.844777	 	6840.000000
152.817596	 	6846.666667
287.132083	 	6853.333333
-40.436682	 	6860.000000
250.156749	 	6866.666667
186.094753	 	6873.333333
166.904612	 	6880.000000
403.428319	 	6886.666667
421.356305	 	6893.333333
176.919838	 	6900.000000
15.934237	 	6906.666667
57.719935	 	6913.333333
261.145212	 	6920.000000
291.082254	 	6926.666667
288.260923	 	6933.333333
-129.545326	 	6940.000000
187.262113	 	6946.666667
1105.799983	 	6953.333333
720.565368	 	6960.000000
-344.928604	 	6966.666667
-395.935044	 	6973.333333
7.482415	 	6980.000000
803.210941	 	6986.666667
485.540574	 	6993.333333
-115.413846	 	7000.000000
65.646050	 	7006.666667
320.998959	 	7013.333333
163.980835	 	7020.000000
278.906448	 	7026.666667
260.237767	 	7033.333333
342.802995	 	7040.000000
532.959624	 	7046.666667
279.102610	 	7053.333333
25.576685	 	7060.000000
-234.752136	 	7066.666667
-36.441585	 	7073.333333
828.678740	 	7080.000000
468.151437	 	7086.666667
-29.624207	 	7093.333333
99.138516	 	7100.000000
-73.675768	 	7106.666667
84.517763	 	7113.333333
243.736962	 	7120.000000
440.896392	 	7126.666667
343.698918	 	7133.333333
-90.550759	 	7140.000000
84.518442	 	7146.666667
494.463761	 	7153.333333
228.174013	 	7160.000000
-20.390574	 	7166.666667
-64.170932	 	7173.333333
486.154209	 	7180.000000
645.341527	 	7186.666667
-93.729338	 	7193.333333
49.428490	 	7200.000000
-144.337514	 	7206.666667
30.945221	 	7213.333333
260.185731	 	7220.000000
330.700348	 	7226.666667
103.225390	 	7233.333333
-45.878615	 	7240.000000
128.218195	 	7246.666667
305.275178	 	7253.333333
151.027409	 	7260.000000
-170.822843	 	7266.666667
156.027257	 	7273.333333
91.482690	 	7280.000000
449.956773	 	7286.666667
293.634333	 	7293.333333
14.629551	 	7300.000000
-281.248630	 	7306.666667
28.509459	 	7313.333333
102.491928	 	7320.000000
402.216970	 	7326.666667
-8.517498	 	7333.333333
130.195110	 	7340.000000
79.713367	 	7346.666667
357.741954	 	7353.333333
-116.431265	 	7360.000000
62.127784	 	7366.666667
34.728166	 	7373.333333
353.608182	 	7380.000000
-145.256915	 	7386.666667
189.008835	 	7393.333333
42.171615	 	7400.000000
-7.766375	 	7406.666667
127.667428	 	7413.333333
434.195554	 	7420.000000
193.131662	 	7426.666667
-115.962117	 	7433.333333
-76.146755	 	7440.000000
365.057431	 	7446.666667
246.906058	 	7453.333333
379.213060	 	7460.000000
-295.662847	 	7466.666667
-205.797107	 	7473.333333
3.837328	 	7480.000000
-86.502858	 	7486.666667
611.226798	 	7493.333333
450.484275	 	7500.000000
-307.091369	 	7506.666667
-36.218486	 	7513.333333
133.885948	 	7520.000000
1.980604	 	7526.666667
3.567335	 	7533.333333
-42.284495	 	7540.000000
425.537001	 	7546.666667
385.763940	 	7553.333333
-178.820448	 	7560.000000
-154.195969	 	7566.666667
-61.868563	 	7573.333333
67.712847	 	7580.000000
389.546520	 	7586.666667
14.083554	 	7593.333333
38.071421	 	7600.000000
-84.444053	 	7606.666667
121.206492	 	7613.333333
563.980599	 	7620.000000
-12.483934	 	7626.666667
-287.905304	 	7633.333333
55.267490	 	7640.000000
191.146586	 	7646.666667
143.573956	 	7653.333333
-117.341464	 	7660.000000
-102.081997	 	7666.666667
211.832618	 	7673.333333
329.389217	 	7680.000000
-129.208079	 	7686.666667
-105.355210	 	7693.333333
401.387700	 	7700.000000
252.000118	 	7706.666667
-1.693090	 	7713.333333
-117.170994	 	7720.000000
-4.140573	 	7726.666667
-118.214087	 	7733.333333
365.246732	 	7740.000000
-20.638848	 	7746.666667
148.956082	 	7753.333333
98.281917	 	7760.000000
-345.132072	 	7766.666667
-8.460959	 	7773.333333
699.457999	 	7780.000000
185.336025	 	7786.666667
-132.459209	 	7793.333333
-20.371550	 	7800.000000
-80.833717	 	7806.666667
29.155672	 	7813.333333
-163.154393	 	7820.000000
345.470518	 	7826.666667
283.972183	 	7833.333333
-121.395748	 	7840.000000
-257.367996	 	7846.666667
63.646678	 	7853.333333
209.987938	 	7860.000000
314.595818	 	7866.666667
-216.828762	 	7873.333333
83.451094	 	7880.000000
281.780545	 	7886.666667
-36.577956	 	7893.333333
-303.088664	 	7900.000000
-62.073193	 	7906.666667
168.807627	 	7913.333333
304.742108	 	7920.000000
179.438178	 	7926.666667
-103.294540	 	7933.333333
-239.810314	 	7940.000000
81.298279	 	7946.666667
99.371550	 	7953.333333
173.783904	 	7960.000000
91.002332	 	7966.666667
-197.523496	 	7973.333333
235.477060	 	7980.000000
23.355827	 	7986.666667
-205.073279	 	7993.333333
59.397852	 	8000.000000
153.451317	 	8006.666667
11.424354	 	8013.333333
381.300699	 	8020.000000
-266.200722	 	8026.666667
-265.188445	 	8033.333333
253.182441	 	8040.000000
326.565621	 	8046.666667
90.068859	 	8053.333333
-247.237749	 	8060.000000
-346.749504	 	8066.666667
283.780781	 	8073.333333
166.899483	 	8080.000000
102.015892	 	8086.666667
-221.330083	 	8093.333333
-67.948076	 	8100.000000
173.399072	 	8106.666667
269.100962	 	8113.333333
-103.559272	 	8120.000000
6.203756	 	8126.666667
-189.271825	 	8133.333333
-58.710124	 	8140.000000
311.123183	 	8146.666667
-65.737632	 	8153.333333
127.108068	 	8160.000000
69.526814	 	8166.666667
-111.476334	 	8173.333333
220.069001	 	8180.000000
-106.201637	 	8186.666667
-80.456948	 	8193.333333
-30.475313	 	8200.000000
3.937325	 	8206.666667
253.536284	 	8213.333333
20.880409	 	8220.000000
-107.351557	 	8226.666667
303.023570	 	8233.333333
419.261628	 	8240.000000
120.374958	 	8246.666667
-315.575621	 	8253.333333
-381.890129	 	8260.000000
194.306008	 	8266.666667
389.880110	 	8273.333333
-80.384046	 	8280.000000
-2.727348	 	8286.666667
-141.266039	 	8293.333333
-30.945964	 	8300.000000
65.358599	 	8306.666667
96.839791	 	8313.333333
-110.607230	 	8320.000000
367.886849	 	8326.666667
-64.110111	 	8333.333333
-123.684714	 	8340.000000
-23.870951	 	8346.666667
-138.205098	 	8353.333333
-190.626466	 	8360.000000
538.160054	 	8366.666667
164.638284	 	8373.333333
-40.294779	 	8380.000000
-226.320270	 	8386.666667
-156.124144	 	8393.333333
-13.203732	 	8400.000000
447.647051	 	8406.666667
257.193607	 	8413.333333
-118.987897	 	8420.000000
-145.398916	 	8426.666667
150.820545	 	8433.333333
-234.968425	 	8440.000000
119.588912	 	8446.666667
-85.415822	 	8453.333333
35.012105	 	8460.000000
159.974173	 	8466.666667
81.509680	 	8473.333333
-104.887757	 	8480.000000
-111.247999	 	8486.666667
260.984437	 	8493.333333
445.060603	 	8500.000000
-12.873168	 	8506.666667
-443.315000	 	8513.333333
-495.756876	 	8520.000000
167.232480	 	8526.666667
822.118761	 	8533.333333
-124.316550	 	8540.000000
53.614576	 	8546.666667
-279.205736	 	8553.333333
-276.971578	 	8560.000000
288.250530	 	8566.666667
-41.949300	 	8573.333333
-61.147184	 	8580.000000
303.483169	 	8586.666667
-167.597270	 	8593.333333
69.955098	 	8600.000000
163.054910	 	8606.666667
-228.757962	 	8613.333333
-4.407978	 	8620.000000
111.405826	 	8626.666667
-193.495950	 	8633.333333
81.872856	 	8640.000000
194.655863	 	8646.666667
113.938100	 	8653.333333
114.879829	 	8660.000000
-206.066802	 	8666.666667
-324.694233	 	8673.333333
84.384140	 	8680.000000
222.909744	 	8686.666667
1.496928	 	8693.333333
80.864790	 	8700.000000
-0.332592	 	8706.666667
-99.279038	 	8713.333333
-48.989513	 	8720.000000
341.394882	 	8726.666667
7.637202	 	8733.333333
-182.238403	 	8740.000000
-326.317564	 	8746.666667
125.593263	 	8753.333333
331.233486	 	8760.000000
77.022365	 	8766.666667
-167.734506	 	8773.333333
-53.093266	 	8780.000000
4.594942	 	8786.666667
98.145276	 	8793.333333
103.939487	 	8800.000000
-39.060674	 	8806.666667
-100.356070	 	8813.333333
-300.641539	 	8820.000000
70.284445	 	8826.666667
383.921199	 	8833.333333
218.246106	 	8840.000000
-63.634411	 	8846.666667
-398.353997	 	8853.333333
-156.824333	 	8860.000000
322.408230	 	8866.666667
54.753427	 	8873.333333
-76.929651	 	8880.000000
54.874020	 	8886.666667
17.011293	 	8893.333333
133.717202	 	8900.000000
-180.760125	 	8906.666667
-151.089347	 	8913.333333
239.851692	 	8920.000000
75.561817	 	8926.666667
36.530208	 	8933.333333
-112.763506	 	8940.000000
-203.665654	 	8946.666667
-28.708783	 	8953.333333
7.780096	 	8960.000000
251.015007	 	8966.666667
259.476012	 	8973.333333
-222.713914	 	8980.000000
-42.554138	 	8986.666667
-145.630873	 	8993.333333
173.035056	 	9000.000000
77.627423	 	9006.666667
-206.789685	 	9013.333333
-127.104710	 	9020.000000
194.719039	 	9026.666667
210.494470	 	9033.333333
26.507778	 	9040.000000
-310.714378	 	9046.666667
-56.747764	 	9053.333333
57.602948	 	9060.000000
286.306214	 	9066.666667
52.927355	 	9073.333333
-68.736733	 	9080.000000
-234.788069	 	9086.666667
-272.099217	 	9093.333333
187.972918	 	9100.000000
279.883435	 	9106.666667
-181.736071	 	9113.333333
404.919607	 	9120.000000
-85.853304	 	9126.666667
-284.174997	 	9133.333333
-86.165178	 	9140.000000
-79.499302	 	9146.666667
325.280305	 	9153.333333
44.519153	 	9160.000000
-199.759681	 	9166.666667
78.947841	 	9173.333333
44.412250	 	9180.000000
-114.013207	 	9186.666667
-131.843790	 	9193.333333
153.508688	 	9200.000000
215.626209	 	9206.666667
-193.203030	 	9213.333333
40.311483	 	9220.000000
-71.296853	 	9226.666667
-72.420657	 	9233.333333
347.414046	 	9240.000000
-68.093076	 	9246.666667
-191.068840	 	9253.333333
-215.317133	 	9260.000000
66.009072	 	9266.666667
214.455462	 	9273.333333
-82.548481	 	9280.000000
132.670288	 	9286.666667
148.701276	 	9293.333333
-120.025954	 	9300.000000
-136.152164	 	9306.666667
-190.485159	 	9313.333333
293.529346	 	9320.000000
49.046378	 	9326.666667
-229.122810	 	9333.333333
-66.594208	 	9340.000000
270.091521	 	9346.666667
-41.301429	 	9353.333333
-147.911694	 	9360.000000
14.988407	 	9366.666667
389.689709	 	9373.333333
-316.742747	 	9380.000000
-358.784062	 	9386.666667
232.441307	 	9393.333333
242.494946	 	9400.000000
218.768916	 	9406.666667
-368.860835	 	9413.333333
-434.614585	 	9420.000000
425.270343	 	9426.666667
427.225006	 	9433.333333
-355.820968	 	9440.000000
-228.524790	 	9446.666667
-45.518181	 	9453.333333
271.886561	 	9460.000000
323.689032	 	9466.666667
-241.255861	 	9473.333333
-269.751294	 	9480.000000
80.581674	 	9486.666667
36.341478	 	9493.333333
234.280520	 	9500.000000
-330.728172	 	9506.666667
-207.199329	 	9513.333333
261.499383	 	9520.000000
277.213377	 	9526.666667
97.329624	 	9533.333333
-285.342480	 	9540.000000
-408.873904	 	9546.666667
163.594086	 	9553.333333
330.235382	 	9560.000000
5.006615	 	9566.666667
24.074129	 	9573.333333
-355.872512	 	9580.000000
-35.790217	 	9586.666667
110.465462	 	9593.333333
317.609365	 	9600.000000
204.862868	 	9606.666667
-427.003345	 	9613.333333
-190.212374	 	9620.000000
119.742675	 	9626.666667
-81.798124	 	9633.333333
152.089693	 	9640.000000
-140.570204	 	9646.666667
-41.696454	 	9653.333333
413.796455	 	9660.000000
-182.361665	 	9666.666667
30.728216	 	9673.333333
-78.360715	 	9680.000000
-307.929402	 	9686.666667
111.666662	 	9693.333333
275.948806	 	9700.000000
-50.679723	 	9706.666667
54.944852	 	9713.333333
-106.588324	 	9720.000000
12.323978	 	9726.666667
-141.006653	 	9733.333333
11.200720	 	9740.000000
31.532461	 	9746.666667
319.337592	 	9753.333333
-186.470000	 	9760.000000
-182.226258	 	9766.666667
-74.959218	 	9773.333333
9.634260	 	9780.000000
-99.003265	 	9786.666667
575.708647	 	9793.333333
-36.163940	 	9800.000000
-82.222460	 	9806.666667
-242.141069	 	9813.333333
-182.235412	 	9820.000000
57.894589	 	9826.666667
104.895458	 	9833.333333
37.731423	 	9840.000000
135.038915	 	9846.666667
-37.477279	 	9853.333333
-130.530821	 	9860.000000
-175.298105	 	9866.666667
140.952555	 	9873.333333
195.772972	 	9880.000000
34.783627	 	9886.666667
54.111749	 	9893.333333
-252.864924	 	9900.000000
-111.270962	 	9906.666667
274.532581	 	9913.333333
155.588008	 	9920.000000
-182.382822	 	9926.666667
-203.050817	 	9933.333333
125.031275	 	9940.000000
188.968541	 	9946.666667
121.078490	 	9953.333333
-277.029720	 	9960.000000
-137.825988	 	9966.666667
80.980564	 	9973.333333
-201.985705	 	9980.000000
442.772238	 	9986.666667
116.446121	 	9993.333333
-377.139753	 	10000.000000
-199.425402	 	10006.666667
116.787682	 	10013.333333
294.806473	 	10020.000000
73.909426	 	10026.666667
-325.043098	 	10033.333333
83.627484	 	10040.000000
71.471865	 	10046.666667
-166.716208	 	10053.333333
-123.389060	 	10060.000000
136.721385	 	10066.666667
384.083017	 	10073.333333
-137.733929	 	10080.000000
-281.711377	 	10086.666667
-148.657881	 	10093.333333
20.296058	 	10100.000000
447.016719	 	10106.666667
-57.491636	 	10113.333333
-321.327414	 	10120.000000
-88.689037	 	10126.666667
266.247009	 	10133.333333
97.952824	 	10140.000000
-43.684738	 	10146.666667
-168.939172	 	10153.333333
-84.831249	 	10160.000000
157.926824	 	10166.666667
20.278295	 	10173.333333
42.478360	 	10180.000000
-64.104495	 	10186.666667
-29.313404	 	10193.333333
53.955428	 	10200.000000
67.319034	 	10206.666667
-142.350398	 	10213.333333
-57.337761	 	10220.000000
150.308615	 	10226.666667
-62.707758	 	10233.333333
-247.923733	 	10240.000000
95.877349	 	10246.666667
259.065204	 	10253.333333
-133.842387	 	10260.000000
-103.753304	 	10266.666667
-119.778908	 	10273.333333
180.468163	 	10280.000000
194.470712	 	10286.666667
-94.875355	 	10293.333333
-152.419950	 	10300.000000
15.319452	 	10306.666667
-48.067979	 	10313.333333
-44.410319	 	10320.000000
152.160260	 	10326.666667
153.510279	 	10333.333333
-124.406885	 	10340.000000
191.188181	 	10346.666667
-193.991268	 	10353.333333
-473.966928	 	10360.000000
87.385618	 	10366.666667
306.680973	 	10373.333333
-27.860225	 	10380.000000
109.607061	 	10386.666667
68.623124	 	10393.333333
-126.743612	 	10400.000000
0.593393	 	10406.666667
-218.112229	 	10413.333333
-14.717295	 	10420.000000
309.539752	 	10426.666667
-85.664230	 	10433.333333
-357.130965	 	10440.000000
234.930744	 	10446.666667
36.620986	 	10453.333333
200.890329	 	10460.000000
-62.694484	 	10466.666667
-144.900157	 	10473.333333
-259.688369	 	10480.000000
248.701184	 	10486.666667
110.554107	 	10493.333333
-84.292365	 	10500.000000
-195.229660	 	10506.666667
132.638541	 	10513.333333
24.254923	 	10520.000000
57.892764	 	10526.666667
-100.347627	 	10533.333333
-20.369491	 	10540.000000
147.707890	 	10546.666667
-88.721804	 	10553.333333
-272.395017	 	10560.000000
58.905667	 	10566.666667
169.233309	 	10573.333333
0.326423	 	10580.000000
-76.312831	 	10586.666667
242.497971	 	10593.333333
-127.072727	 	10600.000000
0.524895	 	10606.666667
-96.344793	 	10613.333333
41.235173	 	10620.000000
70.456220	 	10626.666667
-129.938073	 	10633.333333
-136.036932	 	10640.000000
145.759959	 	10646.666667
227.430043	 	10653.333333
-128.254468	 	10660.000000
-254.072506	 	10666.666667
-41.368818	 	10673.333333
-31.657199	 	10680.000000
483.722001	 	10686.666667
68.688886	 	10693.333333
-445.974802	 	10700.000000
-277.318471	 	10706.666667
136.296786	 	10713.333333
642.627744	 	10720.000000
-0.464826	 	10726.666667
-552.960126	 	10733.333333
-262.855689	 	10740.000000
82.217730	 	10746.666667
592.804493	 	10753.333333
-125.010022	 	10760.000000
-424.875741	 	10766.666667
203.773710	 	10773.333333
99.619571	 	10780.000000
-93.624806	 	10786.666667
99.488749	 	10793.333333
-133.949892	 	10800.000000
-203.185079	 	10806.666667
55.827304	 	10813.333333
244.825363	 	10820.000000
58.383598	 	10826.666667
121.157174	 	10833.333333
-260.679564	 	10840.000000
-563.797681	 	10846.666667
427.223636	 	10853.333333
345.275805	 	10860.000000
-184.230298	 	10866.666667
59.319354	 	10873.333333
-291.681899	 	10880.000000
-52.985883	 	10886.666667
213.778437	 	10893.333333
-15.349097	 	10900.000000
32.246410	 	10906.666667
151.431971	 	10913.333333
-189.104501	 	10920.000000
-405.295847	 	10926.666667
189.345329	 	10933.333333
472.293159	 	10940.000000
56.024204	 	10946.666667
-301.210257	 	10953.333333
2.942626	 	10960.000000
-291.905138	 	10966.666667
12.156542	 	10973.333333
-49.576339	 	10980.000000
57.871077	 	10986.666667
254.657900	 	10993.333333
157.408326	 	11000.000000
-4.049657	 	11006.666667
-249.929516	 	11013.333333
-301.549382	 	11020.000000
227.731715	 	11026.666667
97.657229	 	11033.333333
23.812870	 	11040.000000
-1.814425	 	11046.666667
-149.421116	 	11053.333333
173.760769	 	11060.000000
9.552232	 	11066.666667
-332.570177	 	11073.333333
13.095119	 	11080.000000
41.817870	 	11086.666667
371.180244	 	11093.333333
-191.054362	 	11100.000000
-11.669363	 	11106.666667
-67.785809	 	11113.333333
-326.017379	 	11120.000000
403.378404	 	11126.666667
15.553123	 	11133.333333
-211.893910	 	11140.000000
-5.777839	 	11146.666667
9.722463	 	11153.333333
-16.003452	 	11160.000000
275.998072	 	11166.666667
-190.455916	 	11173.333333
44.520652	 	11180.000000
-106.487289	 	11186.666667
58.728352	 	11193.333333
-12.256141	 	11200.000000
-218.419577	 	11206.666667
137.207424	 	11213.333333
130.224309	 	11220.000000
-193.522125	 	11226.666667
186.801142	 	11233.333333
-300.074838	 	11240.000000
92.552239	 	11246.666667
378.651405	 	11253.333333
-155.857108	 	11260.000000
-212.855231	 	11266.666667
74.269936	 	11273.333333
-350.381071	 	11280.000000
415.562547	 	11286.666667
154.640626	 	11293.333333
2.194080	 	11300.000000
-192.135666	 	11306.666667
-362.704211	 	11313.333333
21.922743	 	11320.000000
456.803632	 	11326.666667
34.969767	 	11333.333333
-203.505213	 	11340.000000
-84.920772	 	11346.666667
-3.983973	 	11353.333333
-251.080448	 	11360.000000
254.431923	 	11366.666667
67.070292	 	11373.333333
62.900176	 	11380.000000
-40.912339	 	11386.666667
-116.271033	 	11393.333333
-128.297039	 	11400.000000
226.742933	 	11406.666667
-193.580937	 	11413.333333
58.793746	 	11420.000000
63.590204	 	11426.666667
-112.222456	 	11433.333333
-25.431540	 	11440.000000
-8.274889	 	11446.666667
226.742454	 	11453.333333
-43.218586	 	11460.000000
-35.734669	 	11466.666667
-75.572972	 	11473.333333
-16.505324	 	11480.000000
-130.251150	 	11486.666667
220.758536	 	11493.333333
-222.365988	 	11500.000000
224.522964	 	11506.666667
84.378036	 	11513.333333
-169.767871	 	11520.000000
-71.314047	 	11526.666667
3.628753	 	11533.333333
-187.020726	 	11540.000000
310.372280	 	11546.666667
-240.383976	 	11553.333333
84.916121	 	11560.000000
164.060090	 	11566.666667
40.652105	 	11573.333333
-136.969906	 	11580.000000
-156.099920	 	11586.666667
-127.464782	 	11593.333333
76.779050	 	11600.000000
-29.031432	 	11606.666667
259.830859	 	11613.333333
243.843970	 	11620.000000
-296.924940	 	11626.666667
-153.128299	 	11633.333333
225.667438	 	11640.000000
-147.538331	 	11646.666667
-141.807398	 	11653.333333
-123.156003	 	11660.000000
-48.114241	 	11666.666667
462.863338	 	11673.333333
41.007959	 	11680.000000
-355.728736	 	11686.666667
248.686915	 	11693.333333
-147.324564	 	11700.000000
-108.229356	 	11706.666667
132.692488	 	11713.333333
46.911989	 	11720.000000
100.445329	 	11726.666667
-253.167487	 	11733.333333
-298.505102	 	11740.000000
181.452824	 	11746.666667
367.079357	 	11753.333333
3.925154	 	11760.000000
-227.324147	 	11766.666667
-181.078833	 	11773.333333
331.807896	 	11780.000000
-125.046500	 	11786.666667
-35.778320	 	11793.333333
-115.917478	 	11800.000000
34.179295	 	11806.666667
36.847449	 	11813.333333
-161.094147	 	11820.000000
125.836312	 	11826.666667
13.512193	 	11833.333333
92.354198	 	11840.000000
206.992452	 	11846.666667
-192.549389	 	11853.333333
-292.653318	 	11860.000000
-181.847445	 	11866.666667
164.384322	 	11873.333333
512.484117	 	11880.000000
-65.252184	 	11886.666667
-303.283059	 	11893.333333
-116.497047	 	11900.000000
19.726016	 	11906.666667
184.595471	 	11913.333333
102.877202	 	11920.000000
-150.944329	 	11926.666667
51.352237	 	11933.333333
-280.705720	 	11940.000000
54.056124	 	11946.666667
-6.209551	 	11953.333333
-34.353379	 	11960.000000
179.209960	 	11966.666667
157.388574	 	11973.333333
-103.432807	 	11980.000000
-13.909503	 	11986.666667
-363.135364	 	11993.333333
-82.181881	 	12000.000000
649.201774	 	12006.666667
-106.888869	 	12013.333333
-163.663800	 	12020.000000
-255.445928	 	12026.666667
163.892651	 	12033.333333
86.823185	 	12040.000000
-178.063801	 	12046.666667
-121.853054	 	12053.333333
223.719829	 	12060.000000
183.890132	 	12066.666667
-150.054172	 	12073.333333
-415.282252	 	12080.000000
162.067007	 	12086.666667
112.768505	 	12093.333333
80.822959	 	12100.000000
433.555427	 	12106.666667
-252.837445	 	12113.333333
-285.981527	 	12120.000000
-134.843221	 	12126.666667
-93.784630	 	12133.333333
484.154686	 	12140.000000
-211.083816	 	12146.666667
-25.117858	 	12153.333333
56.064840	 	12160.000000
-64.036256	 	12166.666667
83.917968	 	12173.333333
-272.750478	 	12180.000000
0.797116	 	12186.666667
449.687364	 	12193.333333
-93.507790	 	12200.000000
-403.861784	 	12206.666667
65.991419	 	12213.333333
75.504947	 	12220.000000
130.291522	 	12226.666667
28.005279	 	12233.333333
86.647337	 	12240.000000
-126.398155	 	12246.666667
-162.957698	 	12253.333333
-333.477144	 	12260.000000
116.379329	 	12266.666667
287.411232	 	12273.333333
145.448919	 	12280.000000
-275.309742	 	12286.666667
120.534026	 	12293.333333
0.194794	 	12300.000000
-16.477622	 	12306.666667
-293.705399	 	12313.333333
324.054466	 	12320.000000
-71.703312	 	12326.666667
85.417245	 	12333.333333
42.693263	 	12340.000000
-211.230823	 	12346.666667
180.358509	 	12353.333333
-288.497368	 	12360.000000
-155.824885	 	12366.666667
372.924326	 	12373.333333
-25.843221	 	12380.000000
269.789535	 	12386.666667
-407.002583	 	12393.333333
-453.833392	 	12400.000000
673.502025	 	12406.666667
-152.895948	 	12413.333333
90.624337	 	12420.000000
-237.521259	 	12426.666667
161.607641	 	12433.333333
141.571168	 	12440.000000
-213.306387	 	12446.666667
-323.367970	 	12453.333333
428.199404	 	12460.000000
-188.996640	 	12466.666667
321.956481	 	12473.333333
-412.876730	 	12480.000000
181.730350	 	12486.666667
193.670939	 	12493.333333
-663.358589	 	12500.000000
898.268899	 	12506.666667
-226.142995	 	12513.333333
-332.485628	 	12520.000000
-547.875137	 	12526.666667
626.352108	 	12533.333333
-5.061503	 	12540.000000
203.626955	 	12546.666667
-388.397278	 	12553.333333
367.527317	 	12560.000000
274.431626	 	12566.666667
-636.155124	 	12573.333333
-471.840173	 	12580.000000
204.582839	 	12586.666667
226.470111	 	12593.333333
1057.092588	 	12600.000000
-611.990589	 	12606.666667
-489.790114	 	12613.333333
-693.653555	 	12620.000000
420.054623	 	12626.666667
1046.815150	 	12633.333333
-420.634784	 	12640.000000
-449.000779	 	12646.666667
694.646338	 	12653.333333
-641.890862	 	12660.000000
-288.358773	 	12666.666667
884.582052	 	12673.333333
-660.025159	 	12680.000000
-800.018886	 	12686.666667
1962.292631	 	12693.333333
-656.513030	 	12700.000000
-771.436335	 	12706.666667
1279.668383	 	12713.333333
-636.596396	 	12720.000000
-154.621584	 	12726.666667
-921.664068	 	12733.333333
-669.440826	 	12740.000000
2984.562748	 	12746.666667
-957.919218	 	12753.333333
-507.803062	 	12760.000000
-946.910834	 	12766.666667
1909.886102	 	12773.333333
-804.496274	 	12780.000000
-936.124705	 	12786.666667
1272.895166	 	12793.333333
-989.503436	 	12800.000000
-935.344517	 	12806.666667
2845.978738	 	12813.333333
-992.094009	 	12820.000000
-943.723353	 	12826.666667
-396.980669	 	12833.333333
1469.646068	 	12840.000000
-141.125589	 	12846.666667
-976.330980	 	12853.333333
1136.702941	 	12860.000000
-914.588907	 	12866.666667
-593.694531	 	12873.333333
-843.788277	 	12880.000000
3364.328730	 	12886.666667
-914.252754	 	12893.333333
-976.292239	 	12900.000000
-943.858291	 	12906.666667
1426.751625	 	12913.333333
-188.191142	 	12920.000000
-929.006604	 	12926.666667
1008.689005	 	12933.333333
653.867671	 	12940.000000
-991.581877	 	12946.666667
-995.958812	 	12953.333333
216.305295	 	12960.000000
2261.488406	 	12966.666667
-998.209541	 	12973.333333
-387.601950	 	12980.000000
227.198507	 	12986.666667
-699.972028	 	12993.333333
-185.108645	 	13000.000000
-119.748120	 	13006.666667
2058.345427	 	13013.333333
-820.484018	 	13020.000000
-84.842432	 	13026.666667
-850.161470	 	13033.333333
-120.649410	 	13040.000000
-663.986882	 	13046.666667
1500.035573	 	13053.333333
-55.465097	 	13060.000000
600.091327	 	13066.666667
-591.681101	 	13073.333333
-999.889285	 	13080.000000
1814.495235	 	13086.666667
-997.676365	 	13093.333333
-984.878727	 	13100.000000
1534.157045	 	13106.666667
-991.545413	 	13113.333333
191.721360	 	13120.000000
-724.683559	 	13126.666667
-45.054873	 	13133.333333
2845.763629	 	13140.000000
-995.874278	 	13146.666667
-934.418011	 	13153.333333
-631.546682	 	13160.000000
-956.272822	 	13166.666667
2506.285454	 	13173.333333
-991.963819	 	13180.000000
-999.998851	 	13186.666667
2075.547160	 	13193.333333
-983.800212	 	13200.000000
-638.884990	 	13206.666667
-593.762782	 	13213.333333
-939.213406	 	13220.000000
-995.913067	 	13226.666667
7981.643053	 	13233.333333
-999.993305	 	13240.000000
-999.998851	 	13246.666667
-999.998852	 	13253.333333
-999.998857	 	13260.000000
-999.998856	 	13266.666667
-999.998851	 	13273.333333
-999.998889	 	13280.000000
-999.998878	 	13286.666667
-999.998863	 	13293.333333
-999.998941	 	13300.000000
-999.998987	 	13306.666667
-999.999048	 	13313.333333
-999.999098	 	13320.000000
-999.999177	 	13326.666667
