#peak 	 	#time 
-999.998991	 	0.000000
-999.999017	 	6.666667
-999.999369	 	13.333333
-999.999183	 	20.000000
-999.999097	 	26.666667
-999.999398	 	33.333333
-999.999294	 	40.000000
-999.999820	 	46.666667
-999.999064	 	53.333333
-999.999516	 	60.000000
-1000.000000	 	66.666667
-1000.000000	 	73.333333
-1000.000000	 	80.000000
-1000.000000	 	86.666667
-1000.000000	 	93.333333
34431.448355	 	100.000000
-999.998808	 	106.666667
-999.998819	 	113.333333
-999.998807	 	120.000000
-999.998803	 	126.666667
-999.998805	 	133.333333
-999.998810	 	140.000000
-999.998823	 	146.666667
-999.998809	 	153.333333
-999.998805	 	160.000000
-999.998803	 	166.666667
-999.998805	 	173.333333
-999.998804	 	180.000000
-999.998802	 	186.666667
-999.998802	 	193.333333
-999.998801	 	200.000000
-999.953564	 	206.666667
4626.641975	 	213.333333
752.488560	 	220.000000
-690.231754	 	226.666667
-710.371392	 	233.333333
-187.688245	 	240.000000
276.165287	 	246.666667
11.234513	 	253.333333
-56.082518	 	260.000000
-528.166948	 	266.666667
-375.896887	 	273.333333
458.004246	 	280.000000
309.398891	 	286.666667
68.950798	 	293.333333
-113.608532	 	300.000000
-179.074774	 	306.666667
158.825442	 	313.333333
76.270099	 	320.000000
-104.347066	 	326.666667
-313.529842	 	333.333333
-154.126418	 	340.000000
171.823985	 	346.666667
411.690527	 	353.333333
111.765264	 	360.000000
-355.223552	 	366.666667
-264.355961	 	373.333333
361.074755	 	380.000000
223.393942	 	386.666667
-159.627781	 	393.333333
-187.684480	 	400.000000
-174.529710	 	406.666667
93.628141	 	413.333333
141.551031	 	420.000000
-45.465996	 	426.666667
194.951896	 	433.333333
-11.460022	 	440.000000
-195.321371	 	446.666667
-101.940631	 	453.333333
48.469759	 	460.000000
340.809122	 	466.666667
35.949003	 	473.333333
-306.642051	 	480.000000
30.684708	 	486.666667
142.555830	 	493.333333
-1.858224	 	500.000000
35.018853	 	506.666667
14.684724	 	513.333333
5.255840	 	520.000000
-13.391348	 	526.666667
-92.920895	 	533.333333
-84.213493	 	540.000000
171.559272	 	546.666667
-24.054116	 	553.333333
-112.882911	 	560.000000
152.192484	 	566.666667
13.110444	 	573.333333
-181.543973	 	580.000000
32.981724	 	586.666667
70.322599	 	593.333333
169.032597	 	600.000000
37.531164	 	606.666667
-213.007906	 	613.333333
-241.769062	 	620.000000
-3.140012	 	626.666667
153.117681	 	633.333333
362.710617	 	640.000000
66.895031	 	646.666667
-155.592732	 	653.333333
-336.739013	 	660.000000
-74.633433	 	666.666667
301.334268	 	673.333333
-4.124604	 	680.000000
-216.834033	 	686.666667
173.945148	 	693.333333
43.026523	 	700.000000
115.916833	 	706.666667
-201.073916	 	713.333333
-81.883369	 	720.000000
-2.147702	 	726.666667
180.030902	 	733.333333
-159.154960	 	740.000000
71.089709	 	746.666667
114.873822	 	753.333333
-35.326803	 	760.000000
-132.850051	 	766.666667
168.673541	 	773.333333
-149.762030	 	780.000000
84.218361	 	786.666667
-70.316395	 	793.333333
-94.562146	 	800.000000
28.755801	 	806.666667
147.622898	 	813.333333
94.859300	 	820.000000
-133.732819	 	826.666667
-203.220232	 	833.333333
124.350741	 	840.000000
156.491445	 	846.666667
5.426218	 	853.333333
-80.592847	 	860.000000
-86.735654	 	866.666667
-61.383966	 	873.333333
34.812281	 	880.000000
305.341749	 	886.666667
-18.455679	 	893.333333
-150.477559	 	900.000000
-84.540249	 	906.666667
19.010456	 	913.333333
-41.983486	 	920.000000
121.673747	 	926.666667
-161.231211	 	933.333333
122.276795	 	940.000000
28.852602	 	946.666667
-3.829013	 	953.333333
44.950476	 	960.000000
-2.558726	 	966.666667
-166.701040	 	973.333333
102.905348	 	980.000000
61.819448	 	986.666667
-81.770847	 	993.333333
-254.784129	 	1000.000000
101.308459	 	1006.666667
329.299215	 	1013.333333
12.145150	 	1020.000000
8.344259	 	1026.666667
-173.537821	 	1033.333333
-98.530808	 	1040.000000
-39.360601	 	1046.666667
40.494257	 	1053.333333
71.475304	 	1060.000000
-28.591008	 	1066.666667
-5.940683	 	1073.333333
120.685452	 	1080.000000
-42.259718	 	1086.666667
5.075344	 	1093.333333
-179.769244	 	1100.000000
33.914677	 	1106.666667
237.194188	 	1113.333333
-91.955238	 	1120.000000
-13.617257	 	1126.666667
98.162455	 	1133.333333
-205.305835	 	1140.000000
-124.589334	 	1146.666667
57.230704	 	1153.333333
343.187032	 	1160.000000
61.034808	 	1166.666667
-286.333739	 	1173.333333
-115.694894	 	1180.000000
30.741513	 	1186.666667
-4.248037	 	1193.333333
121.860212	 	1200.000000
80.308989	 	1206.666667
-67.763179	 	1213.333333
-43.558914	 	1220.000000
-55.016079	 	1226.666667
35.743467	 	1233.333333
49.105200	 	1240.000000
127.799297	 	1246.666667
-74.282843	 	1253.333333
-34.559799	 	1260.000000
-74.947643	 	1266.666667
-83.545018	 	1273.333333
194.056965	 	1280.000000
-74.329000	 	1286.666667
-182.193468	 	1293.333333
71.494103	 	1300.000000
86.131409	 	1306.666667
153.535406	 	1313.333333
5.216555	 	1320.000000
-137.337526	 	1326.666667
-91.804126	 	1333.333333
-72.653607	 	1340.000000
77.204210	 	1346.666667
196.622422	 	1353.333333
116.307199	 	1360.000000
-79.625918	 	1366.666667
-379.945349	 	1373.333333
-200.825114	 	1380.000000
493.011305	 	1386.666667
371.238454	 	1393.333333
-196.857611	 	1400.000000
-374.672155	 	1406.666667
-251.366718	 	1413.333333
124.332166	 	1420.000000
371.803024	 	1426.666667
63.910247	 	1433.333333
-20.017863	 	1440.000000
-226.105962	 	1446.666667
-98.804471	 	1453.333333
116.230511	 	1460.000000
21.416345	 	1466.666667
-61.848518	 	1473.333333
106.867793	 	1480.000000
287.975426	 	1486.666667
84.761393	 	1493.333333
-229.024442	 	1500.000000
-247.780745	 	1506.666667
55.649943	 	1513.333333
111.373022	 	1520.000000
98.898681	 	1526.666667
-76.754923	 	1533.333333
79.701614	 	1540.000000
-92.398229	 	1546.666667
-19.203622	 	1553.333333
-105.869700	 	1560.000000
94.640674	 	1566.666667
46.440419	 	1573.333333
-72.845562	 	1580.000000
60.526362	 	1586.666667
293.203213	 	1593.333333
-240.842998	 	1600.000000
-234.044767	 	1606.666667
79.946674	 	1613.333333
350.655348	 	1620.000000
-91.215317	 	1626.666667
-276.457731	 	1633.333333
68.945684	 	1640.000000
371.762024	 	1646.666667
-52.909185	 	1653.333333
-144.720953	 	1660.000000
34.128611	 	1666.666667
49.245474	 	1673.333333
-118.736146	 	1680.000000
-138.093922	 	1686.666667
12.920253	 	1693.333333
113.249307	 	1700.000000
213.349534	 	1706.666667
74.709420	 	1713.333333
-216.433293	 	1720.000000
-181.637692	 	1726.666667
-86.556054	 	1733.333333
286.470982	 	1740.000000
226.512831	 	1746.666667
-113.473448	 	1753.333333
-78.244543	 	1760.000000
-94.904745	 	1766.666667
-135.123036	 	1773.333333
93.667177	 	1780.000000
39.089920	 	1786.666667
-20.218582	 	1793.333333
85.174067	 	1800.000000
49.347986	 	1806.666667
-63.880772	 	1813.333333
-36.026918	 	1820.000000
1.922952	 	1826.666667
96.924360	 	1833.333333
34.419522	 	1840.000000
133.544395	 	1846.666667
-22.215249	 	1853.333333
-84.793965	 	1860.000000
53.421676	 	1866.666667
40.294983	 	1873.333333
-48.295322	 	1880.000000
-199.734418	 	1886.666667
-40.375173	 	1893.333333
335.261175	 	1900.000000
-87.331957	 	1906.666667
-158.293519	 	1913.333333
83.299329	 	1920.000000
74.617100	 	1926.666667
40.289172	 	1933.333333
35.174945	 	1940.000000
-115.918215	 	1946.666667
-33.014721	 	1953.333333
-174.773816	 	1960.000000
179.327110	 	1966.666667
241.163035	 	1973.333333
66.004908	 	1980.000000
-298.303208	 	1986.666667
26.654891	 	1993.333333
94.020131	 	2000.000000
-14.205057	 	2006.666667
-142.995628	 	2013.333333
156.218746	 	2020.000000
-77.794834	 	2026.666667
106.939991	 	2033.333333
6.637844	 	2040.000000
85.689017	 	2046.666667
-54.506876	 	2053.333333
-146.497356	 	2060.000000
-64.816852	 	2066.666667
157.677861	 	2073.333333
-92.631428	 	2080.000000
-57.959532	 	2086.666667
16.168285	 	2093.333333
243.905751	 	2100.000000
81.445055	 	2106.666667
-237.896057	 	2113.333333
-56.371493	 	2120.000000
223.003981	 	2126.666667
-112.129103	 	2133.333333
-67.944958	 	2140.000000
-52.265313	 	2146.666667
163.929815	 	2153.333333
122.966722	 	2160.000000
-91.074477	 	2166.666667
-42.009558	 	2173.333333
45.919160	 	2180.000000
-74.377020	 	2186.666667
27.114173	 	2193.333333
-66.886916	 	2200.000000
-31.147199	 	2206.666667
-193.468880	 	2213.333333
71.528171	 	2220.000000
277.995042	 	2226.666667
181.725569	 	2233.333333
-5.259415	 	2240.000000
-96.932209	 	2246.666667
43.397150	 	2253.333333
94.200365	 	2260.000000
-19.981380	 	2266.666667
75.677777	 	2273.333333
-192.960462	 	2280.000000
-147.955699	 	2286.666667
141.960657	 	2293.333333
247.274783	 	2300.000000
-60.648044	 	2306.666667
-195.406925	 	2313.333333
-44.465187	 	2320.000000
251.620459	 	2326.666667
-70.413905	 	2333.333333
-196.252126	 	2340.000000
-49.307996	 	2346.666667
306.527831	 	2353.333333
53.364437	 	2360.000000
-246.503791	 	2366.666667
-133.276099	 	2373.333333
237.478357	 	2380.000000
-21.955215	 	2386.666667
-41.500243	 	2393.333333
106.418152	 	2400.000000
92.600580	 	2406.666667
-51.400113	 	2413.333333
-233.090234	 	2420.000000
18.103959	 	2426.666667
43.885032	 	2433.333333
184.101798	 	2440.000000
87.400107	 	2446.666667
-74.006888	 	2453.333333
-63.860855	 	2460.000000
31.242911	 	2466.666667
-215.695693	 	2473.333333
92.211144	 	2480.000000
104.640872	 	2486.666667
-60.596929	 	2493.333333
-177.357773	 	2500.000000
-55.637134	 	2506.666667
398.892079	 	2513.333333
98.970337	 	2520.000000
-164.122612	 	2526.666667
-207.472659	 	2533.333333
53.374868	 	2540.000000
138.600604	 	2546.666667
-25.037413	 	2553.333333
-82.530080	 	2560.000000
87.340012	 	2566.666667
-159.232705	 	2573.333333
-39.260574	 	2580.000000
100.740854	 	2586.666667
329.728549	 	2593.333333
-35.184257	 	2600.000000
-223.898140	 	2606.666667
-198.288733	 	2613.333333
160.097265	 	2620.000000
-7.439475	 	2626.666667
54.753000	 	2633.333333
-153.471037	 	2640.000000
61.024704	 	2646.666667
37.536456	 	2653.333333
197.973985	 	2660.000000
-12.251466	 	2666.666667
43.819682	 	2673.333333
-261.635846	 	2680.000000
-104.152202	 	2686.666667
80.488907	 	2693.333333
259.569615	 	2700.000000
-215.494249	 	2706.666667
-139.233079	 	2713.333333
93.833189	 	2720.000000
333.751248	 	2726.666667
-125.318260	 	2733.333333
-63.769652	 	2740.000000
-203.994233	 	2746.666667
76.605247	 	2753.333333
31.926595	 	2760.000000
73.882634	 	2766.666667
-65.620190	 	2773.333333
74.495047	 	2780.000000
-20.997462	 	2786.666667
28.519453	 	2793.333333
7.837651	 	2800.000000
-14.641835	 	2806.666667
-238.744609	 	2813.333333
183.091652	 	2820.000000
68.220669	 	2826.666667
75.546678	 	2833.333333
-90.766053	 	2840.000000
-168.320014	 	2846.666667
-181.747924	 	2853.333333
204.358292	 	2860.000000
251.091928	 	2866.666667
85.579806	 	2873.333333
-99.691135	 	2880.000000
-201.154867	 	2886.666667
-90.641602	 	2893.333333
227.950689	 	2900.000000
-59.663287	 	2906.666667
-20.426243	 	2913.333333
-64.099872	 	2920.000000
96.098633	 	2926.666667
70.433714	 	2933.333333
-125.459012	 	2940.000000
110.096803	 	2946.666667
6.788543	 	2953.333333
-138.156535	 	2960.000000
120.156986	 	2966.666667
-142.313466	 	2973.333333
-30.159698	 	2980.000000
16.906415	 	2986.666667
175.682310	 	2993.333333
259.269390	 	3000.000000
-34.478605	 	3006.666667
-134.561325	 	3013.333333
-230.612657	 	3020.000000
-41.458119	 	3026.666667
298.352650	 	3033.333333
-73.519694	 	3040.000000
-140.621260	 	3046.666667
21.340083	 	3053.333333
15.829902	 	3060.000000
125.064502	 	3066.666667
63.283157	 	3073.333333
-25.713572	 	3080.000000
-84.770110	 	3086.666667
-84.344909	 	3093.333333
-78.284855	 	3100.000000
151.206668	 	3106.666667
137.733723	 	3113.333333
-40.397712	 	3120.000000
-107.904767	 	3126.666667
-69.957668	 	3133.333333
79.099066	 	3140.000000
49.676608	 	3146.666667
29.540281	 	3153.333333
-43.480175	 	3160.000000
-123.305863	 	3166.666667
13.201109	 	3173.333333
84.450080	 	3180.000000
46.419560	 	3186.666667
57.438664	 	3193.333333
52.302741	 	3200.000000
-93.452974	 	3206.666667
-107.953314	 	3213.333333
81.082494	 	3220.000000
-131.119893	 	3226.666667
-108.222931	 	3233.333333
299.739511	 	3240.000000
32.916511	 	3246.666667
-174.462049	 	3253.333333
117.903166	 	3260.000000
38.364645	 	3266.666667
28.900579	 	3273.333333
-141.428204	 	3280.000000
-133.846616	 	3286.666667
-58.812627	 	3293.333333
186.250590	 	3300.000000
43.312404	 	3306.666667
176.163586	 	3313.333333
-13.475375	 	3320.000000
-118.369340	 	3326.666667
-354.597234	 	3333.333333
71.812466	 	3340.000000
153.730491	 	3346.666667
134.415244	 	3353.333333
52.667447	 	3360.000000
10.843235	 	3366.666667
-182.101950	 	3373.333333
62.834714	 	3380.000000
-75.113074	 	3386.666667
20.719794	 	3393.333333
-161.441052	 	3400.000000
172.600556	 	3406.666667
24.007335	 	3413.333333
104.783158	 	3420.000000
-25.680458	 	3426.666667
-102.730891	 	3433.333333
-101.078497	 	3440.000000
159.140861	 	3446.666667
-41.715099	 	3453.333333
-52.839884	 	3460.000000
-51.047016	 	3466.666667
97.658428	 	3473.333333
93.972181	 	3480.000000
107.344061	 	3486.666667
-151.643043	 	3493.333333
-266.894126	 	3500.000000
39.882526	 	3506.666667
326.071005	 	3513.333333
35.074362	 	3520.000000
-101.490122	 	3526.666667
-248.540795	 	3533.333333
63.019974	 	3540.000000
109.243411	 	3546.666667
54.114446	 	3553.333333
-18.650194	 	3560.000000
19.789202	 	3566.666667
-75.039026	 	3573.333333
-92.711521	 	3580.000000
-37.601062	 	3586.666667
332.350998	 	3593.333333
-107.841673	 	3600.000000
-101.001038	 	3606.666667
-16.428922	 	3613.333333
-35.360976	 	3620.000000
-42.094982	 	3626.666667
51.003316	 	3633.333333
108.696809	 	3640.000000
109.977423	 	3646.666667
-5.959458	 	3653.333333
-132.706139	 	3660.000000
-319.555642	 	3666.666667
-39.494051	 	3673.333333
363.786260	 	3680.000000
168.765205	 	3686.666667
-33.698550	 	3693.333333
-238.521999	 	3700.000000
-123.511293	 	3706.666667
233.605386	 	3713.333333
30.996192	 	3720.000000
-110.909303	 	3726.666667
-1.188077	 	3733.333333
37.296397	 	3740.000000
10.478199	 	3746.666667
100.601537	 	3753.333333
-64.678879	 	3760.000000
-205.029478	 	3766.666667
-83.588259	 	3773.333333
212.872475	 	3780.000000
306.611033	 	3786.666667
-128.118744	 	3793.333333
-73.972340	 	3800.000000
-21.830463	 	3806.666667
44.511929	 	3813.333333
57.175213	 	3820.000000
-111.505491	 	3826.666667
68.020726	 	3833.333333
178.434777	 	3840.000000
-118.972100	 	3846.666667
-212.457793	 	3853.333333
-131.400720	 	3860.000000
140.097453	 	3866.666667
159.422943	 	3873.333333
186.483985	 	3880.000000
-52.150922	 	3886.666667
-239.156486	 	3893.333333
-79.807008	 	3900.000000
-6.103424	 	3906.666667
138.143570	 	3913.333333
144.771859	 	3920.000000
-199.254508	 	3926.666667
-159.532954	 	3933.333333
219.663347	 	3940.000000
195.783397	 	3946.666667
-57.074891	 	3953.333333
-234.789080	 	3960.000000
-134.745032	 	3966.666667
183.798129	 	3973.333333
520.542020	 	3980.000000
-156.518326	 	3986.666667
-257.686086	 	3993.333333
-218.088141	 	4000.000000
198.842286	 	4006.666667
250.713076	 	4013.333333
-8.628207	 	4020.000000
-108.763915	 	4026.666667
-87.558075	 	4033.333333
-250.630085	 	4040.000000
179.542271	 	4046.666667
113.501184	 	4053.333333
105.989234	 	4060.000000
-190.272184	 	4066.666667
-94.051437	 	4073.333333
174.156408	 	4080.000000
235.435459	 	4086.666667
-142.124791	 	4093.333333
-178.458388	 	4100.000000
-85.830997	 	4106.666667
198.955594	 	4113.333333
-41.190634	 	4120.000000
66.719572	 	4126.666667
-44.537587	 	4133.333333
93.427504	 	4140.000000
55.597907	 	4146.666667
-103.124619	 	4153.333333
-54.826381	 	4160.000000
-143.053459	 	4166.666667
-119.599982	 	4173.333333
231.459312	 	4180.000000
294.502402	 	4186.666667
169.230210	 	4193.333333
-209.466205	 	4200.000000
-312.994761	 	4206.666667
59.596385	 	4213.333333
118.953192	 	4220.000000
218.000971	 	4226.666667
-69.455788	 	4233.333333
-167.751902	 	4240.000000
-170.316463	 	4246.666667
156.856106	 	4253.333333
293.459466	 	4260.000000
18.440746	 	4266.666667
-308.151381	 	4273.333333
-62.253099	 	4280.000000
90.308670	 	4286.666667
13.766434	 	4293.333333
-102.847630	 	4300.000000
-7.666165	 	4306.666667
234.682977	 	4313.333333
104.146014	 	4320.000000
-106.344623	 	4326.666667
-87.860022	 	4333.333333
-58.385822	 	4340.000000
42.878005	 	4346.666667
-4.444499	 	4353.333333
34.770486	 	4360.000000
54.895717	 	4366.666667
41.141668	 	4373.333333
-156.490668	 	4380.000000
-245.144002	 	4386.666667
19.594446	 	4393.333333
422.667593	 	4400.000000
256.855896	 	4406.666667
-147.029999	 	4413.333333
-287.017249	 	4420.000000
-79.944322	 	4426.666667
-2.067785	 	4433.333333
-0.152335	 	4440.000000
221.643896	 	4446.666667
96.808675	 	4453.333333
-59.927050	 	4460.000000
-194.538405	 	4466.666667
-132.821390	 	4473.333333
55.886809	 	4480.000000
205.610181	 	4486.666667
-36.619540	 	4493.333333
-32.108802	 	4500.000000
113.972475	 	4506.666667
96.372650	 	4513.333333
-171.547858	 	4520.000000
-96.575683	 	4526.666667
-159.063399	 	4533.333333
172.986773	 	4540.000000
133.302589	 	4546.666667
43.092500	 	4553.333333
-172.747717	 	4560.000000
21.855046	 	4566.666667
44.853137	 	4573.333333
49.377334	 	4580.000000
-31.949095	 	4586.666667
11.698218	 	4593.333333
-145.711564	 	4600.000000
78.559442	 	4606.666667
-87.828601	 	4613.333333
133.212136	 	4620.000000
188.326120	 	4626.666667
-53.198125	 	4633.333333
-257.735265	 	4640.000000
-80.550606	 	4646.666667
145.538174	 	4653.333333
60.477339	 	4660.000000
-220.473473	 	4666.666667
114.397017	 	4673.333333
210.516012	 	4680.000000
138.881125	 	4686.666667
-188.110027	 	4693.333333
-340.253344	 	4700.000000
-42.168986	 	4706.666667
336.057490	 	4713.333333
75.521264	 	4720.000000
-123.478476	 	4726.666667
-57.892822	 	4733.333333
87.659386	 	4740.000000
-21.826776	 	4746.666667
66.956395	 	4753.333333
110.300766	 	4760.000000
-251.650631	 	4766.666667
0.429584	 	4773.333333
287.521363	 	4780.000000
-307.466145	 	4786.666667
-150.439796	 	4793.333333
245.300631	 	4800.000000
-61.560010	 	4806.666667
163.220343	 	4813.333333
-86.303342	 	4820.000000
-185.644331	 	4826.666667
255.485870	 	4833.333333
-3.896960	 	4840.000000
-65.800832	 	4846.666667
-12.549482	 	4853.333333
-109.391315	 	4860.000000
10.341564	 	4866.666667
246.286806	 	4873.333333
66.209211	 	4880.000000
-188.030355	 	4886.666667
-331.004185	 	4893.333333
126.819989	 	4900.000000
172.210244	 	4906.666667
-70.948450	 	4913.333333
130.642123	 	4920.000000
104.482523	 	4926.666667
-182.231426	 	4933.333333
-78.548034	 	4940.000000
-152.342138	 	4946.666667
370.147142	 	4953.333333
52.800716	 	4960.000000
-319.892531	 	4966.666667
-65.955656	 	4973.333333
379.960093	 	4980.000000
-11.604711	 	4986.666667
-79.264055	 	4993.333333
-140.892826	 	5000.000000
-152.965572	 	5006.666667
297.975546	 	5013.333333
445.231900	 	5020.000000
-147.985656	 	5026.666667
-291.780251	 	5033.333333
196.523667	 	5040.000000
61.034445	 	5046.666667
229.805643	 	5053.333333
72.809045	 	5060.000000
-341.288346	 	5066.666667
-58.156737	 	5073.333333
210.093217	 	5080.000000
-271.216835	 	5086.666667
131.205180	 	5093.333333
242.928422	 	5100.000000
-164.035951	 	5106.666667
-109.782707	 	5113.333333
-142.386613	 	5120.000000
333.148299	 	5126.666667
59.928882	 	5133.333333
-177.661834	 	5140.000000
-133.921503	 	5146.666667
30.756062	 	5153.333333
121.347181	 	5160.000000
77.808230	 	5166.666667
-74.044516	 	5173.333333
141.717651	 	5180.000000
73.245511	 	5186.666667
-372.777634	 	5193.333333
-212.888600	 	5200.000000
424.288644	 	5206.666667
157.979205	 	5213.333333
-125.343040	 	5220.000000
28.393086	 	5226.666667
-215.409016	 	5233.333333
-140.115388	 	5240.000000
179.784756	 	5246.666667
338.620004	 	5253.333333
-38.680594	 	5260.000000
-183.693568	 	5266.666667
-247.378188	 	5273.333333
-118.798746	 	5280.000000
341.379434	 	5286.666667
103.029557	 	5293.333333
-76.535842	 	5300.000000
117.948922	 	5306.666667
-148.578031	 	5313.333333
-167.816025	 	5320.000000
159.333774	 	5326.666667
99.207821	 	5333.333333
-0.660048	 	5340.000000
-68.422567	 	5346.666667
96.328002	 	5353.333333
-159.862328	 	5360.000000
-309.767940	 	5366.666667
203.721523	 	5373.333333
538.476692	 	5380.000000
-46.156905	 	5386.666667
-155.901699	 	5393.333333
-157.053938	 	5400.000000
-505.771208	 	5406.666667
-488.734868	 	5413.333333
1315.296837	 	5420.000000
5483.701332	 	5426.666667
4826.336885	 	5433.333333
947.567509	 	5440.000000
-262.851727	 	5446.666667
1345.493429	 	5453.333333
5725.883767	 	5460.000000
4903.492606	 	5466.666667
12580.574620	 	5473.333333
11686.063536	 	5480.000000
3098.655661	 	5486.666667
1413.658899	 	5493.333333
269.319914	 	5500.000000
713.515216	 	5506.666667
2387.344079	 	5513.333333
819.788452	 	5520.000000
192.087258	 	5526.666667
944.529124	 	5533.333333
2518.707760	 	5540.000000
1662.008845	 	5546.666667
436.895263	 	5553.333333
-140.958947	 	5560.000000
219.229605	 	5566.666667
1303.048333	 	5573.333333
2034.903413	 	5580.000000
1002.630924	 	5586.666667
516.342278	 	5593.333333
505.719262	 	5600.000000
939.829346	 	5606.666667
898.863892	 	5613.333333
639.826572	 	5620.000000
180.838986	 	5626.666667
542.283189	 	5633.333333
815.819084	 	5640.000000
867.358157	 	5646.666667
1064.699464	 	5653.333333
633.978087	 	5660.000000
342.906869	 	5666.666667
637.371987	 	5673.333333
927.596939	 	5680.000000
776.635352	 	5686.666667
218.253035	 	5693.333333
512.226778	 	5700.000000
1173.821047	 	5706.666667
957.099846	 	5713.333333
640.736293	 	5720.000000
629.713791	 	5726.666667
721.386674	 	5733.333333
577.013960	 	5740.000000
313.355478	 	5746.666667
569.918116	 	5753.333333
733.203555	 	5760.000000
309.881722	 	5766.666667
501.610287	 	5773.333333
472.737057	 	5780.000000
561.679626	 	5786.666667
626.472704	 	5793.333333
652.558129	 	5800.000000
566.158744	 	5806.666667
551.265477	 	5813.333333
318.894901	 	5820.000000
606.057004	 	5826.666667
395.196540	 	5833.333333
415.515001	 	5840.000000
542.824343	 	5846.666667
949.476966	 	5853.333333
601.621339	 	5860.000000
490.219499	 	5866.666667
790.927133	 	5873.333333
700.309405	 	5880.000000
243.640225	 	5886.666667
178.652545	 	5893.333333
162.215481	 	5900.000000
698.780827	 	5906.666667
618.457457	 	5913.333333
345.328335	 	5920.000000
382.023908	 	5926.666667
687.727901	 	5933.333333
293.151453	 	5940.000000
113.222430	 	5946.666667
200.249314	 	5953.333333
649.842678	 	5960.000000
787.584912	 	5966.666667
680.102166	 	5973.333333
219.298061	 	5980.000000
-62.097764	 	5986.666667
-101.367682	 	5993.333333
248.905329	 	6000.000000
821.594347	 	6006.666667
997.947324	 	6013.333333
660.286609	 	6020.000000
176.161339	 	6026.666667
72.762856	 	6033.333333
282.722806	 	6040.000000
293.230214	 	6046.666667
529.114887	 	6053.333333
945.930196	 	6060.000000
307.083784	 	6066.666667
66.892109	 	6073.333333
240.070159	 	6080.000000
92.464598	 	6086.666667
409.982630	 	6093.333333
780.201563	 	6100.000000
306.328241	 	6106.666667
212.181701	 	6113.333333
53.925748	 	6120.000000
23.094116	 	6126.666667
139.743668	 	6133.333333
437.054759	 	6140.000000
394.238294	 	6146.666667
265.713267	 	6153.333333
89.631185	 	6160.000000
246.083622	 	6166.666667
274.737320	 	6173.333333
562.362523	 	6180.000000
461.949666	 	6186.666667
278.662367	 	6193.333333
137.987903	 	6200.000000
292.544167	 	6206.666667
236.662992	 	6213.333333
101.727981	 	6220.000000
235.726000	 	6226.666667
55.192696	 	6233.333333
33.121989	 	6240.000000
452.571284	 	6246.666667
290.049362	 	6253.333333
121.562035	 	6260.000000
58.671944	 	6266.666667
27.426199	 	6273.333333
312.782074	 	6280.000000
280.758039	 	6286.666667
230.165395	 	6293.333333
313.217485	 	6300.000000
70.385783	 	6306.666667
220.839065	 	6313.333333
146.080698	 	6320.000000
87.650758	 	6326.666667
256.732217	 	6333.333333
195.881544	 	6340.000000
139.020592	 	6346.666667
230.257027	 	6353.333333
-76.706046	 	6360.000000
55.998804	 	6366.666667
255.338087	 	6373.333333
274.661846	 	6380.000000
365.932713	 	6386.666667
375.630453	 	6393.333333
142.588221	 	6400.000000
42.071094	 	6406.666667
53.806617	 	6413.333333
227.246306	 	6420.000000
152.406720	 	6426.666667
-56.169125	 	6433.333333
-38.433171	 	6440.000000
314.977143	 	6446.666667
255.290570	 	6453.333333
29.622514	 	6460.000000
38.794554	 	6466.666667
222.275260	 	6473.333333
267.437231	 	6480.000000
-13.685847	 	6486.666667
16.796854	 	6493.333333
145.300200	 	6500.000000
166.201416	 	6506.666667
158.203348	 	6513.333333
242.902899	 	6520.000000
42.480681	 	6526.666667
63.347669	 	6533.333333
227.458538	 	6540.000000
400.433426	 	6546.666667
30.963149	 	6553.333333
-212.879321	 	6560.000000
-96.736756	 	6566.666667
175.621933	 	6573.333333
249.806450	 	6580.000000
120.372318	 	6586.666667
168.907546	 	6593.333333
105.070588	 	6600.000000
-56.102201	 	6606.666667
-9.982383	 	6613.333333
111.540286	 	6620.000000
252.211762	 	6626.666667
118.608266	 	6633.333333
39.038613	 	6640.000000
8.025636	 	6646.666667
79.739655	 	6653.333333
195.966681	 	6660.000000
274.854612	 	6666.666667
-85.562164	 	6673.333333
95.754940	 	6680.000000
115.934133	 	6686.666667
202.450563	 	6693.333333
186.292592	 	6700.000000
271.547514	 	6706.666667
111.105846	 	6713.333333
-10.615969	 	6720.000000
-144.282179	 	6726.666667
13.785336	 	6733.333333
341.591878	 	6740.000000
-23.733723	 	6746.666667
-11.783373	 	6753.333333
376.117983	 	6760.000000
79.215810	 	6766.666667
-212.985099	 	6773.333333
-36.254910	 	6780.000000
23.770424	 	6786.666667
285.028168	 	6793.333333
283.107142	 	6800.000000
-62.717593	 	6806.666667
-243.427957	 	6813.333333
-69.055859	 	6820.000000
87.066948	 	6826.666667
433.645012	 	6833.333333
247.781270	 	6840.000000
-20.364476	 	6846.666667
-149.507014	 	6853.333333
-103.747798	 	6860.000000
-83.468349	 	6866.666667
186.063311	 	6873.333333
344.021795	 	6880.000000
264.922901	 	6886.666667
-105.385168	 	6893.333333
-243.626651	 	6900.000000
138.449762	 	6906.666667
432.696217	 	6913.333333
12.305463	 	6920.000000
-115.576304	 	6926.666667
32.449010	 	6933.333333
214.092294	 	6940.000000
20.443962	 	6946.666667
82.163961	 	6953.333333
131.424992	 	6960.000000
361.674746	 	6966.666667
17.106355	 	6973.333333
-96.280618	 	6980.000000
-62.745968	 	6986.666667
3.352186	 	6993.333333
-112.756830	 	7000.000000
307.107932	 	7006.666667
296.879878	 	7013.333333
5.519479	 	7020.000000
-297.681202	 	7026.666667
-3.517521	 	7033.333333
98.803329	 	7040.000000
252.843200	 	7046.666667
-42.517121	 	7053.333333
-70.839908	 	7060.000000
72.572344	 	7066.666667
91.002676	 	7073.333333
-78.405575	 	7080.000000
183.319893	 	7086.666667
10.500936	 	7093.333333
92.889898	 	7100.000000
11.732305	 	7106.666667
-106.695028	 	7113.333333
42.469319	 	7120.000000
365.165816	 	7126.666667
-51.279182	 	7133.333333
49.946839	 	7140.000000
144.773254	 	7146.666667
74.519303	 	7153.333333
-1.074414	 	7160.000000
14.809475	 	7166.666667
-125.989880	 	7173.333333
196.797068	 	7180.000000
78.823193	 	7186.666667
-138.163292	 	7193.333333
-15.542942	 	7200.000000
114.177434	 	7206.666667
-37.605814	 	7213.333333
80.730935	 	7220.000000
170.319501	 	7226.666667
-42.997438	 	7233.333333
-40.467973	 	7240.000000
-76.671365	 	7246.666667
110.143894	 	7253.333333
332.433658	 	7260.000000
-31.578196	 	7266.666667
-363.855022	 	7273.333333
-22.899781	 	7280.000000
203.864623	 	7286.666667
329.155321	 	7293.333333
136.874477	 	7300.000000
-229.331559	 	7306.666667
-209.598148	 	7313.333333
-31.382237	 	7320.000000
39.470521	 	7326.666667
134.685099	 	7333.333333
231.613112	 	7340.000000
-1.722952	 	7346.666667
50.202323	 	7353.333333
-157.483305	 	7360.000000
-66.617665	 	7366.666667
18.209524	 	7373.333333
152.074117	 	7380.000000
68.164541	 	7386.666667
72.630156	 	7393.333333
10.474246	 	7400.000000
30.809713	 	7406.666667
-188.899806	 	7413.333333
-51.236164	 	7420.000000
11.241441	 	7426.666667
247.270312	 	7433.333333
106.100316	 	7440.000000
-165.777498	 	7446.666667
-87.696927	 	7453.333333
82.655663	 	7460.000000
402.564711	 	7466.666667
137.403504	 	7473.333333
-338.133492	 	7480.000000
-196.057132	 	7486.666667
95.955231	 	7493.333333
251.394909	 	7500.000000
262.483606	 	7506.666667
-22.629338	 	7513.333333
-209.760684	 	7520.000000
-291.766922	 	7526.666667
58.574677	 	7533.333333
456.865559	 	7540.000000
99.803141	 	7546.666667
-292.436728	 	7553.333333
-366.157464	 	7560.000000
169.246352	 	7566.666667
620.802411	 	7573.333333
18.737503	 	7580.000000
-318.778285	 	7586.666667
-153.926973	 	7593.333333
104.557640	 	7600.000000
262.596454	 	7606.666667
-231.799628	 	7613.333333
-127.896430	 	7620.000000
24.421700	 	7626.666667
281.855592	 	7633.333333
171.316276	 	7640.000000
-112.410262	 	7646.666667
-207.964834	 	7653.333333
71.111675	 	7660.000000
65.057473	 	7666.666667
22.610750	 	7673.333333
-44.714348	 	7680.000000
19.058540	 	7686.666667
180.519954	 	7693.333333
145.582330	 	7700.000000
-6.731954	 	7706.666667
135.142736	 	7713.333333
58.704307	 	7720.000000
54.306086	 	7726.666667
-76.219081	 	7733.333333
1.099210	 	7740.000000
-176.191054	 	7746.666667
-109.871167	 	7753.333333
111.844878	 	7760.000000
301.291064	 	7766.666667
171.860751	 	7773.333333
-48.917678	 	7780.000000
-10.662422	 	7786.666667
12.265093	 	7793.333333
37.048413	 	7800.000000
-2.576243	 	7806.666667
-16.458332	 	7813.333333
-10.345856	 	7820.000000
-60.079477	 	7826.666667
-53.762195	 	7833.333333
98.079307	 	7840.000000
184.015129	 	7846.666667
10.644848	 	7853.333333
-302.579894	 	7860.000000
42.942917	 	7866.666667
184.121659	 	7873.333333
128.108435	 	7880.000000
-11.658369	 	7886.666667
-134.417033	 	7893.333333
15.696709	 	7900.000000
-40.094229	 	7906.666667
-1.438856	 	7913.333333
164.952879	 	7920.000000
-27.609851	 	7926.666667
14.223453	 	7933.333333
-72.222128	 	7940.000000
41.231230	 	7946.666667
173.990983	 	7953.333333
-25.719441	 	7960.000000
-33.501374	 	7966.666667
-141.547681	 	7973.333333
3.855810	 	7980.000000
133.244936	 	7986.666667
12.034186	 	7993.333333
-92.686342	 	8000.000000
-55.236511	 	8006.666667
58.072459	 	8013.333333
231.036496	 	8020.000000
-57.439717	 	8026.666667
-46.209723	 	8033.333333
-67.395545	 	8040.000000
-114.917851	 	8046.666667
189.121694	 	8053.333333
189.192865	 	8060.000000
-30.987073	 	8066.666667
-146.651311	 	8073.333333
-161.191583	 	8080.000000
-47.775466	 	8086.666667
13.991030	 	8093.333333
272.672389	 	8100.000000
116.398941	 	8106.666667
-184.154265	 	8113.333333
-74.032240	 	8120.000000
3.226823	 	8126.666667
41.227383	 	8133.333333
-3.986139	 	8140.000000
-14.930523	 	8146.666667
100.066904	 	8153.333333
116.084457	 	8160.000000
-69.274237	 	8166.666667
-101.083792	 	8173.333333
-116.227244	 	8180.000000
169.661445	 	8186.666667
137.483041	 	8193.333333
-11.073289	 	8200.000000
-92.692438	 	8206.666667
-269.374704	 	8213.333333
128.137806	 	8220.000000
301.793605	 	8226.666667
-160.893403	 	8233.333333
-139.001663	 	8240.000000
-21.596718	 	8246.666667
87.247047	 	8253.333333
141.902875	 	8260.000000
-15.379291	 	8266.666667
35.563458	 	8273.333333
-175.179075	 	8280.000000
-66.654135	 	8286.666667
160.239752	 	8293.333333
96.923424	 	8300.000000
-25.763616	 	8306.666667
-70.066856	 	8313.333333
-81.672106	 	8320.000000
78.625536	 	8326.666667
75.126718	 	8333.333333
-34.662689	 	8340.000000
-36.188958	 	8346.666667
-20.520608	 	8353.333333
29.157697	 	8360.000000
38.733673	 	8366.666667
50.447012	 	8373.333333
-100.374255	 	8380.000000
34.263205	 	8386.666667
386.154543	 	8393.333333
18.980810	 	8400.000000
-276.197699	 	8406.666667
-69.043315	 	8413.333333
110.699579	 	8420.000000
85.970992	 	8426.666667
71.784277	 	8433.333333
-124.732008	 	8440.000000
-60.045024	 	8446.666667
244.653886	 	8453.333333
-83.349678	 	8460.000000
-65.521433	 	8466.666667
33.993978	 	8473.333333
45.194873	 	8480.000000
58.249368	 	8486.666667
14.620555	 	8493.333333
-167.725993	 	8500.000000
-263.478219	 	8506.666667
76.117384	 	8513.333333
354.952944	 	8520.000000
77.982991	 	8526.666667
-94.189364	 	8533.333333
-183.136306	 	8540.000000
-66.456501	 	8546.666667
176.048296	 	8553.333333
30.849911	 	8560.000000
79.297346	 	8566.666667
-115.442279	 	8573.333333
33.768702	 	8580.000000
83.671710	 	8586.666667
-61.602300	 	8593.333333
-125.007000	 	8600.000000
-40.375003	 	8606.666667
-69.956895	 	8613.333333
251.709244	 	8620.000000
32.461314	 	8626.666667
-28.357965	 	8633.333333
-1.429064	 	8640.000000
-28.122306	 	8646.666667
-109.304920	 	8653.333333
-18.905516	 	8660.000000
102.064863	 	8666.666667
14.982613	 	8673.333333
-52.175183	 	8680.000000
-1.050798	 	8686.666667
-38.035327	 	8693.333333
84.775210	 	8700.000000
82.112125	 	8706.666667
4.482893	 	8713.333333
66.958750	 	8720.000000
-170.621033	 	8726.666667
-246.614804	 	8733.333333
34.373072	 	8740.000000
254.557936	 	8746.666667
188.152520	 	8753.333333
-97.612040	 	8760.000000
-107.442268	 	8766.666667
-0.548813	 	8773.333333
2.598789	 	8780.000000
-170.471470	 	8786.666667
-21.696819	 	8793.333333
98.158173	 	8800.000000
92.041085	 	8806.666667
-38.914770	 	8813.333333
76.124361	 	8820.000000
-12.241247	 	8826.666667
-92.296577	 	8833.333333
-73.927299	 	8840.000000
166.973937	 	8846.666667
68.963475	 	8853.333333
-17.232575	 	8860.000000
-312.724611	 	8866.666667
15.387544	 	8873.333333
307.145470	 	8880.000000
166.930632	 	8886.666667
-128.163078	 	8893.333333
-190.645647	 	8900.000000
-95.788959	 	8906.666667
-89.983283	 	8913.333333
-6.610341	 	8920.000000
344.639382	 	8926.666667
129.907226	 	8933.333333
-139.085843	 	8940.000000
-262.520603	 	8946.666667
-205.036395	 	8953.333333
159.428082	 	8960.000000
154.443871	 	8966.666667
195.106629	 	8973.333333
135.680725	 	8980.000000
-63.487516	 	8986.666667
-256.205782	 	8993.333333
-233.760201	 	9000.000000
104.998024	 	9006.666667
149.069342	 	9013.333333
122.960251	 	9020.000000
12.636479	 	9026.666667
-169.413689	 	9033.333333
-164.521136	 	9040.000000
120.731559	 	9046.666667
158.380320	 	9053.333333
48.065632	 	9060.000000
-200.925432	 	9066.666667
-62.919110	 	9073.333333
188.915181	 	9080.000000
-70.472576	 	9086.666667
-121.882461	 	9093.333333
100.629931	 	9100.000000
156.410921	 	9106.666667
34.006877	 	9113.333333
-261.050175	 	9120.000000
-139.454411	 	9126.666667
107.025561	 	9133.333333
34.167789	 	9140.000000
92.480662	 	9146.666667
80.575029	 	9153.333333
-38.338629	 	9160.000000
-155.137613	 	9166.666667
-129.008570	 	9173.333333
179.381939	 	9180.000000
208.502222	 	9186.666667
101.362764	 	9193.333333
-248.405685	 	9200.000000
-128.670254	 	9206.666667
61.413923	 	9213.333333
-5.132920	 	9220.000000
64.101834	 	9226.666667
182.216045	 	9233.333333
37.886320	 	9240.000000
-134.662922	 	9246.666667
-114.091682	 	9253.333333
1.116178	 	9260.000000
12.160780	 	9266.666667
71.774882	 	9273.333333
16.685582	 	9280.000000
-48.754617	 	9286.666667
-76.378266	 	9293.333333
-30.506657	 	9300.000000
69.224240	 	9306.666667
108.783029	 	9313.333333
7.167127	 	9320.000000
-42.416817	 	9326.666667
-80.078638	 	9333.333333
-2.583709	 	9340.000000
74.718932	 	9346.666667
-161.148617	 	9353.333333
40.658993	 	9360.000000
149.543938	 	9366.666667
-34.192110	 	9373.333333
-31.507853	 	9380.000000
-33.409609	 	9386.666667
-49.600932	 	9393.333333
138.936251	 	9400.000000
-161.320263	 	9406.666667
64.696710	 	9413.333333
76.511099	 	9420.000000
-61.508061	 	9426.666667
-204.227662	 	9433.333333
68.115169	 	9440.000000
180.576906	 	9446.666667
-37.538312	 	9453.333333
-35.462581	 	9460.000000
214.314916	 	9466.666667
-112.033212	 	9473.333333
-37.185911	 	9480.000000
-111.393330	 	9486.666667
99.108993	 	9493.333333
207.440757	 	9500.000000
-141.728174	 	9506.666667
-163.927874	 	9513.333333
65.199642	 	9520.000000
2.378096	 	9526.666667
18.541293	 	9533.333333
91.135771	 	9540.000000
-45.330010	 	9546.666667
-122.437394	 	9553.333333
92.502196	 	9560.000000
157.546013	 	9566.666667
49.757606	 	9573.333333
-291.944419	 	9580.000000
-113.208510	 	9586.666667
210.408942	 	9593.333333
136.587754	 	9600.000000
-91.193956	 	9606.666667
-68.066894	 	9613.333333
-117.822375	 	9620.000000
49.999410	 	9626.666667
36.194005	 	9633.333333
99.956378	 	9640.000000
34.858712	 	9646.666667
18.946849	 	9653.333333
-131.361183	 	9660.000000
-54.214567	 	9666.666667
-35.007027	 	9673.333333
-74.751801	 	9680.000000
126.809565	 	9686.666667
66.247310	 	9693.333333
74.467248	 	9700.000000
-0.949563	 	9706.666667
-159.378768	 	9713.333333
-45.888776	 	9720.000000
177.129384	 	9726.666667
5.098735	 	9733.333333
-177.415318	 	9740.000000
-256.802262	 	9746.666667
191.987609	 	9753.333333
414.677670	 	9760.000000
-4.269301	 	9766.666667
-208.946697	 	9773.333333
-165.102649	 	9780.000000
-120.408401	 	9786.666667
181.328887	 	9793.333333
-23.529140	 	9800.000000
7.442874	 	9806.666667
81.961555	 	9813.333333
50.338432	 	9820.000000
-201.555938	 	9826.666667
-171.254706	 	9833.333333
148.907216	 	9840.000000
221.398280	 	9846.666667
122.939336	 	9853.333333
-105.518336	 	9860.000000
-236.115507	 	9866.666667
-68.433555	 	9873.333333
-13.148851	 	9880.000000
169.792413	 	9886.666667
145.990814	 	9893.333333
35.506261	 	9900.000000
-86.543537	 	9906.666667
-304.466809	 	9913.333333
-0.346050	 	9920.000000
197.001098	 	9926.666667
-17.686576	 	9933.333333
126.954666	 	9940.000000
-53.259187	 	9946.666667
-210.236572	 	9953.333333
16.518415	 	9960.000000
49.190962	 	9966.666667
271.578380	 	9973.333333
179.569835	 	9980.000000
-126.669135	 	9986.666667
-242.698019	 	9993.333333
-31.238041	 	10000.000000
170.005372	 	10006.666667
-0.271467	 	10013.333333
-69.004715	 	10020.000000
-41.239771	 	10026.666667
-62.096499	 	10033.333333
202.161291	 	10040.000000
240.827511	 	10046.666667
-285.879757	 	10053.333333
-209.935795	 	10060.000000
-17.817309	 	10066.666667
97.938839	 	10073.333333
118.659961	 	10080.000000
30.011208	 	10086.666667
-36.824249	 	10093.333333
-92.752718	 	10100.000000
-201.309994	 	10106.666667
278.955688	 	10113.333333
234.281497	 	10120.000000
-97.764987	 	10126.666667
-183.531882	 	10133.333333
-223.099885	 	10140.000000
163.683202	 	10146.666667
165.202057	 	10153.333333
-233.931266	 	10160.000000
36.256071	 	10166.666667
54.080099	 	10173.333333
4.214613	 	10180.000000
145.195278	 	10186.666667
17.333463	 	10193.333333
-134.712135	 	10200.000000
-309.462499	 	10206.666667
-143.317826	 	10213.333333
561.063416	 	10220.000000
263.876119	 	10226.666667
-5.925142	 	10233.333333
-220.493634	 	10240.000000
-242.364943	 	10246.666667
91.945446	 	10253.333333
-78.882748	 	10260.000000
127.670891	 	10266.666667
32.881608	 	10273.333333
-0.412748	 	10280.000000
0.540226	 	10286.666667
-141.232589	 	10293.333333
107.254414	 	10300.000000
74.633334	 	10306.666667
-57.493219	 	10313.333333
94.993533	 	10320.000000
-118.730658	 	10326.666667
-56.332791	 	10333.333333
12.968410	 	10340.000000
33.338069	 	10346.666667
-18.904785	 	10353.333333
-53.437912	 	10360.000000
-126.228587	 	10366.666667
43.482086	 	10373.333333
284.903231	 	10380.000000
352.165516	 	10386.666667
-206.303734	 	10393.333333
-331.255073	 	10400.000000
-56.029505	 	10406.666667
93.340926	 	10413.333333
73.989670	 	10420.000000
107.743426	 	10426.666667
-10.911908	 	10433.333333
-30.848872	 	10440.000000
-35.805995	 	10446.666667
-267.547659	 	10453.333333
245.032310	 	10460.000000
83.363140	 	10466.666667
-27.630412	 	10473.333333
-96.483547	 	10480.000000
-44.027692	 	10486.666667
-68.218066	 	10493.333333
138.255238	 	10500.000000
-4.556808	 	10506.666667
234.711230	 	10513.333333
-75.097199	 	10520.000000
-112.288365	 	10526.666667
-235.542186	 	10533.333333
35.865363	 	10540.000000
-62.517593	 	10546.666667
203.608501	 	10553.333333
124.592527	 	10560.000000
108.457401	 	10566.666667
-32.531108	 	10573.333333
-192.079266	 	10580.000000
-182.487903	 	10586.666667
91.356642	 	10593.333333
-5.241432	 	10600.000000
66.291202	 	10606.666667
97.254169	 	10613.333333
84.813132	 	10620.000000
-226.852839	 	10626.666667
-187.756365	 	10633.333333
156.645403	 	10640.000000
221.487474	 	10646.666667
20.312657	 	10653.333333
-168.418678	 	10660.000000
-195.584821	 	10666.666667
157.535180	 	10673.333333
148.617744	 	10680.000000
35.350321	 	10686.666667
-191.950769	 	10693.333333
-172.439102	 	10700.000000
82.178020	 	10706.666667
64.617509	 	10713.333333
66.717090	 	10720.000000
-61.912943	 	10726.666667
42.963862	 	10733.333333
43.360472	 	10740.000000
-114.315857	 	10746.666667
-94.042571	 	10753.333333
128.158778	 	10760.000000
157.088977	 	10766.666667
18.513325	 	10773.333333
-173.237260	 	10780.000000
-203.818127	 	10786.666667
82.431054	 	10793.333333
78.289015	 	10800.000000
200.263469	 	10806.666667
-74.221912	 	10813.333333
-152.275461	 	10820.000000
-156.252649	 	10826.666667
39.409576	 	10833.333333
213.518922	 	10840.000000
334.346669	 	10846.666667
-338.168768	 	10853.333333
-358.140258	 	10860.000000
21.277979	 	10866.666667
500.027894	 	10873.333333
-23.159958	 	10880.000000
-138.996558	 	10886.666667
-234.262727	 	10893.333333
-35.779166	 	10900.000000
90.729174	 	10906.666667
335.620676	 	10913.333333
-35.430565	 	10920.000000
-185.830155	 	10926.666667
-174.476280	 	10933.333333
130.441902	 	10940.000000
-83.843052	 	10946.666667
30.379873	 	10953.333333
38.835632	 	10960.000000
171.290317	 	10966.666667
-49.081372	 	10973.333333
-111.774526	 	10980.000000
-150.309618	 	10986.666667
226.607548	 	10993.333333
-74.996938	 	11000.000000
-110.591778	 	11006.666667
21.377019	 	11013.333333
46.593430	 	11020.000000
-52.762584	 	11026.666667
47.642743	 	11033.333333
6.493142	 	11040.000000
151.478824	 	11046.666667
-75.715245	 	11053.333333
-212.923305	 	11060.000000
-43.760019	 	11066.666667
152.720017	 	11073.333333
91.519492	 	11080.000000
127.187157	 	11086.666667
-206.277147	 	11093.333333
13.428594	 	11100.000000
-81.415990	 	11106.666667
-77.221097	 	11113.333333
140.143107	 	11120.000000
91.832460	 	11126.666667
-90.004730	 	11133.333333
-119.214254	 	11140.000000
-83.268697	 	11146.666667
151.799221	 	11153.333333
23.745256	 	11160.000000
47.260468	 	11166.666667
-42.784215	 	11173.333333
15.802516	 	11180.000000
-12.719460	 	11186.666667
-243.657823	 	11193.333333
-71.484593	 	11200.000000
274.601945	 	11206.666667
10.152181	 	11213.333333
62.549211	 	11220.000000
-45.846968	 	11226.666667
8.672993	 	11233.333333
-35.511987	 	11240.000000
-157.259451	 	11246.666667
33.854137	 	11253.333333
74.468868	 	11260.000000
-75.239963	 	11266.666667
13.467023	 	11273.333333
96.947554	 	11280.000000
27.855399	 	11286.666667
-185.290136	 	11293.333333
-2.679748	 	11300.000000
210.584387	 	11306.666667
43.228132	 	11313.333333
-124.802761	 	11320.000000
-242.332210	 	11326.666667
-32.952401	 	11333.333333
196.532983	 	11340.000000
-53.241821	 	11346.666667
167.753803	 	11353.333333
170.308924	 	11360.000000
-128.230634	 	11366.666667
-131.241194	 	11373.333333
-179.580554	 	11380.000000
34.844026	 	11386.666667
142.241811	 	11393.333333
-54.716432	 	11400.000000
17.906109	 	11406.666667
31.422282	 	11413.333333
41.101116	 	11420.000000
44.670683	 	11426.666667
-181.161007	 	11433.333333
-175.689836	 	11440.000000
55.614893	 	11446.666667
106.340467	 	11453.333333
207.972227	 	11460.000000
-60.352183	 	11466.666667
-181.997868	 	11473.333333
22.257882	 	11480.000000
24.633344	 	11486.666667
-86.737150	 	11493.333333
177.849377	 	11500.000000
111.392911	 	11506.666667
-138.370603	 	11513.333333
-327.371805	 	11520.000000
125.614355	 	11526.666667
250.259777	 	11533.333333
-68.157316	 	11540.000000
-97.135118	 	11546.666667
46.434043	 	11553.333333
-0.504470	 	11560.000000
20.889334	 	11566.666667
-109.506150	 	11573.333333
139.051091	 	11580.000000
23.932197	 	11586.666667
-114.512810	 	11593.333333
-116.305200	 	11600.000000
-102.783736	 	11606.666667
133.875190	 	11613.333333
233.443633	 	11620.000000
58.388049	 	11626.666667
-45.505527	 	11633.333333
-331.756627	 	11640.000000
-163.422383	 	11646.666667
408.849746	 	11653.333333
108.020985	 	11660.000000
11.039082	 	11666.666667
-18.532094	 	11673.333333
-136.351956	 	11680.000000
-129.607848	 	11686.666667
-7.154371	 	11693.333333
151.320851	 	11700.000000
317.389997	 	11706.666667
-16.319745	 	11713.333333
-219.604658	 	11720.000000
-77.855001	 	11726.666667
178.378627	 	11733.333333
20.364074	 	11740.000000
-89.948477	 	11746.666667
-7.158352	 	11753.333333
-94.405958	 	11760.000000
72.741669	 	11766.666667
63.741707	 	11773.333333
-43.172339	 	11780.000000
-73.761593	 	11786.666667
-56.184686	 	11793.333333
129.749155	 	11800.000000
220.515760	 	11806.666667
-223.262945	 	11813.333333
-146.856799	 	11820.000000
152.916077	 	11826.666667
297.392658	 	11833.333333
-57.513153	 	11840.000000
-188.619429	 	11846.666667
-86.498589	 	11853.333333
122.170646	 	11860.000000
130.726739	 	11866.666667
-8.888706	 	11873.333333
-89.856210	 	11880.000000
4.168258	 	11886.666667
-96.552351	 	11893.333333
17.199040	 	11900.000000
55.918660	 	11906.666667
84.988423	 	11913.333333
-37.467553	 	11920.000000
-28.879684	 	11926.666667
-62.384847	 	11933.333333
193.995455	 	11940.000000
15.004930	 	11946.666667
-343.604122	 	11953.333333
-40.140926	 	11960.000000
223.993975	 	11966.666667
186.137038	 	11973.333333
-7.528176	 	11980.000000
-158.081331	 	11986.666667
-54.862352	 	11993.333333
-90.769210	 	12000.000000
-176.911764	 	12006.666667
184.481920	 	12013.333333
232.505440	 	12020.000000
20.225989	 	12026.666667
-26.198618	 	12033.333333
-185.148145	 	12040.000000
29.713938	 	12046.666667
-90.167422	 	12053.333333
-20.475600	 	12060.000000
118.737094	 	12066.666667
-33.592976	 	12073.333333
98.432037	 	12080.000000
28.648302	 	12086.666667
-137.261702	 	12093.333333
102.379191	 	12100.000000
-111.069259	 	12106.666667
119.173652	 	12113.333333
-82.417977	 	12120.000000
-110.566544	 	12126.666667
-40.855950	 	12133.333333
123.026553	 	12140.000000
23.785428	 	12146.666667
162.212407	 	12153.333333
-209.115106	 	12160.000000
139.604896	 	12166.666667
-2.847245	 	12173.333333
121.485543	 	12180.000000
-54.100139	 	12186.666667
-396.859718	 	12193.333333
-129.177630	 	12200.000000
113.075356	 	12206.666667
405.083111	 	12213.333333
53.242262	 	12220.000000
-233.994594	 	12226.666667
2.430307	 	12233.333333
17.580411	 	12240.000000
-48.460561	 	12246.666667
97.794215	 	12253.333333
-117.288124	 	12260.000000
49.188864	 	12266.666667
-181.355401	 	12273.333333
74.655152	 	12280.000000
122.701251	 	12286.666667
121.474254	 	12293.333333
-248.893879	 	12300.000000
317.854111	 	12306.666667
-265.956817	 	12313.333333
-376.866116	 	12320.000000
372.593959	 	12326.666667
196.891937	 	12333.333333
76.096315	 	12340.000000
-135.357926	 	12346.666667
-352.763817	 	12353.333333
91.369765	 	12360.000000
-209.458709	 	12366.666667
658.283832	 	12373.333333
39.633540	 	12380.000000
-454.623653	 	12386.666667
48.151761	 	12393.333333
111.098501	 	12400.000000
-310.539726	 	12406.666667
-217.458938	 	12413.333333
-56.353023	 	12420.000000
1183.297879	 	12426.666667
-111.111163	 	12433.333333
-559.275706	 	12440.000000
-500.425238	 	12446.666667
530.147955	 	12453.333333
-227.828118	 	12460.000000
-95.356789	 	12466.666667
441.156526	 	12473.333333
192.352748	 	12480.000000
-441.343722	 	12486.666667
-778.332878	 	12493.333333
1270.235919	 	12500.000000
-142.209479	 	12506.666667
-90.856312	 	12513.333333
-407.180873	 	12520.000000
-739.491659	 	12526.666667
1383.620099	 	12533.333333
165.373144	 	12540.000000
-529.337162	 	12546.666667
-420.338547	 	12553.333333
-774.330489	 	12560.000000
461.401117	 	12566.666667
1612.516565	 	12573.333333
-127.017326	 	12580.000000
-839.953958	 	12586.666667
-780.784697	 	12593.333333
1060.132974	 	12600.000000
-603.564404	 	12606.666667
-871.573139	 	12613.333333
2536.216979	 	12620.000000
-968.230645	 	12626.666667
-958.820441	 	12633.333333
-889.116422	 	12640.000000
2133.911918	 	12646.666667
-279.346536	 	12653.333333
-832.988240	 	12660.000000
567.536268	 	12666.666667
-60.612845	 	12673.333333
-740.544926	 	12680.000000
759.835179	 	12686.666667
-47.338047	 	12693.333333
-834.236190	 	12700.000000
835.053256	 	12706.666667
595.405639	 	12713.333333
-850.277819	 	12720.000000
639.597377	 	12726.666667
-845.152299	 	12733.333333
296.157191	 	12740.000000
-369.607598	 	12746.666667
779.820269	 	12753.333333
-482.111536	 	12760.000000
1310.394541	 	12766.666667
-982.661558	 	12773.333333
-781.246677	 	12780.000000
-882.397194	 	12786.666667
2540.182987	 	12793.333333
-619.063234	 	12800.000000
-99.129409	 	12806.666667
-334.715563	 	12813.333333
218.415704	 	12820.000000
-792.100969	 	12826.666667
33.261064	 	12833.333333
-756.418649	 	12840.000000
2165.173336	 	12846.666667
247.555467	 	12853.333333
-200.550092	 	12860.000000
-989.926335	 	12866.666667
-969.876786	 	12873.333333
-943.240038	 	12880.000000
2944.801549	 	12886.666667
209.022391	 	12893.333333
-997.181192	 	12900.000000
-410.456804	 	12906.666667
-983.298419	 	12913.333333
-999.756300	 	12920.000000
4654.312804	 	12926.666667
-994.292368	 	12933.333333
-993.799783	 	12940.000000
-795.817347	 	12946.666667
-428.304531	 	12953.333333
38.196342	 	12960.000000
-718.061362	 	12966.666667
3259.768490	 	12973.333333
-991.361992	 	12980.000000
-863.174934	 	12986.666667
-316.290739	 	12993.333333
-998.909687	 	13000.000000
2091.988721	 	13006.666667
-503.127263	 	13013.333333
-998.907017	 	13020.000000
2160.233836	 	13026.666667
-821.276991	 	13033.333333
-908.311180	 	13040.000000
-734.778791	 	13046.666667
1612.027635	 	13053.333333
256.406353	 	13060.000000
-981.299335	 	13066.666667
-711.086447	 	13073.333333
2301.538350	 	13080.000000
-997.179307	 	13086.666667
-999.277370	 	13093.333333
273.789186	 	13100.000000
-371.926563	 	13106.666667
1879.613360	 	13113.333333
-998.705852	 	13120.000000
-999.998278	 	13126.666667
221.321599	 	13133.333333
2070.239250	 	13140.000000
-959.557746	 	13146.666667
-560.529505	 	13153.333333
433.984486	 	13160.000000
-977.799749	 	13166.666667
-994.869404	 	13173.333333
2974.256122	 	13180.000000
-979.143789	 	13186.666667
-999.998124	 	13193.333333
1348.363899	 	13200.000000
-885.622161	 	13206.666667
-961.202997	 	13213.333333
121.284464	 	13220.000000
-999.781150	 	13226.666667
6990.266175	 	13233.333333
-999.998801	 	13240.000000
-999.998801	 	13246.666667
-999.998804	 	13253.333333
-999.998803	 	13260.000000
-999.998813	 	13266.666667
-999.998805	 	13273.333333
-999.998828	 	13280.000000
-999.998812	 	13286.666667
-999.998847	 	13293.333333
-999.998828	 	13300.000000
-999.998893	 	13306.666667
-999.998994	 	13313.333333
-999.999022	 	13320.000000
-999.998977	 	13326.666667
