#peak 	 	#time 
-999.999254	 	0.000000
-999.998809	 	6.666667
-999.999172	 	13.333333
-999.998785	 	20.000000
-999.998934	 	26.666667
-999.999738	 	33.333333
-999.999204	 	40.000000
-999.999628	 	46.666667
-999.999871	 	53.333333
-1000.000000	 	60.000000
-1000.000000	 	66.666667
-1000.000000	 	73.333333
-1000.000000	 	80.000000
36911.290524	 	86.666667
-999.998736	 	93.333333
-999.998740	 	100.000000
-999.998734	 	106.666667
-999.998744	 	113.333333
-999.998751	 	120.000000
-999.998738	 	126.666667
-999.998745	 	133.333333
-999.998734	 	140.000000
-999.998737	 	146.666667
-999.998732	 	153.333333
-999.998732	 	160.000000
-999.998730	 	166.666667
-999.998730	 	173.333333
-999.998730	 	180.000000
1831.752885	 	186.666667
3589.285436	 	193.333333
-504.264334	 	200.000000
-954.585125	 	206.666667
-869.328554	 	213.333333
-850.069926	 	220.000000
-28.693662	 	226.666667
330.242628	 	233.333333
930.543757	 	240.000000
-409.150537	 	246.666667
-273.944059	 	253.333333
-705.812154	 	260.000000
41.826839	 	266.666667
57.259454	 	273.333333
347.342391	 	280.000000
-280.852593	 	286.666667
100.007579	 	293.333333
-389.381507	 	300.000000
-15.639150	 	306.666667
-391.451605	 	313.333333
153.548912	 	320.000000
163.508877	 	326.666667
121.207000	 	333.333333
-195.190751	 	340.000000
367.589159	 	346.666667
-442.313390	 	353.333333
-389.996664	 	360.000000
-291.490629	 	366.666667
244.336383	 	373.333333
389.067840	 	380.000000
319.774468	 	386.666667
-497.865031	 	393.333333
-86.823033	 	400.000000
4.763906	 	406.666667
-170.661103	 	413.333333
-80.719421	 	420.000000
370.550303	 	426.666667
-96.989869	 	433.333333
-15.023910	 	440.000000
25.262379	 	446.666667
156.271717	 	453.333333
122.178251	 	460.000000
-293.954446	 	466.666667
-277.046431	 	473.333333
181.275499	 	480.000000
138.057989	 	486.666667
-16.252995	 	493.333333
242.169968	 	500.000000
-163.122914	 	506.666667
-197.615078	 	513.333333
145.723141	 	520.000000
-35.387993	 	526.666667
99.204388	 	533.333333
147.595609	 	540.000000
-153.900672	 	546.666667
68.504764	 	553.333333
255.593095	 	560.000000
-128.318159	 	566.666667
-134.959376	 	573.333333
-80.527448	 	580.000000
24.779691	 	586.666667
218.100153	 	593.333333
172.014282	 	600.000000
-161.197731	 	606.666667
-171.414780	 	613.333333
-87.727093	 	620.000000
132.936621	 	626.666667
214.709999	 	633.333333
-34.984630	 	640.000000
-184.093546	 	646.666667
-30.302104	 	653.333333
125.990169	 	660.000000
-13.760981	 	666.666667
78.755350	 	673.333333
-5.229567	 	680.000000
-60.864009	 	686.666667
-182.167447	 	693.333333
299.503336	 	700.000000
-31.129236	 	706.666667
-121.241945	 	713.333333
-43.355667	 	720.000000
267.869529	 	726.666667
-66.896739	 	733.333333
15.475452	 	740.000000
-186.284259	 	746.666667
-20.080120	 	753.333333
-80.957687	 	760.000000
166.070143	 	766.666667
-49.884818	 	773.333333
257.813159	 	780.000000
-52.236755	 	786.666667
108.611116	 	793.333333
-240.360750	 	800.000000
-207.338665	 	806.666667
-149.650214	 	813.333333
506.006175	 	820.000000
76.198859	 	826.666667
26.547934	 	833.333333
-306.278097	 	840.000000
-136.581280	 	846.666667
-123.569631	 	853.333333
425.037924	 	860.000000
86.089054	 	866.666667
82.968532	 	873.333333
-438.281910	 	880.000000
-11.107144	 	886.666667
49.479598	 	893.333333
306.857163	 	900.000000
-176.753079	 	906.666667
156.091660	 	913.333333
-219.040244	 	920.000000
256.320403	 	926.666667
-208.867879	 	933.333333
-36.086660	 	940.000000
-5.821831	 	946.666667
213.694188	 	953.333333
-125.207798	 	960.000000
-6.717213	 	966.666667
-220.540607	 	973.333333
165.153636	 	980.000000
124.645806	 	986.666667
166.022728	 	993.333333
-214.553950	 	1000.000000
-46.958304	 	1006.666667
-156.902742	 	1013.333333
223.515140	 	1020.000000
109.475123	 	1026.666667
40.092123	 	1033.333333
-192.718711	 	1040.000000
100.196079	 	1046.666667
-152.890861	 	1053.333333
11.005000	 	1060.000000
18.400416	 	1066.666667
253.807285	 	1073.333333
-12.469547	 	1080.000000
-112.740915	 	1086.666667
-169.648583	 	1093.333333
133.362274	 	1100.000000
0.354945	 	1106.666667
-11.004018	 	1113.333333
70.282139	 	1120.000000
63.682170	 	1126.666667
-120.807449	 	1133.333333
-125.039614	 	1140.000000
33.491291	 	1146.666667
105.151313	 	1153.333333
39.083789	 	1160.000000
-18.168161	 	1166.666667
83.192457	 	1173.333333
-75.103430	 	1180.000000
-105.922043	 	1186.666667
-122.703247	 	1193.333333
189.957147	 	1200.000000
40.687005	 	1206.666667
112.586441	 	1213.333333
-161.057771	 	1220.000000
46.603607	 	1226.666667
-249.171876	 	1233.333333
275.819647	 	1240.000000
77.586229	 	1246.666667
180.054428	 	1253.333333
-152.604733	 	1260.000000
-33.609099	 	1266.666667
-176.515480	 	1273.333333
347.771061	 	1280.000000
-183.234047	 	1286.666667
-91.458168	 	1293.333333
-18.239144	 	1300.000000
153.952209	 	1306.666667
21.622799	 	1313.333333
56.264439	 	1320.000000
-243.299558	 	1326.666667
-27.780915	 	1333.333333
44.387406	 	1340.000000
99.014946	 	1346.666667
226.316772	 	1353.333333
-56.288895	 	1360.000000
-252.679230	 	1366.666667
74.648186	 	1373.333333
20.685184	 	1380.000000
5.129119	 	1386.666667
120.845392	 	1393.333333
88.824881	 	1400.000000
-48.490859	 	1406.666667
-118.029282	 	1413.333333
-97.472053	 	1420.000000
-45.313222	 	1426.666667
399.280301	 	1433.333333
277.367860	 	1440.000000
-244.431229	 	1446.666667
-287.405186	 	1453.333333
-144.094032	 	1460.000000
13.520728	 	1466.666667
152.742147	 	1473.333333
115.483042	 	1480.000000
158.887713	 	1486.666667
-48.143152	 	1493.333333
-126.469571	 	1500.000000
-53.237462	 	1506.666667
-38.462793	 	1513.333333
37.695241	 	1520.000000
145.797120	 	1526.666667
-75.169345	 	1533.333333
-107.692281	 	1540.000000
154.283189	 	1546.666667
72.327772	 	1553.333333
-128.945113	 	1560.000000
-112.814168	 	1566.666667
-2.510451	 	1573.333333
190.305985	 	1580.000000
70.591270	 	1586.666667
-71.751611	 	1593.333333
-92.751828	 	1600.000000
-98.123644	 	1606.666667
-28.813140	 	1613.333333
229.083362	 	1620.000000
116.783293	 	1626.666667
4.129249	 	1633.333333
-127.442335	 	1640.000000
-144.043115	 	1646.666667
-104.333661	 	1653.333333
177.519999	 	1660.000000
220.735521	 	1666.666667
-140.951147	 	1673.333333
-219.191228	 	1680.000000
214.592689	 	1686.666667
-45.941641	 	1693.333333
-95.538971	 	1700.000000
150.287418	 	1706.666667
46.549362	 	1713.333333
-3.544918	 	1720.000000
-37.631435	 	1726.666667
-158.442255	 	1733.333333
-49.733419	 	1740.000000
211.298382	 	1746.666667
-46.666800	 	1753.333333
32.700674	 	1760.000000
41.615441	 	1766.666667
-38.202947	 	1773.333333
106.271394	 	1780.000000
-78.718376	 	1786.666667
-149.405716	 	1793.333333
79.970131	 	1800.000000
-92.849480	 	1806.666667
57.945065	 	1813.333333
227.812436	 	1820.000000
-123.979442	 	1826.666667
-263.209388	 	1833.333333
137.902486	 	1840.000000
227.729619	 	1846.666667
71.873134	 	1853.333333
-114.025135	 	1860.000000
-144.636209	 	1866.666667
-47.611653	 	1873.333333
-76.068878	 	1880.000000
179.618036	 	1886.666667
103.778917	 	1893.333333
-34.470254	 	1900.000000
-154.471264	 	1906.666667
41.800899	 	1913.333333
-25.264002	 	1920.000000
206.538017	 	1926.666667
-26.255479	 	1933.333333
-45.301906	 	1940.000000
-298.690733	 	1946.666667
173.564534	 	1953.333333
-28.968276	 	1960.000000
71.626556	 	1966.666667
-14.228377	 	1973.333333
234.621720	 	1980.000000
-141.635767	 	1986.666667
75.049428	 	1993.333333
-290.355897	 	2000.000000
6.004158	 	2006.666667
149.655394	 	2013.333333
276.474564	 	2020.000000
-53.679264	 	2026.666667
-71.208070	 	2033.333333
-244.858165	 	2040.000000
-20.014172	 	2046.666667
187.481002	 	2053.333333
31.534563	 	2060.000000
57.858509	 	2066.666667
36.443327	 	2073.333333
-201.956706	 	2080.000000
-137.302571	 	2086.666667
83.419870	 	2093.333333
40.756503	 	2100.000000
184.355918	 	2106.666667
57.681394	 	2113.333333
-120.687321	 	2120.000000
43.849597	 	2126.666667
-89.323028	 	2133.333333
-178.461782	 	2140.000000
260.640079	 	2146.666667
71.819106	 	2153.333333
-66.466825	 	2160.000000
-173.811646	 	2166.666667
-4.138039	 	2173.333333
19.708777	 	2180.000000
368.721277	 	2186.666667
-264.723669	 	2193.333333
-121.550819	 	2200.000000
42.025803	 	2206.666667
80.734383	 	2213.333333
-151.630631	 	2220.000000
256.507120	 	2226.666667
-33.827525	 	2233.333333
233.443765	 	2240.000000
-263.930605	 	2246.666667
-284.943385	 	2253.333333
-172.383234	 	2260.000000
538.169766	 	2266.666667
-45.610041	 	2273.333333
299.889711	 	2280.000000
-303.096642	 	2286.666667
-232.532193	 	2293.333333
-149.010482	 	2300.000000
399.786810	 	2306.666667
-58.953203	 	2313.333333
160.616182	 	2320.000000
-229.888165	 	2326.666667
20.501344	 	2333.333333
-194.787137	 	2340.000000
188.333503	 	2346.666667
-72.630244	 	2353.333333
265.553925	 	2360.000000
-9.357785	 	2366.666667
42.834308	 	2373.333333
-211.870133	 	2380.000000
-50.125310	 	2386.666667
-259.947194	 	2393.333333
259.956480	 	2400.000000
145.618553	 	2406.666667
236.209749	 	2413.333333
-149.927015	 	2420.000000
-207.115521	 	2426.666667
-127.752508	 	2433.333333
129.865238	 	2440.000000
153.422407	 	2446.666667
197.867506	 	2453.333333
-100.455929	 	2460.000000
-245.325861	 	2466.666667
-68.870963	 	2473.333333
-66.578743	 	2480.000000
167.476132	 	2486.666667
262.041986	 	2493.333333
-39.406471	 	2500.000000
-56.088836	 	2506.666667
-198.736871	 	2513.333333
-43.308205	 	2520.000000
133.304683	 	2526.666667
217.936765	 	2533.333333
40.972746	 	2540.000000
-159.887052	 	2546.666667
-225.581149	 	2553.333333
-23.127314	 	2560.000000
150.213607	 	2566.666667
276.662846	 	2573.333333
11.941015	 	2580.000000
-235.012352	 	2586.666667
-172.116018	 	2593.333333
23.028188	 	2600.000000
84.939099	 	2606.666667
291.627708	 	2613.333333
-87.388483	 	2620.000000
-227.118932	 	2626.666667
25.050461	 	2633.333333
51.895282	 	2640.000000
-18.250880	 	2646.666667
98.671920	 	2653.333333
-75.190469	 	2660.000000
-16.434704	 	2666.666667
118.698640	 	2673.333333
-18.555087	 	2680.000000
-105.219403	 	2686.666667
35.651218	 	2693.333333
-7.428942	 	2700.000000
26.841942	 	2706.666667
16.759146	 	2713.333333
-43.125934	 	2720.000000
42.315994	 	2726.666667
138.070871	 	2733.333333
-123.394524	 	2740.000000
-63.521130	 	2746.666667
-89.176566	 	2753.333333
43.972477	 	2760.000000
76.855244	 	2766.666667
202.451386	 	2773.333333
-87.656953	 	2780.000000
-94.255652	 	2786.666667
-118.216788	 	2793.333333
11.917279	 	2800.000000
79.088469	 	2806.666667
65.422341	 	2813.333333
-165.730105	 	2820.000000
203.862508	 	2826.666667
35.713781	 	2833.333333
16.622522	 	2840.000000
-200.176622	 	2846.666667
-68.681193	 	2853.333333
-20.370292	 	2860.000000
326.696608	 	2866.666667
-10.473593	 	2873.333333
-96.849527	 	2880.000000
-202.441394	 	2886.666667
-4.144420	 	2893.333333
175.406562	 	2900.000000
105.793015	 	2906.666667
22.764312	 	2913.333333
-93.278488	 	2920.000000
48.824827	 	2926.666667
-39.004954	 	2933.333333
127.107090	 	2940.000000
-231.500998	 	2946.666667
-129.810804	 	2953.333333
25.290018	 	2960.000000
364.420052	 	2966.666667
-21.924718	 	2973.333333
84.102768	 	2980.000000
-237.015614	 	2986.666667
-133.855919	 	2993.333333
2.469333	 	3000.000000
175.567630	 	3006.666667
-60.908395	 	3013.333333
35.166096	 	3020.000000
85.241366	 	3026.666667
-36.098985	 	3033.333333
-192.619448	 	3040.000000
-57.254444	 	3046.666667
183.688322	 	3053.333333
299.620948	 	3060.000000
-179.520455	 	3066.666667
-164.330768	 	3073.333333
-28.963960	 	3080.000000
223.260411	 	3086.666667
4.087430	 	3093.333333
-80.212643	 	3100.000000
-88.382476	 	3106.666667
128.381901	 	3113.333333
-11.297749	 	3120.000000
-184.409493	 	3126.666667
11.293421	 	3133.333333
86.630187	 	3140.000000
184.789577	 	3146.666667
-43.137655	 	3153.333333
5.835888	 	3160.000000
-171.870013	 	3166.666667
-91.851771	 	3173.333333
-74.642731	 	3180.000000
408.265943	 	3186.666667
-45.022746	 	3193.333333
88.015217	 	3200.000000
-158.566261	 	3206.666667
-151.970644	 	3213.333333
-131.560543	 	3220.000000
253.894110	 	3226.666667
84.758335	 	3233.333333
57.140378	 	3240.000000
-186.817455	 	3246.666667
-63.073832	 	3253.333333
-50.062181	 	3260.000000
200.541300	 	3266.666667
62.501525	 	3273.333333
-15.206698	 	3280.000000
-126.829680	 	3286.666667
-16.003843	 	3293.333333
-81.015618	 	3300.000000
60.750962	 	3306.666667
14.454662	 	3313.333333
90.440447	 	3320.000000
115.473582	 	3326.666667
7.380559	 	3333.333333
-125.494536	 	3340.000000
-120.175675	 	3346.666667
-88.847709	 	3353.333333
142.751556	 	3360.000000
40.252685	 	3366.666667
-10.269767	 	3373.333333
35.486512	 	3380.000000
188.554984	 	3386.666667
31.617665	 	3393.333333
-269.865360	 	3400.000000
-251.446295	 	3406.666667
137.195765	 	3413.333333
143.864021	 	3420.000000
77.973639	 	3426.666667
21.441315	 	3433.333333
-102.329678	 	3440.000000
-160.685479	 	3446.666667
81.056104	 	3453.333333
87.219578	 	3460.000000
120.492767	 	3466.666667
0.138924	 	3473.333333
-62.859535	 	3480.000000
-166.598654	 	3486.666667
83.939563	 	3493.333333
113.832090	 	3500.000000
-5.944011	 	3506.666667
20.976347	 	3513.333333
-36.557555	 	3520.000000
-58.445874	 	3526.666667
55.843515	 	3533.333333
55.287557	 	3540.000000
-48.806248	 	3546.666667
-82.759923	 	3553.333333
93.066645	 	3560.000000
187.308418	 	3566.666667
-155.084303	 	3573.333333
-153.142825	 	3580.000000
-68.785385	 	3586.666667
77.149553	 	3593.333333
184.747921	 	3600.000000
108.118908	 	3606.666667
-181.177015	 	3613.333333
-133.652685	 	3620.000000
-53.043604	 	3626.666667
153.232863	 	3633.333333
87.360683	 	3640.000000
117.722516	 	3646.666667
-149.209746	 	3653.333333
-4.952115	 	3660.000000
52.863440	 	3666.666667
23.636193	 	3673.333333
-185.266004	 	3680.000000
-136.420999	 	3686.666667
158.328224	 	3693.333333
212.846059	 	3700.000000
52.258253	 	3706.666667
-219.370135	 	3713.333333
-94.853746	 	3720.000000
-44.561938	 	3726.666667
230.659726	 	3733.333333
37.589334	 	3740.000000
39.117436	 	3746.666667
-188.704821	 	3753.333333
76.512763	 	3760.000000
-38.167002	 	3766.666667
-110.279441	 	3773.333333
-79.341786	 	3780.000000
288.110348	 	3786.666667
-49.510403	 	3793.333333
45.682066	 	3800.000000
-39.750644	 	3806.666667
13.559436	 	3813.333333
-77.320428	 	3820.000000
-219.003207	 	3826.666667
-23.427019	 	3833.333333
347.744436	 	3840.000000
112.519986	 	3846.666667
-115.328220	 	3853.333333
-204.005948	 	3860.000000
-38.564548	 	3866.666667
68.382514	 	3873.333333
217.094299	 	3880.000000
-9.925949	 	3886.666667
-35.651815	 	3893.333333
-138.553810	 	3900.000000
29.712641	 	3906.666667
-7.183636	 	3913.333333
76.647624	 	3920.000000
-78.585933	 	3926.666667
40.346482	 	3933.333333
-11.818857	 	3940.000000
149.111564	 	3946.666667
-137.118122	 	3953.333333
19.713115	 	3960.000000
-4.634055	 	3966.666667
76.808325	 	3973.333333
-172.439322	 	3980.000000
-30.598508	 	3986.666667
-59.030131	 	3993.333333
306.382587	 	4000.000000
19.685971	 	4006.666667
20.784252	 	4013.333333
-278.596516	 	4020.000000
74.645522	 	4026.666667
-35.697423	 	4033.333333
121.859851	 	4040.000000
-130.170887	 	4046.666667
150.405032	 	4053.333333
-157.196803	 	4060.000000
136.916385	 	4066.666667
36.672611	 	4073.333333
60.880075	 	4080.000000
-192.282252	 	4086.666667
-96.465975	 	4093.333333
36.128865	 	4100.000000
208.244442	 	4106.666667
69.769190	 	4113.333333
-106.095834	 	4120.000000
-112.413328	 	4126.666667
-154.116254	 	4133.333333
-15.794283	 	4140.000000
200.814747	 	4146.666667
119.714387	 	4153.333333
83.044035	 	4160.000000
-134.186967	 	4166.666667
-212.373720	 	4173.333333
-113.824588	 	4180.000000
239.321869	 	4186.666667
164.834122	 	4193.333333
100.861889	 	4200.000000
-219.442987	 	4206.666667
-41.164292	 	4213.333333
-30.075104	 	4220.000000
-15.522674	 	4226.666667
-58.133275	 	4233.333333
30.294233	 	4240.000000
106.799986	 	4246.666667
71.311058	 	4253.333333
53.971167	 	4260.000000
-188.967099	 	4266.666667
23.002820	 	4273.333333
39.127573	 	4280.000000
22.941797	 	4286.666667
-11.336154	 	4293.333333
39.784342	 	4300.000000
-176.952112	 	4306.666667
-95.135043	 	4313.333333
90.078501	 	4320.000000
305.503979	 	4326.666667
99.371527	 	4333.333333
-181.456581	 	4340.000000
-156.492817	 	4346.666667
-85.983723	 	4353.333333
-75.786691	 	4360.000000
224.018341	 	4366.666667
180.091204	 	4373.333333
-57.602156	 	4380.000000
-43.674305	 	4386.666667
-203.125961	 	4393.333333
-26.745888	 	4400.000000
298.036745	 	4406.666667
202.171966	 	4413.333333
-42.585762	 	4420.000000
-11.848593	 	4426.666667
-121.210027	 	4433.333333
-134.506838	 	4440.000000
120.515380	 	4446.666667
-0.397049	 	4453.333333
-29.215527	 	4460.000000
51.133652	 	4466.666667
57.451119	 	4473.333333
21.641517	 	4480.000000
-86.831480	 	4486.666667
-12.229797	 	4493.333333
110.547266	 	4500.000000
-28.098636	 	4506.666667
-149.347652	 	4513.333333
114.789105	 	4520.000000
53.505387	 	4526.666667
-83.378353	 	4533.333333
-87.624079	 	4540.000000
11.530764	 	4546.666667
273.852704	 	4553.333333
161.057718	 	4560.000000
-164.800246	 	4566.666667
-339.754464	 	4573.333333
-123.596245	 	4580.000000
132.194093	 	4586.666667
443.377268	 	4593.333333
-25.087828	 	4600.000000
-184.176636	 	4606.666667
-280.524860	 	4613.333333
130.534507	 	4620.000000
19.592634	 	4626.666667
22.556870	 	4633.333333
250.534458	 	4640.000000
133.992462	 	4646.666667
-191.682231	 	4653.333333
-230.380253	 	4660.000000
-180.608495	 	4666.666667
206.515246	 	4673.333333
-47.676073	 	4680.000000
213.525250	 	4686.666667
119.042421	 	4693.333333
102.347057	 	4700.000000
-229.041509	 	4706.666667
-254.562539	 	4713.333333
-261.604174	 	4720.000000
280.723737	 	4726.666667
228.386721	 	4733.333333
254.646941	 	4740.000000
-89.735369	 	4746.666667
-303.033700	 	4753.333333
-218.952736	 	4760.000000
438.725420	 	4766.666667
-137.401590	 	4773.333333
-0.580534	 	4780.000000
-9.844968	 	4786.666667
97.396666	 	4793.333333
-62.279233	 	4800.000000
18.975030	 	4806.666667
-187.848542	 	4813.333333
279.172179	 	4820.000000
-37.358343	 	4826.666667
-254.035147	 	4833.333333
-48.863012	 	4840.000000
330.272575	 	4846.666667
-138.901769	 	4853.333333
-36.611865	 	4860.000000
23.229113	 	4866.666667
314.645242	 	4873.333333
-293.387093	 	4880.000000
-189.993813	 	4886.666667
-62.689089	 	4893.333333
425.238111	 	4900.000000
166.332252	 	4906.666667
-120.814375	 	4913.333333
-178.260502	 	4920.000000
-218.340177	 	4926.666667
-248.307974	 	4933.333333
479.739214	 	4940.000000
263.461158	 	4946.666667
-126.626175	 	4953.333333
-14.463986	 	4960.000000
-158.595482	 	4966.666667
-82.233063	 	4973.333333
-4.891430	 	4980.000000
163.383855	 	4986.666667
33.118505	 	4993.333333
-53.705625	 	5000.000000
-187.887886	 	5006.666667
337.212414	 	5013.333333
47.355527	 	5020.000000
-112.597854	 	5026.666667
-75.687647	 	5033.333333
-72.597071	 	5040.000000
50.629279	 	5046.666667
36.982609	 	5053.333333
-108.318804	 	5060.000000
-51.231980	 	5066.666667
242.134768	 	5073.333333
-32.900596	 	5080.000000
66.597293	 	5086.666667
61.218734	 	5093.333333
-61.688517	 	5100.000000
-537.818614	 	5106.666667
258.626020	 	5113.333333
178.043343	 	5120.000000
14.523604	 	5126.666667
-151.699308	 	5133.333333
229.274953	 	5140.000000
-17.026611	 	5146.666667
-52.782574	 	5153.333333
-131.653473	 	5160.000000
185.069186	 	5166.666667
-9.065705	 	5173.333333
-126.023977	 	5180.000000
-203.928803	 	5186.666667
273.366033	 	5193.333333
175.474770	 	5200.000000
-144.365999	 	5206.666667
-260.141954	 	5213.333333
117.321187	 	5220.000000
314.007249	 	5226.666667
-94.491194	 	5233.333333
-192.259060	 	5240.000000
-16.049364	 	5246.666667
-155.904952	 	5253.333333
71.514642	 	5260.000000
213.865179	 	5266.666667
184.950243	 	5273.333333
-101.914671	 	5280.000000
-51.428953	 	5286.666667
-193.995408	 	5293.333333
10.222418	 	5300.000000
20.494436	 	5306.666667
107.046686	 	5313.333333
70.266533	 	5320.000000
88.368047	 	5326.666667
-73.559229	 	5333.333333
-90.447130	 	5340.000000
-198.142142	 	5346.666667
12.856695	 	5353.333333
313.187662	 	5360.000000
106.817545	 	5366.666667
-432.183343	 	5373.333333
-119.070081	 	5380.000000
742.299245	 	5386.666667
970.808937	 	5393.333333
1397.623918	 	5400.000000
2564.499980	 	5406.666667
6380.947958	 	5413.333333
21740.201058	 	5420.000000
12854.812608	 	5426.666667
1911.088493	 	5433.333333
1170.518730	 	5440.000000
6068.033276	 	5446.666667
20637.324308	 	5453.333333
20486.379585	 	5460.000000
8691.420723	 	5466.666667
1159.897525	 	5473.333333
-600.760201	 	5480.000000
-745.829616	 	5486.666667
360.006707	 	5493.333333
4405.663834	 	5500.000000
6993.643710	 	5506.666667
2017.978215	 	5513.333333
302.715031	 	5520.000000
-58.284430	 	5526.666667
1140.805384	 	5533.333333
3366.597684	 	5540.000000
3862.148170	 	5546.666667
1658.768192	 	5553.333333
1505.289219	 	5560.000000
2087.101980	 	5566.666667
3023.957913	 	5573.333333
2438.441682	 	5580.000000
1953.269478	 	5586.666667
1399.130740	 	5593.333333
1375.376334	 	5600.000000
2046.586996	 	5606.666667
2598.360138	 	5613.333333
2052.747681	 	5620.000000
1973.094028	 	5626.666667
3055.771665	 	5633.333333
2640.432879	 	5640.000000
1974.049652	 	5646.666667
1467.782844	 	5653.333333
1333.575696	 	5660.000000
1538.491448	 	5666.666667
2306.699683	 	5673.333333
2148.646357	 	5680.000000
1545.965490	 	5686.666667
1408.417137	 	5693.333333
2185.465180	 	5700.000000
2618.533003	 	5706.666667
2554.319095	 	5713.333333
1589.008121	 	5720.000000
1221.439846	 	5726.666667
1158.172561	 	5733.333333
1905.508738	 	5740.000000
2071.374374	 	5746.666667
2812.860675	 	5753.333333
2981.759265	 	5760.000000
2678.320794	 	5766.666667
1255.937953	 	5773.333333
1105.984382	 	5780.000000
1270.325743	 	5786.666667
2350.818946	 	5793.333333
2068.423872	 	5800.000000
1684.108923	 	5806.666667
1559.291148	 	5813.333333
2182.642778	 	5820.000000
1586.276266	 	5826.666667
1698.595210	 	5833.333333
1611.463509	 	5840.000000
1677.874089	 	5846.666667
1160.707790	 	5853.333333
1255.208154	 	5860.000000
1765.202298	 	5866.666667
3028.472167	 	5873.333333
2258.079295	 	5880.000000
1360.979534	 	5886.666667
758.345582	 	5893.333333
920.463342	 	5900.000000
1269.581472	 	5906.666667
2639.887214	 	5913.333333
2264.327203	 	5920.000000
1392.617982	 	5926.666667
749.422160	 	5933.333333
1062.002767	 	5940.000000
1231.951053	 	5946.666667
1953.556215	 	5953.333333
1630.826672	 	5960.000000
1234.877779	 	5966.666667
1287.948078	 	5973.333333
1757.821460	 	5980.000000
1321.987303	 	5986.666667
1083.200243	 	5993.333333
1571.039660	 	6000.000000
2037.463639	 	6006.666667
1627.321248	 	6013.333333
1031.859193	 	6020.000000
863.918235	 	6026.666667
1089.186858	 	6033.333333
1474.545260	 	6040.000000
1384.878520	 	6046.666667
1268.778180	 	6053.333333
1049.716940	 	6060.000000
1128.869237	 	6066.666667
1451.865110	 	6073.333333
1140.594711	 	6080.000000
1035.243851	 	6086.666667
1185.393101	 	6093.333333
1144.751864	 	6100.000000
1040.333518	 	6106.666667
1456.090873	 	6113.333333
1324.797146	 	6120.000000
1263.829914	 	6126.666667
1337.745357	 	6133.333333
1506.248956	 	6140.000000
1222.105765	 	6146.666667
881.673518	 	6153.333333
637.510926	 	6160.000000
853.003753	 	6166.666667
1183.030977	 	6173.333333
1143.673017	 	6180.000000
1199.988729	 	6186.666667
1047.614208	 	6193.333333
1288.132900	 	6200.000000
993.572152	 	6206.666667
1001.632489	 	6213.333333
719.210745	 	6220.000000
885.414374	 	6226.666667
914.772524	 	6233.333333
988.819543	 	6240.000000
1060.877238	 	6246.666667
1113.580888	 	6253.333333
1053.135699	 	6260.000000
916.274469	 	6266.666667
667.984143	 	6273.333333
858.343355	 	6280.000000
1033.979829	 	6286.666667
917.266887	 	6293.333333
978.678601	 	6300.000000
977.246762	 	6306.666667
1129.513174	 	6313.333333
979.656092	 	6320.000000
649.336916	 	6326.666667
675.330943	 	6333.333333
964.938953	 	6340.000000
804.427933	 	6346.666667
769.056129	 	6353.333333
954.084700	 	6360.000000
565.856411	 	6366.666667
773.106063	 	6373.333333
864.405616	 	6380.000000
731.447077	 	6386.666667
803.071733	 	6393.333333
933.292866	 	6400.000000
597.838715	 	6406.666667
864.134566	 	6413.333333
1133.183434	 	6420.000000
561.728819	 	6426.666667
376.966691	 	6433.333333
605.116985	 	6440.000000
886.143407	 	6446.666667
820.713400	 	6453.333333
693.452740	 	6460.000000
505.513053	 	6466.666667
604.138490	 	6473.333333
794.452593	 	6480.000000
658.536645	 	6486.666667
582.541986	 	6493.333333
303.724606	 	6500.000000
548.248720	 	6506.666667
819.050557	 	6513.333333
960.950246	 	6520.000000
215.885734	 	6526.666667
439.676961	 	6533.333333
353.496162	 	6540.000000
872.360313	 	6546.666667
902.150159	 	6553.333333
799.074472	 	6560.000000
200.561858	 	6566.666667
503.732268	 	6573.333333
625.026375	 	6580.000000
804.571241	 	6586.666667
516.184664	 	6593.333333
303.571137	 	6600.000000
257.848820	 	6606.666667
885.143619	 	6613.333333
952.124750	 	6620.000000
810.942321	 	6626.666667
324.360411	 	6633.333333
158.721245	 	6640.000000
293.390656	 	6646.666667
647.812688	 	6653.333333
646.147210	 	6660.000000
480.545190	 	6666.666667
336.649980	 	6673.333333
554.259604	 	6680.000000
989.113734	 	6686.666667
479.627035	 	6693.333333
211.989044	 	6700.000000
628.659326	 	6706.666667
616.899065	 	6713.333333
265.728332	 	6720.000000
489.465989	 	6726.666667
428.557649	 	6733.333333
357.397117	 	6740.000000
531.853554	 	6746.666667
374.885785	 	6753.333333
114.738312	 	6760.000000
560.387229	 	6766.666667
478.886556	 	6773.333333
564.257150	 	6780.000000
660.664104	 	6786.666667
455.261743	 	6793.333333
152.860888	 	6800.000000
349.802705	 	6806.666667
215.081458	 	6813.333333
473.577426	 	6820.000000
476.811624	 	6826.666667
777.914319	 	6833.333333
566.209168	 	6840.000000
239.197482	 	6846.666667
1.677320	 	6853.333333
558.403977	 	6860.000000
330.129010	 	6866.666667
276.555139	 	6873.333333
456.260126	 	6880.000000
466.155580	 	6886.666667
253.706791	 	6893.333333
579.713135	 	6900.000000
316.488293	 	6906.666667
159.915096	 	6913.333333
288.909931	 	6920.000000
571.662062	 	6926.666667
218.912335	 	6933.333333
109.874748	 	6940.000000
218.244064	 	6946.666667
573.293967	 	6953.333333
244.573379	 	6960.000000
447.591785	 	6966.666667
273.652011	 	6973.333333
282.524599	 	6980.000000
135.887459	 	6986.666667
589.418823	 	6993.333333
202.422483	 	7000.000000
254.637678	 	7006.666667
335.656357	 	7013.333333
602.043134	 	7020.000000
112.625246	 	7026.666667
173.302729	 	7033.333333
341.149625	 	7040.000000
196.287842	 	7046.666667
211.145122	 	7053.333333
262.889897	 	7060.000000
225.612082	 	7066.666667
107.443644	 	7073.333333
276.319509	 	7080.000000
317.926135	 	7086.666667
238.953613	 	7093.333333
318.941567	 	7100.000000
412.135300	 	7106.666667
240.876660	 	7113.333333
244.772988	 	7120.000000
180.533508	 	7126.666667
347.533638	 	7133.333333
93.704853	 	7140.000000
186.129779	 	7146.666667
339.092243	 	7153.333333
565.025086	 	7160.000000
-31.412614	 	7166.666667
209.964115	 	7173.333333
192.299232	 	7180.000000
385.012786	 	7186.666667
279.212089	 	7193.333333
235.244754	 	7200.000000
-120.238010	 	7206.666667
112.490309	 	7213.333333
221.187481	 	7220.000000
356.990082	 	7226.666667
120.258484	 	7233.333333
229.341348	 	7240.000000
74.738877	 	7246.666667
254.440450	 	7253.333333
228.874383	 	7260.000000
540.874487	 	7266.666667
254.933581	 	7273.333333
-0.954605	 	7280.000000
-163.474539	 	7286.666667
135.511082	 	7293.333333
174.571923	 	7300.000000
460.439222	 	7306.666667
159.735198	 	7313.333333
149.459424	 	7320.000000
163.046630	 	7326.666667
102.667817	 	7333.333333
14.312490	 	7340.000000
188.375288	 	7346.666667
480.352772	 	7353.333333
535.683984	 	7360.000000
-15.258585	 	7366.666667
-145.539957	 	7373.333333
4.586746	 	7380.000000
285.647336	 	7386.666667
372.046764	 	7393.333333
136.864319	 	7400.000000
26.241355	 	7406.666667
142.898788	 	7413.333333
272.457326	 	7420.000000
241.942954	 	7426.666667
91.085215	 	7433.333333
-137.430556	 	7440.000000
66.559414	 	7446.666667
-5.351096	 	7453.333333
394.668283	 	7460.000000
263.897209	 	7466.666667
47.588585	 	7473.333333
-163.347189	 	7480.000000
170.425450	 	7486.666667
247.124002	 	7493.333333
346.938293	 	7500.000000
39.886930	 	7506.666667
41.258414	 	7513.333333
-75.022463	 	7520.000000
137.664256	 	7526.666667
186.260657	 	7533.333333
158.668664	 	7540.000000
8.212820	 	7546.666667
108.474835	 	7553.333333
141.710232	 	7560.000000
125.476110	 	7566.666667
98.956478	 	7573.333333
120.984610	 	7580.000000
97.642138	 	7586.666667
135.265346	 	7593.333333
13.061048	 	7600.000000
60.522287	 	7606.666667
104.079054	 	7613.333333
252.812239	 	7620.000000
61.282505	 	7626.666667
127.149664	 	7633.333333
-172.850389	 	7640.000000
58.626104	 	7646.666667
213.107680	 	7653.333333
93.417983	 	7660.000000
224.669012	 	7666.666667
370.729466	 	7673.333333
2.380268	 	7680.000000
-139.697707	 	7686.666667
-41.028385	 	7693.333333
130.194246	 	7700.000000
432.090241	 	7706.666667
107.698152	 	7713.333333
-221.058565	 	7720.000000
-111.110763	 	7726.666667
117.277316	 	7733.333333
77.503223	 	7740.000000
282.547743	 	7746.666667
144.399412	 	7753.333333
-12.261054	 	7760.000000
-12.865213	 	7766.666667
-77.726870	 	7773.333333
-30.524992	 	7780.000000
248.642833	 	7786.666667
203.975143	 	7793.333333
162.853638	 	7800.000000
-35.642858	 	7806.666667
30.085616	 	7813.333333
-49.521485	 	7820.000000
133.274230	 	7826.666667
35.509016	 	7833.333333
151.953101	 	7840.000000
-117.733134	 	7846.666667
184.558244	 	7853.333333
70.207923	 	7860.000000
109.704548	 	7866.666667
-12.636816	 	7873.333333
186.618528	 	7880.000000
-45.322639	 	7886.666667
-94.671239	 	7893.333333
62.941465	 	7900.000000
313.396370	 	7906.666667
-13.146872	 	7913.333333
-32.159164	 	7920.000000
-80.287946	 	7926.666667
117.026401	 	7933.333333
271.358611	 	7940.000000
139.571890	 	7946.666667
-71.584727	 	7953.333333
80.476148	 	7960.000000
-18.089055	 	7966.666667
-97.424833	 	7973.333333
74.441518	 	7980.000000
21.517654	 	7986.666667
121.049158	 	7993.333333
213.863414	 	8000.000000
96.233616	 	8006.666667
-47.363426	 	8013.333333
78.599043	 	8020.000000
-141.909216	 	8026.666667
79.484956	 	8033.333333
229.283416	 	8040.000000
69.719803	 	8046.666667
-57.139481	 	8053.333333
-67.043834	 	8060.000000
-86.826320	 	8066.666667
69.683981	 	8073.333333
185.624551	 	8080.000000
76.013159	 	8086.666667
84.434262	 	8093.333333
-89.155633	 	8100.000000
-33.576515	 	8106.666667
185.291805	 	8113.333333
275.018336	 	8120.000000
-10.115095	 	8126.666667
-157.808035	 	8133.333333
-127.604927	 	8140.000000
-113.144652	 	8146.666667
179.607052	 	8153.333333
248.257789	 	8160.000000
281.215723	 	8166.666667
241.946151	 	8173.333333
-325.939965	 	8180.000000
-437.689544	 	8186.666667
-57.712691	 	8193.333333
372.591433	 	8200.000000
465.069478	 	8206.666667
111.261765	 	8213.333333
-191.710986	 	8220.000000
-228.376030	 	8226.666667
-93.429428	 	8233.333333
89.594304	 	8240.000000
140.491707	 	8246.666667
70.284565	 	8253.333333
124.991981	 	8260.000000
109.241737	 	8266.666667
-73.988716	 	8273.333333
-68.582146	 	8280.000000
-102.372088	 	8286.666667
56.435255	 	8293.333333
208.573235	 	8300.000000
133.763632	 	8306.666667
-134.166589	 	8313.333333
10.038763	 	8320.000000
8.212859	 	8326.666667
166.289589	 	8333.333333
68.663895	 	8340.000000
180.301840	 	8346.666667
101.362115	 	8353.333333
-135.948479	 	8360.000000
-135.993136	 	8366.666667
163.848650	 	8373.333333
105.340138	 	8380.000000
-14.856335	 	8386.666667
-3.386513	 	8393.333333
108.092181	 	8400.000000
-186.690133	 	8406.666667
103.899249	 	8413.333333
4.315804	 	8420.000000
120.377787	 	8426.666667
-72.328326	 	8433.333333
119.703243	 	8440.000000
-97.961572	 	8446.666667
295.361715	 	8453.333333
24.963462	 	8460.000000
-38.110751	 	8466.666667
-76.220815	 	8473.333333
85.909902	 	8480.000000
-201.198911	 	8486.666667
-95.517689	 	8493.333333
146.935180	 	8500.000000
330.004838	 	8506.666667
-90.443833	 	8513.333333
-75.368048	 	8520.000000
-76.600943	 	8526.666667
112.163150	 	8533.333333
18.170491	 	8540.000000
-41.746352	 	8546.666667
-86.364660	 	8553.333333
142.161722	 	8560.000000
-51.348780	 	8566.666667
132.275932	 	8573.333333
-4.788489	 	8580.000000
16.901126	 	8586.666667
-77.816952	 	8593.333333
10.762900	 	8600.000000
-123.972077	 	8606.666667
258.750582	 	8613.333333
1.092746	 	8620.000000
27.420703	 	8626.666667
-125.890042	 	8633.333333
-46.174578	 	8640.000000
121.865205	 	8646.666667
92.874202	 	8653.333333
-71.320432	 	8660.000000
-32.997655	 	8666.666667
10.956342	 	8673.333333
-52.099126	 	8680.000000
92.486192	 	8686.666667
-123.824994	 	8693.333333
103.514468	 	8700.000000
174.333748	 	8706.666667
10.197533	 	8713.333333
-89.965898	 	8720.000000
-113.898377	 	8726.666667
52.175680	 	8733.333333
37.004477	 	8740.000000
50.427000	 	8746.666667
2.591963	 	8753.333333
124.796984	 	8760.000000
66.102596	 	8766.666667
121.556453	 	8773.333333
-113.918414	 	8780.000000
-54.053045	 	8786.666667
-73.512952	 	8793.333333
32.237548	 	8800.000000
145.730879	 	8806.666667
-36.821950	 	8813.333333
-176.661011	 	8820.000000
30.179738	 	8826.666667
125.654997	 	8833.333333
76.963910	 	8840.000000
0.125033	 	8846.666667
-16.717214	 	8853.333333
-53.119261	 	8860.000000
31.769819	 	8866.666667
-82.041621	 	8873.333333
96.765763	 	8880.000000
159.217194	 	8886.666667
-237.481217	 	8893.333333
-55.273740	 	8900.000000
10.425502	 	8906.666667
277.099925	 	8913.333333
-51.712665	 	8920.000000
-22.437183	 	8926.666667
-221.933254	 	8933.333333
63.677880	 	8940.000000
11.320664	 	8946.666667
146.023566	 	8953.333333
45.316654	 	8960.000000
27.791565	 	8966.666667
-138.069385	 	8973.333333
32.846935	 	8980.000000
-32.335177	 	8986.666667
-70.519215	 	8993.333333
11.777238	 	9000.000000
109.272471	 	9006.666667
34.380443	 	9013.333333
196.565723	 	9020.000000
-107.259100	 	9026.666667
-220.911349	 	9033.333333
-42.072637	 	9040.000000
202.334622	 	9046.666667
86.917361	 	9053.333333
11.763687	 	9060.000000
-104.441828	 	9066.666667
-67.920197	 	9073.333333
59.631931	 	9080.000000
118.307308	 	9086.666667
-34.009615	 	9093.333333
-107.597406	 	9100.000000
143.922270	 	9106.666667
244.339844	 	9113.333333
-120.642160	 	9120.000000
-123.810186	 	9126.666667
3.397313	 	9133.333333
103.084985	 	9140.000000
-60.736437	 	9146.666667
-113.316313	 	9153.333333
-3.221501	 	9160.000000
99.323546	 	9166.666667
33.731517	 	9173.333333
65.990554	 	9180.000000
178.601691	 	9186.666667
-32.330066	 	9193.333333
-94.976408	 	9200.000000
-213.551742	 	9206.666667
24.088402	 	9213.333333
416.819894	 	9220.000000
12.963573	 	9226.666667
-190.981129	 	9233.333333
-183.712231	 	9240.000000
87.327825	 	9246.666667
117.029129	 	9253.333333
51.460630	 	9260.000000
0.933657	 	9266.666667
-114.285126	 	9273.333333
-110.393843	 	9280.000000
-55.333009	 	9286.666667
186.494226	 	9293.333333
28.364454	 	9300.000000
29.928133	 	9306.666667
-83.279315	 	9313.333333
-22.436288	 	9320.000000
-104.714177	 	9326.666667
152.074827	 	9333.333333
42.882295	 	9340.000000
69.318228	 	9346.666667
-240.885855	 	9353.333333
4.486301	 	9360.000000
103.478831	 	9366.666667
304.363468	 	9373.333333
-91.017391	 	9380.000000
-31.720582	 	9386.666667
-332.682407	 	9393.333333
16.488749	 	9400.000000
196.154154	 	9406.666667
473.106878	 	9413.333333
-104.612875	 	9420.000000
-215.431549	 	9426.666667
-299.430087	 	9433.333333
72.291563	 	9440.000000
57.198443	 	9446.666667
283.229845	 	9453.333333
-149.061653	 	9460.000000
15.152601	 	9466.666667
-42.346143	 	9473.333333
-126.095709	 	9480.000000
-102.444156	 	9486.666667
346.930287	 	9493.333333
-49.259599	 	9500.000000
13.508216	 	9506.666667
-108.509553	 	9513.333333
38.024990	 	9520.000000
-20.358030	 	9526.666667
194.238455	 	9533.333333
-50.966882	 	9540.000000
84.247427	 	9546.666667
-87.942363	 	9553.333333
9.459834	 	9560.000000
68.435118	 	9566.666667
-6.620503	 	9573.333333
-202.586510	 	9580.000000
-122.391608	 	9586.666667
201.037503	 	9593.333333
259.931703	 	9600.000000
1.111939	 	9606.666667
-198.320969	 	9613.333333
-201.810030	 	9620.000000
72.109811	 	9626.666667
110.947263	 	9633.333333
9.716195	 	9640.000000
84.189612	 	9646.666667
81.114263	 	9653.333333
-169.750304	 	9660.000000
8.481678	 	9666.666667
-26.333346	 	9673.333333
17.956960	 	9680.000000
10.653737	 	9686.666667
191.809773	 	9693.333333
-130.357922	 	9700.000000
16.256703	 	9706.666667
-186.518490	 	9713.333333
28.903799	 	9720.000000
136.394963	 	9726.666667
82.436724	 	9733.333333
-103.962938	 	9740.000000
13.540229	 	9746.666667
-100.649993	 	9753.333333
28.534603	 	9760.000000
112.328099	 	9766.666667
-46.070058	 	9773.333333
-71.077247	 	9780.000000
-109.226948	 	9786.666667
82.465017	 	9793.333333
67.206969	 	9800.000000
121.602662	 	9806.666667
-167.845775	 	9813.333333
-91.041827	 	9820.000000
38.454220	 	9826.666667
254.792500	 	9833.333333
-69.106572	 	9840.000000
-167.140262	 	9846.666667
0.731382	 	9853.333333
94.347457	 	9860.000000
30.815785	 	9866.666667
-20.877472	 	9873.333333
-135.409381	 	9880.000000
-199.863076	 	9886.666667
35.574814	 	9893.333333
442.587145	 	9900.000000
3.631002	 	9906.666667
-11.225847	 	9913.333333
-298.111949	 	9920.000000
-201.814664	 	9926.666667
104.256678	 	9933.333333
237.226896	 	9940.000000
-30.254885	 	9946.666667
48.835814	 	9953.333333
-67.513137	 	9960.000000
-70.151850	 	9966.666667
-64.661467	 	9973.333333
60.535499	 	9980.000000
45.473458	 	9986.666667
175.391877	 	9993.333333
5.501392	 	10000.000000
-125.363378	 	10006.666667
-234.926635	 	10013.333333
-55.241222	 	10020.000000
30.924096	 	10026.666667
292.613963	 	10033.333333
238.957191	 	10040.000000
-219.580640	 	10046.666667
-283.841882	 	10053.333333
-49.834441	 	10060.000000
-56.699786	 	10066.666667
301.824782	 	10073.333333
141.903976	 	10080.000000
-7.602571	 	10086.666667
-172.055043	 	10093.333333
-237.867594	 	10100.000000
-177.161165	 	10106.666667
154.441975	 	10113.333333
155.606693	 	10120.000000
342.430562	 	10126.666667
94.505453	 	10133.333333
-320.031772	 	10140.000000
-346.189633	 	10146.666667
12.890018	 	10153.333333
-27.522682	 	10160.000000
392.792188	 	10166.666667
91.012401	 	10173.333333
-74.996490	 	10180.000000
-175.608527	 	10186.666667
-175.478723	 	10193.333333
-136.425708	 	10200.000000
205.864964	 	10206.666667
264.363208	 	10213.333333
1.999947	 	10220.000000
-253.531390	 	10226.666667
-232.414079	 	10233.333333
12.828562	 	10240.000000
347.968266	 	10246.666667
265.473101	 	10253.333333
-167.074020	 	10260.000000
-268.495380	 	10266.666667
-210.271151	 	10273.333333
45.619284	 	10280.000000
360.817466	 	10286.666667
252.364010	 	10293.333333
-237.327935	 	10300.000000
-279.721423	 	10306.666667
-148.550490	 	10313.333333
153.810852	 	10320.000000
186.685554	 	10326.666667
99.397383	 	10333.333333
-122.412195	 	10340.000000
-114.199909	 	10346.666667
-79.959273	 	10353.333333
6.257196	 	10360.000000
122.031969	 	10366.666667
87.529214	 	10373.333333
-114.832854	 	10380.000000
6.322925	 	10386.666667
-49.766385	 	10393.333333
-16.985391	 	10400.000000
-48.724544	 	10406.666667
-25.318862	 	10413.333333
82.432532	 	10420.000000
128.972516	 	10426.666667
-155.312534	 	10433.333333
-136.758686	 	10440.000000
-36.211809	 	10446.666667
191.821873	 	10453.333333
377.537253	 	10460.000000
6.091333	 	10466.666667
-251.884628	 	10473.333333
-198.248039	 	10480.000000
-74.083248	 	10486.666667
-71.563379	 	10493.333333
250.494321	 	10500.000000
92.479153	 	10506.666667
-85.394627	 	10513.333333
10.503874	 	10520.000000
-176.609560	 	10526.666667
-117.671554	 	10533.333333
209.219423	 	10540.000000
295.679462	 	10546.666667
-95.088761	 	10553.333333
-48.059843	 	10560.000000
-184.640683	 	10566.666667
-152.659542	 	10573.333333
33.549661	 	10580.000000
131.356287	 	10586.666667
249.631884	 	10593.333333
-44.341191	 	10600.000000
-219.684691	 	10606.666667
-102.840540	 	10613.333333
108.048561	 	10620.000000
159.400532	 	10626.666667
-146.838322	 	10633.333333
-149.381341	 	10640.000000
-42.330038	 	10646.666667
86.911466	 	10653.333333
129.432238	 	10660.000000
46.219930	 	10666.666667
42.350798	 	10673.333333
-44.615350	 	10680.000000
-239.482438	 	10686.666667
-101.622165	 	10693.333333
136.112106	 	10700.000000
156.751224	 	10706.666667
136.072557	 	10713.333333
-49.799484	 	10720.000000
-85.734163	 	10726.666667
42.016748	 	10733.333333
-91.424228	 	10740.000000
-257.312338	 	10746.666667
-80.728963	 	10753.333333
223.318122	 	10760.000000
343.504970	 	10766.666667
8.629739	 	10773.333333
-344.894649	 	10780.000000
-245.014556	 	10786.666667
38.253642	 	10793.333333
359.656695	 	10800.000000
167.333017	 	10806.666667
-198.494795	 	10813.333333
-261.410010	 	10820.000000
-5.003659	 	10826.666667
137.647866	 	10833.333333
79.345926	 	10840.000000
-11.467892	 	10846.666667
-26.473140	 	10853.333333
-29.174900	 	10860.000000
30.829165	 	10866.666667
-101.974063	 	10873.333333
-112.412130	 	10880.000000
203.414908	 	10886.666667
45.054095	 	10893.333333
-232.953347	 	10900.000000
-22.476389	 	10906.666667
124.464079	 	10913.333333
-9.233919	 	10920.000000
147.534954	 	10926.666667
-74.415826	 	10933.333333
-199.771899	 	10940.000000
-163.825792	 	10946.666667
163.929975	 	10953.333333
313.940646	 	10960.000000
-34.719824	 	10966.666667
-148.179372	 	10973.333333
-176.932391	 	10980.000000
19.177476	 	10986.666667
-10.632741	 	10993.333333
26.510127	 	11000.000000
-31.473961	 	11006.666667
182.880602	 	11013.333333
71.117208	 	11020.000000
-53.389980	 	11026.666667
-260.625396	 	11033.333333
67.161151	 	11040.000000
197.821694	 	11046.666667
71.064182	 	11053.333333
-154.683998	 	11060.000000
62.379042	 	11066.666667
-13.929298	 	11073.333333
8.908743	 	11080.000000
26.616907	 	11086.666667
-99.595500	 	11093.333333
-111.265575	 	11100.000000
94.306989	 	11106.666667
15.159818	 	11113.333333
166.016833	 	11120.000000
-80.777342	 	11126.666667
24.028218	 	11133.333333
-114.059254	 	11140.000000
-31.490502	 	11146.666667
-5.776620	 	11153.333333
-32.230297	 	11160.000000
6.516384	 	11166.666667
174.742196	 	11173.333333
-18.231338	 	11180.000000
-94.556840	 	11186.666667
-230.670870	 	11193.333333
-24.400578	 	11200.000000
250.126256	 	11206.666667
202.902931	 	11213.333333
-120.932850	 	11220.000000
-192.739320	 	11226.666667
-108.833701	 	11233.333333
208.371533	 	11240.000000
-45.380038	 	11246.666667
-125.488992	 	11253.333333
103.265602	 	11260.000000
117.006500	 	11266.666667
-3.231522	 	11273.333333
-94.986969	 	11280.000000
-295.124636	 	11286.666667
106.695352	 	11293.333333
312.012987	 	11300.000000
-13.077679	 	11306.666667
-156.946550	 	11313.333333
-85.310442	 	11320.000000
-25.863085	 	11326.666667
192.762564	 	11333.333333
-12.531531	 	11340.000000
-62.417617	 	11346.666667
77.236009	 	11353.333333
23.464164	 	11360.000000
-7.632795	 	11366.666667
44.581028	 	11373.333333
-112.090115	 	11380.000000
74.950889	 	11386.666667
224.370098	 	11393.333333
-138.498082	 	11400.000000
-128.916374	 	11406.666667
-96.522023	 	11413.333333
17.500377	 	11420.000000
-19.663120	 	11426.666667
146.804863	 	11433.333333
93.571168	 	11440.000000
61.637650	 	11446.666667
-221.188862	 	11453.333333
-205.863979	 	11460.000000
-64.014261	 	11466.666667
114.417055	 	11473.333333
221.029239	 	11480.000000
144.233315	 	11486.666667
-69.716384	 	11493.333333
-247.984597	 	11500.000000
-151.403484	 	11506.666667
78.099216	 	11513.333333
280.988642	 	11520.000000
156.620676	 	11526.666667
-1.552354	 	11533.333333
-226.576359	 	11540.000000
-247.153450	 	11546.666667
-27.856296	 	11553.333333
191.944321	 	11560.000000
73.247012	 	11566.666667
82.493939	 	11573.333333
-117.004432	 	11580.000000
-66.949640	 	11586.666667
-21.042315	 	11593.333333
45.037263	 	11600.000000
2.989683	 	11606.666667
124.255089	 	11613.333333
-30.050215	 	11620.000000
-64.726909	 	11626.666667
-253.789589	 	11633.333333
115.634471	 	11640.000000
-27.689566	 	11646.666667
269.017241	 	11653.333333
-42.012268	 	11660.000000
-58.178755	 	11666.666667
-185.125697	 	11673.333333
34.264966	 	11680.000000
-37.549149	 	11686.666667
244.416899	 	11693.333333
-2.680720	 	11700.000000
-13.290711	 	11706.666667
-68.396862	 	11713.333333
-28.486346	 	11720.000000
-148.826800	 	11726.666667
155.969178	 	11733.333333
51.152419	 	11740.000000
-29.000832	 	11746.666667
63.487159	 	11753.333333
34.665322	 	11760.000000
-199.192172	 	11766.666667
51.773897	 	11773.333333
-103.398755	 	11780.000000
90.779042	 	11786.666667
17.433792	 	11793.333333
95.557713	 	11800.000000
-22.213754	 	11806.666667
167.500592	 	11813.333333
-193.112343	 	11820.000000
-59.078315	 	11826.666667
-51.778417	 	11833.333333
72.315589	 	11840.000000
11.903283	 	11846.666667
13.442774	 	11853.333333
74.384543	 	11860.000000
4.495213	 	11866.666667
-101.041455	 	11873.333333
-194.569809	 	11880.000000
104.153127	 	11886.666667
-21.805900	 	11893.333333
127.902147	 	11900.000000
-1.478591	 	11906.666667
-14.270948	 	11913.333333
-144.791896	 	11920.000000
64.303311	 	11926.666667
81.323820	 	11933.333333
177.418359	 	11940.000000
-177.684238	 	11946.666667
-156.194419	 	11953.333333
-126.410436	 	11960.000000
117.930112	 	11966.666667
285.049042	 	11973.333333
110.450371	 	11980.000000
-331.557653	 	11986.666667
-321.679842	 	11993.333333
176.458796	 	12000.000000
219.246344	 	12006.666667
183.583558	 	12013.333333
-149.974979	 	12020.000000
-159.512970	 	12026.666667
-100.481953	 	12033.333333
-12.145721	 	12040.000000
81.638042	 	12046.666667
275.971302	 	12053.333333
-118.415846	 	12060.000000
-244.901904	 	12066.666667
-222.869919	 	12073.333333
368.581036	 	12080.000000
192.209422	 	12086.666667
-150.282651	 	12093.333333
78.957533	 	12100.000000
-201.884394	 	12106.666667
-167.228178	 	12113.333333
-9.606144	 	12120.000000
90.772031	 	12126.666667
233.545136	 	12133.333333
-201.555509	 	12140.000000
-141.700942	 	12146.666667
142.557762	 	12153.333333
379.689978	 	12160.000000
-278.793611	 	12166.666667
-339.492768	 	12173.333333
0.886631	 	12180.000000
332.459082	 	12186.666667
95.613678	 	12193.333333
-247.672971	 	12200.000000
13.845783	 	12206.666667
424.076789	 	12213.333333
-113.868134	 	12220.000000
-200.953513	 	12226.666667
-93.247995	 	12233.333333
-116.441815	 	12240.000000
225.091895	 	12246.666667
508.329078	 	12253.333333
-414.264002	 	12260.000000
-300.224654	 	12266.666667
225.970288	 	12273.333333
192.230808	 	12280.000000
29.056957	 	12286.666667
75.367182	 	12293.333333
-107.918539	 	12300.000000
-373.902381	 	12306.666667
42.648338	 	12313.333333
247.834894	 	12320.000000
384.513547	 	12326.666667
-500.074922	 	12333.333333
-281.948882	 	12340.000000
444.147137	 	12346.666667
485.468453	 	12353.333333
-503.755477	 	12360.000000
-589.572809	 	12366.666667
-183.172152	 	12373.333333
1233.113986	 	12380.000000
-355.788256	 	12386.666667
74.158942	 	12393.333333
286.091543	 	12400.000000
-377.522282	 	12406.666667
-860.919170	 	12413.333333
-210.585555	 	12420.000000
1602.558788	 	12426.666667
-235.631443	 	12433.333333
-452.661163	 	12440.000000
104.395461	 	12446.666667
-122.224906	 	12453.333333
-366.680724	 	12460.000000
-400.070898	 	12466.666667
837.943023	 	12473.333333
814.051190	 	12480.000000
-799.747651	 	12486.666667
-292.632865	 	12493.333333
11.702520	 	12500.000000
388.276745	 	12506.666667
-317.065008	 	12513.333333
-392.017536	 	12520.000000
580.727428	 	12526.666667
252.289132	 	12533.333333
-775.670836	 	12540.000000
1001.818513	 	12546.666667
-767.945772	 	12553.333333
181.681327	 	12560.000000
-676.290617	 	12566.666667
1339.114811	 	12573.333333
-482.873979	 	12580.000000
-891.454519	 	12586.666667
856.525460	 	12593.333333
-105.150080	 	12600.000000
18.869360	 	12606.666667
-212.183660	 	12613.333333
105.418846	 	12620.000000
110.213280	 	12626.666667
-327.256670	 	12633.333333
54.928601	 	12640.000000
392.874055	 	12646.666667
-603.077592	 	12653.333333
472.581315	 	12660.000000
-56.454635	 	12666.666667
173.326034	 	12673.333333
-660.379026	 	12680.000000
629.888358	 	12686.666667
-581.218116	 	12693.333333
322.671514	 	12700.000000
-31.325103	 	12706.666667
810.486145	 	12713.333333
-698.754984	 	12720.000000
-606.299068	 	12726.666667
-229.076165	 	12733.333333
412.634829	 	12740.000000
1146.102019	 	12746.666667
-476.841116	 	12753.333333
-610.557203	 	12760.000000
684.436842	 	12766.666667
-171.389246	 	12773.333333
-932.100207	 	12780.000000
-999.491434	 	12786.666667
2943.429214	 	12793.333333
-856.962888	 	12800.000000
-792.141259	 	12806.666667
-332.183935	 	12813.333333
1608.992530	 	12820.000000
-996.247076	 	12826.666667
-961.157868	 	12833.333333
-597.338658	 	12840.000000
3507.805764	 	12846.666667
-974.324298	 	12853.333333
-973.446042	 	12860.000000
-998.436357	 	12866.666667
-954.736788	 	12873.333333
2732.346525	 	12880.000000
-879.274202	 	12886.666667
1440.330956	 	12893.333333
-984.931038	 	12900.000000
-999.611904	 	12906.666667
-418.444452	 	12913.333333
1061.327689	 	12920.000000
-998.475982	 	12926.666667
2479.637944	 	12933.333333
-926.513777	 	12940.000000
-969.520842	 	12946.666667
-535.022162	 	12953.333333
1204.875236	 	12960.000000
-907.704948	 	12966.666667
1232.197391	 	12973.333333
-993.300050	 	12980.000000
816.789062	 	12986.666667
454.218040	 	12993.333333
-995.291150	 	13000.000000
-905.141667	 	13006.666667
-780.521970	 	13013.333333
3732.161351	 	13020.000000
-999.762532	 	13026.666667
-987.211584	 	13033.333333
-999.923893	 	13040.000000
2349.627492	 	13046.666667
-997.248033	 	13053.333333
-990.155578	 	13060.000000
1498.534526	 	13066.666667
-985.515494	 	13073.333333
-999.994877	 	13080.000000
1861.662144	 	13086.666667
1271.715824	 	13093.333333
-999.254533	 	13100.000000
-999.903603	 	13106.666667
-998.840008	 	13113.333333
-938.564808	 	13120.000000
2791.974938	 	13126.666667
1300.801577	 	13133.333333
-991.629026	 	13140.000000
-703.350456	 	13146.666667
-999.947955	 	13153.333333
-999.998730	 	13160.000000
2489.564203	 	13166.666667
-538.209058	 	13173.333333
1072.652381	 	13180.000000
-999.998730	 	13186.666667
-668.057004	 	13193.333333
-999.202236	 	13200.000000
-999.998391	 	13206.666667
-999.998730	 	13213.333333
7088.890218	 	13220.000000
-999.998730	 	13226.666667
-999.998730	 	13233.333333
-999.998730	 	13240.000000
-999.998734	 	13246.666667
-999.998735	 	13253.333333
-999.998744	 	13260.000000
-999.998761	 	13266.666667
-999.998779	 	13273.333333
-999.998805	 	13280.000000
-999.998787	 	13286.666667
-999.998834	 	13293.333333
-999.998869	 	13300.000000
-999.998966	 	13306.666667
-999.999009	 	13313.333333
-999.998894	 	13320.000000
-999.998975	 	13326.666667
