#peak 	 	#time 
1.940833	 	0.000000
3.258953	 	6.666667
4.368551	 	13.333333
4.955639	 	20.000000
5.352739	 	26.666667
5.942540	 	33.333333
6.105733	 	40.000000
6.124192	 	46.666667
6.168353	 	53.333333
6.044429	 	60.000000
6.228594	 	66.666667
6.180402	 	73.333333
6.466116	 	80.000000
6.170075	 	86.666667
6.307768	 	93.333333
6.237200	 	100.000000
6.488491	 	106.666667
6.235479	 	113.333333
6.114997	 	120.000000
6.371451	 	126.666667
6.008285	 	133.333333
6.102949	 	140.000000
6.328422	 	146.666667
6.096064	 	153.333333
6.145978	 	160.000000
6.047871	 	166.666667
6.237200	 	173.333333
6.010006	 	180.000000
6.116718	 	186.666667
6.030660	 	193.333333
6.096064	 	200.000000
5.965255	 	206.666667
6.023775	 	213.333333
6.058198	 	220.000000
6.201056	 	226.666667
5.989352	 	233.333333
6.097785	 	240.000000
5.913620	 	246.666667
6.004842	 	253.333333
6.053035	 	260.000000
5.966976	 	266.666667
5.782811	 	273.333333
5.880918	 	280.000000
5.576271	 	286.666667
5.763878	 	293.333333
5.552174	 	300.000000
5.769042	 	306.666667
5.681262	 	313.333333
5.588319	 	320.000000
5.590040	 	326.666667
5.822398	 	333.333333
5.452346	 	340.000000
5.818956	 	346.666667
5.710522	 	353.333333
5.547011	 	360.000000
5.724291	 	366.666667
6.028939	 	373.333333
6.159748	 	380.000000
6.156305	 	386.666667
5.927390	 	393.333333
6.003121	 	400.000000
5.980746	 	406.666667
6.037544	 	413.333333
6.085737	 	420.000000
6.087458	 	426.666667
6.109834	 	433.333333
6.084016	 	440.000000
6.488491	 	446.666667
6.209661	 	453.333333
6.369730	 	460.000000
6.564223	 	466.666667
6.562501	 	473.333333
6.746667	 	480.000000
6.743224	 	486.666667
6.596925	 	493.333333
6.722570	 	500.000000
6.738061	 	506.666667
6.777648	 	513.333333
6.715686	 	520.000000
6.621021	 	526.666667
6.667493	 	533.333333
6.474722	 	540.000000
6.662329	 	546.666667
6.266460	 	553.333333
6.297441	 	560.000000
6.369730	 	566.666667
6.715686	 	573.333333
6.657166	 	580.000000
6.602088	 	586.666667
6.782811	 	593.333333
6.500539	 	600.000000
6.681262	 	606.666667
6.831004	 	613.333333
7.070247	 	620.000000
7.209661	 	626.666667
7.104670	 	633.333333
7.053035	 	640.000000
6.935995	 	646.666667
7.337028	 	653.333333
7.316374	 	660.000000
6.782811	 	666.666667
7.135651	 	673.333333
7.087458	 	680.000000
7.364567	 	686.666667
6.960092	 	693.333333
6.858543	 	700.000000
6.853379	 	706.666667
7.013448	 	713.333333
6.937717	 	720.000000
6.905014	 	726.666667
6.739782	 	733.333333
6.917062	 	740.000000
7.109834	 	746.666667
7.089180	 	753.333333
6.863706	 	760.000000
7.145978	 	766.666667
7.166632	 	773.333333
7.275066	 	780.000000
7.135651	 	786.666667
7.125324	 	793.333333
7.006563	 	800.000000
6.880918	 	806.666667
7.073689	 	813.333333
7.013448	 	820.000000
6.966976	 	826.666667
6.822398	 	833.333333
7.059920	 	840.000000
6.894687	 	846.666667
6.627906	 	853.333333
6.805186	 	860.000000
6.674377	 	866.666667
6.767321	 	873.333333
6.923947	 	880.000000
6.612415	 	886.666667
6.708801	 	893.333333
6.581434	 	900.000000
6.750109	 	906.666667
6.665772	 	913.333333
6.550453	 	920.000000
6.450625	 	926.666667
6.657166	 	933.333333
6.708801	 	940.000000
6.825840	 	946.666667
6.753551	 	953.333333
6.770763	 	960.000000
6.726013	 	966.666667
6.631348	 	973.333333
6.946322	 	980.000000
6.980746	 	986.666667
6.712243	 	993.333333
7.068525	 	1000.000000
6.550453	 	1006.666667
6.844773	 	1013.333333
6.682983	 	1020.000000
6.670935	 	1026.666667
6.590040	 	1033.333333
6.565944	 	1040.000000
6.414481	 	1046.666667
6.278508	 	1053.333333
6.436856	 	1060.000000
6.419644	 	1066.666667
6.560780	 	1073.333333
6.672656	 	1080.000000
6.503982	 	1086.666667
6.516030	 	1093.333333
6.650281	 	1100.000000
6.815513	 	1106.666667
6.621021	 	1113.333333
6.591761	 	1120.000000
6.769042	 	1126.666667
6.553896	 	1133.333333
6.982467	 	1140.000000
6.746667	 	1146.666667
6.466116	 	1153.333333
6.593482	 	1160.000000
6.326701	 	1166.666667
6.452346	 	1173.333333
6.710522	 	1180.000000
6.435135	 	1186.666667
6.631348	 	1193.333333
6.684704	 	1200.000000
6.784532	 	1206.666667
6.774205	 	1213.333333
6.657166	 	1220.000000
7.018612	 	1226.666667
6.669214	 	1233.333333
6.999679	 	1240.000000
6.717407	 	1246.666667
6.853379	 	1253.333333
7.096064	 	1260.000000
6.712243	 	1266.666667
6.681262	 	1273.333333
6.863706	 	1280.000000
6.619300	 	1286.666667
6.538405	 	1293.333333
6.827562	 	1300.000000
6.655445	 	1306.666667
6.653723	 	1313.333333
6.796581	 	1320.000000
6.664050	 	1326.666667
6.832725	 	1333.333333
6.564223	 	1340.000000
7.013448	 	1346.666667
6.514309	 	1353.333333
6.700195	 	1360.000000
6.817235	 	1366.666667
6.593482	 	1373.333333
6.586598	 	1380.000000
6.452346	 	1386.666667
6.696753	 	1393.333333
6.614136	 	1400.000000
6.101228	 	1406.666667
6.335307	 	1413.333333
6.049593	 	1420.000000
6.302605	 	1426.666667
6.302605	 	1433.333333
6.445462	 	1440.000000
6.266460	 	1446.666667
6.127045	 	1453.333333
6.655445	 	1460.000000
6.417923	 	1466.666667
6.479885	 	1473.333333
6.466116	 	1480.000000
6.510866	 	1486.666667
6.491933	 	1493.333333
6.347355	 	1500.000000
6.590040	 	1506.666667
6.109834	 	1513.333333
6.345634	 	1520.000000
6.216546	 	1526.666667
6.547011	 	1533.333333
6.368009	 	1540.000000
6.273345	 	1546.666667
6.018612	 	1553.333333
6.132209	 	1560.000000
6.116718	 	1566.666667
6.106391	 	1573.333333
6.516030	 	1580.000000
6.349076	 	1586.666667
6.319816	 	1593.333333
6.536684	 	1600.000000
6.376615	 	1606.666667
6.225152	 	1613.333333
6.522914	 	1620.000000
6.314653	 	1626.666667
6.314653	 	1633.333333
6.140815	 	1640.000000
6.522914	 	1646.666667
6.383500	 	1653.333333
6.300883	 	1660.000000
6.457510	 	1666.666667
5.999679	 	1673.333333
6.070247	 	1680.000000
6.333586	 	1686.666667
6.170075	 	1693.333333
5.972140	 	1700.000000
6.120161	 	1706.666667
5.775927	 	1713.333333
6.182123	 	1720.000000
5.743224	 	1726.666667
5.956649	 	1733.333333
5.684704	 	1740.000000
5.682983	 	1746.666667
6.059920	 	1753.333333
5.739782	 	1760.000000
5.657166	 	1766.666667
6.094343	 	1773.333333
5.722570	 	1780.000000
6.065083	 	1786.666667
5.867149	 	1793.333333
5.834446	 	1800.000000
5.911899	 	1806.666667
5.849937	 	1813.333333
5.844773	 	1820.000000
6.171796	 	1826.666667
5.913620	 	1833.333333
6.233758	 	1840.000000
5.865427	 	1846.666667
6.111555	 	1853.333333
6.185565	 	1860.000000
6.281951	 	1866.666667
5.999679	 	1873.333333
6.328422	 	1880.000000
6.252691	 	1886.666667
6.219988	 	1893.333333
5.851658	 	1900.000000
6.040987	 	1906.666667
6.004842	 	1913.333333
5.872312	 	1920.000000
5.942880	 	1926.666667
5.750109	 	1933.333333
5.822398	 	1940.000000
5.956649	 	1946.666667
5.908457	 	1953.333333
6.056477	 	1960.000000
6.099507	 	1966.666667
6.013448	 	1973.333333
6.016890	 	1980.000000
5.991073	 	1986.666667
5.882639	 	1993.333333
5.872312	 	2000.000000
5.765599	 	2006.666667
5.831004	 	2013.333333
5.698474	 	2020.000000
5.918784	 	2026.666667
5.956649	 	2033.333333
5.813792	 	2040.000000
5.744945	 	2046.666667
5.832725	 	2053.333333
5.710522	 	2060.000000
5.880918	 	2066.666667
5.925668	 	2073.333333
5.657166	 	2080.000000
5.526357	 	2086.666667
5.844773	 	2093.333333
5.932553	 	2100.000000
6.109834	 	2106.666667
5.767321	 	2113.333333
5.935995	 	2120.000000
5.863706	 	2126.666667
6.077131	 	2133.333333
6.307768	 	2140.000000
5.948044	 	2146.666667
5.738061	 	2153.333333
5.843052	 	2160.000000
6.035823	 	2166.666667
5.932553	 	2173.333333
5.982467	 	2180.000000
6.116718	 	2186.666667
6.044429	 	2193.333333
6.051314	 	2200.000000
6.028939	 	2206.666667
5.874033	 	2213.333333
5.996236	 	2220.000000
6.044429	 	2226.666667
6.216546	 	2233.333333
6.028939	 	2240.000000
6.001400	 	2246.666667
6.168353	 	2253.333333
5.973861	 	2260.000000
6.090901	 	2266.666667
5.989352	 	2273.333333
6.171796	 	2280.000000
6.264739	 	2286.666667
6.342192	 	2293.333333
6.342192	 	2300.000000
5.922226	 	2306.666667
5.968698	 	2313.333333
5.782811	 	2320.000000
6.123603	 	2326.666667
6.137372	 	2333.333333
5.746667	 	2340.000000
5.743224	 	2346.666667
5.941159	 	2353.333333
5.634791	 	2360.000000
5.829283	 	2366.666667
5.713964	 	2373.333333
5.870591	 	2380.000000
5.951486	 	2386.666667
5.997957	 	2393.333333
6.142536	 	2400.000000
5.896408	 	2406.666667
5.700195	 	2413.333333
5.970419	 	2420.000000
6.040987	 	2426.666667
5.880918	 	2433.333333
5.958371	 	2440.000000
5.700195	 	2446.666667
5.896408	 	2453.333333
5.999679	 	2460.000000
5.815513	 	2466.666667
6.127045	 	2473.333333
5.732897	 	2480.000000
6.273345	 	2486.666667
6.187286	 	2493.333333
6.108112	 	2500.000000
6.455789	 	2506.666667
6.249248	 	2513.333333
6.292278	 	2520.000000
6.355961	 	2526.666667
6.347355	 	2533.333333
6.359403	 	2540.000000
6.158026	 	2546.666667
6.192450	 	2553.333333
6.321538	 	2560.000000
6.185565	 	2566.666667
5.858543	 	2573.333333
5.894687	 	2580.000000
5.832725	 	2586.666667
6.058198	 	2593.333333
5.772484	 	2600.000000
6.154584	 	2606.666667
6.047871	 	2613.333333
6.058198	 	2620.000000
5.848216	 	2626.666667
6.130488	 	2633.333333
6.132209	 	2640.000000
6.123603	 	2646.666667
6.046150	 	2653.333333
6.238921	 	2660.000000
6.440298	 	2666.666667
6.226873	 	2673.333333
6.340470	 	2680.000000
6.622742	 	2686.666667
6.392106	 	2693.333333
6.438577	 	2700.000000
6.593482	 	2706.666667
6.855100	 	2713.333333
6.464395	 	2720.000000
6.366288	 	2726.666667
6.471279	 	2733.333333
6.605531	 	2740.000000
6.486770	 	2746.666667
6.815513	 	2753.333333
6.715686	 	2760.000000
7.233758	 	2766.666667
7.658887	 	2773.333333
8.455789	 	2780.000000
12.311211	 	2786.666667
34.144257	 	2793.333333
183.739782	 	2800.000000
656.015169	 	2806.666667
1302.557338	 	2813.333333
1905.307768	 	2820.000000
2409.481606	 	2826.666667
2825.775927	 	2833.333333
3167.875754	 	2840.000000
3436.987630	 	2846.666667
3635.529799	 	2853.333333
3784.149420	 	2860.000000
3882.517751	 	2866.666667
3950.770763	 	2873.333333
3984.753551	 	2880.000000
3998.707080	 	2886.666667
3989.423087	 	2893.333333
3970.259575	 	2900.000000
3939.431692	 	2906.666667
3906.793138	 	2913.333333
3864.130488	 	2920.000000
3826.856822	 	2926.666667
3793.545290	 	2933.333333
3764.342192	 	2940.000000
3726.798302	 	2946.666667
3685.142536	 	2953.333333
3638.304326	 	2960.000000
3597.295720	 	2966.666667
3555.550453	 	2973.333333
3516.135651	 	2980.000000
3476.827562	 	2986.666667
3437.705359	 	2993.333333
3400.039266	 	3000.000000
3360.646839	 	3006.666667
3325.485049	 	3013.333333
3289.679541	 	3020.000000
3252.858543	 	3026.666667
3217.183844	 	3033.333333
3182.526357	 	3040.000000
3146.263018	 	3046.666667
3115.140815	 	3053.333333
3082.287114	 	3060.000000
3050.930832	 	3066.666667
3020.337028	 	3073.333333
2991.263018	 	3080.000000
2961.133930	 	3086.666667
2934.084016	 	3093.333333
2905.860264	 	3100.000000
2879.264739	 	3106.666667
2850.956649	 	3113.333333
2824.354240	 	3120.000000
2797.712243	 	3126.666667
2771.786254	 	3133.333333
2746.467837	 	3140.000000
2721.027217	 	3146.666667
2693.245806	 	3153.333333
2668.189007	 	3160.000000
2642.192450	 	3166.666667
2617.927390	 	3173.333333
2593.431692	 	3180.000000
2570.273345	 	3186.666667
2545.791417	 	3193.333333
2519.970419	 	3200.000000
2494.269902	 	3206.666667
2471.782811	 	3213.333333
2446.471279	 	3220.000000
2422.516030	 	3226.666667
2399.751830	 	3233.333333
2376.257854	 	3240.000000
2354.865427	 	3246.666667
2332.784532	 	3253.333333
2310.189007	 	3260.000000
2287.882639	 	3266.666667
2266.698474	 	3273.333333
2246.966976	 	3280.000000
2226.268181	 	3286.666667
2204.729455	 	3293.333333
2184.032381	 	3300.000000
2161.874033	 	3306.666667
2141.263018	 	3313.333333
2122.118439	 	3320.000000
2101.762157	 	3326.666667
2080.491933	 	3333.333333
2061.712243	 	3340.000000
2040.576271	 	3346.666667
2022.015169	 	3353.333333
2003.297441	 	3360.000000
1983.932553	 	3366.666667
1963.223431	 	3373.333333
1946.512587	 	3380.000000
1928.355961	 	3386.666667
1907.700195	 	3393.333333
1888.011727	 	3400.000000
1870.672656	 	3406.666667
1852.565944	 	3413.333333
1835.102949	 	3420.000000
1818.769042	 	3426.666667
1802.168353	 	3433.333333
1783.610694	 	3440.000000
1767.681262	 	3446.666667
1750.612415	 	3453.333333
1732.044429	 	3460.000000
1715.894687	 	3466.666667
1699.503982	 	3473.333333
1683.779369	 	3480.000000
1665.631348	 	3486.666667
1651.829283	 	3493.333333
1633.922226	 	3500.000000
1617.104670	 	3506.666667
1602.323259	 	3513.333333
1586.232037	 	3520.000000
1568.567665	 	3526.666667
1554.027217	 	3533.333333
1538.333586	 	3540.000000
1523.381778	 	3546.666667
1510.011727	 	3553.333333
1490.381778	 	3560.000000
1476.400711	 	3566.666667
1462.237200	 	3573.333333
1445.338749	 	3580.000000
1433.672656	 	3586.666667
1415.915341	 	3593.333333
1402.810350	 	3600.000000
1387.923947	 	3606.666667
1373.223431	 	3613.333333
1359.989352	 	3620.000000
1346.810350	 	3626.666667
1331.170075	 	3633.333333
1319.445462	 	3640.000000
1305.330143	 	3646.666667
1291.672656	 	3653.333333
1281.738061	 	3660.000000
1266.326701	 	3666.666667
1252.431692	 	3673.333333
1241.474722	 	3680.000000
1227.163190	 	3686.666667
1215.467837	 	3693.333333
1201.355961	 	3700.000000
1189.935995	 	3706.666667
1177.763878	 	3713.333333
1165.259575	 	3720.000000
1153.307768	 	3726.666667
1140.634791	 	3733.333333
1128.939438	 	3740.000000
1116.371451	 	3746.666667
1103.779369	 	3753.333333
1093.813792	 	3760.000000
1081.598646	 	3766.666667
1069.774205	 	3773.333333
1059.521193	 	3780.000000
1047.985909	 	3786.666667
1037.529799	 	3793.333333
1026.211383	 	3800.000000
1014.577992	 	3806.666667
1005.376615	 	3813.333333
993.989352	 	3820.000000
982.973861	 	3826.666667
974.481606	 	3833.333333
962.610694	 	3840.000000
953.355961	 	3846.666667
943.541847	 	3853.333333
932.037544	 	3860.000000
924.218267	 	3866.666667
913.985909	 	3873.333333
903.877476	 	3880.000000
895.411038	 	3886.666667
884.722570	 	3893.333333
875.077131	 	3900.000000
865.910178	 	3906.666667
855.187286	 	3913.333333
847.004842	 	3920.000000
837.560780	 	3926.666667
827.522914	 	3933.333333
819.975582	 	3940.000000
810.934274	 	3946.666667
802.302605	 	3953.333333
794.423087	 	3960.000000
785.696753	 	3966.666667
778.137372	 	3973.333333
769.822398	 	3980.000000
761.342192	 	3986.666667
753.860264	 	3993.333333
745.443741	 	4000.000000
736.734618	 	4006.666667
728.295720	 	4013.333333
720.868870	 	4020.000000
713.164911	 	4026.666667
704.688147	 	4033.333333
697.846495	 	4040.000000
690.216546	 	4046.666667
682.577992	 	4053.333333
675.843052	 	4060.000000
668.089180	 	4066.666667
661.190729	 	4073.333333
654.250970	 	4080.000000
646.858543	 	4086.666667
640.522914	 	4093.333333
633.486770	 	4100.000000
626.713964	 	4106.666667
620.660608	 	4113.333333
613.077131	 	4120.000000
607.025496	 	4126.666667
601.090901	 	4133.333333
593.949765	 	4140.000000
587.608973	 	4146.666667
581.982467	 	4153.333333
574.972140	 	4160.000000
568.968698	 	4166.666667
562.280229	 	4173.333333
556.285393	 	4180.000000
550.407596	 	4186.666667
544.078853	 	4193.333333
537.863706	 	4200.000000
532.152863	 	4206.666667
525.901572	 	4213.333333
520.564223	 	4220.000000
514.844773	 	4226.666667
509.841331	 	4233.333333
504.770763	 	4240.000000
499.090901	 	4246.666667
494.035823	 	4253.333333
489.311211	 	4260.000000
483.548732	 	4266.666667
478.120161	 	4273.333333
473.426529	 	4280.000000
468.607252	 	4286.666667
463.681262	 	4293.333333
458.135651	 	4300.000000
453.139093	 	4306.666667
448.006563	 	4313.333333
442.944601	 	4320.000000
437.906735	 	4326.666667
433.479885	 	4333.333333
428.708801	 	4340.000000
423.763878	 	4346.666667
419.168353	 	4353.333333
414.849937	 	4360.000000
410.631348	 	4366.666667
406.063362	 	4373.333333
401.655445	 	4380.000000
397.261297	 	4386.666667
393.459231	 	4393.333333
388.808629	 	4400.000000
384.435135	 	4406.666667
380.201056	 	4413.333333
375.316374	 	4420.000000
371.106391	 	4426.666667
366.682983	 	4433.333333
362.657166	 	4440.000000
358.359403	 	4446.666667
354.810350	 	4453.333333
350.798302	 	4460.000000
346.989352	 	4466.666667
342.997957	 	4473.333333
339.178680	 	4480.000000
335.464395	 	4486.666667
331.806908	 	4493.333333
328.151142	 	4500.000000
324.753551	 	4506.666667
321.149420	 	4513.333333
317.510866	 	4520.000000
313.856822	 	4526.666667
310.028939	 	4533.333333
306.547011	 	4540.000000
303.113276	 	4546.666667
299.595204	 	4553.333333
296.569386	 	4560.000000
293.629627	 	4566.666667
290.211383	 	4573.333333
287.152863	 	4580.000000
283.887803	 	4586.666667
281.214825	 	4593.333333
278.030660	 	4600.000000
274.502260	 	4606.666667
271.077131	 	4613.333333
268.121882	 	4620.000000
265.102949	 	4626.666667
262.034102	 	4633.333333
259.688147	 	4640.000000
256.696753	 	4646.666667
253.863706	 	4653.333333
251.398990	 	4660.000000
248.695032	 	4666.666667
246.034102	 	4673.333333
243.386942	 	4680.000000
240.545290	 	4686.666667
238.521193	 	4693.333333
235.898130	 	4700.000000
233.622742	 	4706.666667
230.999679	 	4713.333333
228.923947	 	4720.000000
226.400711	 	4726.666667
223.958371	 	4733.333333
221.491933	 	4740.000000
219.235479	 	4746.666667
216.572828	 	4753.333333
214.288835	 	4760.000000
211.863706	 	4766.666667
209.813792	 	4773.333333
207.166632	 	4780.000000
204.853379	 	4786.666667
202.782811	 	4793.333333
201.049593	 	4800.000000
198.428250	 	4806.666667
197.022054	 	4813.333333
194.942880	 	4820.000000
192.719128	 	4826.666667
190.793138	 	4833.333333
188.839610	 	4840.000000
186.679541	 	4846.666667
184.748388	 	4853.333333
182.868870	 	4860.000000
181.237200	 	4866.666667
179.273345	 	4873.333333
177.311211	 	4880.000000
175.583155	 	4886.666667
173.848216	 	4893.333333
172.259575	 	4900.000000
170.531520	 	4906.666667
168.626185	 	4913.333333
167.230315	 	4920.000000
165.393827	 	4926.666667
163.509145	 	4933.333333
162.013448	 	4940.000000
160.297441	 	4946.666667
158.672656	 	4953.333333
156.977303	 	4960.000000
155.378336	 	4966.666667
153.724291	 	4973.333333
152.154584	 	4980.000000
149.985909	 	4986.666667
148.664050	 	4993.333333
147.142536	 	5000.000000
146.071968	 	5006.666667
144.071968	 	5013.333333
142.868870	 	5020.000000
141.855100	 	5026.666667
140.507424	 	5033.333333
138.913620	 	5040.000000
137.473001	 	5046.666667
136.180402	 	5053.333333
135.071968	 	5060.000000
133.631348	 	5066.666667
132.309489	 	5073.333333
130.939438	 	5080.000000
129.538405	 	5086.666667
127.732897	 	5093.333333
126.712243	 	5100.000000
124.949765	 	5106.666667
123.994515	 	5113.333333
122.493655	 	5120.000000
120.805186	 	5126.666667
119.488491	 	5133.333333
118.466116	 	5140.000000
117.261297	 	5146.666667
116.159748	 	5153.333333
114.409317	 	5160.000000
113.429971	 	5166.666667
112.194171	 	5173.333333
110.679541	 	5180.000000
109.547011	 	5186.666667
107.911899	 	5193.333333
106.953207	 	5200.000000
106.173517	 	5206.666667
104.641675	 	5213.333333
104.104670	 	5220.000000
103.022054	 	5226.666667
102.202777	 	5233.333333
101.386942	 	5240.000000
100.314653	 	5246.666667
99.235479	 	5253.333333
98.316374	 	5260.000000
97.139093	 	5266.666667
96.309489	 	5273.333333
95.319816	 	5280.000000
94.607252	 	5286.666667
93.669214	 	5293.333333
92.528078	 	5300.000000
91.775927	 	5306.666667
91.056477	 	5313.333333
89.934274	 	5320.000000
89.287114	 	5326.666667
88.448904	 	5333.333333
87.553896	 	5340.000000
87.152863	 	5346.666667
86.309489	 	5353.333333
85.340470	 	5360.000000
84.378336	 	5366.666667
83.502260	 	5373.333333
82.965255	 	5380.000000
81.729455	 	5386.666667
80.929111	 	5393.333333
80.111555	 	5400.000000
79.120161	 	5406.666667
78.571107	 	5413.333333
77.574550	 	5420.000000
76.677820	 	5426.666667
76.082295	 	5433.333333
75.111555	 	5440.000000
74.338749	 	5446.666667
73.738061	 	5453.333333
72.404154	 	5460.000000
71.872312	 	5466.666667
71.077131	 	5473.333333
70.123603	 	5480.000000
69.373173	 	5486.666667
68.404154	 	5493.333333
67.682983	 	5500.000000
66.887803	 	5506.666667
66.269902	 	5513.333333
65.848216	 	5520.000000
64.858543	 	5526.666667
64.553896	 	5533.333333
64.228594	 	5540.000000
63.211383	 	5546.666667
62.500539	 	5553.333333
62.187286	 	5560.000000
61.586598	 	5566.666667
61.037544	 	5573.333333
60.497097	 	5580.000000
59.557338	 	5586.666667
59.071968	 	5593.333333
58.393827	 	5600.000000
58.123603	 	5606.666667
57.519472	 	5613.333333
56.961813	 	5620.000000
56.121882	 	5626.666667
55.698474	 	5633.333333
55.102949	 	5640.000000
54.999679	 	5646.666667
54.094343	 	5653.333333
54.094343	 	5660.000000
53.355961	 	5666.666667
53.269902	 	5673.333333
52.598646	 	5680.000000
52.288835	 	5686.666667
51.705359	 	5693.333333
51.448904	 	5700.000000
50.818956	 	5706.666667
50.662329	 	5713.333333
49.911899	 	5720.000000
49.994515	 	5726.666667
49.460952	 	5733.333333
48.837889	 	5740.000000
48.249248	 	5746.666667
47.598646	 	5753.333333
47.235479	 	5760.000000
46.756994	 	5766.666667
46.164911	 	5773.333333
45.362846	 	5780.000000
44.648560	 	5786.666667
43.911899	 	5793.333333
43.479885	 	5800.000000
43.018612	 	5806.666667
42.350797	 	5813.333333
41.901572	 	5820.000000
41.528078	 	5826.666667
40.712243	 	5833.333333
40.547011	 	5840.000000
39.910178	 	5846.666667
39.727734	 	5853.333333
39.485049	 	5860.000000
39.132209	 	5866.666667
38.719128	 	5873.333333
38.213104	 	5880.000000
37.373173	 	5886.666667
37.051314	 	5893.333333
36.397269	 	5900.000000
36.252691	 	5906.666667
35.417923	 	5913.333333
35.550453	 	5920.000000
34.803465	 	5926.666667
34.588319	 	5933.333333
34.299162	 	5940.000000
33.779369	 	5946.666667
33.655445	 	5953.333333
33.541847	 	5960.000000
33.037544	 	5966.666667
33.257854	 	5973.333333
32.817235	 	5980.000000
32.831004	 	5986.666667
32.450625	 	5993.333333
32.312932	 	6000.000000
31.939438	 	6006.666667
31.996236	 	6013.333333
31.911899	 	6020.000000
31.818956	 	6026.666667
31.218267	 	6033.333333
30.975582	 	6040.000000
30.634791	 	6046.666667
30.039266	 	6053.333333
29.898130	 	6060.000000
29.541847	 	6066.666667
29.152863	 	6073.333333
28.732897	 	6080.000000
28.109834	 	6086.666667
28.345634	 	6093.333333
27.837889	 	6100.000000
27.500539	 	6106.666667
27.168353	 	6113.333333
26.977303	 	6120.000000
26.985909	 	6126.666667
26.657166	 	6133.333333
26.247527	 	6140.000000
26.349076	 	6146.666667
26.030660	 	6153.333333
25.490212	 	6160.000000
25.263018	 	6166.666667
24.966976	 	6173.333333
24.744945	 	6180.000000
24.638233	 	6186.666667
24.269902	 	6193.333333
23.944601	 	6200.000000
23.715686	 	6206.666667
23.491933	 	6213.333333
23.211383	 	6220.000000
22.954928	 	6226.666667
22.591761	 	6233.333333
22.345634	 	6240.000000
22.269902	 	6246.666667
22.058198	 	6253.333333
21.997957	 	6260.000000
21.643396	 	6266.666667
21.712243	 	6273.333333
21.669214	 	6280.000000
21.634791	 	6286.666667
21.161469	 	6293.333333
21.412760	 	6300.000000
21.013448	 	6306.666667
21.030660	 	6313.333333
21.049593	 	6320.000000
20.839610	 	6326.666667
20.689868	 	6333.333333
20.528078	 	6340.000000
20.066804	 	6346.666667
20.337028	 	6353.333333
20.010006	 	6360.000000
19.946322	 	6366.666667
19.557338	 	6373.333333
19.615858	 	6380.000000
19.166632	 	6386.666667
19.003121	 	6393.333333
18.801744	 	6400.000000
18.643396	 	6406.666667
18.462674	 	6413.333333
18.342192	 	6420.000000
18.046150	 	6426.666667
17.839610	 	6433.333333
17.825840	 	6440.000000
17.774205	 	6446.666667
17.856822	 	6453.333333
17.669214	 	6460.000000
17.738061	 	6466.666667
17.397269	 	6473.333333
17.429971	 	6480.000000
17.357682	 	6486.666667
17.047871	 	6493.333333
16.858543	 	6500.000000
16.966976	 	6506.666667
16.855100	 	6513.333333
16.713964	 	6520.000000
16.584877	 	6526.666667
16.306047	 	6533.333333
16.163190	 	6540.000000
16.254412	 	6546.666667
15.896408	 	6553.333333
16.123603	 	6560.000000
16.114997	 	6566.666667
15.726013	 	6573.333333
16.020333	 	6580.000000
15.619300	 	6586.666667
14.994515	 	6593.333333
15.194171	 	6600.000000
14.724291	 	6606.666667
14.591761	 	6613.333333
14.500539	 	6620.000000
14.130488	 	6626.666667
13.769042	 	6633.333333
13.428250	 	6640.000000
13.481606	 	6646.666667
12.968698	 	6653.333333
12.994515	 	6660.000000
12.865427	 	6666.666667
12.545290	 	6673.333333
12.512587	 	6680.000000
12.183844	 	6686.666667
11.877476	 	6693.333333
11.736340	 	6700.000000
11.657166	 	6706.666667
11.534963	 	6713.333333
11.729455	 	6720.000000
11.777648	 	6726.666667
11.466116	 	6733.333333
11.398990	 	6740.000000
11.576271	 	6746.666667
11.517751	 	6753.333333
11.557338	 	6760.000000
11.097785	 	6766.666667
11.214825	 	6773.333333
11.008285	 	6780.000000
10.913620	 	6786.666667
10.421365	 	6793.333333
10.442019	 	6800.000000
10.378336	 	6806.666667
9.860264	 	6813.333333
10.011727	 	6820.000000
9.934274	 	6826.666667
9.884360	 	6833.333333
9.800023	 	6840.000000
9.727734	 	6846.666667
9.514309	 	6853.333333
9.586598	 	6860.000000
9.455789	 	6866.666667
9.194171	 	6873.333333
9.321538	 	6880.000000
9.259575	 	6886.666667
9.047871	 	6893.333333
8.927390	 	6900.000000
9.034102	 	6906.666667
9.099507	 	6913.333333
9.099507	 	6920.000000
9.249248	 	6926.666667
9.142536	 	6933.333333
8.901572	 	6940.000000
8.899851	 	6946.666667
8.818956	 	6953.333333
8.700195	 	6960.000000
8.894687	 	6966.666667
8.454068	 	6973.333333
8.717407	 	6980.000000
8.454068	 	6986.666667
8.411038	 	6993.333333
8.321538	 	7000.000000
8.070247	 	7006.666667
8.025496	 	7013.333333
8.058198	 	7020.000000
7.741503	 	7026.666667
7.717407	 	7033.333333
7.600367	 	7040.000000
7.481606	 	7046.666667
7.378336	 	7053.333333
6.961813	 	7060.000000
7.051314	 	7066.666667
6.867149	 	7073.333333
6.880918	 	7080.000000
6.905014	 	7086.666667
6.481606	 	7093.333333
6.672656	 	7100.000000
6.454068	 	7106.666667
6.409317	 	7113.333333
6.347355	 	7120.000000
6.190729	 	7126.666667
6.051314	 	7133.333333
6.128766	 	7140.000000
5.746667	 	7146.666667
5.665772	 	7153.333333
5.665772	 	7160.000000
5.750109	 	7166.666667
5.669214	 	7173.333333
5.652002	 	7180.000000
5.352519	 	7186.666667
5.476443	 	7193.333333
5.166632	 	7200.000000
5.135651	 	7206.666667
5.092622	 	7213.333333
5.383500	 	7220.000000
5.337028	 	7226.666667
5.016890	 	7233.333333
4.677820	 	7240.000000
4.808629	 	7246.666667
4.763878	 	7253.333333
4.858543	 	7260.000000
4.767321	 	7266.666667
5.003121	 	7273.333333
5.032381	 	7280.000000
4.784532	 	7286.666667
4.686426	 	7293.333333
4.824119	 	7300.000000
4.667493	 	7306.666667
4.756994	 	7313.333333
4.550453	 	7320.000000
4.572828	 	7326.666667
4.645118	 	7333.333333
4.371451	 	7340.000000
4.333586	 	7346.666667
4.428250	 	7353.333333
4.548732	 	7360.000000
4.469558	 	7366.666667
4.300883	 	7373.333333
4.627906	 	7380.000000
4.553896	 	7386.666667
4.202777	 	7393.333333
4.343913	 	7400.000000
4.163190	 	7406.666667
4.152863	 	7413.333333
4.328422	 	7420.000000
4.261297	 	7426.666667
4.218267	 	7433.333333
4.042708	 	7440.000000
3.939438	 	7446.666667
4.034102	 	7453.333333
4.092622	 	7460.000000
3.874033	 	7466.666667
3.695032	 	7473.333333
3.701916	 	7480.000000
3.498818	 	7486.666667
3.710522	 	7493.333333
3.591761	 	7500.000000
3.080574	 	7506.666667
3.092622	 	7513.333333
2.991073	 	7520.000000
3.071968	 	7526.666667
3.082295	 	7533.333333
3.046150	 	7540.000000
3.008285	 	7546.666667
2.987630	 	7553.333333
3.128766	 	7560.000000
3.438577	 	7566.666667
3.106391	 	7573.333333
3.209661	 	7580.000000
3.249248	 	7586.666667
3.176959	 	7593.333333
3.368009	 	7600.000000
3.438577	 	7606.666667
3.151142	 	7613.333333
3.268181	 	7620.000000
3.073689	 	7626.666667
3.355961	 	7633.333333
3.042708	 	7640.000000
3.111555	 	7646.666667
2.722570	 	7653.333333
3.373173	 	7660.000000
3.163190	 	7666.666667
3.263018	 	7673.333333
3.338749	 	7680.000000
3.192450	 	7686.666667
3.216546	 	7693.333333
3.337028	 	7700.000000
3.378336	 	7706.666667
3.512587	 	7713.333333
3.381778	 	7720.000000
3.545290	 	7726.666667
3.662329	 	7733.333333
3.486770	 	7740.000000
3.576271	 	7746.666667
3.376615	 	7753.333333
3.526357	 	7760.000000
3.300883	 	7766.666667
3.161469	 	7773.333333
3.285393	 	7780.000000
3.416202	 	7786.666667
3.536684	 	7793.333333
3.194171	 	7800.000000
2.949765	 	7806.666667
3.075410	 	7813.333333
3.084016	 	7820.000000
3.159748	 	7826.666667
2.700195	 	7833.333333
2.762157	 	7840.000000
2.810350	 	7846.666667
2.853379	 	7853.333333
2.851658	 	7860.000000
2.831004	 	7866.666667
2.812071	 	7873.333333
2.901572	 	7880.000000
2.899851	 	7886.666667
2.621021	 	7893.333333
2.639954	 	7900.000000
2.474722	 	7906.666667
2.724291	 	7913.333333
2.636512	 	7920.000000
2.787975	 	7926.666667
2.700195	 	7933.333333
2.454068	 	7940.000000
2.509145	 	7946.666667
2.751830	 	7953.333333
2.378336	 	7960.000000
2.638233	 	7966.666667
2.411038	 	7973.333333
2.610694	 	7980.000000
2.536684	 	7986.666667
2.450625	 	7993.333333
2.023775	 	8000.000000
1.949765	 	8006.666667
1.843052	 	8013.333333
2.092622	 	8020.000000
2.238921	 	8026.666667
2.022054	 	8033.333333
2.037544	 	8040.000000
2.006563	 	8046.666667
2.118439	 	8053.333333
1.953207	 	8060.000000
1.677820	 	8066.666667
1.837889	 	8073.333333
2.101228	 	8080.000000
2.058198	 	8086.666667
1.899851	 	8093.333333
1.872312	 	8100.000000
1.872312	 	8106.666667
1.755272	 	8113.333333
1.822398	 	8120.000000
1.732897	 	8126.666667
1.794859	 	8133.333333
1.999679	 	8140.000000
1.970419	 	8146.666667
1.977303	 	8153.333333
1.887803	 	8160.000000
1.710522	 	8166.666667
1.715686	 	8173.333333
1.636512	 	8180.000000
1.796581	 	8186.666667
1.786254	 	8193.333333
1.648560	 	8200.000000
1.653723	 	8206.666667
1.772484	 	8213.333333
1.457510	 	8220.000000
1.407596	 	8226.666667
1.171796	 	8233.333333
1.209661	 	8240.000000
1.273345	 	8246.666667
1.118439	 	8253.333333
1.197613	 	8260.000000
1.400711	 	8266.666667
1.178680	 	8273.333333
1.164911	 	8280.000000
1.192450	 	8286.666667
1.034102	 	8293.333333
1.250970	 	8300.000000
0.917062	 	8306.666667
1.015169	 	8313.333333
1.147699	 	8320.000000
0.944601	 	8326.666667
1.046150	 	8333.333333
0.772484	 	8340.000000
0.782811	 	8346.666667
0.696753	 	8353.333333
0.841331	 	8360.000000
0.598646	 	8366.666667
0.622742	 	8373.333333
0.562501	 	8380.000000
0.658887	 	8386.666667
0.708801	 	8393.333333
0.777648	 	8400.000000
0.806908	 	8406.666667
0.526357	 	8413.333333
0.831004	 	8420.000000
0.380057	 	8426.666667
0.695032	 	8433.333333
0.533241	 	8440.000000
0.424808	 	8446.666667
0.304326	 	8453.333333
0.519472	 	8460.000000
0.232037	 	8466.666667
0.235479	 	8473.333333
0.090901	 	8480.000000
-0.127688	 	8486.666667
0.158026	 	8493.333333
0.300883	 	8500.000000
0.078853	 	8506.666667
0.295720	 	8513.333333
0.121882	 	8520.000000
0.443741	 	8526.666667
0.250970	 	8533.333333
0.497097	 	8540.000000
0.407596	 	8546.666667
0.555617	 	8553.333333
0.576271	 	8560.000000
0.639954	 	8566.666667
0.636512	 	8573.333333
0.760436	 	8580.000000
0.497097	 	8586.666667
0.567665	 	8593.333333
0.426529	 	8600.000000
0.345634	 	8606.666667
0.498818	 	8613.333333
0.324980	 	8620.000000
0.474722	 	8626.666667
0.397269	 	8633.333333
0.180402	 	8640.000000
0.018612	 	8646.666667
-0.031302	 	8653.333333
-0.022697	 	8660.000000
-0.311853	 	8666.666667
-0.385864	 	8673.333333
-0.377258	 	8680.000000
-0.516672	 	8686.666667
-0.907378	 	8693.333333
-0.649203	 	8700.000000
-0.829925	 	8706.666667
-0.945244	 	8713.333333
-1.003764	 	8720.000000
-0.810993	 	8726.666667
-1.101870	 	8733.333333
-1.002043	 	8740.000000
-1.270545	 	8746.666667
-1.404796	 	8753.333333
-1.320459	 	8760.000000
-1.406518	 	8766.666667
-1.380700	 	8773.333333
-1.365209	 	8780.000000
-1.545932	 	8786.666667
-1.520115	 	8793.333333
-1.769685	 	8800.000000
-1.699117	 	8806.666667
-2.005485	 	8813.333333
-1.518394	 	8820.000000
-1.583798	 	8826.666667
-1.459874	 	8833.333333
-1.465037	 	8840.000000
-1.148342	 	8846.666667
-1.769685	 	8853.333333
-1.243006	 	8860.000000
-1.384142	 	8866.666667
-1.428893	 	8873.333333
-1.144900	 	8880.000000
-0.836810	 	8886.666667
-1.002043	 	8893.333333
-0.986552	 	8900.000000
-1.081216	 	8906.666667
-0.952129	 	8913.333333
-0.785175	 	8920.000000
-0.496018	 	8926.666667
-0.805829	 	8933.333333
-0.165554	 	8940.000000
0.010006	 	8946.666667
0.140815	 	8953.333333
0.337028	 	8960.000000
0.152863	 	8966.666667
0.314653	 	8973.333333
0.564223	 	8980.000000
0.436856	 	8986.666667
0.755272	 	8993.333333
0.491933	 	9000.000000
0.677820	 	9006.666667
0.467837	 	9013.333333
0.559059	 	9020.000000
0.452346	 	9026.666667
0.596925	 	9033.333333
0.565944	 	9040.000000
0.517751	 	9046.666667
0.411038	 	9053.333333
0.610694	 	9060.000000
0.524636	 	9066.666667
0.662329	 	9073.333333
0.388663	 	9080.000000
0.447183	 	9086.666667
0.342192	 	9093.333333
0.111555	 	9100.000000
-0.089822	 	9106.666667
-0.108755	 	9113.333333
-0.015812	 	9120.000000
-0.105313	 	9126.666667
-0.337671	 	9133.333333
-0.496018	 	9140.000000
-0.425450	 	9146.666667
-0.360046	 	9153.333333
-0.521836	 	9160.000000
-0.664693	 	9166.666667
-0.681905	 	9173.333333
-0.662972	 	9180.000000
-0.812714	 	9186.666667
-0.890166	 	9193.333333
-1.103592	 	9200.000000
-0.952129	 	9206.666667
-0.969340	 	9213.333333
-0.922869	 	9220.000000
-1.072610	 	9226.666667
-1.065726	 	9233.333333
-1.057120	 	9240.000000
-0.988273	 	9246.666667
-1.139736	 	9253.333333
-1.119082	 	9260.000000
-0.900493	 	9266.666667
-1.101870	 	9273.333333
-1.100149	 	9280.000000
-0.922869	 	9286.666667
-1.301526	 	9293.333333
-1.119082	 	9300.000000
-1.084659	 	9306.666667
-1.317017	 	9313.333333
-1.098428	 	9320.000000
-1.239564	 	9326.666667
-1.432335	 	9333.333333
-1.418566	 	9340.000000
-1.234401	 	9346.666667
-1.098428	 	9353.333333
-1.483970	 	9360.000000
-1.456431	 	9366.666667
-1.594125	 	9373.333333
-1.387585	 	9380.000000
-1.423729	 	9386.666667
-1.692232	 	9393.333333
-1.533884	 	9400.000000
-1.623385	 	9406.666667
-1.786896	 	9413.333333
-1.638876	 	9420.000000
-1.840252	 	9426.666667
-1.891888	 	9433.333333
-1.950407	 	9440.000000
-1.835089	 	9446.666667
-1.903936	 	9453.333333
-1.659530	 	9460.000000
-1.764521	 	9466.666667
-1.745588	 	9473.333333
-1.926311	 	9480.000000
-2.127688	 	9486.666667
-2.012370	 	9493.333333
-2.022697	 	9500.000000
-2.320459	 	9506.666667
-2.332507	 	9513.333333
-2.246449	 	9520.000000
-2.540769	 	9526.666667
-2.215468	 	9533.333333
-2.456431	 	9540.000000
-2.268824	 	9546.666667
-2.289478	 	9553.333333
-2.349719	 	9560.000000
-2.144900	 	9566.666667
-2.375536	 	9573.333333
-2.301526	 	9580.000000
-2.361767	 	9586.666667
-2.557981	 	9593.333333
-2.521836	 	9600.000000
-2.425450	 	9606.666667
-2.298084	 	9613.333333
-1.940080	 	9620.000000
-2.144900	 	9626.666667
-2.051956	 	9633.333333
-2.101870	 	9640.000000
-2.497740	 	9646.666667
-2.456431	 	9653.333333
-2.022697	 	9660.000000
-2.212025	 	9666.666667
-2.074332	 	9673.333333
-2.263660	 	9680.000000
-1.964177	 	9686.666667
-1.941802	 	9693.333333
-1.981388	 	9700.000000
-1.845416	 	9706.666667
-1.883282	 	9713.333333
-1.798944	 	9720.000000
-1.952129	 	9726.666667
-2.003764	 	9733.333333
-1.563144	 	9740.000000
-1.755915	 	9746.666667
-1.864349	 	9753.333333
-1.692232	 	9760.000000
-1.614779	 	9766.666667
-1.404796	 	9773.333333
-1.292920	 	9780.000000
-1.606173	 	9786.666667
-1.368652	 	9793.333333
-1.508067	 	9800.000000
-1.459874	 	9806.666667
-1.428893	 	9813.333333
-1.303247	 	9820.000000
-1.177602	 	9826.666667
-1.100149	 	9833.333333
-1.165554	 	9840.000000
-1.086380	 	9846.666667
-1.292920	 	9853.333333
-1.045072	 	9860.000000
-0.919426	 	9866.666667
-1.039908	 	9873.333333
-1.329065	 	9880.000000
-0.821320	 	9886.666667
-1.100149	 	9893.333333
-0.630270	 	9900.000000
-1.041629	 	9906.666667
-1.174160	 	9913.333333
-1.064005	 	9920.000000
-1.105313	 	9926.666667
-0.878118	 	9933.333333
-0.869512	 	9940.000000
-1.020975	 	9946.666667
-0.950407	 	9953.333333
-1.332507	 	9960.000000
-1.335950	 	9966.666667
-1.129409	 	9973.333333
-1.454710	 	9980.000000
-1.287757	 	9986.666667
-1.564865	 	9993.333333
-1.332507	 	10000.000000
-1.244728	 	10006.666667
-1.413402	 	10013.333333
-1.547654	 	10020.000000
-1.356604	 	10026.666667
-1.470201	 	10033.333333
-1.513230	 	10040.000000
-1.446104	 	10046.666667
-1.564865	 	10053.333333
-1.303247	 	10060.000000
-1.406518	 	10066.666667
-1.308411	 	10073.333333
-1.520115	 	10080.000000
-1.163833	 	10086.666667
-1.205141	 	10093.333333
-1.220631	 	10100.000000
-1.129409	 	10106.666667
-1.048514	 	10113.333333
-1.323901	 	10120.000000
-1.454710	 	10126.666667
-1.637154	 	10133.333333
-1.415123	 	10140.000000
-1.292920	 	10146.666667
-1.528721	 	10153.333333
-1.613058	 	10160.000000
-1.366931	 	10166.666667
-1.420287	 	10173.333333
-1.470201	 	10180.000000
-1.611337	 	10186.666667
-1.583798	 	10193.333333
-1.692232	 	10200.000000
-1.681905	 	10206.666667
-1.570029	 	10213.333333
-1.669857	 	10220.000000
-1.755915	 	10226.666667
-1.601010	 	10233.333333
-1.862628	 	10240.000000
-1.707722	 	10246.666667
-1.938359	 	10253.333333
-1.487413	 	10260.000000
-1.473643	 	10266.666667
-1.762800	 	10273.333333
-1.749030	 	10280.000000
-1.664693	 	10286.666667
-1.750752	 	10293.333333
-1.613058	 	10300.000000
-1.733540	 	10306.666667
-1.807550	 	10313.333333
-1.855743	 	10320.000000
-1.881561	 	10326.666667
-2.136294	 	10333.333333
-1.821320	 	10340.000000
-2.205141	 	10346.666667
-1.862628	 	10353.333333
-2.206862	 	10360.000000
-2.132851	 	10366.666667
-2.282593	 	10373.333333
-2.168996	 	10380.000000
-2.329065	 	10386.666667
-2.267103	 	10393.333333
-2.480528	 	10400.000000
-2.237843	 	10406.666667
-2.700838	 	10413.333333
-2.191371	 	10420.000000
-2.413402	 	10426.666667
-2.241285	 	10433.333333
-2.354882	 	10440.000000
-1.986552	 	10446.666667
-1.964177	 	10453.333333
-1.659530	 	10460.000000
-1.573471	 	10466.666667
-1.268824	 	10473.333333
-1.571750	 	10480.000000
-1.370373	 	10486.666667
-1.478807	 	10493.333333
-1.514951	 	10500.000000
-1.466759	 	10506.666667
-1.425450	 	10513.333333
-1.626827	 	10520.000000
-1.122524	 	10526.666667
-1.649203	 	10533.333333
-1.492576	 	10540.000000
-1.573471	 	10546.666667
-1.449547	 	10553.333333
-1.573471	 	10560.000000
-1.370373	 	10566.666667
-1.786896	 	10573.333333
-1.623385	 	10580.000000
-1.840252	 	10586.666667
-1.807550	 	10593.333333
-1.852301	 	10600.000000
-2.000321	 	10606.666667
-2.048514	 	10613.333333
-1.711165	 	10620.000000
-1.783454	 	10626.666667
-2.230958	 	10633.333333
-2.280872	 	10640.000000
-2.144900	 	10646.666667
-2.101870	 	10653.333333
-1.996879	 	10660.000000
-1.847137	 	10666.666667
-1.731819	 	10673.333333
-1.773127	 	10680.000000
-1.136294	 	10686.666667
-1.508067	 	10693.333333
-1.310132	 	10700.000000
-1.163833	 	10706.666667
-1.096707	 	10713.333333
-0.804108	 	10720.000000
-0.867791	 	10726.666667
-1.138015	 	10733.333333
-0.945244	 	10740.000000
-1.174160	 	10746.666667
-0.867791	 	10753.333333
-0.915984	 	10760.000000
-0.897051	 	10766.666667
-0.618222	 	10773.333333
-0.654366	 	10780.000000
-0.570029	 	10786.666667
-0.554538	 	10793.333333
-0.614779	 	10800.000000
-0.730098	 	10806.666667
-0.533884	 	10813.333333
-0.384142	 	10820.000000
-0.330786	 	10826.666667
-0.408239	 	10833.333333
-0.525278	 	10840.000000
-0.187929	 	10846.666667
-0.304968	 	10853.333333
-0.244728	 	10860.000000
-0.261939	 	10866.666667
-0.255055	 	10873.333333
-0.136294	 	10880.000000
-0.098428	 	10886.666667
-0.072610	 	10893.333333
-0.098428	 	10900.000000
-0.475364	 	10906.666667
-0.089822	 	10913.333333
-0.478807	 	10920.000000
-0.280872	 	10926.666667
-0.645760	 	10933.333333
-0.327344	 	10940.000000
-0.351440	 	10946.666667
-0.335950	 	10953.333333
-0.652645	 	10960.000000
-0.466759	 	10966.666667
-0.523557	 	10973.333333
-0.403075	 	10980.000000
-0.074332	 	10986.666667
-0.260218	 	10993.333333
0.032381	 	11000.000000
-0.255055	 	11006.666667
-0.239564	 	11013.333333
-0.022697	 	11020.000000
0.104670	 	11026.666667
0.106391	 	11033.333333
-0.103592	 	11040.000000
-0.070889	 	11046.666667
-0.323901	 	11053.333333
-0.031302	 	11060.000000
-0.256776	 	11066.666667
-0.459874	 	11073.333333
-0.387585	 	11080.000000
-0.339392	 	11086.666667
-0.439220	 	11093.333333
-0.544211	 	11100.000000
-0.630270	 	11106.666667
-0.676741	 	11113.333333
-0.540769	 	11120.000000
-0.718049	 	11126.666667
-0.621664	 	11133.333333
-0.471922	 	11140.000000
-1.127688	 	11146.666667
-1.041629	 	11153.333333
-1.022697	 	11160.000000
-0.878118	 	11166.666667
-0.898772	 	11173.333333
-1.182765	 	11180.000000
-0.905657	 	11186.666667
-1.093265	 	11193.333333
-0.952129	 	11200.000000
-1.045072	 	11206.666667
-0.897051	 	11213.333333
-0.907378	 	11220.000000
-0.854022	 	11226.666667
-0.902215	 	11233.333333
-0.976225	 	11240.000000
-0.948686	 	11246.666667
-0.977946	 	11253.333333
-1.168996	 	11260.000000
-1.239564	 	11266.666667
-1.045072	 	11273.333333
-1.318738	 	11280.000000
-1.117361	 	11286.666667
-1.477086	 	11293.333333
-1.418566	 	11300.000000
-1.101870	 	11306.666667
-1.391027	 	11313.333333
-1.055399	 	11320.000000
-0.989994	 	11326.666667
-1.100149	 	11333.333333
-1.225795	 	11340.000000
-1.489134	 	11346.666667
-1.733540	 	11353.333333
-1.697395	 	11360.000000
-1.628549	 	11366.666667
-1.532163	 	11373.333333
-1.452989	 	11380.000000
-1.483970	 	11386.666667
-1.592404	 	11393.333333
-1.676741	 	11400.000000
-1.833368	 	11406.666667
-2.024418	 	11413.333333
-1.802387	 	11420.000000
-1.802387	 	11426.666667
-1.678462	 	11433.333333
-1.738703	 	11440.000000
-1.675020	 	11446.666667
-1.719771	 	11453.333333
-1.582077	 	11460.000000
-1.903936	 	11466.666667
-1.745588	 	11473.333333
-1.702559	 	11480.000000
-1.733540	 	11486.666667
-1.828204	 	11493.333333
-1.652645	 	11500.000000
-1.802387	 	11506.666667
-1.974504	 	11513.333333
-2.139736	 	11520.000000
-2.064005	 	11526.666667
-1.809271	 	11533.333333
-1.926311	 	11540.000000
-1.962456	 	11546.666667
-1.781733	 	11553.333333
-1.549375	 	11560.000000
-1.843695	 	11566.666667
-1.797223	 	11573.333333
-1.905657	 	11580.000000
-1.669857	 	11586.666667
-1.871234	 	11593.333333
-1.786896	 	11600.000000
-1.554538	 	11606.666667
-1.986552	 	11613.333333
-1.850580	 	11620.000000
-1.783454	 	11626.666667
-1.657808	 	11633.333333
-1.668135	 	11640.000000
-1.518394	 	11646.666667
-1.683626	 	11653.333333
-1.332507	 	11660.000000
-1.625106	 	11666.666667
-1.237843	 	11673.333333
-1.537326	 	11680.000000
-1.446104	 	11686.666667
-1.826483	 	11693.333333
-1.456431	 	11700.000000
-1.778290	 	11706.666667
-1.521836	 	11713.333333
-1.833368	 	11720.000000
-1.685347	 	11726.666667
-1.590683	 	11733.333333
-1.638876	 	11740.000000
-1.693953	 	11746.666667
-1.475364	 	11753.333333
-1.613058	 	11760.000000
-1.361767	 	11766.666667
-1.681905	 	11773.333333
-1.459874	 	11780.000000
-1.864349	 	11786.666667
-1.749030	 	11793.333333
-2.050235	 	11800.000000
-1.535605	 	11806.666667
-2.033024	 	11813.333333
-1.998600	 	11820.000000
-1.977946	 	11826.666667
-1.969340	 	11833.333333
-1.790339	 	11840.000000
-1.687068	 	11846.666667
-1.897051	 	11853.333333
-1.621664	 	11860.000000
-1.859185	 	11866.666667
-1.557981	 	11873.333333
-1.945244	 	11880.000000
-1.625106	 	11886.666667
-1.724934	 	11893.333333
-1.790339	 	11900.000000
-1.809271	 	11906.666667
-1.786896	 	11913.333333
-1.924590	 	11920.000000
-1.776569	 	11926.666667
-2.024418	 	11933.333333
-1.707722	 	11940.000000
-1.940080	 	11946.666667
-1.774848	 	11953.333333
-1.934917	 	11960.000000
-1.482249	 	11966.666667
-1.912542	 	11973.333333
-1.425450	 	11980.000000
-1.706001	 	11986.666667
-1.788617	 	11993.333333
-1.795502	 	12000.000000
-1.890166	 	12006.666667
-1.687068	 	12013.333333
-1.681905	 	12020.000000
-1.885003	 	12026.666667
-1.625106	 	12033.333333
-1.991715	 	12040.000000
-1.721492	 	12046.666667
-1.798944	 	12053.333333
-1.626827	 	12060.000000
-1.556259	 	12066.666667
-1.637154	 	12073.333333
-1.413402	 	12080.000000
-1.898772	 	12086.666667
-2.002043	 	12093.333333
-1.859185	 	12100.000000
-1.616500	 	12106.666667
-1.928032	 	12113.333333
-1.780012	 	12120.000000
-1.812714	 	12126.666667
-1.755915	 	12133.333333
-1.895330	 	12140.000000
-1.619943	 	12146.666667
-1.983110	 	12153.333333
-1.792060	 	12160.000000
-2.107034	 	12166.666667
-1.989994	 	12173.333333
-2.108755	 	12180.000000
-1.702559	 	12186.666667
-2.033024	 	12193.333333
-2.076053	 	12200.000000
-1.893609	 	12206.666667
-2.046793	 	12213.333333
-2.194814	 	12220.000000
-2.187929	 	12226.666667
-2.306690	 	12233.333333
-2.155227	 	12240.000000
-2.062283	 	12246.666667
-1.933196	 	12253.333333
-2.082938	 	12260.000000
-2.244728	 	12266.666667
-2.261939	 	12273.333333
-2.279151	 	12280.000000
-2.311853	 	12286.666667
-2.434056	 	12293.333333
-2.193092	 	12300.000000
-2.397912	 	12306.666667
-2.143178	 	12313.333333
-2.303247	 	12320.000000
-2.091543	 	12326.666667
-2.146621	 	12333.333333
-2.120803	 	12340.000000
-2.144900	 	12346.666667
-1.971061	 	12353.333333
-1.776569	 	12360.000000
-2.027860	 	12366.666667
-1.972783	 	12373.333333
-1.718049	 	12380.000000
-1.862628	 	12386.666667
-1.678462	 	12393.333333
-1.442662	 	12400.000000
-1.480528	 	12406.666667
-1.415123	 	12413.333333
-1.556259	 	12420.000000
-1.613058	 	12426.666667
-1.611337	 	12433.333333
-1.645760	 	12440.000000
-1.630270	 	12446.666667
-1.375536	 	12453.333333
-1.451268	 	12460.000000
-1.230958	 	12466.666667
-1.432335	 	12473.333333
-1.270545	 	12480.000000
-1.155227	 	12486.666667
-1.470201	 	12493.333333
-1.342834	 	12500.000000
-1.358325	 	12506.666667
-1.683626	 	12513.333333
-1.451268	 	12520.000000
-1.609616	 	12526.666667
-1.514951	 	12533.333333
-1.521836	 	12540.000000
-1.440941	 	12546.666667
-1.580356	 	12553.333333
-1.408239	 	12560.000000
-1.673299	 	12566.666667
-1.855743	 	12573.333333
-1.365209	 	12580.000000
-1.551096	 	12586.666667
-1.055399	 	12593.333333
-1.335950	 	12600.000000
-1.788617	 	12606.666667
-1.542490	 	12613.333333
-1.681905	 	12620.000000
-1.516672	 	12626.666667
-1.428893	 	12633.333333
-1.496018	 	12640.000000
-1.279151	 	12646.666667
-1.342834	 	12653.333333
-1.580356	 	12660.000000
-1.466759	 	12666.666667
-1.327344	 	12673.333333
-1.501182	 	12680.000000
-1.580356	 	12686.666667
-1.366931	 	12693.333333
-1.482249	 	12700.000000
-1.179323	 	12706.666667
-1.282593	 	12713.333333
-1.323901	 	12720.000000
-1.079495	 	12726.666667
-1.411681	 	12733.333333
-1.168996	 	12740.000000
-1.268824	 	12746.666667
-1.203419	 	12753.333333
-1.442662	 	12760.000000
-1.360046	 	12766.666667
-1.576913	 	12773.333333
-1.358325	 	12780.000000
-1.526999	 	12786.666667
-1.401354	 	12793.333333
-1.428893	 	12800.000000
-1.418566	 	12806.666667
-1.564865	 	12813.333333
-1.523557	 	12820.000000
-1.411681	 	12826.666667
-1.544211	 	12833.333333
-1.526999	 	12840.000000
-1.471922	 	12846.666667
-1.318738	 	12853.333333
-1.272266	 	12860.000000
-1.273987	 	12866.666667
-1.323901	 	12873.333333
-1.346277	 	12880.000000
-1.601010	 	12886.666667
-1.609616	 	12893.333333
-1.168996	 	12900.000000
-1.215468	 	12906.666667
-0.940080	 	12913.333333
-0.740425	 	12920.000000
-0.692232	 	12926.666667
-0.468480	 	12933.333333
-0.554538	 	12940.000000
-0.673299	 	12946.666667
-0.563144	 	12953.333333
-0.781733	 	12960.000000
-0.955571	 	12966.666667
-0.955571	 	12973.333333
-0.924590	 	12980.000000
-0.812714	 	12986.666667
-0.919426	 	12993.333333
-1.263660	 	13000.000000
-0.965898	 	13006.666667
-1.322180	 	13013.333333
-0.979667	 	13020.000000
-1.084659	 	13026.666667
-0.955571	 	13033.333333
-1.261939	 	13040.000000
-1.144900	 	13046.666667
-1.461595	 	13053.333333
-1.141457	 	13060.000000
-1.225795	 	13066.666667
-1.440941	 	13073.333333
-1.360046	 	13080.000000
-1.452989	 	13086.666667
-1.626827	 	13093.333333
-1.752473	 	13100.000000
-1.931475	 	13106.666667
-1.924590	 	13113.333333
-2.036466	 	13120.000000
-1.706001	 	13126.666667
-1.983110	 	13133.333333
-1.790339	 	13140.000000
-1.726655	 	13146.666667
-1.874676	 	13153.333333
-2.201698	 	13160.000000
-2.050235	 	13166.666667
-1.867791	 	13173.333333
-2.046793	 	13180.000000
-1.821320	 	13186.666667
-1.623385	 	13193.333333
-1.669857	 	13200.000000
-1.673299	 	13206.666667
-1.996879	 	13213.333333
-1.965898	 	13220.000000
-2.033024	 	13226.666667
-1.914263	 	13233.333333
-1.575192	 	13240.000000
-1.735261	 	13246.666667
-1.824762	 	13253.333333
-1.953850	 	13260.000000
-1.506345	 	13266.666667
-1.409960	 	13273.333333
-1.465037	 	13280.000000
-1.413402	 	13286.666667
-1.573471	 	13293.333333
-1.633712	 	13300.000000
-1.525278	 	13306.666667
-1.668135	 	13313.333333
-1.576913	 	13320.000000
-1.931475	 	13326.666667
