#peak 	 	#time 
1.647537	 	0.000000
1.945349	 	6.666667
2.112278	 	13.333333
3.491517	 	20.000000
3.317577	 	26.666667
3.555836	 	33.333333
3.096482	 	40.000000
3.349939	 	46.666667
3.579725	 	53.333333
3.694932	 	60.000000
3.450692	 	66.666667
3.344702	 	73.333333
2.943780	 	80.000000
2.717973	 	86.666667
2.911522	 	93.333333
2.948388	 	100.000000
3.017513	 	106.666667
2.837789	 	113.333333
2.607374	 	120.000000
2.911522	 	126.666667
2.782490	 	133.333333
2.565900	 	140.000000
2.533642	 	146.666667
2.243319	 	153.333333
2.754840	 	160.000000
2.224886	 	166.666667
2.579725	 	173.333333
2.658066	 	180.000000
2.611983	 	186.666667
2.335485	 	193.333333
2.404609	 	200.000000
1.989863	 	206.666667
2.321660	 	213.333333
1.870047	 	220.000000
2.164978	 	226.666667
1.902305	 	233.333333
2.105070	 	240.000000
2.400001	 	246.666667
2.533642	 	253.333333
2.547466	 	260.000000
2.423043	 	266.666667
2.482950	 	273.333333
2.344702	 	280.000000
2.326268	 	286.666667
2.487559	 	293.333333
2.722582	 	300.000000
2.128112	 	306.666667
2.372351	 	313.333333
2.303227	 	320.000000
2.625808	 	326.666667
2.492167	 	333.333333
2.459909	 	340.000000
2.432259	 	346.666667
2.501384	 	353.333333
2.565900	 	360.000000
2.547466	 	366.666667
2.487559	 	373.333333
2.340093	 	380.000000
2.178803	 	386.666667
2.026729	 	393.333333
2.266360	 	400.000000
2.598158	 	406.666667
2.432259	 	413.333333
2.335485	 	420.000000
2.423043	 	426.666667
2.197236	 	433.333333
2.390784	 	440.000000
2.183411	 	446.666667
2.335485	 	453.333333
2.234102	 	460.000000
2.372351	 	466.666667
2.123503	 	473.333333
1.883872	 	480.000000
2.063596	 	486.666667
2.017513	 	493.333333
2.303227	 	500.000000
1.939172	 	506.666667
2.151153	 	513.333333
1.902305	 	520.000000
1.722582	 	526.666667
2.100462	 	533.333333
2.068204	 	540.000000
2.109678	 	546.666667
2.114287	 	553.333333
1.791706	 	560.000000
1.745623	 	566.666667
1.971430	 	573.333333
2.008296	 	580.000000
2.280185	 	586.666667
1.570508	 	593.333333
1.796314	 	600.000000
1.727190	 	606.666667
2.141937	 	613.333333
1.690324	 	620.000000
1.565900	 	626.666667
1.598158	 	633.333333
1.911522	 	640.000000
1.773273	 	646.666667
1.340093	 	653.333333
1.593549	 	660.000000
1.879264	 	666.666667
1.404609	 	673.333333
1.501384	 	680.000000
1.565900	 	686.666667
2.040554	 	693.333333
1.561291	 	700.000000
1.054379	 	706.666667
1.630416	 	713.333333
1.326268	 	720.000000
1.616591	 	726.666667
1.575116	 	733.333333
1.796314	 	740.000000
1.648849	 	746.666667
1.464517	 	753.333333
1.197236	 	760.000000
1.639632	 	766.666667
1.243319	 	773.333333
1.326268	 	780.000000
1.906913	 	786.666667
1.363135	 	793.333333
1.400001	 	800.000000
1.579725	 	806.666667
1.404609	 	813.333333
1.266360	 	820.000000
1.473734	 	826.666667
1.611983	 	833.333333
1.294010	 	840.000000
1.317052	 	846.666667
1.418434	 	853.333333
1.363135	 	860.000000
1.524425	 	866.666667
1.593549	 	873.333333
1.376960	 	880.000000
1.257144	 	886.666667
1.482950	 	893.333333
1.358526	 	900.000000
1.358526	 	906.666667
1.681107	 	913.333333
1.450692	 	920.000000
1.446084	 	926.666667
1.404609	 	933.333333
1.058987	 	940.000000
1.086637	 	946.666667
1.031337	 	953.333333
1.353918	 	960.000000
1.524425	 	966.666667
1.072812	 	973.333333
1.570508	 	980.000000
1.349310	 	986.666667
1.828572	 	993.333333
1.363135	 	1000.000000
1.427651	 	1006.666667
1.137328	 	1013.333333
1.524425	 	1020.000000
1.630416	 	1026.666667
1.584333	 	1033.333333
1.423043	 	1040.000000
1.542858	 	1046.666667
1.492167	 	1053.333333
1.658066	 	1060.000000
1.487559	 	1066.666667
1.409218	 	1073.333333
1.579725	 	1080.000000
1.754840	 	1086.666667
1.616591	 	1093.333333
1.358526	 	1100.000000
1.418434	 	1106.666667
1.690324	 	1113.333333
1.621199	 	1120.000000
1.800923	 	1126.666667
1.353918	 	1133.333333
1.745623	 	1140.000000
1.952996	 	1146.666667
1.773273	 	1153.333333
1.810139	 	1160.000000
1.727190	 	1166.666667
1.870047	 	1173.333333
2.164978	 	1180.000000
1.971430	 	1186.666667
2.344702	 	1193.333333
2.095854	 	1200.000000
2.676499	 	1206.666667
2.400001	 	1213.333333
2.644241	 	1220.000000
2.630416	 	1226.666667
2.575116	 	1233.333333
2.146545	 	1240.000000
2.630416	 	1246.666667
2.063596	 	1253.333333
2.722582	 	1260.000000
2.653457	 	1266.666667
2.611983	 	1273.333333
2.418434	 	1280.000000
2.837789	 	1286.666667
2.340093	 	1293.333333
2.469125	 	1300.000000
2.446084	 	1306.666667
2.529033	 	1313.333333
2.524425	 	1320.000000
2.671890	 	1326.666667
2.298619	 	1333.333333
2.409218	 	1340.000000
2.211061	 	1346.666667
2.575116	 	1353.333333
2.446084	 	1360.000000
2.330877	 	1366.666667
2.865439	 	1373.333333
2.353918	 	1380.000000
2.482950	 	1386.666667
2.400001	 	1393.333333
2.395393	 	1400.000000
2.971430	 	1406.666667
2.266360	 	1413.333333
2.717973	 	1420.000000
2.667282	 	1426.666667
2.621199	 	1433.333333
2.625808	 	1440.000000
2.542858	 	1446.666667
2.519817	 	1453.333333
2.851614	 	1460.000000
2.505992	 	1466.666667
2.611983	 	1473.333333
2.335485	 	1480.000000
2.321660	 	1486.666667
2.367743	 	1493.333333
2.390784	 	1500.000000
2.164978	 	1506.666667
2.275577	 	1513.333333
2.220278	 	1520.000000
2.492167	 	1526.666667
2.335485	 	1533.333333
2.519817	 	1540.000000
2.321660	 	1546.666667
2.321660	 	1553.333333
2.510600	 	1560.000000
2.197236	 	1566.666667
2.123503	 	1573.333333
1.565900	 	1580.000000
2.455301	 	1586.666667
2.261752	 	1593.333333
2.012904	 	1600.000000
2.003688	 	1606.666667
2.469125	 	1613.333333
1.883872	 	1620.000000
2.188019	 	1626.666667
1.952996	 	1633.333333
2.524425	 	1640.000000
1.704149	 	1646.666667
1.948388	 	1653.333333
2.012904	 	1660.000000
2.178803	 	1666.666667
2.252536	 	1673.333333
1.616591	 	1680.000000
1.823964	 	1686.666667
2.247927	 	1693.333333
2.197236	 	1700.000000
2.782490	 	1706.666667
2.077420	 	1713.333333
2.238711	 	1720.000000
2.201844	 	1726.666667
2.482950	 	1733.333333
2.381568	 	1740.000000
2.151153	 	1746.666667
2.105070	 	1753.333333
2.008296	 	1760.000000
1.934563	 	1766.666667
2.229494	 	1773.333333
2.123503	 	1780.000000
2.386176	 	1786.666667
2.063596	 	1793.333333
2.068204	 	1800.000000
2.174195	 	1806.666667
2.155761	 	1813.333333
1.999079	 	1820.000000
2.058987	 	1826.666667
2.247927	 	1833.333333
2.091245	 	1840.000000
2.100462	 	1846.666667
1.994471	 	1853.333333
1.671890	 	1860.000000
1.971430	 	1866.666667
2.224886	 	1873.333333
2.086637	 	1880.000000
1.736407	 	1886.666667
1.971430	 	1893.333333
1.971430	 	1900.000000
1.349310	 	1906.666667
1.704149	 	1913.333333
1.694932	 	1920.000000
2.008296	 	1926.666667
1.966821	 	1933.333333
1.851614	 	1940.000000
1.929955	 	1946.666667
2.109678	 	1953.333333
1.934563	 	1960.000000
1.625808	 	1966.666667
1.893089	 	1973.333333
1.611983	 	1980.000000
2.169586	 	1986.666667
1.791706	 	1993.333333
2.128112	 	2000.000000
2.270969	 	2006.666667
2.533642	 	2013.333333
2.427651	 	2020.000000
2.229494	 	2026.666667
2.482950	 	2033.333333
2.510600	 	2040.000000
2.888480	 	2046.666667
2.681107	 	2053.333333
2.229494	 	2060.000000
2.441476	 	2066.666667
2.275577	 	2073.333333
2.413826	 	2080.000000
2.367743	 	2086.666667
2.630416	 	2093.333333
2.690324	 	2100.000000
2.307835	 	2106.666667
2.552075	 	2113.333333
2.376960	 	2120.000000
2.413826	 	2126.666667
2.404609	 	2133.333333
2.026729	 	2140.000000
1.952996	 	2146.666667
2.224886	 	2153.333333
1.980646	 	2160.000000
2.238711	 	2166.666667
1.883872	 	2173.333333
2.155761	 	2180.000000
2.215669	 	2186.666667
2.012904	 	2193.333333
1.971430	 	2200.000000
2.298619	 	2206.666667
2.220278	 	2213.333333
2.017513	 	2220.000000
1.814748	 	2226.666667
2.418434	 	2233.333333
2.026729	 	2240.000000
1.999079	 	2246.666667
2.303227	 	2253.333333
1.943780	 	2260.000000
1.957605	 	2266.666667
1.823964	 	2273.333333
1.805531	 	2280.000000
1.985255	 	2286.666667
2.114287	 	2293.333333
2.178803	 	2300.000000
1.773273	 	2306.666667
2.298619	 	2313.333333
1.750231	 	2320.000000
1.952996	 	2326.666667
1.851614	 	2333.333333
2.464517	 	2340.000000
2.164978	 	2346.666667
2.054379	 	2353.333333
1.787098	 	2360.000000
1.865439	 	2366.666667
2.280185	 	2373.333333
1.639632	 	2380.000000
1.842397	 	2386.666667
2.409218	 	2393.333333
2.340093	 	2400.000000
2.280185	 	2406.666667
1.773273	 	2413.333333
1.607374	 	2420.000000
1.791706	 	2426.666667
1.842397	 	2433.333333
1.893089	 	2440.000000
2.312443	 	2446.666667
2.026729	 	2453.333333
2.026729	 	2460.000000
2.238711	 	2466.666667
2.404609	 	2473.333333
1.911522	 	2480.000000
2.035946	 	2486.666667
1.934563	 	2493.333333
1.741015	 	2500.000000
2.358526	 	2506.666667
2.418434	 	2513.333333
1.768665	 	2520.000000
2.344702	 	2526.666667
2.658066	 	2533.333333
2.404609	 	2540.000000
2.390784	 	2546.666667
2.754840	 	2553.333333
2.570508	 	2560.000000
2.220278	 	2566.666667
2.487559	 	2573.333333
2.708757	 	2580.000000
2.529033	 	2586.666667
2.482950	 	2593.333333
2.413826	 	2600.000000
2.469125	 	2606.666667
2.243319	 	2613.333333
2.736407	 	2620.000000
2.556683	 	2626.666667
2.340093	 	2633.333333
2.717973	 	2640.000000
2.648849	 	2646.666667
2.072812	 	2653.333333
2.358526	 	2660.000000
2.685715	 	2666.666667
2.192628	 	2673.333333
2.252536	 	2680.000000
2.505992	 	2686.666667
2.409218	 	2693.333333
2.054379	 	2700.000000
2.284794	 	2706.666667
2.008296	 	2713.333333
1.939172	 	2720.000000
2.146545	 	2726.666667
2.376960	 	2733.333333
2.132720	 	2740.000000
2.169586	 	2746.666667
2.118895	 	2753.333333
2.128112	 	2760.000000
1.814748	 	2766.666667
2.063596	 	2773.333333
2.344702	 	2780.000000
4.639632	 	2786.666667
33.598158	 	2793.333333
174.386176	 	2800.000000
447.095854	 	2806.666667
775.206453	 	2813.333333
1075.114287	 	2820.000000
1329.492167	 	2826.666667
1543.837789	 	2833.333333
1718.796314	 	2840.000000
1857.588941	 	2846.666667
1964.745623	 	2853.333333
2040.741015	 	2860.000000
2091.049771	 	2866.666667
2119.694932	 	2873.333333
2133.681107	 	2880.000000
2131.289402	 	2886.666667
2123.607374	 	2893.333333
2103.602766	 	2900.000000
2077.842397	 	2906.666667
2046.054379	 	2913.333333
2015.294010	 	2920.000000
1983.312443	 	2926.666667
1953.118895	 	2933.333333
1918.035946	 	2940.000000
1879.874655	 	2946.666667
1840.745623	 	2953.333333
1802.146545	 	2960.000000
1762.648849	 	2966.666667
1725.833181	 	2973.333333
1688.390784	 	2980.000000
1652.459909	 	2986.666667
1619.022121	 	2993.333333
1586.091245	 	3000.000000
1554.529033	 	3006.666667
1522.192628	 	3013.333333
1492.423043	 	3020.000000
1464.026729	 	3026.666667
1434.413826	 	3033.333333
1406.340093	 	3040.000000
1380.579725	 	3046.666667
1354.155761	 	3053.333333
1329.478342	 	3060.000000
1304.432259	 	3066.666667
1279.372351	 	3073.333333
1255.492167	 	3080.000000
1234.358526	 	3086.666667
1211.086637	 	3093.333333
1190.902305	 	3100.000000
1168.275577	 	3106.666667
1148.275577	 	3113.333333
1126.588941	 	3120.000000
1108.469125	 	3126.666667
1087.644241	 	3133.333333
1069.123503	 	3140.000000
1049.552075	 	3146.666667
1032.699540	 	3153.333333
1014.552075	 	3160.000000
998.501384	 	3166.666667
982.722582	 	3173.333333
966.630416	 	3180.000000
950.100462	 	3186.666667
936.118895	 	3193.333333
921.847006	 	3200.000000
907.575116	 	3206.666667
893.611983	 	3213.333333
880.957605	 	3220.000000
868.423043	 	3226.666667
855.957605	 	3233.333333
843.538250	 	3240.000000
830.031337	 	3246.666667
817.648849	 	3253.333333
806.847006	 	3260.000000
794.717973	 	3266.666667
782.547466	 	3273.333333
770.188019	 	3280.000000
758.722582	 	3286.666667
747.427651	 	3293.333333
736.321660	 	3300.000000
726.114287	 	3306.666667
715.197236	 	3313.333333
704.694932	 	3320.000000
694.667282	 	3326.666667
684.432259	 	3333.333333
674.058987	 	3340.000000
665.095854	 	3346.666667
655.128112	 	3353.333333
646.976038	 	3360.000000
638.003688	 	3366.666667
628.847006	 	3373.333333
619.957605	 	3380.000000
611.759448	 	3386.666667
603.962213	 	3393.333333
595.902305	 	3400.000000
588.280185	 	3406.666667
581.602766	 	3413.333333
573.879264	 	3420.000000
566.713365	 	3426.666667
559.326268	 	3433.333333
553.082029	 	3440.000000
544.423043	 	3446.666667
536.459909	 	3453.333333
530.699540	 	3460.000000
523.911522	 	3466.666667
515.257144	 	3473.333333
506.717973	 	3480.000000
500.731798	 	3486.666667
492.823964	 	3493.333333
485.270969	 	3500.000000
480.349310	 	3506.666667
473.782490	 	3513.333333
466.791706	 	3520.000000
460.473734	 	3526.666667
454.349310	 	3533.333333
448.376960	 	3540.000000
442.722582	 	3546.666667
437.547466	 	3553.333333
430.529033	 	3560.000000
425.257144	 	3566.666667
418.745623	 	3573.333333
413.017513	 	3580.000000
405.833181	 	3586.666667
401.552075	 	3593.333333
395.621199	 	3600.000000
390.529033	 	3606.666667
385.312443	 	3613.333333
379.948388	 	3620.000000
373.860831	 	3626.666667
369.395393	 	3633.333333
363.934563	 	3640.000000
359.893089	 	3646.666667
353.284794	 	3653.333333
349.169586	 	3660.000000
343.888480	 	3666.666667
339.883872	 	3673.333333
335.123503	 	3680.000000
330.906913	 	3686.666667
325.349310	 	3693.333333
322.211061	 	3700.000000
317.427651	 	3706.666667
312.704149	 	3713.333333
308.234102	 	3720.000000
305.800923	 	3726.666667
301.376960	 	3733.333333
298.584333	 	3740.000000
294.284794	 	3746.666667
291.611983	 	3753.333333
287.870047	 	3760.000000
285.035946	 	3766.666667
281.828572	 	3773.333333
278.188019	 	3780.000000
275.132720	 	3786.666667
271.681107	 	3793.333333
268.768665	 	3800.000000
265.911522	 	3806.666667
262.556683	 	3813.333333
259.736407	 	3820.000000
256.533642	 	3826.666667
253.810139	 	3833.333333
250.418434	 	3840.000000
247.833181	 	3846.666667
245.386176	 	3853.333333
242.261752	 	3860.000000
239.593549	 	3866.666667
236.653457	 	3873.333333
234.344702	 	3880.000000
232.017513	 	3886.666667
228.717973	 	3893.333333
226.635024	 	3900.000000
224.188019	 	3906.666667
221.266360	 	3913.333333
218.906913	 	3920.000000
216.188019	 	3926.666667
213.842397	 	3933.333333
211.201844	 	3940.000000
209.174195	 	3946.666667
206.690324	 	3953.333333
204.082029	 	3960.000000
201.851614	 	3966.666667
199.450692	 	3973.333333
196.814748	 	3980.000000
194.565900	 	3986.666667
192.123503	 	3993.333333
189.602766	 	4000.000000
187.340093	 	4006.666667
185.515208	 	4013.333333
183.436867	 	4020.000000
181.164978	 	4026.666667
179.178803	 	4033.333333
177.505992	 	4040.000000
175.174195	 	4046.666667
172.588941	 	4053.333333
170.630416	 	4060.000000
168.376960	 	4066.666667
165.685715	 	4073.333333
163.473734	 	4080.000000
161.395393	 	4086.666667
159.400001	 	4093.333333
157.303227	 	4100.000000
154.971430	 	4106.666667
152.902305	 	4113.333333
150.782490	 	4120.000000
148.694932	 	4126.666667
147.294010	 	4133.333333
145.579725	 	4140.000000
143.837789	 	4146.666667
141.893089	 	4153.333333
140.340093	 	4160.000000
139.197236	 	4166.666667
137.713365	 	4173.333333
135.367743	 	4180.000000
133.989863	 	4186.666667
132.400001	 	4193.333333
131.063596	 	4200.000000
129.773273	 	4206.666667
128.298619	 	4213.333333
127.035946	 	4220.000000
125.800923	 	4226.666667
124.662674	 	4233.333333
123.243319	 	4240.000000
122.114287	 	4246.666667
120.648849	 	4253.333333
119.312443	 	4260.000000
118.012904	 	4266.666667
116.847006	 	4273.333333
115.911522	 	4280.000000
115.068204	 	4286.666667
113.731798	 	4293.333333
112.916130	 	4300.000000
111.529033	 	4306.666667
110.224886	 	4313.333333
108.321660	 	4320.000000
107.639632	 	4326.666667
106.082029	 	4333.333333
104.925347	 	4340.000000
103.294010	 	4346.666667
101.916130	 	4353.333333
100.897697	 	4360.000000
99.713365	 	4366.666667
98.164978	 	4373.333333
96.635024	 	4380.000000
95.713365	 	4386.666667
94.455301	 	4393.333333
93.077420	 	4400.000000
92.215669	 	4406.666667
91.188019	 	4413.333333
90.063596	 	4420.000000
89.234102	 	4426.666667
87.805531	 	4433.333333
86.805531	 	4440.000000
85.473734	 	4446.666667
84.764056	 	4453.333333
83.501384	 	4460.000000
82.690324	 	4466.666667
81.727190	 	4473.333333
80.501384	 	4480.000000
79.400001	 	4486.666667
78.920738	 	4493.333333
77.773273	 	4500.000000
77.183411	 	4506.666667
76.404609	 	4513.333333
75.141937	 	4520.000000
74.575116	 	4526.666667
73.367743	 	4533.333333
72.206453	 	4540.000000
71.188019	 	4546.666667
70.791706	 	4553.333333
69.556683	 	4560.000000
69.082029	 	4566.666667
68.224886	 	4573.333333
67.344702	 	4580.000000
66.547466	 	4586.666667
65.731798	 	4593.333333
65.326268	 	4600.000000
64.635024	 	4606.666667
63.777881	 	4613.333333
63.482950	 	4620.000000
62.533642	 	4626.666667
61.805531	 	4633.333333
61.183411	 	4640.000000
60.870047	 	4646.666667
60.367743	 	4653.333333
59.363135	 	4660.000000
58.791706	 	4666.666667
57.773273	 	4673.333333
57.552075	 	4680.000000
56.856222	 	4686.666667
56.105070	 	4693.333333
55.432259	 	4700.000000
55.247927	 	4706.666667
54.611983	 	4713.333333
53.699540	 	4720.000000
53.012904	 	4726.666667
53.003688	 	4733.333333
52.395393	 	4740.000000
51.814748	 	4746.666667
51.588941	 	4753.333333
50.911522	 	4760.000000
50.501384	 	4766.666667
49.455301	 	4773.333333
49.284794	 	4780.000000
48.713365	 	4786.666667
47.929955	 	4793.333333
47.584333	 	4800.000000
47.128112	 	4806.666667
47.058987	 	4813.333333
46.294010	 	4820.000000
45.598158	 	4826.666667
45.340093	 	4833.333333
45.197236	 	4840.000000
44.648849	 	4846.666667
43.635024	 	4853.333333
43.376960	 	4860.000000
43.091245	 	4866.666667
42.607374	 	4873.333333
41.823964	 	4880.000000
41.381568	 	4886.666667
41.058987	 	4893.333333
40.759448	 	4900.000000
40.234102	 	4906.666667
39.436867	 	4913.333333
39.284794	 	4920.000000
38.971430	 	4926.666667
38.538250	 	4933.333333
37.929955	 	4940.000000
37.768665	 	4946.666667
37.026729	 	4953.333333
37.151153	 	4960.000000
36.897697	 	4966.666667
36.731798	 	4973.333333
36.141937	 	4980.000000
36.340093	 	4986.666667
35.768665	 	4993.333333
35.713365	 	5000.000000
34.722582	 	5006.666667
34.164978	 	5013.333333
33.390784	 	5020.000000
33.501384	 	5026.666667
32.823964	 	5033.333333
32.704149	 	5040.000000
32.971430	 	5046.666667
32.810139	 	5053.333333
32.082029	 	5060.000000
31.916130	 	5066.666667
31.358526	 	5073.333333
31.395393	 	5080.000000
30.754840	 	5086.666667
30.893089	 	5093.333333
30.427651	 	5100.000000
29.994471	 	5106.666667
30.058987	 	5113.333333
30.045162	 	5120.000000
29.487559	 	5126.666667
28.860831	 	5133.333333
28.787098	 	5140.000000
28.257144	 	5146.666667
27.648849	 	5153.333333
27.473734	 	5160.000000
27.505992	 	5166.666667
27.400001	 	5173.333333
27.178803	 	5180.000000
26.326268	 	5186.666667
26.261752	 	5193.333333
26.197236	 	5200.000000
25.906913	 	5206.666667
25.538250	 	5213.333333
25.298619	 	5220.000000
24.893089	 	5226.666667
24.658066	 	5233.333333
24.326268	 	5240.000000
24.164978	 	5246.666667
24.077420	 	5253.333333
23.989863	 	5260.000000
23.856222	 	5266.666667
23.736407	 	5273.333333
23.192628	 	5280.000000
22.920738	 	5286.666667
22.925347	 	5293.333333
23.114287	 	5300.000000
22.791706	 	5306.666667
22.123503	 	5313.333333
21.810139	 	5320.000000
21.289402	 	5326.666667
21.192628	 	5333.333333
21.192628	 	5340.000000
21.146545	 	5346.666667
21.086637	 	5353.333333
20.275577	 	5360.000000
20.201844	 	5366.666667
19.764056	 	5373.333333
19.902305	 	5380.000000
19.275577	 	5386.666667
19.275577	 	5393.333333
18.819356	 	5400.000000
18.929955	 	5406.666667
18.538250	 	5413.333333
18.639632	 	5420.000000
18.404609	 	5426.666667
18.068204	 	5433.333333
17.625808	 	5440.000000
17.860831	 	5446.666667
17.593549	 	5453.333333
17.321660	 	5460.000000
16.883872	 	5466.666667
17.049771	 	5473.333333
17.045162	 	5480.000000
16.694932	 	5486.666667
16.353918	 	5493.333333
16.307835	 	5500.000000
16.312443	 	5506.666667
15.653457	 	5513.333333
15.671890	 	5520.000000
15.731798	 	5526.666667
15.363135	 	5533.333333
15.183411	 	5540.000000
15.289402	 	5546.666667
15.132720	 	5553.333333
15.423043	 	5560.000000
15.317052	 	5566.666667
15.284794	 	5573.333333
15.017513	 	5580.000000
14.888480	 	5586.666667
14.667282	 	5593.333333
14.648849	 	5600.000000
14.929955	 	5606.666667
14.685715	 	5613.333333
14.432259	 	5620.000000
14.524425	 	5626.666667
14.026729	 	5633.333333
14.284794	 	5640.000000
14.307835	 	5646.666667
14.220278	 	5653.333333
13.441476	 	5660.000000
14.082029	 	5666.666667
13.727190	 	5673.333333
13.492167	 	5680.000000
13.201844	 	5686.666667
13.174195	 	5693.333333
13.280185	 	5700.000000
13.100462	 	5706.666667
13.082029	 	5713.333333
12.404609	 	5720.000000
12.496775	 	5726.666667
12.713365	 	5733.333333
12.648849	 	5740.000000
12.215669	 	5746.666667
12.280185	 	5753.333333
12.413826	 	5760.000000
12.132720	 	5766.666667
12.266360	 	5773.333333
12.284794	 	5780.000000
11.676499	 	5786.666667
11.777881	 	5793.333333
11.929955	 	5800.000000
11.658066	 	5806.666667
11.224886	 	5813.333333
11.395393	 	5820.000000
11.547466	 	5826.666667
10.989863	 	5833.333333
10.939172	 	5840.000000
10.819356	 	5846.666667
10.621199	 	5853.333333
10.450692	 	5860.000000
10.635024	 	5866.666667
10.008296	 	5873.333333
10.298619	 	5880.000000
10.455301	 	5886.666667
10.409218	 	5893.333333
9.722582	 	5900.000000
9.874655	 	5906.666667
9.441476	 	5913.333333
9.736407	 	5920.000000
9.837789	 	5926.666667
9.446084	 	5933.333333
9.082029	 	5940.000000
8.966821	 	5946.666667
9.312443	 	5953.333333
9.012904	 	5960.000000
8.856222	 	5966.666667
9.238711	 	5973.333333
8.847006	 	5980.000000
8.510600	 	5986.666667
8.565900	 	5993.333333
9.035946	 	6000.000000
8.616591	 	6006.666667
8.533642	 	6013.333333
8.662674	 	6020.000000
8.851614	 	6026.666667
8.252536	 	6033.333333
8.317052	 	6040.000000
8.234102	 	6046.666667
8.137328	 	6053.333333
8.086637	 	6060.000000
7.989863	 	6066.666667
7.948388	 	6073.333333
7.759448	 	6080.000000
8.247927	 	6086.666667
7.492167	 	6093.333333
8.077420	 	6100.000000
7.874655	 	6106.666667
8.132720	 	6113.333333
7.741015	 	6120.000000
7.552075	 	6126.666667
7.552075	 	6133.333333
7.353918	 	6140.000000
7.653457	 	6146.666667
7.164978	 	6153.333333
7.588941	 	6160.000000
6.851614	 	6166.666667
6.994471	 	6173.333333
7.012904	 	6180.000000
7.128112	 	6186.666667
6.874655	 	6193.333333
6.837789	 	6200.000000
6.455301	 	6206.666667
6.312443	 	6213.333333
6.441476	 	6220.000000
6.169586	 	6226.666667
5.980646	 	6233.333333
5.768665	 	6240.000000
6.270969	 	6246.666667
6.022121	 	6253.333333
6.095854	 	6260.000000
5.934563	 	6266.666667
5.810139	 	6273.333333
5.699540	 	6280.000000
5.727190	 	6286.666667
5.395393	 	6293.333333
5.639632	 	6300.000000
5.602766	 	6306.666667
5.579725	 	6313.333333
5.335485	 	6320.000000
5.252536	 	6326.666667
4.372351	 	6333.333333
5.022121	 	6340.000000
5.289402	 	6346.666667
5.003688	 	6353.333333
4.667282	 	6360.000000
5.275577	 	6366.666667
4.750231	 	6373.333333
4.676499	 	6380.000000
5.003688	 	6386.666667
4.980646	 	6393.333333
4.326268	 	6400.000000
4.188019	 	6406.666667
4.496775	 	6413.333333
4.745623	 	6420.000000
4.243319	 	6426.666667
4.284794	 	6433.333333
4.635024	 	6440.000000
4.906913	 	6446.666667
4.750231	 	6453.333333
4.252536	 	6460.000000
4.860831	 	6466.666667
4.653457	 	6473.333333
4.390784	 	6480.000000
4.496775	 	6486.666667
4.469125	 	6493.333333
4.575116	 	6500.000000
4.602766	 	6506.666667
4.501384	 	6513.333333
5.008296	 	6520.000000
4.321660	 	6526.666667
4.455301	 	6533.333333
4.164978	 	6540.000000
4.298619	 	6546.666667
4.446084	 	6553.333333
3.971430	 	6560.000000
3.741015	 	6566.666667
3.934563	 	6573.333333
3.381568	 	6580.000000
3.335485	 	6586.666667
3.593549	 	6593.333333
3.690324	 	6600.000000
3.270969	 	6606.666667
3.234102	 	6613.333333
3.123503	 	6620.000000
3.118895	 	6626.666667
3.423043	 	6633.333333
3.625808	 	6640.000000
3.008296	 	6646.666667
2.980646	 	6653.333333
2.934563	 	6660.000000
2.533642	 	6666.666667
2.731798	 	6673.333333
2.690324	 	6680.000000
2.515208	 	6686.666667
2.667282	 	6693.333333
2.561291	 	6700.000000
2.847006	 	6706.666667
2.971430	 	6713.333333
2.717973	 	6720.000000
2.985255	 	6726.666667
2.860831	 	6733.333333
2.505992	 	6740.000000
2.496775	 	6746.666667
2.492167	 	6753.333333
2.220278	 	6760.000000
2.344702	 	6766.666667
2.197236	 	6773.333333
1.925347	 	6780.000000
1.874655	 	6786.666667
2.174195	 	6793.333333
2.275577	 	6800.000000
1.980646	 	6806.666667
2.326268	 	6813.333333
2.349310	 	6820.000000
2.307835	 	6826.666667
1.989863	 	6833.333333
1.929955	 	6840.000000
1.837789	 	6846.666667
1.851614	 	6853.333333
1.966821	 	6860.000000
1.980646	 	6866.666667
2.068204	 	6873.333333
1.782490	 	6880.000000
1.985255	 	6886.666667
1.455301	 	6893.333333
1.616591	 	6900.000000
1.957605	 	6906.666667
1.768665	 	6913.333333
1.340093	 	6920.000000
1.482950	 	6926.666667
1.588941	 	6933.333333
1.533642	 	6940.000000
1.243319	 	6946.666667
1.270969	 	6953.333333
1.206453	 	6960.000000
1.192628	 	6966.666667
1.012904	 	6973.333333
1.058987	 	6980.000000
0.870047	 	6986.666667
0.676499	 	6993.333333
0.731798	 	7000.000000
0.989863	 	7006.666667
1.317052	 	7013.333333
1.284794	 	7020.000000
1.261752	 	7026.666667
1.178803	 	7033.333333
1.482950	 	7040.000000
1.284794	 	7046.666667
1.593549	 	7053.333333
1.524425	 	7060.000000
1.524425	 	7066.666667
1.722582	 	7073.333333
1.547466	 	7080.000000
1.630416	 	7086.666667
1.837789	 	7093.333333
1.671890	 	7100.000000
1.828572	 	7106.666667
2.146545	 	7113.333333
1.690324	 	7120.000000
1.588941	 	7126.666667
2.095854	 	7133.333333
1.856222	 	7140.000000
2.132720	 	7146.666667
1.621199	 	7153.333333
1.372351	 	7160.000000
1.252536	 	7166.666667
1.874655	 	7173.333333
1.704149	 	7180.000000
1.621199	 	7186.666667
1.381568	 	7193.333333
1.644241	 	7200.000000
1.588941	 	7206.666667
2.026729	 	7213.333333
1.681107	 	7220.000000
1.920738	 	7226.666667
1.542858	 	7233.333333
1.658066	 	7240.000000
1.648849	 	7246.666667
1.538250	 	7253.333333
1.487559	 	7260.000000
1.759448	 	7266.666667
1.800923	 	7273.333333
1.754840	 	7280.000000
1.381568	 	7286.666667
1.446084	 	7293.333333
1.505992	 	7300.000000
1.326268	 	7306.666667
1.473734	 	7313.333333
1.588941	 	7320.000000
1.482950	 	7326.666667
1.455301	 	7333.333333
1.717973	 	7340.000000
1.455301	 	7346.666667
1.823964	 	7353.333333
1.856222	 	7360.000000
1.925347	 	7366.666667
1.768665	 	7373.333333
1.432259	 	7380.000000
1.188019	 	7386.666667
1.257144	 	7393.333333
1.215669	 	7400.000000
1.358526	 	7406.666667
1.441476	 	7413.333333
1.155761	 	7420.000000
1.552075	 	7426.666667
1.330877	 	7433.333333
0.312443	 	7440.000000
1.169586	 	7446.666667
1.058987	 	7453.333333
0.699540	 	7460.000000
0.722582	 	7466.666667
1.086637	 	7473.333333
0.929955	 	7480.000000
0.565900	 	7486.666667
0.722582	 	7493.333333
0.823964	 	7500.000000
0.713365	 	7506.666667
0.722582	 	7513.333333
0.833181	 	7520.000000
0.561291	 	7526.666667
0.561291	 	7533.333333
0.575116	 	7540.000000
0.837789	 	7546.666667
0.911522	 	7553.333333
1.100462	 	7560.000000
0.847006	 	7566.666667
0.860831	 	7573.333333
1.473734	 	7580.000000
1.344702	 	7586.666667
1.367743	 	7593.333333
1.003688	 	7600.000000
1.114287	 	7606.666667
1.164978	 	7613.333333
1.363135	 	7620.000000
1.086637	 	7626.666667
1.174195	 	7633.333333
1.266360	 	7640.000000
1.676499	 	7646.666667
1.427651	 	7653.333333
1.234102	 	7660.000000
1.432259	 	7666.666667
1.648849	 	7673.333333
1.469125	 	7680.000000
1.358526	 	7686.666667
1.658066	 	7693.333333
1.367743	 	7700.000000
1.611983	 	7706.666667
1.436867	 	7713.333333
1.658066	 	7720.000000
1.118895	 	7726.666667
1.482950	 	7733.333333
1.160370	 	7740.000000
1.229494	 	7746.666667
1.095854	 	7753.333333
1.759448	 	7760.000000
1.330877	 	7766.666667
1.570508	 	7773.333333
1.312443	 	7780.000000
2.012904	 	7786.666667
1.487559	 	7793.333333
1.317052	 	7800.000000
1.893089	 	7806.666667
1.920738	 	7813.333333
1.764056	 	7820.000000
1.501384	 	7826.666667
1.943780	 	7833.333333
1.694932	 	7840.000000
1.865439	 	7846.666667
1.515208	 	7853.333333
1.754840	 	7860.000000
1.298619	 	7866.666667
1.118895	 	7873.333333
1.229494	 	7880.000000
1.446084	 	7886.666667
1.068204	 	7893.333333
1.188019	 	7900.000000
1.026729	 	7906.666667
1.031337	 	7913.333333
1.247927	 	7920.000000
1.183411	 	7926.666667
0.690324	 	7933.333333
0.851614	 	7940.000000
0.943780	 	7946.666667
0.782490	 	7953.333333
0.741015	 	7960.000000
0.888480	 	7966.666667
0.741015	 	7973.333333
0.764056	 	7980.000000
0.952996	 	7986.666667
1.026729	 	7993.333333
0.353918	 	8000.000000
0.722582	 	8006.666667
0.524425	 	8013.333333
0.450692	 	8020.000000
0.487559	 	8026.666667
0.441476	 	8033.333333
0.155761	 	8040.000000
0.413826	 	8046.666667
0.141937	 	8053.333333
0.252536	 	8060.000000
0.386176	 	8066.666667
0.243319	 	8073.333333
0.386176	 	8080.000000
0.330877	 	8086.666667
0.676499	 	8093.333333
0.754840	 	8100.000000
0.814748	 	8106.666667
0.671890	 	8113.333333
0.782490	 	8120.000000
0.639632	 	8126.666667
0.575116	 	8133.333333
0.552075	 	8140.000000
0.588941	 	8146.666667
0.870047	 	8153.333333
0.851614	 	8160.000000
0.455301	 	8166.666667
0.501384	 	8173.333333
0.201844	 	8180.000000
0.893089	 	8186.666667
0.464517	 	8193.333333
0.644241	 	8200.000000
0.625808	 	8206.666667
0.676499	 	8213.333333
0.409218	 	8220.000000
0.409218	 	8226.666667
0.529033	 	8233.333333
0.699540	 	8240.000000
0.072812	 	8246.666667
0.275577	 	8253.333333
0.077420	 	8260.000000
0.040554	 	8266.666667
0.455301	 	8273.333333
0.653457	 	8280.000000
0.215669	 	8286.666667
0.432259	 	8293.333333
0.086637	 	8300.000000
-0.088478	 	8306.666667
0.326268	 	8313.333333
-0.171428	 	8320.000000
0.118895	 	8326.666667
0.423043	 	8333.333333
0.298619	 	8340.000000
0.317052	 	8346.666667
0.141937	 	8353.333333
-0.060828	 	8360.000000
-0.235944	 	8366.666667
0.095854	 	8373.333333
0.012904	 	8380.000000
-0.143778	 	8386.666667
-0.323501	 	8393.333333
0.022121	 	8400.000000
-0.268202	 	8406.666667
-0.102303	 	8413.333333
-0.434100	 	8420.000000
-0.521658	 	8426.666667
-0.470967	 	8433.333333
-0.415667	 	8440.000000
-0.217510	 	8446.666667
-0.489400	 	8453.333333
-0.397234	 	8460.000000
-0.388017	 	8466.666667
-0.318893	 	8473.333333
-0.507833	 	8480.000000
-0.300460	 	8486.666667
-0.102303	 	8493.333333
-0.268202	 	8500.000000
-0.286635	 	8506.666667
-0.701381	 	8513.333333
-0.240552	 	8520.000000
-0.650690	 	8526.666667
0.008296	 	8533.333333
-0.037787	 	8540.000000
-0.503225	 	8546.666667
-0.176036	 	8553.333333
-0.291243	 	8560.000000
-0.282027	 	8566.666667
-0.429492	 	8573.333333
-0.166819	 	8580.000000
0.266360	 	8586.666667
-0.263593	 	8593.333333
0.072812	 	8600.000000
0.100462	 	8606.666667
-0.166819	 	8613.333333
0.035946	 	8620.000000
0.478342	 	8626.666667
0.865439	 	8633.333333
0.257144	 	8640.000000
0.676499	 	8646.666667
0.588941	 	8653.333333
0.883872	 	8660.000000
0.648849	 	8666.666667
0.607374	 	8673.333333
0.736407	 	8680.000000
0.690324	 	8686.666667
0.436867	 	8693.333333
0.344702	 	8700.000000
0.234102	 	8706.666667
0.224886	 	8713.333333
0.206453	 	8720.000000
0.330877	 	8726.666667
0.275577	 	8733.333333
0.155761	 	8740.000000
0.275577	 	8746.666667
0.400001	 	8753.333333
0.178803	 	8760.000000
0.436867	 	8766.666667
0.459909	 	8773.333333
0.201844	 	8780.000000
0.114287	 	8786.666667
0.321660	 	8793.333333
0.492167	 	8800.000000
0.607374	 	8806.666667
0.183411	 	8813.333333
0.796314	 	8820.000000
0.621199	 	8826.666667
1.008296	 	8833.333333
0.653457	 	8840.000000
0.575116	 	8846.666667
0.584333	 	8853.333333
0.556683	 	8860.000000
0.731798	 	8866.666667
0.432259	 	8873.333333
0.280185	 	8880.000000
0.529033	 	8886.666667
0.261752	 	8893.333333
0.432259	 	8900.000000
0.270969	 	8906.666667
0.381568	 	8913.333333
0.257144	 	8920.000000
0.635024	 	8926.666667
0.704149	 	8933.333333
0.667282	 	8940.000000
0.681107	 	8946.666667
0.247927	 	8953.333333
0.469125	 	8960.000000
0.828572	 	8966.666667
0.238711	 	8973.333333
0.446084	 	8980.000000
0.427651	 	8986.666667
0.501384	 	8993.333333
0.464517	 	9000.000000
0.317052	 	9006.666667
0.045162	 	9013.333333
0.008296	 	9020.000000
-0.148386	 	9026.666667
0.224886	 	9033.333333
0.058987	 	9040.000000
0.082029	 	9046.666667
-0.185252	 	9053.333333
-0.332718	 	9060.000000
-0.240552	 	9066.666667
-0.383409	 	9073.333333
0.031337	 	9080.000000
-0.139169	 	9086.666667
-0.599999	 	9093.333333
-0.309676	 	9100.000000
0.012904	 	9106.666667
0.091245	 	9113.333333
-0.180644	 	9120.000000
-0.254377	 	9126.666667
-0.521658	 	9133.333333
-0.388017	 	9140.000000
-0.563133	 	9146.666667
-0.659907	 	9153.333333
-0.374192	 	9160.000000
-0.037787	 	9166.666667
0.137328	 	9173.333333
-0.222119	 	9180.000000
-0.470967	 	9186.666667
-0.595391	 	9193.333333
-0.503225	 	9200.000000
-0.111520	 	9206.666667
-0.867280	 	9213.333333
-0.871888	 	9220.000000
-0.627649	 	9226.666667
-0.507833	 	9233.333333
-0.752073	 	9240.000000
-0.318893	 	9246.666667
-0.927188	 	9253.333333
-0.710598	 	9260.000000
-1.023962	 	9266.666667
-1.074653	 	9273.333333
-0.807372	 	9280.000000
-1.157603	 	9286.666667
-0.784331	 	9293.333333
-1.023962	 	9300.000000
-0.844239	 	9306.666667
-0.742856	 	9313.333333
-0.655298	 	9320.000000
-0.816589	 	9326.666667
-1.093087	 	9333.333333
-1.143778	 	9340.000000
-1.222119	 	9346.666667
-1.364976	 	9353.333333
-0.968663	 	9360.000000
-0.973271	 	9366.666667
-0.890322	 	9373.333333
-0.867280	 	9380.000000
-0.991704	 	9386.666667
-1.383409	 	9393.333333
-1.272810	 	9400.000000
-1.438709	 	9406.666667
-0.890322	 	9413.333333
-0.945621	 	9420.000000
-1.480183	 	9426.666667
-1.314285	 	9433.333333
-1.692165	 	9440.000000
-1.646082	 	9446.666667
-1.355759	 	9453.333333
-1.599999	 	9460.000000
-1.475575	 	9466.666667
-1.189861	 	9473.333333
-1.489400	 	9480.000000
-1.134561	 	9486.666667
-1.397234	 	9493.333333
-1.415667	 	9500.000000
-1.360368	 	9506.666667
-1.328110	 	9513.333333
-1.162211	 	9520.000000
-1.673732	 	9526.666667
-0.959446	 	9533.333333
-0.996312	 	9540.000000
-0.904146	 	9546.666667
-0.945621	 	9553.333333
-0.945621	 	9560.000000
-0.899538	 	9566.666667
-1.000921	 	9573.333333
-0.899538	 	9580.000000
-0.498616	 	9586.666667
-0.724423	 	9593.333333
-1.042395	 	9600.000000
-0.701381	 	9606.666667
-1.152994	 	9613.333333
-0.613824	 	9620.000000
-0.705990	 	9626.666667
-0.429492	 	9633.333333
-0.885713	 	9640.000000
-1.240552	 	9646.666667
-0.724423	 	9653.333333
-1.208294	 	9660.000000
-1.609216	 	9666.666667
-1.272810	 	9673.333333
-1.047004	 	9680.000000
-1.286635	 	9686.666667
-0.765898	 	9693.333333
-1.226727	 	9700.000000
-1.461750	 	9706.666667
-1.005529	 	9713.333333
-0.719815	 	9720.000000
-1.019354	 	9726.666667
-0.788939	 	9733.333333
-1.332718	 	9740.000000
-1.217510	 	9746.666667
-1.129953	 	9753.333333
-1.148386	 	9760.000000
-0.802764	 	9766.666667
-0.567741	 	9773.333333
-0.567741	 	9780.000000
-0.807372	 	9786.666667
-0.936404	 	9793.333333
-0.825805	 	9800.000000
-0.885713	 	9806.666667
-0.609216	 	9813.333333
-1.111520	 	9820.000000
-0.811981	 	9826.666667
-0.586174	 	9833.333333
-1.037787	 	9840.000000
-1.148386	 	9846.666667
-0.996312	 	9853.333333
-0.770506	 	9860.000000
-0.770506	 	9866.666667
-0.871888	 	9873.333333
-1.000921	 	9880.000000
-1.411059	 	9886.666667
-1.323501	 	9893.333333
-1.443317	 	9900.000000
-1.000921	 	9906.666667
-1.369584	 	9913.333333
-1.494008	 	9920.000000
-1.323501	 	9926.666667
-1.498616	 	9933.333333
-1.222119	 	9940.000000
-1.222119	 	9946.666667
-1.775114	 	9953.333333
-1.245160	 	9960.000000
-1.388017	 	9966.666667
-1.816589	 	9973.333333
-1.526266	 	9980.000000
-1.927188	 	9986.666667
-1.669123	 	9993.333333
-1.973271	 	10000.000000
-1.853455	 	10006.666667
-1.480183	 	10013.333333
-1.936404	 	10020.000000
-1.982487	 	10026.666667
-1.632257	 	10033.333333
-2.074653	 	10040.000000
-2.014745	 	10046.666667
-1.719815	 	10053.333333
-1.249769	 	10060.000000
-1.171428	 	10066.666667
-1.705990	 	10073.333333
-1.208294	 	10080.000000
-1.226727	 	10086.666667
-1.056220	 	10093.333333
-1.212902	 	10100.000000
-1.295851	 	10106.666667
-1.314285	 	10113.333333
-1.489400	 	10120.000000
-1.189861	 	10126.666667
-1.646082	 	10133.333333
-1.494008	 	10140.000000
-1.397234	 	10146.666667
-1.033179	 	10153.333333
-1.019354	 	10160.000000
-1.355759	 	10166.666667
-0.917971	 	10173.333333
-0.830414	 	10180.000000
-1.282027	 	10186.666667
-1.079262	 	10193.333333
-1.208294	 	10200.000000
-0.973271	 	10206.666667
-1.042395	 	10213.333333
-1.125345	 	10220.000000
-1.194469	 	10226.666667
-1.397234	 	10233.333333
-1.125345	 	10240.000000
-1.176036	 	10246.666667
-1.162211	 	10253.333333
-1.392626	 	10260.000000
-1.033179	 	10266.666667
-1.355759	 	10273.333333
-1.489400	 	10280.000000
-1.282027	 	10286.666667
-1.180644	 	10293.333333
-1.254377	 	10300.000000
-1.406451	 	10306.666667
-1.535483	 	10313.333333
-1.747464	 	10320.000000
-1.673732	 	10326.666667
-1.364976	 	10333.333333
-1.249769	 	10340.000000
-1.705990	 	10346.666667
-1.793547	 	10353.333333
-1.526266	 	10360.000000
-1.752073	 	10366.666667
-1.447925	 	10373.333333
-1.065437	 	10380.000000
-1.549308	 	10386.666667
-1.770506	 	10393.333333
-1.249769	 	10400.000000
-1.272810	 	10406.666667
-1.245160	 	10413.333333
-1.719815	 	10420.000000
-1.507833	 	10426.666667
-1.420275	 	10433.333333
-1.383409	 	10440.000000
-1.461750	 	10446.666667
-1.779722	 	10453.333333
-1.756681	 	10460.000000
-1.876497	 	10466.666667
-1.807372	 	10473.333333
-1.530875	 	10480.000000
-1.332718	 	10486.666667
-1.784331	 	10493.333333
-1.129953	 	10500.000000
-1.180644	 	10506.666667
-1.037787	 	10513.333333
-1.028570	 	10520.000000
-1.060828	 	10526.666667
-0.816589	 	10533.333333
-1.194469	 	10540.000000
-0.908755	 	10546.666667
-0.885713	 	10553.333333
-1.180644	 	10560.000000
-1.521658	 	10566.666667
-1.000921	 	10573.333333
-1.079262	 	10580.000000
-0.807372	 	10586.666667
-1.194469	 	10593.333333
-1.300460	 	10600.000000
-1.443317	 	10606.666667
-1.106911	 	10613.333333
-1.019354	 	10620.000000
-1.268202	 	10626.666667
-1.037787	 	10633.333333
-1.180644	 	10640.000000
-1.203686	 	10646.666667
-1.420275	 	10653.333333
-0.964054	 	10660.000000
-1.245160	 	10666.666667
-1.401842	 	10673.333333
-1.116128	 	10680.000000
-1.305068	 	10686.666667
-0.987096	 	10693.333333
-1.005529	 	10700.000000
-1.129953	 	10706.666667
-1.111520	 	10713.333333
-0.936404	 	10720.000000
-1.028570	 	10726.666667
-0.604607	 	10733.333333
-0.424884	 	10740.000000
-0.793547	 	10746.666667
-0.968663	 	10753.333333
-1.005529	 	10760.000000
-0.936404	 	10766.666667
-0.646082	 	10773.333333
-1.116128	 	10780.000000
-0.894930	 	10786.666667
-0.558524	 	10793.333333
-0.406451	 	10800.000000
-0.563133	 	10806.666667
-0.627649	 	10813.333333
-0.977879	 	10820.000000
-0.784331	 	10826.666667
-0.687557	 	10833.333333
-0.553916	 	10840.000000
-0.263593	 	10846.666667
-0.360368	 	10853.333333
-0.659907	 	10860.000000
-0.369584	 	10866.666667
-0.724423	 	10873.333333
-0.941013	 	10880.000000
-0.572349	 	10886.666667
-0.770506	 	10893.333333
-0.673732	 	10900.000000
-0.816589	 	10906.666667
-0.659907	 	10913.333333
-0.636865	 	10920.000000
-0.807372	 	10926.666667
-0.784331	 	10933.333333
-0.503225	 	10940.000000
-0.765898	 	10946.666667
-0.719815	 	10953.333333
-1.056220	 	10960.000000
-0.420275	 	10966.666667
-0.664515	 	10973.333333
-0.650690	 	10980.000000
-0.807372	 	10986.666667
-1.083870	 	10993.333333
-0.830414	 	11000.000000
-1.042395	 	11006.666667
-0.530875	 	11013.333333
-0.807372	 	11020.000000
-0.853455	 	11026.666667
-0.724423	 	11033.333333
-0.715206	 	11040.000000
-0.489400	 	11046.666667
-0.733640	 	11053.333333
-0.517050	 	11060.000000
-0.848847	 	11066.666667
-1.125345	 	11073.333333
-0.719815	 	11080.000000
-0.719815	 	11086.666667
-0.987096	 	11093.333333
-0.876497	 	11100.000000
-0.991704	 	11106.666667
-1.019354	 	11113.333333
-1.226727	 	11120.000000
-1.212902	 	11126.666667
-1.083870	 	11133.333333
-0.982487	 	11140.000000
-0.996312	 	11146.666667
-1.226727	 	11153.333333
-1.341934	 	11160.000000
-1.033179	 	11166.666667
-0.968663	 	11173.333333
-0.701381	 	11180.000000
-1.268202	 	11186.666667
-0.894930	 	11193.333333
-1.111520	 	11200.000000
-0.784331	 	11206.666667
-1.208294	 	11213.333333
-0.936404	 	11220.000000
-0.996312	 	11226.666667
-0.641474	 	11233.333333
-1.060828	 	11240.000000
-1.125345	 	11246.666667
-0.917971	 	11253.333333
-0.678340	 	11260.000000
-0.576957	 	11266.666667
-0.701381	 	11273.333333
-0.848847	 	11280.000000
-0.544699	 	11286.666667
-0.558524	 	11293.333333
-0.747464	 	11300.000000
-0.604607	 	11306.666667
-0.752073	 	11313.333333
-0.987096	 	11320.000000
-0.830414	 	11326.666667
-0.844239	 	11333.333333
-0.913363	 	11340.000000
-0.719815	 	11346.666667
-0.710598	 	11353.333333
-1.042395	 	11360.000000
-1.111520	 	11366.666667
-1.088478	 	11373.333333
-0.747464	 	11380.000000
-0.876497	 	11386.666667
-0.890322	 	11393.333333
-1.083870	 	11400.000000
-0.489400	 	11406.666667
-0.429492	 	11413.333333
-0.484792	 	11420.000000
-0.839630	 	11426.666667
-0.618432	 	11433.333333
-0.816589	 	11440.000000
-0.959446	 	11446.666667
-0.724423	 	11453.333333
-0.991704	 	11460.000000
-1.042395	 	11466.666667
-0.917971	 	11473.333333
-1.129953	 	11480.000000
-1.217510	 	11486.666667
-0.775114	 	11493.333333
-0.802764	 	11500.000000
-1.318893	 	11506.666667
-1.042395	 	11513.333333
-1.424884	 	11520.000000
-1.139169	 	11526.666667
-1.235944	 	11533.333333
-1.461750	 	11540.000000
-1.189861	 	11546.666667
-1.240552	 	11553.333333
-1.411059	 	11560.000000
-1.318893	 	11566.666667
-1.452534	 	11573.333333
-1.286635	 	11580.000000
-1.452534	 	11586.666667
-1.369584	 	11593.333333
-1.595391	 	11600.000000
-1.461750	 	11606.666667
-1.286635	 	11613.333333
-1.351151	 	11620.000000
-1.157603	 	11626.666667
-1.083870	 	11633.333333
-1.093087	 	11640.000000
-0.701381	 	11646.666667
-0.917971	 	11653.333333
-0.931796	 	11660.000000
-0.682948	 	11666.666667
-0.784331	 	11673.333333
-0.811981	 	11680.000000
-0.687557	 	11686.666667
-0.701381	 	11693.333333
-0.701381	 	11700.000000
-0.964054	 	11706.666667
-0.572349	 	11713.333333
-0.535483	 	11720.000000
-0.507833	 	11726.666667
-0.526266	 	11733.333333
-0.553916	 	11740.000000
-0.065437	 	11746.666667
-0.581566	 	11753.333333
-0.489400	 	11760.000000
-0.563133	 	11766.666667
-0.185252	 	11773.333333
-0.383409	 	11780.000000
-0.374192	 	11786.666667
-0.332718	 	11793.333333
-0.272810	 	11800.000000
-0.235944	 	11806.666667
-0.070045	 	11813.333333
-0.047004	 	11820.000000
-0.452534	 	11826.666667
-0.351151	 	11833.333333
-0.738248	 	11840.000000
-0.378801	 	11846.666667
-0.659907	 	11853.333333
-0.572349	 	11860.000000
-0.549308	 	11866.666667
-0.277418	 	11873.333333
-0.106911	 	11880.000000
-0.383409	 	11886.666667
-0.447925	 	11893.333333
-0.489400	 	11900.000000
-0.106911	 	11906.666667
-0.627649	 	11913.333333
-0.388017	 	11920.000000
-0.959446	 	11926.666667
0.035946	 	11933.333333
-0.512441	 	11940.000000
-0.268202	 	11946.666667
-0.489400	 	11953.333333
-0.194469	 	11960.000000
-0.669123	 	11966.666667
-0.646082	 	11973.333333
-1.023962	 	11980.000000
-0.420275	 	11986.666667
-0.936404	 	11993.333333
-0.507833	 	12000.000000
-0.378801	 	12006.666667
-0.540091	 	12013.333333
-0.738248	 	12020.000000
-0.475575	 	12026.666667
-0.134561	 	12033.333333
-0.498616	 	12040.000000
-0.470967	 	12046.666667
-0.692165	 	12053.333333
-0.788939	 	12060.000000
-0.424884	 	12066.666667
-0.447925	 	12073.333333
-0.392626	 	12080.000000
-0.696773	 	12086.666667
-0.263593	 	12093.333333
-0.406451	 	12100.000000
-0.567741	 	12106.666667
-0.779722	 	12113.333333
-0.641474	 	12120.000000
-0.558524	 	12126.666667
-0.323501	 	12133.333333
-0.604607	 	12140.000000
-0.590782	 	12146.666667
-0.383409	 	12153.333333
-0.646082	 	12160.000000
-0.360368	 	12166.666667
-0.424884	 	12173.333333
-0.295851	 	12180.000000
-0.655298	 	12186.666667
-0.563133	 	12193.333333
-0.438709	 	12200.000000
-0.429492	 	12206.666667
-0.811981	 	12213.333333
-0.475575	 	12220.000000
-0.475575	 	12226.666667
-0.599999	 	12233.333333
-0.678340	 	12240.000000
-0.664515	 	12246.666667
-0.761289	 	12253.333333
-0.374192	 	12260.000000
-0.673732	 	12266.666667
-0.438709	 	12273.333333
-0.553916	 	12280.000000
-0.466358	 	12286.666667
-0.904146	 	12293.333333
-0.835022	 	12300.000000
-0.885713	 	12306.666667
-0.862672	 	12313.333333
-1.452534	 	12320.000000
-1.152994	 	12326.666667
-0.788939	 	12333.333333
-1.014745	 	12340.000000
-1.180644	 	12346.666667
-0.798156	 	12353.333333
-1.079262	 	12360.000000
-1.111520	 	12366.666667
-1.563133	 	12373.333333
-1.332718	 	12380.000000
-1.609216	 	12386.666667
-1.503225	 	12393.333333
-1.466358	 	12400.000000
-1.618432	 	12406.666667
-1.636865	 	12413.333333
-1.729031	 	12420.000000
-1.411059	 	12426.666667
-1.318893	 	12433.333333
-1.650690	 	12440.000000
-1.576957	 	12446.666667
-2.000921	 	12453.333333
-1.291243	 	12460.000000
-1.332718	 	12466.666667
-1.664515	 	12473.333333
-1.858063	 	12480.000000
-1.203686	 	12486.666667
-0.991704	 	12493.333333
-1.360368	 	12500.000000
-1.388017	 	12506.666667
-1.328110	 	12513.333333
-1.503225	 	12520.000000
-1.475575	 	12526.666667
-1.328110	 	12533.333333
-1.415667	 	12540.000000
-1.286635	 	12546.666667
-1.517050	 	12553.333333
-1.646082	 	12560.000000
-1.604607	 	12566.666667
-1.678340	 	12573.333333
-1.503225	 	12580.000000
-1.526266	 	12586.666667
-1.176036	 	12593.333333
-1.249769	 	12600.000000
-1.687557	 	12606.666667
-1.576957	 	12613.333333
-1.576957	 	12620.000000
-1.470967	 	12626.666667
-1.019354	 	12633.333333
-1.208294	 	12640.000000
-0.839630	 	12646.666667
-1.623040	 	12653.333333
-1.355759	 	12660.000000
-1.503225	 	12666.666667
-1.899538	 	12673.333333
-1.263593	 	12680.000000
-1.231335	 	12686.666667
-1.696773	 	12693.333333
-1.650690	 	12700.000000
-1.503225	 	12706.666667
-1.434100	 	12713.333333
-1.489400	 	12720.000000
-1.277418	 	12726.666667
-1.406451	 	12733.333333
-1.401842	 	12740.000000
-1.088478	 	12746.666667
-1.549308	 	12753.333333
-1.268202	 	12760.000000
-1.392626	 	12766.666667
-1.876497	 	12773.333333
-1.701381	 	12780.000000
-2.037787	 	12786.666667
-1.729031	 	12793.333333
-2.152994	 	12800.000000
-1.747464	 	12806.666667
-1.599999	 	12813.333333
-1.420275	 	12820.000000
-1.835022	 	12826.666667
-1.858063	 	12833.333333
-1.530875	 	12840.000000
-1.752073	 	12846.666667
-1.977879	 	12853.333333
-1.641474	 	12860.000000
-1.756681	 	12866.666667
-1.724423	 	12873.333333
-1.867280	 	12880.000000
-2.249769	 	12886.666667
-2.277418	 	12893.333333
-2.111520	 	12900.000000
-2.023962	 	12906.666667
-2.102303	 	12913.333333
-1.931796	 	12920.000000
-1.936404	 	12926.666667
-2.083870	 	12933.333333
-1.839630	 	12940.000000
-1.793547	 	12946.666667
-2.171428	 	12953.333333
-1.996312	 	12960.000000
-1.383409	 	12966.666667
-1.475575	 	12973.333333
-1.678340	 	12980.000000
-1.447925	 	12986.666667
-1.415667	 	12993.333333
-1.719815	 	13000.000000
-1.498616	 	13006.666667
-1.406451	 	13013.333333
-1.696773	 	13020.000000
-1.673732	 	13026.666667
-1.973271	 	13033.333333
-1.507833	 	13040.000000
-1.429492	 	13046.666667
-1.443317	 	13053.333333
-1.443317	 	13060.000000
-1.203686	 	13066.666667
-1.291243	 	13073.333333
-1.282027	 	13080.000000
-1.742856	 	13086.666667
-1.526266	 	13093.333333
-1.811981	 	13100.000000
-1.328110	 	13106.666667
-1.669123	 	13113.333333
-1.517050	 	13120.000000
-1.540091	 	13126.666667
-1.346543	 	13133.333333
-1.521658	 	13140.000000
-1.369584	 	13146.666667
-1.563133	 	13153.333333
-1.775114	 	13160.000000
-1.563133	 	13166.666667
-1.498616	 	13173.333333
-1.572349	 	13180.000000
-1.111520	 	13186.666667
-1.355759	 	13193.333333
-1.968663	 	13200.000000
-1.286635	 	13206.666667
-1.775114	 	13213.333333
-1.613824	 	13220.000000
-1.318893	 	13226.666667
-1.249769	 	13233.333333
-0.968663	 	13240.000000
-1.305068	 	13246.666667
-1.212902	 	13253.333333
-0.871888	 	13260.000000
-0.881105	 	13266.666667
-0.862672	 	13273.333333
-0.715206	 	13280.000000
-0.355759	 	13286.666667
-0.203686	 	13293.333333
-0.254377	 	13300.000000
-0.498616	 	13306.666667
-0.443317	 	13313.333333
-0.291243	 	13320.000000
-0.530875	 	13326.666667
