#peak 	 	#time 
2.727201	 	0.000000
3.615879	 	6.666667
4.079482	 	13.333333
4.462930	 	20.000000
4.783940	 	26.666667
4.829095	 	33.333333
4.691979	 	40.000000
4.707210	 	46.666667
4.604966	 	53.333333
4.829160	 	60.000000
4.377547	 	66.666667
4.958192	 	73.333333
4.767870	 	80.000000
5.187224	 	86.666667
4.942063	 	93.333333
4.971095	 	100.000000
4.956579	 	106.666667
5.058192	 	113.333333
5.088837	 	120.000000
5.335611	 	126.666667
4.971095	 	133.333333
4.882386	 	140.000000
4.967870	 	146.666667
5.158192	 	153.333333
4.963031	 	160.000000
5.222708	 	166.666667
5.088837	 	173.333333
5.048515	 	180.000000
4.883999	 	186.666667
5.183999	 	193.333333
4.901741	 	200.000000
5.092063	 	206.666667
4.909805	 	213.333333
5.009805	 	220.000000
4.746902	 	226.666667
4.869482	 	233.333333
4.545289	 	240.000000
5.035611	 	246.666667
5.032386	 	253.333333
5.088837	 	260.000000
4.911418	 	266.666667
5.080773	 	273.333333
4.863031	 	280.000000
4.764644	 	286.666667
4.942063	 	293.333333
4.908192	 	300.000000
4.701741	 	306.666667
5.027547	 	313.333333
4.738837	 	320.000000
4.824321	 	326.666667
4.625934	 	333.333333
4.756579	 	340.000000
4.833999	 	346.666667
4.990450	 	353.333333
4.811418	 	360.000000
4.950128	 	366.666667
4.751741	 	373.333333
5.282386	 	380.000000
4.630773	 	386.666667
5.008192	 	393.333333
4.663031	 	400.000000
4.861418	 	406.666667
4.713031	 	413.333333
4.927547	 	420.000000
4.761418	 	426.666667
4.756579	 	433.333333
4.667870	 	440.000000
4.666257	 	446.666667
4.471095	 	453.333333
4.937224	 	460.000000
4.895289	 	466.666667
5.069482	 	473.333333
4.795289	 	480.000000
4.971095	 	486.666667
4.835611	 	493.333333
4.858192	 	500.000000
4.651741	 	506.666667
4.551741	 	513.333333
4.553353	 	520.000000
4.464644	 	526.666667
4.677547	 	533.333333
4.506579	 	540.000000
4.721095	 	546.666667
5.016257	 	553.333333
4.829160	 	560.000000
4.763031	 	566.666667
4.653353	 	573.333333
4.558192	 	580.000000
4.583999	 	586.666667
4.683999	 	593.333333
4.916257	 	600.000000
4.732386	 	606.666667
5.201741	 	613.333333
4.948515	 	620.000000
5.066257	 	626.666667
5.198515	 	633.333333
5.195289	 	640.000000
5.324321	 	646.666667
5.216257	 	653.333333
5.204966	 	660.000000
5.427547	 	666.666667
5.111418	 	673.333333
5.371095	 	680.000000
5.127547	 	686.666667
5.195289	 	693.333333
4.985611	 	700.000000
5.142063	 	706.666667
5.509805	 	713.333333
5.193676	 	720.000000
5.240450	 	726.666667
5.359805	 	733.333333
5.151741	 	740.000000
5.254966	 	746.666667
5.295289	 	753.333333
5.259805	 	760.000000
5.367870	 	766.666667
5.535611	 	773.333333
5.322708	 	780.000000
5.172708	 	786.666667
5.430773	 	793.333333
4.888837	 	800.000000
5.043676	 	806.666667
4.971095	 	813.333333
5.164644	 	820.000000
4.887224	 	826.666667
5.122708	 	833.333333
4.803353	 	840.000000
4.892063	 	846.666667
4.817870	 	853.333333
5.082386	 	860.000000
4.901741	 	866.666667
5.074321	 	873.333333
4.683999	 	880.000000
4.721095	 	886.666667
4.354966	 	893.333333
4.761418	 	900.000000
4.761418	 	906.666667
4.648515	 	913.333333
4.587224	 	920.000000
4.690450	 	926.666667
4.795289	 	933.333333
4.790450	 	940.000000
4.925934	 	946.666667
4.846902	 	953.333333
4.808192	 	960.000000
4.963031	 	966.666667
4.871095	 	973.333333
4.977547	 	980.000000
4.730773	 	986.666667
5.008192	 	993.333333
4.875934	 	1000.000000
5.216257	 	1006.666667
4.966257	 	1013.333333
5.138837	 	1020.000000
4.856579	 	1026.666667
5.059805	 	1033.333333
4.977547	 	1040.000000
5.214644	 	1046.666667
5.243676	 	1053.333333
5.259805	 	1060.000000
5.122708	 	1066.666667
5.167870	 	1073.333333
4.940450	 	1080.000000
5.043676	 	1086.666667
4.954966	 	1093.333333
4.916257	 	1100.000000
5.240450	 	1106.666667
5.169482	 	1113.333333
5.095289	 	1120.000000
5.125934	 	1126.666667
5.203353	 	1133.333333
5.487224	 	1140.000000
5.380773	 	1146.666667
5.613031	 	1153.333333
5.063031	 	1160.000000
5.446902	 	1166.666667
5.246902	 	1173.333333
5.522708	 	1180.000000
5.442063	 	1186.666667
5.304966	 	1193.333333
5.692063	 	1200.000000
5.601741	 	1206.666667
5.759805	 	1213.333333
5.385611	 	1220.000000
5.335611	 	1226.666667
5.342063	 	1233.333333
5.316257	 	1240.000000
5.487224	 	1246.666667
5.229160	 	1253.333333
5.164644	 	1260.000000
5.250128	 	1266.666667
5.077547	 	1273.333333
5.511418	 	1280.000000
5.177547	 	1286.666667
5.074321	 	1293.333333
5.295289	 	1300.000000
5.264644	 	1306.666667
5.087224	 	1313.333333
5.164644	 	1320.000000
5.451741	 	1326.666667
4.998515	 	1333.333333
4.827547	 	1340.000000
5.180773	 	1346.666667
4.914644	 	1353.333333
5.111418	 	1360.000000
4.854966	 	1366.666667
5.419482	 	1373.333333
4.772708	 	1380.000000
5.042063	 	1386.666667
4.771095	 	1393.333333
5.109805	 	1400.000000
5.100128	 	1406.666667
5.066257	 	1413.333333
5.125934	 	1420.000000
5.151741	 	1426.666667
4.901741	 	1433.333333
5.230773	 	1440.000000
5.025934	 	1446.666667
5.345289	 	1453.333333
5.314644	 	1460.000000
5.048515	 	1466.666667
5.251741	 	1473.333333
5.174321	 	1480.000000
5.379160	 	1486.666667
5.233999	 	1493.333333
5.256579	 	1500.000000
5.150128	 	1506.666667
5.045289	 	1513.333333
5.245289	 	1520.000000
5.182386	 	1526.666667
5.153353	 	1533.333333
5.183999	 	1540.000000
5.053353	 	1546.666667
5.167870	 	1553.333333
5.122708	 	1560.000000
5.104966	 	1566.666667
5.003353	 	1573.333333
5.280773	 	1580.000000
5.185611	 	1586.666667
4.846902	 	1593.333333
5.008192	 	1600.000000
4.921095	 	1606.666667
4.890450	 	1613.333333
5.151741	 	1620.000000
4.922708	 	1626.666667
5.196902	 	1633.333333
4.995289	 	1640.000000
5.109805	 	1646.666667
4.959805	 	1653.333333
5.266257	 	1660.000000
4.756579	 	1666.666667
4.913031	 	1673.333333
4.829160	 	1680.000000
4.746902	 	1686.666667
4.429160	 	1693.333333
4.613031	 	1700.000000
4.646902	 	1706.666667
4.685611	 	1713.333333
4.525934	 	1720.000000
4.425934	 	1726.666667
4.280773	 	1733.333333
4.271095	 	1740.000000
4.158192	 	1746.666667
4.233999	 	1753.333333
4.350128	 	1760.000000
4.075934	 	1766.666667
4.279160	 	1773.333333
4.075934	 	1780.000000
4.151741	 	1786.666667
4.132386	 	1793.333333
4.363031	 	1800.000000
4.316257	 	1806.666667
4.354966	 	1813.333333
4.321095	 	1820.000000
4.230773	 	1826.666667
4.229160	 	1833.333333
4.083999	 	1840.000000
4.201741	 	1846.666667
4.280773	 	1853.333333
4.093676	 	1860.000000
4.263031	 	1866.666667
4.187224	 	1873.333333
4.395289	 	1880.000000
4.345289	 	1886.666667
4.350128	 	1893.333333
4.351741	 	1900.000000
4.177547	 	1906.666667
4.442063	 	1913.333333
4.180773	 	1920.000000
4.529160	 	1926.666667
4.413031	 	1933.333333
4.503353	 	1940.000000
4.448515	 	1946.666667
4.327547	 	1953.333333
4.400128	 	1960.000000
4.353353	 	1966.666667
4.435611	 	1973.333333
4.361418	 	1980.000000
4.527547	 	1986.666667
4.467870	 	1993.333333
4.492063	 	2000.000000
4.590450	 	2006.666667
4.096902	 	2013.333333
4.754966	 	2020.000000
4.003353	 	2026.666667
4.545289	 	2033.333333
4.172708	 	2040.000000
4.058192	 	2046.666667
4.111418	 	2053.333333
4.040450	 	2060.000000
4.390450	 	2066.666667
4.133999	 	2073.333333
4.133999	 	2080.000000
3.906579	 	2086.666667
3.846902	 	2093.333333
3.987224	 	2100.000000
3.793676	 	2106.666667
4.254966	 	2113.333333
3.780773	 	2120.000000
4.082386	 	2126.666667
4.127547	 	2133.333333
4.201741	 	2140.000000
3.977547	 	2146.666667
3.908192	 	2153.333333
3.985611	 	2160.000000
3.922708	 	2166.666667
3.977547	 	2173.333333
4.098515	 	2180.000000
3.903353	 	2186.666667
4.085611	 	2193.333333
3.787224	 	2200.000000
3.966257	 	2206.666667
3.693676	 	2213.333333
3.951741	 	2220.000000
4.072708	 	2226.666667
4.227547	 	2233.333333
4.292063	 	2240.000000
4.059805	 	2246.666667
4.108192	 	2253.333333
4.119482	 	2260.000000
4.206579	 	2266.666667
4.235611	 	2273.333333
4.142063	 	2280.000000
4.243676	 	2286.666667
4.029160	 	2293.333333
4.237224	 	2300.000000
4.096902	 	2306.666667
4.022708	 	2313.333333
4.069482	 	2320.000000
4.150128	 	2326.666667
4.211418	 	2333.333333
4.038837	 	2340.000000
4.074321	 	2346.666667
4.092063	 	2353.333333
4.051741	 	2360.000000
3.942063	 	2366.666667
4.067870	 	2373.333333
3.956579	 	2380.000000
3.861418	 	2386.666667
3.796902	 	2393.333333
4.122708	 	2400.000000
4.072708	 	2406.666667
4.219482	 	2413.333333
4.132386	 	2420.000000
4.163031	 	2426.666667
4.003353	 	2433.333333
4.079160	 	2440.000000
3.803353	 	2446.666667
4.113031	 	2453.333333
3.711418	 	2460.000000
3.888837	 	2466.666667
3.764644	 	2473.333333
3.924321	 	2480.000000
3.782386	 	2486.666667
3.883999	 	2493.333333
3.832386	 	2500.000000
3.985611	 	2506.666667
3.885611	 	2513.333333
3.887224	 	2520.000000
4.138837	 	2526.666667
4.172708	 	2533.333333
4.101741	 	2540.000000
4.221095	 	2546.666667
4.230773	 	2553.333333
4.069482	 	2560.000000
4.079160	 	2566.666667
3.946902	 	2573.333333
4.033999	 	2580.000000
3.871095	 	2586.666667
4.150128	 	2593.333333
4.014644	 	2600.000000
3.821095	 	2606.666667
3.921095	 	2613.333333
4.166257	 	2620.000000
3.956579	 	2626.666667
4.232386	 	2633.333333
4.174321	 	2640.000000
4.101741	 	2646.666667
4.059805	 	2653.333333
4.230773	 	2660.000000
4.021095	 	2666.666667
4.106579	 	2673.333333
3.988837	 	2680.000000
3.974321	 	2686.666667
3.959805	 	2693.333333
3.896902	 	2700.000000
3.777547	 	2706.666667
3.866257	 	2713.333333
3.564644	 	2720.000000
4.022708	 	2726.666667
3.790450	 	2733.333333
3.750128	 	2740.000000
3.692063	 	2746.666667
3.935611	 	2753.333333
3.804966	 	2760.000000
4.059805	 	2766.666667
4.345289	 	2773.333333
5.035611	 	2780.000000
7.550128	 	2786.666667
25.596902	 	2793.333333
159.287224	 	2800.000000
558.864644	 	2806.666667
1149.858192	 	2813.333333
1754.229160	 	2820.000000
2267.377547	 	2826.666667
2676.898515	 	2833.333333
3003.780773	 	2840.000000
3255.292063	 	2846.666667
3438.875934	 	2853.333333
3566.003353	 	2860.000000
3646.848515	 	2866.666667
3693.516257	 	2873.333333
3709.564644	 	2880.000000
3702.600128	 	2886.666667
3674.661418	 	2893.333333
3641.190450	 	2900.000000
3601.000128	 	2906.666667
3558.761418	 	2913.333333
3506.121095	 	2920.000000
3457.990450	 	2926.666667
3413.092063	 	2933.333333
3378.864644	 	2940.000000
3338.206579	 	2946.666667
3296.371095	 	2953.333333
3244.901741	 	2960.000000
3201.082386	 	2966.666667
3156.727547	 	2973.333333
3119.550128	 	2980.000000
3079.035611	 	2986.666667
3042.961418	 	2993.333333
3002.935611	 	3000.000000
2967.667870	 	3006.666667
2931.848515	 	3013.333333
2900.016257	 	3020.000000
2867.077547	 	3026.666667
2836.240450	 	3033.333333
2803.632386	 	3040.000000
2772.937224	 	3046.666667
2741.927547	 	3053.333333
2713.419482	 	3060.000000
2686.185611	 	3066.666667
2660.004966	 	3073.333333
2633.045289	 	3080.000000
2607.153353	 	3086.666667
2580.192063	 	3093.333333
2554.343676	 	3100.000000
2529.393676	 	3106.666667
2505.374321	 	3113.333333
2482.833999	 	3120.000000
2459.214644	 	3126.666667
2435.072708	 	3133.333333
2410.292063	 	3140.000000
2388.388837	 	3146.666667
2365.493676	 	3153.333333
2344.806579	 	3160.000000
2323.524321	 	3166.666667
2302.990450	 	3173.333333
2280.922708	 	3180.000000
2260.248515	 	3186.666667
2237.856579	 	3193.333333
2215.808192	 	3200.000000
2195.472708	 	3206.666667
2176.819482	 	3213.333333
2155.713031	 	3220.000000
2135.351741	 	3226.666667
2112.422708	 	3233.333333
2092.235611	 	3240.000000
2072.380773	 	3246.666667
2053.916257	 	3253.333333
2034.454966	 	3260.000000
2014.837224	 	3266.666667
1995.821095	 	3273.333333
1977.372708	 	3280.000000
1959.451741	 	3286.666667
1940.885611	 	3293.333333
1922.509805	 	3300.000000
1903.437224	 	3306.666667
1886.193676	 	3313.333333
1869.598515	 	3320.000000
1851.975934	 	3326.666667
1831.601741	 	3333.333333
1814.759805	 	3340.000000
1796.787224	 	3346.666667
1782.266257	 	3353.333333
1764.985611	 	3360.000000
1749.914644	 	3366.666667
1732.117870	 	3373.333333
1717.280773	 	3380.000000
1700.993676	 	3386.666667
1685.227547	 	3393.333333
1668.908192	 	3400.000000
1654.308192	 	3406.666667
1639.753353	 	3413.333333
1625.395289	 	3420.000000
1609.935611	 	3426.666667
1594.293676	 	3433.333333
1577.656579	 	3440.000000
1563.119482	 	3446.666667
1552.454966	 	3453.333333
1533.633999	 	3460.000000
1520.308192	 	3466.666667
1504.466257	 	3473.333333
1491.608192	 	3480.000000
1472.487224	 	3486.666667
1459.200128	 	3493.333333
1446.025934	 	3500.000000
1431.604966	 	3506.666667
1418.324321	 	3513.333333
1404.063031	 	3520.000000
1391.683999	 	3526.666667
1377.482386	 	3533.333333
1363.495289	 	3540.000000
1352.853353	 	3546.666667
1338.859805	 	3553.333333
1329.980773	 	3560.000000
1312.916257	 	3566.666667
1303.266257	 	3573.333333
1286.572708	 	3580.000000
1278.363031	 	3586.666667
1263.511418	 	3593.333333
1251.580773	 	3600.000000
1240.696902	 	3606.666667
1227.485611	 	3613.333333
1215.361418	 	3620.000000
1201.974321	 	3626.666667
1190.172708	 	3633.333333
1179.040450	 	3640.000000
1165.614644	 	3646.666667
1154.930773	 	3653.333333
1143.821095	 	3660.000000
1132.256579	 	3666.666667
1116.871095	 	3673.333333
1106.008192	 	3680.000000
1095.980773	 	3686.666667
1085.280773	 	3693.333333
1074.129160	 	3700.000000
1061.992063	 	3706.666667
1052.148515	 	3713.333333
1041.601741	 	3720.000000
1030.156579	 	3726.666667
1021.245289	 	3733.333333
1010.550128	 	3740.000000
1000.680773	 	3746.666667
988.703353	 	3753.333333
979.966257	 	3760.000000
969.350128	 	3766.666667
959.143676	 	3773.333333
949.329160	 	3780.000000
939.056579	 	3786.666667
930.377547	 	3793.333333
920.854966	 	3800.000000
911.563031	 	3806.666667
904.130773	 	3813.333333
894.395289	 	3820.000000
885.709805	 	3826.666667
877.333999	 	3833.333333
869.353353	 	3840.000000
861.046902	 	3846.666667
852.458192	 	3853.333333
842.685611	 	3860.000000
835.516257	 	3866.666667
827.292063	 	3873.333333
818.724321	 	3880.000000
810.587224	 	3886.666667
803.371095	 	3893.333333
795.267870	 	3900.000000
787.674321	 	3906.666667
779.624321	 	3913.333333
772.324321	 	3920.000000
765.233999	 	3926.666667
757.750128	 	3933.333333
750.200128	 	3940.000000
742.754966	 	3946.666667
735.072708	 	3953.333333
727.295289	 	3960.000000
719.467870	 	3966.666667
713.017870	 	3973.333333
705.466257	 	3980.000000
698.229160	 	3986.666667
690.667870	 	3993.333333
683.621095	 	4000.000000
675.645289	 	4006.666667
667.983999	 	4013.333333
661.322708	 	4020.000000
654.858192	 	4026.666667
647.816257	 	4033.333333
640.680773	 	4040.000000
632.892063	 	4046.666667
625.935611	 	4053.333333
618.942063	 	4060.000000
612.003353	 	4066.666667
605.346902	 	4073.333333
599.232386	 	4080.000000
592.240450	 	4086.666667
586.166257	 	4093.333333
579.592063	 	4100.000000
574.322708	 	4106.666667
568.953353	 	4113.333333
563.838837	 	4120.000000
558.532386	 	4126.666667
554.050128	 	4133.333333
548.000128	 	4140.000000
542.787224	 	4146.666667
537.490450	 	4153.333333
532.646902	 	4160.000000
527.356579	 	4166.666667
521.995289	 	4173.333333
516.159805	 	4180.000000
510.819482	 	4186.666667
504.814644	 	4193.333333
500.042063	 	4200.000000
494.813031	 	4206.666667
490.025934	 	4213.333333
484.956579	 	4220.000000
480.467870	 	4226.666667
475.304966	 	4233.333333
470.359805	 	4240.000000
465.140450	 	4246.666667
460.421095	 	4253.333333
456.108192	 	4260.000000
451.638837	 	4266.666667
446.854966	 	4273.333333
441.935611	 	4280.000000
437.485611	 	4286.666667
432.590450	 	4293.333333
427.958192	 	4300.000000
423.833999	 	4306.666667
419.383999	 	4313.333333
415.248515	 	4320.000000
410.243676	 	4326.666667
405.996902	 	4333.333333
401.201741	 	4340.000000
397.292063	 	4346.666667
392.933999	 	4353.333333
388.958192	 	4360.000000
385.000128	 	4366.666667
381.080773	 	4373.333333
376.442063	 	4380.000000
372.063031	 	4386.666667
368.493676	 	4393.333333
364.532386	 	4400.000000
360.733999	 	4406.666667
356.908192	 	4413.333333
353.753353	 	4420.000000
349.317870	 	4426.666667
345.046902	 	4433.333333
341.511418	 	4440.000000
337.737224	 	4446.666667
334.616257	 	4453.333333
331.104966	 	4460.000000
328.001741	 	4466.666667
324.200128	 	4473.333333
320.619482	 	4480.000000
317.651741	 	4486.666667
313.887224	 	4493.333333
310.692063	 	4500.000000
307.669482	 	4506.666667
304.414644	 	4513.333333
301.292063	 	4520.000000
297.869482	 	4526.666667
294.422708	 	4533.333333
291.317870	 	4540.000000
288.619482	 	4546.666667
285.492063	 	4553.333333
282.572708	 	4560.000000
279.269482	 	4566.666667
276.408192	 	4573.333333
273.037224	 	4580.000000
270.201741	 	4586.666667
267.733999	 	4593.333333
264.880773	 	4600.000000
262.277547	 	4606.666667
259.358192	 	4613.333333
256.845289	 	4620.000000
254.074321	 	4626.666667
251.077547	 	4633.333333
248.467870	 	4640.000000
246.366257	 	4646.666667
243.750128	 	4653.333333
240.948515	 	4660.000000
238.340450	 	4666.666667
235.932386	 	4673.333333
233.743676	 	4680.000000
231.345289	 	4686.666667
228.893676	 	4693.333333
226.766257	 	4700.000000
224.472708	 	4706.666667
221.929160	 	4713.333333
219.117870	 	4720.000000
217.093676	 	4726.666667
214.748515	 	4733.333333
212.998515	 	4740.000000
210.633999	 	4746.666667
208.932386	 	4753.333333
206.588837	 	4760.000000
204.516257	 	4766.666667
202.001741	 	4773.333333
200.371095	 	4780.000000
197.963031	 	4786.666667
196.264644	 	4793.333333
193.864644	 	4800.000000
191.906579	 	4806.666667
189.864644	 	4813.333333
188.119482	 	4820.000000
186.124321	 	4826.666667
184.754966	 	4833.333333
182.482386	 	4840.000000
180.869482	 	4846.666667
179.074321	 	4853.333333
177.048515	 	4860.000000
175.338837	 	4866.666667
173.546902	 	4873.333333
171.937224	 	4880.000000
170.495289	 	4886.666667
168.580773	 	4893.333333
166.579160	 	4900.000000
164.648515	 	4906.666667
163.079160	 	4913.333333
161.135611	 	4920.000000
160.011418	 	4926.666667
158.279160	 	4933.333333
157.022708	 	4940.000000
154.898515	 	4946.666667
153.472708	 	4953.333333
151.508192	 	4960.000000
150.271095	 	4966.666667
148.448515	 	4973.333333
147.421095	 	4980.000000
145.727547	 	4986.666667
144.361418	 	4993.333333
142.283999	 	5000.000000
140.977547	 	5006.666667
139.140450	 	5013.333333
137.613031	 	5020.000000
135.738837	 	5026.666667
134.500128	 	5033.333333
132.533999	 	5040.000000
131.133999	 	5046.666667
129.387224	 	5053.333333
128.048515	 	5060.000000
126.822708	 	5066.666667
125.533999	 	5073.333333
123.966257	 	5080.000000
122.900128	 	5086.666667
121.093676	 	5093.333333
120.048515	 	5100.000000
118.490450	 	5106.666667
117.830773	 	5113.333333
116.266257	 	5120.000000
115.459805	 	5126.666667
114.201741	 	5133.333333
112.914644	 	5140.000000
111.659805	 	5146.666667
110.398515	 	5153.333333
109.353353	 	5160.000000
108.606579	 	5166.666667
107.440450	 	5173.333333
106.653353	 	5180.000000
105.172708	 	5186.666667
104.238837	 	5193.333333
103.154966	 	5200.000000
102.256579	 	5206.666667
101.300128	 	5213.333333
100.632386	 	5220.000000
99.861418	 	5226.666667
98.611418	 	5233.333333
97.508192	 	5240.000000
96.496902	 	5246.666667
95.611418	 	5253.333333
94.546902	 	5260.000000
94.008192	 	5266.666667
93.140450	 	5273.333333
92.067870	 	5280.000000
91.180773	 	5286.666667
90.195289	 	5293.333333
89.633999	 	5300.000000
88.603353	 	5306.666667
87.401741	 	5313.333333
86.475934	 	5320.000000
85.916257	 	5326.666667
84.792063	 	5333.333333
84.161418	 	5340.000000
83.221095	 	5346.666667
83.013031	 	5353.333333
81.911418	 	5360.000000
81.538837	 	5366.666667
80.124321	 	5373.333333
79.683999	 	5380.000000
78.872708	 	5386.666667
78.013031	 	5393.333333
77.222708	 	5400.000000
76.383999	 	5406.666667
75.263031	 	5413.333333
74.440450	 	5420.000000
73.251741	 	5426.666667
73.100128	 	5433.333333
71.500128	 	5440.000000
71.292063	 	5446.666667
70.285611	 	5453.333333
69.530773	 	5460.000000
68.875934	 	5466.666667
68.217870	 	5473.333333
67.285611	 	5480.000000
66.469482	 	5486.666667
66.000128	 	5493.333333
65.145289	 	5500.000000
64.377547	 	5506.666667
63.763031	 	5513.333333
62.816257	 	5520.000000
62.259805	 	5526.666667
61.704966	 	5533.333333
60.963031	 	5540.000000
60.367870	 	5546.666667
59.825934	 	5553.333333
59.219482	 	5560.000000
58.659805	 	5566.666667
57.925934	 	5573.333333
57.374321	 	5580.000000
56.746902	 	5586.666667
56.301741	 	5593.333333
55.856579	 	5600.000000
55.246902	 	5606.666667
54.583999	 	5613.333333
53.872708	 	5620.000000
53.317870	 	5626.666667
52.785611	 	5633.333333
52.243676	 	5640.000000
51.809805	 	5646.666667
51.342063	 	5653.333333
51.054966	 	5660.000000
50.437224	 	5666.666667
50.175934	 	5673.333333
49.216257	 	5680.000000
49.588837	 	5686.666667
48.903353	 	5693.333333
48.685611	 	5700.000000
48.071095	 	5706.666667
47.933999	 	5713.333333
47.272708	 	5720.000000
46.822708	 	5726.666667
46.271095	 	5733.333333
46.038837	 	5740.000000
45.595289	 	5746.666667
45.098515	 	5753.333333
44.385611	 	5760.000000
43.974321	 	5766.666667
43.450128	 	5773.333333
43.403353	 	5780.000000
43.101741	 	5786.666667
42.513031	 	5793.333333
41.882386	 	5800.000000
41.179160	 	5806.666667
40.800128	 	5813.333333
40.317870	 	5820.000000
39.916257	 	5826.666667
39.685611	 	5833.333333
39.159805	 	5840.000000
38.540450	 	5846.666667
38.004966	 	5853.333333
37.388837	 	5860.000000
37.277547	 	5866.666667
36.758192	 	5873.333333
36.219482	 	5880.000000
35.800128	 	5886.666667
35.524321	 	5893.333333
35.075934	 	5900.000000
34.472708	 	5906.666667
34.267870	 	5913.333333
33.816257	 	5920.000000
33.590450	 	5926.666667
33.219482	 	5933.333333
33.053353	 	5940.000000
32.614644	 	5946.666667
32.556579	 	5953.333333
32.435611	 	5960.000000
31.808192	 	5966.666667
31.680773	 	5973.333333
31.245289	 	5980.000000
31.063031	 	5986.666667
30.893676	 	5993.333333
30.675934	 	6000.000000
30.611418	 	6006.666667
30.219482	 	6013.333333
30.079160	 	6020.000000
29.754966	 	6026.666667
29.559805	 	6033.333333
29.187224	 	6040.000000
28.954966	 	6046.666667
28.533999	 	6053.333333
28.496902	 	6060.000000
28.190450	 	6066.666667
27.898515	 	6073.333333
28.125934	 	6080.000000
27.822708	 	6086.666667
27.950128	 	6093.333333
27.437224	 	6100.000000
26.830773	 	6106.666667
26.750128	 	6113.333333
26.667870	 	6120.000000
26.517870	 	6126.666667
26.213031	 	6133.333333
26.095289	 	6140.000000
25.840450	 	6146.666667
25.696902	 	6153.333333
25.611418	 	6160.000000
25.414644	 	6166.666667
24.904966	 	6173.333333
24.780773	 	6180.000000
25.114644	 	6186.666667
24.995289	 	6193.333333
24.530773	 	6200.000000
24.508192	 	6206.666667
24.595289	 	6213.333333
24.193676	 	6220.000000
24.013031	 	6226.666667
23.851741	 	6233.333333
23.333999	 	6240.000000
23.092063	 	6246.666667
22.819482	 	6253.333333
22.921095	 	6260.000000
22.664644	 	6266.666667
22.571095	 	6273.333333
22.254966	 	6280.000000
22.119482	 	6286.666667
22.132386	 	6293.333333
21.833999	 	6300.000000
21.683999	 	6306.666667
21.830773	 	6313.333333
21.461418	 	6320.000000
21.585611	 	6326.666667
21.169482	 	6333.333333
21.014644	 	6340.000000
20.790450	 	6346.666667
20.364644	 	6353.333333
20.256579	 	6360.000000
20.001741	 	6366.666667
19.932386	 	6373.333333
19.967870	 	6380.000000
19.635611	 	6386.666667
19.256579	 	6393.333333
19.150128	 	6400.000000
19.200128	 	6406.666667
19.025934	 	6413.333333
19.104966	 	6420.000000
18.709805	 	6426.666667
18.521095	 	6433.333333
17.932386	 	6440.000000
18.246902	 	6446.666667
18.074321	 	6453.333333
17.733999	 	6460.000000
17.283999	 	6466.666667
17.137224	 	6473.333333
16.721095	 	6480.000000
16.863031	 	6486.666667
16.408192	 	6493.333333
16.483999	 	6500.000000
16.104966	 	6506.666667
16.448515	 	6513.333333
15.904966	 	6520.000000
16.064644	 	6526.666667
15.554966	 	6533.333333
15.537224	 	6540.000000
15.011418	 	6546.666667
15.238837	 	6553.333333
14.821095	 	6560.000000
14.558192	 	6566.666667
14.582386	 	6573.333333
14.225934	 	6580.000000
13.861418	 	6586.666667
13.783999	 	6593.333333
13.529160	 	6600.000000
13.721095	 	6606.666667
13.008192	 	6613.333333
13.351741	 	6620.000000
12.821095	 	6626.666667
12.967870	 	6633.333333
12.563031	 	6640.000000
12.471095	 	6646.666667
12.321095	 	6653.333333
12.169482	 	6660.000000
12.363031	 	6666.666667
12.192063	 	6673.333333
11.619482	 	6680.000000
11.988837	 	6686.666667
11.538837	 	6693.333333
11.609805	 	6700.000000
11.363031	 	6706.666667
11.271095	 	6713.333333
10.963031	 	6720.000000
10.848515	 	6726.666667
10.653353	 	6733.333333
10.454966	 	6740.000000
10.745289	 	6746.666667
10.498515	 	6753.333333
10.513031	 	6760.000000
10.324321	 	6766.666667
10.111418	 	6773.333333
10.229160	 	6780.000000
10.474321	 	6786.666667
10.275934	 	6793.333333
10.321095	 	6800.000000
10.113031	 	6806.666667
9.893676	 	6813.333333
9.640450	 	6820.000000
9.543676	 	6826.666667
9.422708	 	6833.333333
9.624321	 	6840.000000
9.346902	 	6846.666667
9.367870	 	6853.333333
9.006579	 	6860.000000
9.348515	 	6866.666667
8.938837	 	6873.333333
8.948515	 	6880.000000
8.977547	 	6886.666667
9.156579	 	6893.333333
8.950128	 	6900.000000
8.787224	 	6906.666667
8.446902	 	6913.333333
8.516257	 	6920.000000
8.317870	 	6926.666667
8.179160	 	6933.333333
8.079160	 	6940.000000
7.798515	 	6946.666667
7.738837	 	6953.333333
7.395289	 	6960.000000
7.706579	 	6966.666667
7.321095	 	6973.333333
7.077547	 	6980.000000
6.829160	 	6986.666667
6.804966	 	6993.333333
6.593676	 	7000.000000
6.672708	 	7006.666667
6.503353	 	7013.333333
5.982386	 	7020.000000
6.309805	 	7026.666667
5.867870	 	7033.333333
5.800128	 	7040.000000
5.506579	 	7046.666667
5.769482	 	7053.333333
5.679160	 	7060.000000
5.722708	 	7066.666667
5.809805	 	7073.333333
5.606579	 	7080.000000
5.593676	 	7086.666667
5.529160	 	7093.333333
6.092063	 	7100.000000
5.725934	 	7106.666667
6.001741	 	7113.333333
5.863031	 	7120.000000
6.111418	 	7126.666667
5.890450	 	7133.333333
6.203353	 	7140.000000
5.987224	 	7146.666667
6.075934	 	7153.333333
6.116257	 	7160.000000
5.995289	 	7166.666667
6.072708	 	7173.333333
6.106579	 	7180.000000
6.030773	 	7186.666667
5.961418	 	7193.333333
5.761418	 	7200.000000
6.040450	 	7206.666667
5.730773	 	7213.333333
6.133999	 	7220.000000
5.930773	 	7226.666667
6.045289	 	7233.333333
5.513031	 	7240.000000
5.695289	 	7246.666667
5.679160	 	7253.333333
5.764644	 	7260.000000
5.963031	 	7266.666667
5.829160	 	7273.333333
5.766257	 	7280.000000
5.787224	 	7286.666667
5.433999	 	7293.333333
5.533999	 	7300.000000
5.208192	 	7306.666667
5.511418	 	7313.333333
5.400128	 	7320.000000
5.311418	 	7326.666667
5.137224	 	7333.333333
5.254966	 	7340.000000
5.100128	 	7346.666667
4.874321	 	7353.333333
4.706579	 	7360.000000
5.075934	 	7366.666667
5.046902	 	7373.333333
5.016257	 	7380.000000
4.763031	 	7386.666667
4.977547	 	7393.333333
4.866257	 	7400.000000
4.817870	 	7406.666667
4.861418	 	7413.333333
4.961418	 	7420.000000
4.929160	 	7426.666667
4.563031	 	7433.333333
4.504966	 	7440.000000
4.579160	 	7446.666667
4.304966	 	7453.333333
4.463031	 	7460.000000
4.198515	 	7466.666667
4.258192	 	7473.333333
4.174321	 	7480.000000
4.177547	 	7486.666667
3.796902	 	7493.333333
4.327547	 	7500.000000
3.853353	 	7506.666667
4.169482	 	7513.333333
3.963031	 	7520.000000
4.254966	 	7526.666667
4.113031	 	7533.333333
4.245289	 	7540.000000
4.072708	 	7546.666667
4.019482	 	7553.333333
4.051741	 	7560.000000
4.251741	 	7566.666667
3.983999	 	7573.333333
3.954966	 	7580.000000
3.851741	 	7586.666667
4.166257	 	7593.333333
3.722708	 	7600.000000
3.974321	 	7606.666667
3.746902	 	7613.333333
3.966257	 	7620.000000
3.514644	 	7626.666667
3.945289	 	7633.333333
3.416257	 	7640.000000
3.896902	 	7646.666667
3.232386	 	7653.333333
3.483999	 	7660.000000
3.274321	 	7666.666667
3.442063	 	7673.333333
3.354966	 	7680.000000
3.254966	 	7686.666667
3.171095	 	7693.333333
3.161418	 	7700.000000
2.922708	 	7706.666667
2.816257	 	7713.333333
2.788837	 	7720.000000
3.059805	 	7726.666667
2.779160	 	7733.333333
2.883999	 	7740.000000
2.587224	 	7746.666667
2.840450	 	7753.333333
2.656579	 	7760.000000
2.880773	 	7766.666667
2.619482	 	7773.333333
2.853353	 	7780.000000
2.671095	 	7786.666667
2.766257	 	7793.333333
2.643676	 	7800.000000
3.001741	 	7806.666667
2.979160	 	7813.333333
2.867870	 	7820.000000
3.059805	 	7826.666667
3.137224	 	7833.333333
2.938837	 	7840.000000
2.980773	 	7846.666667
3.180773	 	7853.333333
3.056579	 	7860.000000
3.116257	 	7866.666667
3.259805	 	7873.333333
3.092063	 	7880.000000
3.480773	 	7886.666667
3.261418	 	7893.333333
3.087224	 	7900.000000
2.801741	 	7906.666667
2.740450	 	7913.333333
2.524321	 	7920.000000
2.837224	 	7926.666667
2.274321	 	7933.333333
2.553353	 	7940.000000
2.203353	 	7946.666667
2.224321	 	7953.333333
2.335611	 	7960.000000
2.164644	 	7966.666667
2.083999	 	7973.333333
1.979160	 	7980.000000
2.238837	 	7986.666667
1.909805	 	7993.333333
1.980773	 	8000.000000
1.940450	 	8006.666667
1.948515	 	8013.333333
2.058192	 	8020.000000
1.887224	 	8026.666667
2.043676	 	8033.333333
1.908192	 	8040.000000
1.764644	 	8046.666667
1.877547	 	8053.333333
1.943676	 	8060.000000
1.653353	 	8066.666667
1.437224	 	8073.333333
1.311418	 	8080.000000
1.485611	 	8086.666667
1.588837	 	8093.333333
1.646902	 	8100.000000
1.563031	 	8106.666667
1.501741	 	8113.333333
1.537224	 	8120.000000
1.604966	 	8126.666667
1.601741	 	8133.333333
1.675934	 	8140.000000
1.390450	 	8146.666667
1.387224	 	8153.333333
1.243676	 	8160.000000
1.204966	 	8166.666667
1.448515	 	8173.333333
1.077547	 	8180.000000
1.204966	 	8186.666667
1.209805	 	8193.333333
0.974321	 	8200.000000
0.979160	 	8206.666667
0.963031	 	8213.333333
1.079160	 	8220.000000
0.754966	 	8226.666667
1.069482	 	8233.333333
0.988837	 	8240.000000
1.382386	 	8246.666667
1.340450	 	8253.333333
1.450128	 	8260.000000
1.392063	 	8266.666667
1.614644	 	8273.333333
1.287224	 	8280.000000
1.692063	 	8286.666667
1.542063	 	8293.333333
1.553353	 	8300.000000
1.519482	 	8306.666667
1.632386	 	8313.333333
1.819482	 	8320.000000
1.371095	 	8326.666667
1.569482	 	8333.333333
1.638837	 	8340.000000
1.492063	 	8346.666667
1.564644	 	8353.333333
1.533999	 	8360.000000
1.359805	 	8366.666667
0.916257	 	8373.333333
1.506579	 	8380.000000
1.040450	 	8386.666667
1.077547	 	8393.333333
1.250128	 	8400.000000
1.071095	 	8406.666667
0.716257	 	8413.333333
0.901741	 	8420.000000
0.738837	 	8426.666667
0.542063	 	8433.333333
0.790450	 	8440.000000
0.698515	 	8446.666667
0.696902	 	8453.333333
0.590450	 	8460.000000
0.285611	 	8466.666667
0.746902	 	8473.333333
0.663031	 	8480.000000
0.779160	 	8486.666667
0.942063	 	8493.333333
1.043676	 	8500.000000
0.938837	 	8506.666667
0.954966	 	8513.333333
0.885611	 	8520.000000
1.150128	 	8526.666667
1.113031	 	8533.333333
1.192063	 	8540.000000
1.346902	 	8546.666667
1.706579	 	8553.333333
1.582386	 	8560.000000
1.538837	 	8566.666667
1.864644	 	8573.333333
1.725934	 	8580.000000
1.851741	 	8586.666667
1.619482	 	8593.333333
1.592063	 	8600.000000
2.137224	 	8606.666667
1.566257	 	8613.333333
1.706579	 	8620.000000
1.571095	 	8626.666667
1.748515	 	8633.333333
1.266257	 	8640.000000
1.545289	 	8646.666667
1.627547	 	8653.333333
1.364644	 	8660.000000
1.356579	 	8666.666667
1.166257	 	8673.333333
1.000128	 	8680.000000
0.721095	 	8686.666667
0.745289	 	8693.333333
0.721095	 	8700.000000
0.638837	 	8706.666667
0.911418	 	8713.333333
0.575934	 	8720.000000
0.646902	 	8726.666667
0.543676	 	8733.333333
0.629160	 	8740.000000
0.533999	 	8746.666667
0.800128	 	8753.333333
0.914644	 	8760.000000
0.717870	 	8766.666667
0.551741	 	8773.333333
0.440450	 	8780.000000
0.632386	 	8786.666667
0.722708	 	8793.333333
0.790450	 	8800.000000
0.656579	 	8806.666667
0.504966	 	8813.333333
0.313031	 	8820.000000
0.521095	 	8826.666667
0.690450	 	8833.333333
0.535611	 	8840.000000
0.458192	 	8846.666667
0.585611	 	8853.333333
0.480773	 	8860.000000
0.414644	 	8866.666667
0.690450	 	8873.333333
0.492063	 	8880.000000
0.751741	 	8886.666667
0.964644	 	8893.333333
0.993676	 	8900.000000
1.048515	 	8906.666667
0.471095	 	8913.333333
0.754966	 	8920.000000
0.908192	 	8926.666667
0.867870	 	8933.333333
0.716257	 	8940.000000
0.838837	 	8946.666667
0.696902	 	8953.333333
1.001741	 	8960.000000
0.769482	 	8966.666667
0.583999	 	8973.333333
0.800128	 	8980.000000
0.680773	 	8986.666667
0.688837	 	8993.333333
0.948515	 	9000.000000
0.604966	 	9006.666667
0.892063	 	9013.333333
0.598515	 	9020.000000
0.492063	 	9026.666667
0.596902	 	9033.333333
0.671095	 	9040.000000
0.443676	 	9046.666667
0.700128	 	9053.333333
0.608192	 	9060.000000
0.627547	 	9066.666667
0.321095	 	9073.333333
0.372708	 	9080.000000
0.646902	 	9086.666667
0.651741	 	9093.333333
0.471095	 	9100.000000
0.359805	 	9106.666667
0.353353	 	9113.333333
0.583999	 	9120.000000
0.592063	 	9126.666667
0.342063	 	9133.333333
0.614644	 	9140.000000
0.522708	 	9146.666667
0.372708	 	9153.333333
0.608192	 	9160.000000
0.459805	 	9166.666667
0.380773	 	9173.333333
0.413031	 	9180.000000
0.661418	 	9186.666667
0.751741	 	9193.333333
0.316257	 	9200.000000
0.414644	 	9206.666667
0.214644	 	9213.333333
0.433999	 	9220.000000
0.096902	 	9226.666667
0.374321	 	9233.333333
-0.016001	 	9240.000000
0.159805	 	9246.666667
-0.032130	 	9253.333333
0.090450	 	9260.000000
0.067870	 	9266.666667
-0.080518	 	9273.333333
-0.116001	 	9280.000000
-0.057937	 	9286.666667
-0.185356	 	9293.333333
-0.146647	 	9300.000000
-0.233743	 	9306.666667
-0.262776	 	9313.333333
-0.390195	 	9320.000000
-0.162776	 	9326.666667
-0.680518	 	9333.333333
-0.525679	 	9340.000000
-0.416001	 	9346.666667
-0.449872	 	9353.333333
-0.462776	 	9360.000000
-0.380518	 	9366.666667
-0.251485	 	9373.333333
-0.427292	 	9380.000000
-0.643421	 	9386.666667
-0.254711	 	9393.333333
-0.811163	 	9400.000000
-0.712776	 	9406.666667
-0.593421	 	9413.333333
-0.541808	 	9420.000000
-0.570840	 	9426.666667
-0.561163	 	9433.333333
-0.156324	 	9440.000000
-0.248259	 	9446.666667
-0.298259	 	9453.333333
-0.070840	 	9460.000000
-0.404711	 	9466.666667
-0.195034	 	9473.333333
-0.193421	 	9480.000000
-0.246647	 	9486.666667
-0.298259	 	9493.333333
-0.354711	 	9500.000000
-0.488582	 	9506.666667
-0.183743	 	9513.333333
-0.241808	 	9520.000000
-0.153098	 	9526.666667
-0.103098	 	9533.333333
-0.085356	 	9540.000000
-0.459550	 	9546.666667
-0.482130	 	9553.333333
-0.295034	 	9560.000000
-0.001485	 	9566.666667
-0.345034	 	9573.333333
-0.214389	 	9580.000000
-0.264389	 	9586.666667
-0.401485	 	9593.333333
-0.772453	 	9600.000000
-0.261163	 	9606.666667
-0.248259	 	9613.333333
-0.511163	 	9620.000000
-0.486969	 	9626.666667
-0.390195	 	9633.333333
-0.820840	 	9640.000000
-0.688582	 	9646.666667
-0.857937	 	9653.333333
-0.824066	 	9660.000000
-0.828905	 	9666.666667
-0.711163	 	9673.333333
-0.804711	 	9680.000000
-0.864389	 	9686.666667
-1.225679	 	9693.333333
-1.054711	 	9700.000000
-1.219227	 	9706.666667
-1.228905	 	9713.333333
-1.112776	 	9720.000000
-1.043421	 	9726.666667
-1.332130	 	9733.333333
-1.111163	 	9740.000000
-1.491808	 	9746.666667
-1.553098	 	9753.333333
-1.341808	 	9760.000000
-1.224066	 	9766.666667
-1.507937	 	9773.333333
-1.540195	 	9780.000000
-1.604711	 	9786.666667
-1.425679	 	9793.333333
-1.486969	 	9800.000000
-1.156324	 	9806.666667
-1.212776	 	9813.333333
-1.295034	 	9820.000000
-1.470840	 	9826.666667
-1.174066	 	9833.333333
-1.549872	 	9840.000000
-1.188582	 	9846.666667
-1.443421	 	9853.333333
-1.182130	 	9860.000000
-1.143421	 	9866.666667
-1.336969	 	9873.333333
-1.248259	 	9880.000000
-1.416001	 	9886.666667
-1.669227	 	9893.333333
-1.369227	 	9900.000000
-1.280518	 	9906.666667
-1.364389	 	9913.333333
-1.561163	 	9920.000000
-1.259550	 	9926.666667
-1.512776	 	9933.333333
-1.285356	 	9940.000000
-1.391808	 	9946.666667
-1.259550	 	9953.333333
-1.117614	 	9960.000000
-1.045034	 	9966.666667
-1.061163	 	9973.333333
-0.920840	 	9980.000000
-1.012776	 	9986.666667
-1.170840	 	9993.333333
-1.159550	 	10000.000000
-1.027292	 	10006.666667
-1.006324	 	10013.333333
-0.735356	 	10020.000000
-1.066001	 	10026.666667
-0.786969	 	10033.333333
-1.122453	 	10040.000000
-1.082130	 	10046.666667
-0.938582	 	10053.333333
-0.943421	 	10060.000000
-1.201485	 	10066.666667
-1.174066	 	10073.333333
-1.449872	 	10080.000000
-1.206324	 	10086.666667
-1.404711	 	10093.333333
-1.174066	 	10100.000000
-1.461163	 	10106.666667
-1.470840	 	10113.333333
-1.596647	 	10120.000000
-1.553098	 	10126.666667
-1.762776	 	10133.333333
-1.553098	 	10140.000000
-1.241808	 	10146.666667
-1.264389	 	10153.333333
-1.406324	 	10160.000000
-1.433743	 	10166.666667
-1.598259	 	10173.333333
-1.296647	 	10180.000000
-1.719227	 	10186.666667
-1.490195	 	10193.333333
-1.646647	 	10200.000000
-1.511163	 	10206.666667
-1.553098	 	10213.333333
-1.836969	 	10220.000000
-1.764389	 	10226.666667
-1.836969	 	10233.333333
-1.714389	 	10240.000000
-1.495034	 	10246.666667
-1.616001	 	10253.333333
-1.406324	 	10260.000000
-1.503098	 	10266.666667
-1.396647	 	10273.333333
-1.686969	 	10280.000000
-1.169227	 	10286.666667
-1.430518	 	10293.333333
-1.191808	 	10300.000000
-1.288582	 	10306.666667
-1.345034	 	10313.333333
-1.240195	 	10320.000000
-0.872453	 	10326.666667
-1.148259	 	10333.333333
-1.098259	 	10340.000000
-1.385356	 	10346.666667
-0.990195	 	10353.333333
-1.106324	 	10360.000000
-1.004711	 	10366.666667
-1.438582	 	10373.333333
-1.306324	 	10380.000000
-1.332130	 	10386.666667
-1.053098	 	10393.333333
-1.383743	 	10400.000000
-1.246647	 	10406.666667
-1.724066	 	10413.333333
-1.509550	 	10420.000000
-1.417614	 	10426.666667
-1.299872	 	10433.333333
-1.553098	 	10440.000000
-1.278905	 	10446.666667
-1.451485	 	10453.333333
-0.864389	 	10460.000000
-1.156324	 	10466.666667
-1.233743	 	10473.333333
-1.107937	 	10480.000000
-1.124066	 	10486.666667
-0.991808	 	10493.333333
-0.807937	 	10500.000000
-1.003098	 	10506.666667
-0.545034	 	10513.333333
-1.016001	 	10520.000000
-0.545034	 	10526.666667
-0.932130	 	10533.333333
-0.872453	 	10540.000000
-0.912776	 	10546.666667
-1.117614	 	10553.333333
-0.669227	 	10560.000000
-0.978905	 	10566.666667
-0.928905	 	10573.333333
-1.080518	 	10580.000000
-1.135356	 	10586.666667
-1.067614	 	10593.333333
-1.277292	 	10600.000000
-1.196647	 	10606.666667
-1.324066	 	10613.333333
-1.093421	 	10620.000000
-1.482130	 	10626.666667
-1.351485	 	10633.333333
-1.335356	 	10640.000000
-1.086969	 	10646.666667
-1.320840	 	10653.333333
-1.146647	 	10660.000000
-1.062776	 	10666.666667
-1.107937	 	10673.333333
-1.216001	 	10680.000000
-1.111163	 	10686.666667
-1.036969	 	10693.333333
-0.991808	 	10700.000000
-1.003098	 	10706.666667
-0.762776	 	10713.333333
-0.991808	 	10720.000000
-0.753098	 	10726.666667
-1.009550	 	10733.333333
-0.478905	 	10740.000000
-0.498259	 	10746.666667
-0.030518	 	10753.333333
-0.286969	 	10760.000000
-0.390195	 	10766.666667
-0.354711	 	10773.333333
-0.393421	 	10780.000000
-0.340195	 	10786.666667
-0.380518	 	10793.333333
-0.485356	 	10800.000000
-0.488582	 	10806.666667
-0.577292	 	10813.333333
-0.353098	 	10820.000000
-0.625679	 	10826.666667
-0.627292	 	10833.333333
-0.901485	 	10840.000000
-0.998259	 	10846.666667
-0.970840	 	10853.333333
-0.719227	 	10860.000000
-0.786969	 	10866.666667
-0.854711	 	10873.333333
-0.770840	 	10880.000000
-0.733743	 	10886.666667
-1.090195	 	10893.333333
-0.804711	 	10900.000000
-1.235356	 	10906.666667
-0.886969	 	10913.333333
-1.164389	 	10920.000000
-1.006324	 	10926.666667
-1.222453	 	10933.333333
-0.767614	 	10940.000000
-0.891808	 	10946.666667
-0.827292	 	10953.333333
-0.745034	 	10960.000000
-0.853098	 	10966.666667
-1.019227	 	10973.333333
-0.720840	 	10980.000000
-0.643421	 	10986.666667
-0.657937	 	10993.333333
-0.925679	 	11000.000000
-0.575679	 	11006.666667
-0.762776	 	11013.333333
-0.548259	 	11020.000000
-0.722453	 	11026.666667
-0.575679	 	11033.333333
-0.809550	 	11040.000000
-0.677292	 	11046.666667
-0.853098	 	11053.333333
-0.512776	 	11060.000000
-0.554711	 	11066.666667
-0.378905	 	11073.333333
-0.824066	 	11080.000000
-0.812776	 	11086.666667
-0.538582	 	11093.333333
-1.032130	 	11100.000000
-1.062776	 	11106.666667
-0.851485	 	11113.333333
-0.935356	 	11120.000000
-0.619227	 	11126.666667
-0.853098	 	11133.333333
-0.985356	 	11140.000000
-0.943421	 	11146.666667
-0.893421	 	11153.333333
-0.820840	 	11160.000000
-0.828905	 	11166.666667
-0.801485	 	11173.333333
-0.996647	 	11180.000000
-0.967614	 	11186.666667
-1.032130	 	11193.333333
-1.175679	 	11200.000000
-1.348259	 	11206.666667
-1.191808	 	11213.333333
-1.125679	 	11220.000000
-1.033743	 	11226.666667
-1.077292	 	11233.333333
-0.911163	 	11240.000000
-1.212776	 	11246.666667
-0.978905	 	11253.333333
-0.972453	 	11260.000000
-0.799872	 	11266.666667
-0.904711	 	11273.333333
-0.893421	 	11280.000000
-0.932130	 	11286.666667
-0.874066	 	11293.333333
-0.985356	 	11300.000000
-0.925679	 	11306.666667
-1.083743	 	11313.333333
-1.145034	 	11320.000000
-1.483743	 	11326.666667
-1.057937	 	11333.333333
-0.804711	 	11340.000000
-0.727292	 	11346.666667
-0.838582	 	11353.333333
-0.828905	 	11360.000000
-0.793421	 	11366.666667
-0.657937	 	11373.333333
-0.857937	 	11380.000000
-0.793421	 	11386.666667
-0.907937	 	11393.333333
-1.011163	 	11400.000000
-1.090195	 	11406.666667
-1.056324	 	11413.333333
-1.104711	 	11420.000000
-1.045034	 	11426.666667
-1.369227	 	11433.333333
-1.216001	 	11440.000000
-1.282130	 	11446.666667
-1.620840	 	11453.333333
-1.554711	 	11460.000000
-1.548259	 	11466.666667
-1.403098	 	11473.333333
-1.632130	 	11480.000000
-1.757937	 	11486.666667
-1.706324	 	11493.333333
-1.424066	 	11500.000000
-1.814389	 	11506.666667
-1.545034	 	11513.333333
-1.930518	 	11520.000000
-1.841808	 	11526.666667
-1.830518	 	11533.333333
-1.922453	 	11540.000000
-1.951485	 	11546.666667
-2.066001	 	11553.333333
-1.938582	 	11560.000000
-1.617614	 	11566.666667
-1.861163	 	11573.333333
-2.064389	 	11580.000000
-1.899872	 	11586.666667
-1.843421	 	11593.333333
-1.728905	 	11600.000000
-1.743421	 	11606.666667
-1.661163	 	11613.333333
-2.067614	 	11620.000000
-2.180518	 	11626.666667
-1.878905	 	11633.333333
-1.782130	 	11640.000000
-1.835356	 	11646.666667
-2.304711	 	11653.333333
-1.966001	 	11660.000000
-2.199872	 	11666.666667
-2.043421	 	11673.333333
-2.009550	 	11680.000000
-1.767614	 	11686.666667
-1.774066	 	11693.333333
-1.727292	 	11700.000000
-1.727292	 	11706.666667
-1.828905	 	11713.333333
-1.503098	 	11720.000000
-1.682130	 	11726.666667
-1.733743	 	11733.333333
-1.904711	 	11740.000000
-1.932130	 	11746.666667
-1.874066	 	11753.333333
-1.991808	 	11760.000000
-1.917614	 	11766.666667
-2.004711	 	11773.333333
-1.920840	 	11780.000000
-1.907937	 	11786.666667
-1.899872	 	11793.333333
-2.111163	 	11800.000000
-1.727292	 	11806.666667
-2.204711	 	11813.333333
-2.132130	 	11820.000000
-2.133743	 	11826.666667
-1.943421	 	11833.333333
-2.198259	 	11840.000000
-1.830518	 	11846.666667
-2.178905	 	11853.333333
-2.019227	 	11860.000000
-1.930518	 	11866.666667
-2.145034	 	11873.333333
-2.075679	 	11880.000000
-2.096647	 	11886.666667
-2.053098	 	11893.333333
-1.880518	 	11900.000000
-2.138582	 	11906.666667
-1.745034	 	11913.333333
-1.924066	 	11920.000000
-1.717614	 	11926.666667
-2.167614	 	11933.333333
-1.819227	 	11940.000000
-1.857937	 	11946.666667
-1.828905	 	11953.333333
-1.895034	 	11960.000000
-1.996647	 	11966.666667
-1.970840	 	11973.333333
-1.720840	 	11980.000000
-1.927292	 	11986.666667
-1.806324	 	11993.333333
-1.901485	 	12000.000000
-1.669227	 	12006.666667
-1.688582	 	12013.333333
-1.736969	 	12020.000000
-2.025679	 	12026.666667
-1.745034	 	12033.333333
-1.916001	 	12040.000000
-1.977292	 	12046.666667
-1.703098	 	12053.333333
-1.806324	 	12060.000000
-2.199872	 	12066.666667
-2.285356	 	12073.333333
-2.111163	 	12080.000000
-1.841808	 	12086.666667
-1.816001	 	12093.333333
-1.712776	 	12100.000000
-1.606324	 	12106.666667
-1.896647	 	12113.333333
-1.933743	 	12120.000000
-1.922453	 	12126.666667
-2.019227	 	12133.333333
-2.243421	 	12140.000000
-1.693421	 	12146.666667
-1.740195	 	12153.333333
-1.943421	 	12160.000000
-1.819227	 	12166.666667
-1.986969	 	12173.333333
-2.035356	 	12180.000000
-1.961163	 	12186.666667
-1.922453	 	12193.333333
-1.819227	 	12200.000000
-2.096647	 	12206.666667
-2.220840	 	12213.333333
-2.148259	 	12220.000000
-2.220840	 	12226.666667
-1.972453	 	12233.333333
-2.345034	 	12240.000000
-2.275679	 	12246.666667
-2.172453	 	12253.333333
-2.127292	 	12260.000000
-2.241808	 	12266.666667
-2.254711	 	12273.333333
-2.201485	 	12280.000000
-2.346647	 	12286.666667
-2.269227	 	12293.333333
-2.664389	 	12300.000000
-2.254711	 	12306.666667
-2.256324	 	12313.333333
-2.348259	 	12320.000000
-2.396647	 	12326.666667
-1.933743	 	12333.333333
-2.041808	 	12340.000000
-2.077292	 	12346.666667
-2.133743	 	12353.333333
-2.151485	 	12360.000000
-2.153098	 	12366.666667
-2.293421	 	12373.333333
-2.219227	 	12380.000000
-2.230518	 	12386.666667
-2.128905	 	12393.333333
-2.406324	 	12400.000000
-2.317614	 	12406.666667
-2.307937	 	12413.333333
-2.375679	 	12420.000000
-2.604711	 	12426.666667
-2.367614	 	12433.333333
-2.606324	 	12440.000000
-2.557937	 	12446.666667
-2.557937	 	12453.333333
-2.696647	 	12460.000000
-2.748259	 	12466.666667
-2.682130	 	12473.333333
-2.766001	 	12480.000000
-2.907937	 	12486.666667
-2.677292	 	12493.333333
-2.709550	 	12500.000000
-2.761163	 	12506.666667
-2.570840	 	12513.333333
-2.666001	 	12520.000000
-2.356324	 	12526.666667
-2.682130	 	12533.333333
-2.741808	 	12540.000000
-2.811163	 	12546.666667
-2.925679	 	12553.333333
-2.803098	 	12560.000000
-2.898259	 	12566.666667
-2.706324	 	12573.333333
-2.880518	 	12580.000000
-2.733743	 	12586.666667
-2.657937	 	12593.333333
-2.640195	 	12600.000000
-2.653098	 	12606.666667
-2.575679	 	12613.333333
-2.749872	 	12620.000000
-2.506324	 	12626.666667
-2.532130	 	12633.333333
-2.638582	 	12640.000000
-2.785356	 	12646.666667
-2.725679	 	12653.333333
-2.756324	 	12660.000000
-3.025679	 	12666.666667
-2.703098	 	12673.333333
-2.625679	 	12680.000000
-2.682130	 	12686.666667
-3.104711	 	12693.333333
-2.733743	 	12700.000000
-2.888582	 	12706.666667
-2.927292	 	12713.333333
-3.109550	 	12720.000000
-3.083743	 	12726.666667
-2.909550	 	12733.333333
-2.824066	 	12740.000000
-2.867614	 	12746.666667
-3.109550	 	12753.333333
-3.030518	 	12760.000000
-3.006324	 	12766.666667
-2.653098	 	12773.333333
-2.649872	 	12780.000000
-2.791808	 	12786.666667
-2.974066	 	12793.333333
-3.080518	 	12800.000000
-2.840195	 	12806.666667
-2.953098	 	12813.333333
-3.140195	 	12820.000000
-2.836969	 	12826.666667
-2.903098	 	12833.333333
-3.153098	 	12840.000000
-3.177292	 	12846.666667
-3.299872	 	12853.333333
-3.161163	 	12860.000000
-3.357937	 	12866.666667
-3.217614	 	12873.333333
-3.319227	 	12880.000000
-3.117614	 	12886.666667
-3.603098	 	12893.333333
-3.211163	 	12900.000000
-3.441808	 	12906.666667
-3.195034	 	12913.333333
-3.227292	 	12920.000000
-3.146647	 	12926.666667
-3.301485	 	12933.333333
-3.299872	 	12940.000000
-3.291808	 	12946.666667
-3.132130	 	12953.333333
-3.348259	 	12960.000000
-3.014389	 	12966.666667
-2.854711	 	12973.333333
-2.836969	 	12980.000000
-3.327292	 	12986.666667
-3.020840	 	12993.333333
-3.320840	 	13000.000000
-3.077292	 	13006.666667
-3.224066	 	13013.333333
-2.788582	 	13020.000000
-3.016001	 	13026.666667
-3.119227	 	13033.333333
-3.327292	 	13040.000000
-3.036969	 	13046.666667
-3.145034	 	13053.333333
-2.916001	 	13060.000000
-3.185356	 	13066.666667
-3.119227	 	13073.333333
-3.269227	 	13080.000000
-3.220840	 	13086.666667
-3.246647	 	13093.333333
-3.298259	 	13100.000000
-3.343421	 	13106.666667
-3.078905	 	13113.333333
-3.270840	 	13120.000000
-3.272453	 	13126.666667
-3.443421	 	13133.333333
-3.288582	 	13140.000000
-3.322453	 	13146.666667
-3.270840	 	13153.333333
-3.533743	 	13160.000000
-3.328905	 	13166.666667
-3.320840	 	13173.333333
-3.396647	 	13180.000000
-3.238582	 	13186.666667
-3.174066	 	13193.333333
-3.257937	 	13200.000000
-3.328905	 	13206.666667
-3.266001	 	13213.333333
-3.346647	 	13220.000000
-3.116001	 	13226.666667
-3.114389	 	13233.333333
-3.067614	 	13240.000000
-2.969227	 	13246.666667
-3.209550	 	13253.333333
-3.012776	 	13260.000000
-3.257937	 	13266.666667
-3.551485	 	13273.333333
-3.041808	 	13280.000000
-3.025679	 	13286.666667
-2.956324	 	13293.333333
-3.296647	 	13300.000000
-2.957937	 	13306.666667
-3.277292	 	13313.333333
-3.096647	 	13320.000000
-2.809550	 	13326.666667
