#peak 	 	#time 
1.463949	 	0.000000
3.079843	 	6.666667
4.464509	 	13.333333
5.317649	 	20.000000
5.688628	 	26.666667
5.442865	 	33.333333
5.695852	 	40.000000
5.757701	 	46.666667
5.560362	 	53.333333
5.658106	 	60.000000
5.438808	 	66.666667
5.607981	 	73.333333
5.641815	 	80.000000
5.645575	 	86.666667
5.628031	 	93.333333
5.624271	 	100.000000
5.745825	 	106.666667
5.656853	 	113.333333
5.590437	 	120.000000
5.638056	 	126.666667
5.763369	 	133.333333
5.467630	 	140.000000
5.763369	 	146.666667
5.843570	 	153.333333
5.749585	 	160.000000
5.757104	 	166.666667
6.149334	 	173.333333
5.886176	 	180.000000
5.863620	 	186.666667
5.950086	 	193.333333
6.003971	 	200.000000
6.215750	 	206.666667
6.080412	 	213.333333
6.015249	 	220.000000
5.998958	 	226.666667
5.966377	 	233.333333
6.067881	 	240.000000
5.887429	 	246.666667
5.961364	 	253.333333
5.942567	 	260.000000
6.066627	 	266.666667
6.007730	 	273.333333
5.961364	 	280.000000
5.941314	 	286.666667
5.931289	 	293.333333
6.229535	 	300.000000
5.970136	 	306.666667
6.047830	 	313.333333
5.826026	 	320.000000
5.883670	 	326.666667
6.008983	 	333.333333
6.017755	 	340.000000
5.804723	 	346.666667
5.714497	 	353.333333
5.701966	 	360.000000
5.705725	 	366.666667
5.743319	 	373.333333
5.650587	 	380.000000
5.411239	 	386.666667
5.512743	 	393.333333
5.639309	 	400.000000
5.611740	 	406.666667
5.596703	 	413.333333
5.582918	 	420.000000
5.481414	 	426.666667
5.460111	 	433.333333
5.191941	 	440.000000
5.218256	 	446.666667
5.337304	 	453.333333
5.243319	 	460.000000
5.194447	 	466.666667
5.398708	 	473.333333
5.388683	 	480.000000
5.274647	 	486.666667
5.056602	 	493.333333
5.156853	 	500.000000
5.116753	 	506.666667
5.119259	 	513.333333
4.977655	 	520.000000
5.047830	 	526.666667
5.318507	 	533.333333
5.250838	 	540.000000
5.234547	 	546.666667
5.042818	 	553.333333
5.025274	 	560.000000
5.084171	 	566.666667
5.362367	 	573.333333
5.305976	 	580.000000
5.247079	 	586.666667
5.384923	 	593.333333
5.287179	 	600.000000
5.272141	 	606.666667
5.303469	 	613.333333
5.646828	 	620.000000
5.556602	 	626.666667
5.753344	 	633.333333
5.758357	 	640.000000
5.610487	 	646.666667
5.849835	 	653.333333
5.774647	 	660.000000
5.808482	 	666.666667
5.663119	 	673.333333
5.679409	 	680.000000
5.681916	 	686.666667
5.690688	 	693.333333
5.851089	 	700.000000
5.734547	 	706.666667
5.807229	 	713.333333
5.764622	 	720.000000
5.837304	 	726.666667
5.769635	 	733.333333
5.912492	 	740.000000
5.777154	 	746.666667
6.017755	 	753.333333
5.893695	 	760.000000
5.705725	 	766.666667
5.897454	 	773.333333
6.086678	 	780.000000
5.789685	 	786.666667
5.897454	 	793.333333
5.762116	 	800.000000
5.638056	 	806.666667
5.812241	 	813.333333
5.846076	 	820.000000
5.783419	 	826.666667
5.614246	 	833.333333
5.897454	 	840.000000
5.968883	 	846.666667
5.816001	 	853.333333
5.884923	 	860.000000
5.816001	 	866.666667
5.843570	 	873.333333
5.914998	 	880.000000
5.814748	 	886.666667
5.884923	 	893.333333
5.640562	 	900.000000
5.431289	 	906.666667
5.722016	 	913.333333
5.809735	 	920.000000
5.594196	 	926.666667
5.594196	 	933.333333
5.590437	 	940.000000
5.600462	 	946.666667
5.635550	 	953.333333
5.680662	 	960.000000
5.685675	 	966.666667
5.963870	 	973.333333
5.819760	 	980.000000
5.876151	 	986.666667
5.749585	 	993.333333
5.931289	 	1000.000000
5.803469	 	1006.666667
5.857354	 	1013.333333
5.883670	 	1020.000000
5.889936	 	1026.666667
5.851089	 	1033.333333
5.774647	 	1040.000000
5.869886	 	1046.666667
5.867379	 	1053.333333
6.227028	 	1060.000000
5.951339	 	1066.666667
5.983921	 	1073.333333
5.937555	 	1080.000000
5.982667	 	1086.666667
6.005224	 	1093.333333
6.007730	 	1100.000000
6.016502	 	1106.666667
5.958858	 	1113.333333
6.131790	 	1120.000000
6.310988	 	1126.666667
6.032793	 	1133.333333
6.239560	 	1140.000000
6.065374	 	1146.666667
6.150587	 	1153.333333
6.219510	 	1160.000000
5.862367	 	1166.666667
6.129284	 	1173.333333
6.309735	 	1180.000000
6.361114	 	1186.666667
6.210738	 	1193.333333
6.254597	 	1200.000000
6.258357	 	1206.666667
6.203219	 	1213.333333
6.107981	 	1220.000000
6.100462	 	1226.666667
6.111740	 	1233.333333
6.067881	 	1240.000000
5.958858	 	1246.666667
6.215750	 	1253.333333
6.254597	 	1260.000000
6.160612	 	1266.666667
6.138056	 	1273.333333
6.287179	 	1280.000000
6.211991	 	1286.666667
6.174397	 	1293.333333
6.387429	 	1300.000000
6.076652	 	1306.666667
6.468883	 	1313.333333
6.467630	 	1320.000000
6.416251	 	1326.666667
6.552843	 	1333.333333
6.477655	 	1340.000000
6.447580	 	1346.666667
6.384923	 	1353.333333
6.764622	 	1360.000000
6.525274	 	1366.666667
6.611740	 	1373.333333
6.545324	 	1380.000000
6.401214	 	1386.666667
6.383670	 	1393.333333
6.536552	 	1400.000000
6.743319	 	1406.666667
6.539058	 	1413.333333
6.604221	 	1420.000000
6.659359	 	1426.666667
6.379911	 	1433.333333
6.590437	 	1440.000000
6.500211	 	1446.666667
6.508983	 	1453.333333
6.369886	 	1460.000000
6.107981	 	1466.666667
6.262116	 	1473.333333
6.210738	 	1480.000000
6.044071	 	1486.666667
6.153094	 	1493.333333
6.105474	 	1500.000000
6.003971	 	1506.666667
6.052843	 	1513.333333
5.960111	 	1520.000000
5.848582	 	1526.666667
5.914998	 	1533.333333
5.986427	 	1540.000000
5.833545	 	1546.666667
5.664372	 	1553.333333
5.644322	 	1560.000000
5.701966	 	1566.666667
5.775901	 	1573.333333
5.468883	 	1580.000000
5.739560	 	1586.666667
5.799710	 	1593.333333
5.732041	 	1600.000000
5.592943	 	1606.666667
5.857354	 	1613.333333
5.841063	 	1620.000000
5.737053	 	1626.666667
5.914998	 	1633.333333
5.953845	 	1640.000000
5.794698	 	1646.666667
5.545324	 	1653.333333
5.718256	 	1660.000000
5.753344	 	1666.666667
5.790938	 	1673.333333
5.561615	 	1680.000000
5.397454	 	1686.666667
5.403720	 	1693.333333
5.704472	 	1700.000000
5.554096	 	1706.666667
5.513996	 	1713.333333
5.659359	 	1720.000000
5.778407	 	1726.666667
5.681916	 	1733.333333
5.383670	 	1740.000000
5.511490	 	1746.666667
5.559109	 	1753.333333
5.612993	 	1760.000000
5.649334	 	1766.666667
5.690688	 	1773.333333
5.560362	 	1780.000000
5.493946	 	1786.666667
5.832292	 	1793.333333
5.635550	 	1800.000000
5.812241	 	1806.666667
5.794698	 	1813.333333
5.630537	 	1820.000000
5.537805	 	1826.666667
5.550337	 	1833.333333
5.513996	 	1840.000000
5.524021	 	1846.666667
5.592943	 	1853.333333
5.485174	 	1860.000000
5.420011	 	1866.666667
5.388683	 	1873.333333
5.636803	 	1880.000000
5.666878	 	1886.666667
5.605474	 	1893.333333
5.476402	 	1900.000000
5.403720	 	1906.666667
5.460111	 	1913.333333
5.615500	 	1920.000000
5.435048	 	1926.666667
5.503971	 	1933.333333
5.546577	 	1940.000000
5.778407	 	1946.666667
5.606728	 	1953.333333
5.993946	 	1960.000000
5.868632	 	1966.666667
5.782166	 	1973.333333
5.748332	 	1980.000000
5.847329	 	1986.666667
5.749585	 	1993.333333
5.690688	 	2000.000000
5.450086	 	2006.666667
5.646828	 	2013.333333
5.478908	 	2020.000000
5.549084	 	2026.666667
5.800963	 	2033.333333
5.773394	 	2040.000000
5.524021	 	2046.666667
5.621765	 	2053.333333
5.615500	 	2060.000000
5.554096	 	2066.666667
5.701966	 	2073.333333
5.711991	 	2080.000000
5.907480	 	2086.666667
5.832292	 	2093.333333
5.932542	 	2100.000000
6.080412	 	2106.666667
5.881164	 	2113.333333
6.026527	 	2120.000000
5.696953	 	2126.666667
5.734547	 	2133.333333
5.591690	 	2140.000000
5.899961	 	2146.666667
5.738307	 	2153.333333
5.699459	 	2160.000000
5.718256	 	2166.666667
5.606728	 	2173.333333
5.566627	 	2180.000000
5.775901	 	2186.666667
5.887429	 	2193.333333
5.732041	 	2200.000000
5.640562	 	2206.666667
5.824773	 	2213.333333
5.768382	 	2220.000000
5.878657	 	2226.666667
5.586678	 	2233.333333
5.646828	 	2240.000000
5.762116	 	2246.666667
5.438808	 	2253.333333
5.397454	 	2260.000000
5.275901	 	2266.666667
5.451339	 	2273.333333
5.396201	 	2280.000000
5.513996	 	2286.666667
5.323520	 	2293.333333
5.363620	 	2300.000000
5.247079	 	2306.666667
5.196953	 	2313.333333
5.378657	 	2320.000000
5.139309	 	2326.666667
5.470136	 	2333.333333
5.206978	 	2340.000000
5.036552	 	2346.666667
5.112993	 	2353.333333
5.332292	 	2360.000000
5.530287	 	2366.666667
5.546577	 	2373.333333
5.500211	 	2380.000000
5.582918	 	2386.666667
5.448833	 	2393.333333
5.423770	 	2400.000000
5.478908	 	2406.666667
5.483921	 	2413.333333
5.174397	 	2420.000000
5.393695	 	2426.666667
5.299710	 	2433.333333
5.396201	 	2440.000000
5.368632	 	2446.666667
5.547830	 	2453.333333
5.209485	 	2460.000000
5.378657	 	2466.666667
5.408733	 	2473.333333
5.435048	 	2480.000000
5.681916	 	2486.666667
5.541565	 	2493.333333
5.546577	 	2500.000000
5.594196	 	2506.666667
5.580412	 	2513.333333
5.768382	 	2520.000000
5.663119	 	2526.666667
5.550337	 	2533.333333
5.797204	 	2540.000000
5.668131	 	2546.666667
5.626778	 	2553.333333
5.730788	 	2560.000000
5.708231	 	2566.666667
5.640562	 	2573.333333
5.482667	 	2580.000000
5.529033	 	2586.666667
5.432542	 	2593.333333
5.591690	 	2600.000000
5.462617	 	2606.666667
5.500211	 	2613.333333
5.358607	 	2620.000000
5.455099	 	2626.666667
5.437555	 	2633.333333
5.601715	 	2640.000000
5.431289	 	2646.666667
5.367379	 	2653.333333
5.468883	 	2660.000000
5.606728	 	2666.666667
5.307229	 	2673.333333
5.344823	 	2680.000000
5.129284	 	2686.666667
5.356101	 	2693.333333
5.067881	 	2700.000000
5.279660	 	2706.666667
5.427530	 	2713.333333
5.213244	 	2720.000000
5.285926	 	2726.666667
5.237053	 	2733.333333
5.280913	 	2740.000000
5.317254	 	2746.666667
5.463870	 	2753.333333
5.237053	 	2760.000000
5.324773	 	2766.666667
5.575399	 	2773.333333
6.228282	 	2780.000000
10.188181	 	2786.666667
34.304723	 	2793.333333
186.042818	 	2800.000000
607.165625	 	2806.666667
1157.150587	 	2813.333333
1672.663119	 	2820.000000
2093.862367	 	2826.666667
2434.275901	 	2833.333333
2721.574146	 	2840.000000
2952.465124	 	2846.666667
3127.476402	 	2853.333333
3257.015249	 	2860.000000
3347.631790	 	2866.666667
3409.116753	 	2873.333333
3443.856101	 	2880.000000
3458.002718	 	2886.666667
3454.427530	 	2893.333333
3438.972642	 	2900.000000
3410.282166	 	2906.666667
3375.220763	 	2913.333333
3333.983921	 	2920.000000
3295.308482	 	2926.666667
3255.628031	 	2933.333333
3208.816001	 	2940.000000
3156.416251	 	2946.666667
3100.988933	 	2953.333333
3046.295951	 	2960.000000
2994.486427	 	2966.666667
2942.772141	 	2973.333333
2892.547830	 	2980.000000
2843.612993	 	2986.666667
2796.027780	 	2993.333333
2749.684422	 	3000.000000
2704.173144	 	3006.666667
2660.445073	 	3013.333333
2618.031540	 	3020.000000
2576.625525	 	3026.666667
2536.366126	 	3033.333333
2496.827279	 	3040.000000
2457.921264	 	3046.666667
2421.230788	 	3053.333333
2384.327279	 	3060.000000
2348.379911	 	3066.666667
2313.884923	 	3073.333333
2280.600462	 	3080.000000
2248.780913	 	3086.666667
2217.357354	 	3093.333333
2185.185675	 	3100.000000
2155.988933	 	3106.666667
2126.597956	 	3113.333333
2098.552843	 	3120.000000
2070.242066	 	3126.666667
2043.734547	 	3133.333333
2017.337304	 	3140.000000
1991.155600	 	3146.666667
1963.827279	 	3153.333333
1938.894948	 	3160.000000
1913.129284	 	3166.666667
1889.922517	 	3173.333333
1865.807229	 	3180.000000
1843.125525	 	3186.666667
1819.323520	 	3193.333333
1796.373645	 	3200.000000
1774.010236	 	3206.666667
1751.857354	 	3213.333333
1729.262116	 	3220.000000
1708.264622	 	3226.666667
1687.343570	 	3233.333333
1667.288432	 	3240.000000
1646.750838	 	3246.666667
1625.452592	 	3253.333333
1605.743319	 	3260.000000
1586.326026	 	3266.666667
1566.658106	 	3273.333333
1547.668131	 	3280.000000
1529.020261	 	3286.666667
1509.705725	 	3293.333333
1490.879911	 	3300.000000
1473.173144	 	3306.666667
1455.450086	 	3313.333333
1437.708231	 	3320.000000
1420.171891	 	3326.666667
1402.802216	 	3333.333333
1386.749585	 	3340.000000
1369.529033	 	3346.666667
1353.175650	 	3353.333333
1336.955099	 	3360.000000
1322.161865	 	3366.666667
1306.888683	 	3373.333333
1291.435048	 	3380.000000
1276.485174	 	3386.666667
1261.678156	 	3393.333333
1246.432542	 	3400.000000
1231.810988	 	3406.666667
1217.438808	 	3413.333333
1203.175650	 	3420.000000
1188.309735	 	3426.666667
1175.750838	 	3433.333333
1161.299710	 	3440.000000
1148.087931	 	3446.666667
1135.420011	 	3453.333333
1121.120512	 	3460.000000
1108.778407	 	3466.666667
1096.753344	 	3473.333333
1084.399961	 	3480.000000
1070.843570	 	3486.666667
1058.426277	 	3493.333333
1048.282166	 	3500.000000
1033.911239	 	3506.666667
1022.906226	 	3513.333333
1011.599209	 	3520.000000
999.594196	 	3526.666667
989.252091	 	3533.333333
977.002718	 	3540.000000
965.960111	 	3546.666667
953.369886	 	3553.333333
942.035299	 	3560.000000
930.473896	 	3566.666667
919.019008	 	3573.333333
908.036552	 	3580.000000
897.362367	 	3586.666667
886.440061	 	3593.333333
875.194447	 	3600.000000
866.273394	 	3606.666667
855.455099	 	3613.333333
844.829785	 	3620.000000
835.933795	 	3626.666667
824.992693	 	3633.333333
816.062868	 	3640.000000
805.644322	 	3646.666667
796.782166	 	3653.333333
786.903720	 	3660.000000
777.411239	 	3666.666667
768.295951	 	3673.333333
758.013996	 	3680.000000
748.904973	 	3686.666667
739.798457	 	3693.333333
730.399961	 	3700.000000
722.071640	 	3706.666667
713.863620	 	3713.333333
705.425023	 	3720.000000
696.601715	 	3726.666667
688.961364	 	3733.333333
680.798457	 	3740.000000
673.285926	 	3746.666667
665.146828	 	3753.333333
658.386176	 	3760.000000
650.713244	 	3766.666667
642.872392	 	3773.333333
636.170637	 	3780.000000
629.125525	 	3786.666667
622.225775	 	3793.333333
614.872392	 	3800.000000
607.623018	 	3806.666667
600.973896	 	3813.333333
593.724522	 	3820.000000
587.323520	 	3826.666667
580.878657	 	3833.333333
574.173144	 	3840.000000
568.211991	 	3846.666667
561.501464	 	3853.333333
554.788432	 	3860.000000
549.225775	 	3866.666667
543.594196	 	3873.333333
537.119259	 	3880.000000
531.635550	 	3886.666667
526.374898	 	3893.333333
520.838557	 	3900.000000
514.754597	 	3906.666667
509.110487	 	3913.333333
503.482667	 	3920.000000
497.655600	 	3926.666667
492.156853	 	3933.333333
486.749585	 	3940.000000
480.874898	 	3946.666667
475.565374	 	3953.333333
470.219510	 	3960.000000
465.017755	 	3966.666667
459.366126	 	3973.333333
454.046577	 	3980.000000
448.629284	 	3986.666667
443.242066	 	3993.333333
437.549084	 	4000.000000
432.431289	 	4006.666667
426.950086	 	4013.333333
422.258357	 	4020.000000
417.592943	 	4026.666667
412.010236	 	4033.333333
407.383670	 	4040.000000
402.274647	 	4046.666667
397.544071	 	4053.333333
392.505224	 	4060.000000
387.590437	 	4066.666667
383.797204	 	4073.333333
379.060362	 	4080.000000
374.575399	 	4086.666667
370.244572	 	4093.333333
365.868632	 	4100.000000
361.462617	 	4106.666667
356.861114	 	4113.333333
352.807229	 	4120.000000
348.902467	 	4126.666667
344.822266	 	4133.333333
341.087931	 	4140.000000
337.540312	 	4146.666667
333.352342	 	4153.333333
329.554096	 	4160.000000
325.918758	 	4166.666667
322.341063	 	4173.333333
318.829785	 	4180.000000
315.650587	 	4186.666667
312.105474	 	4193.333333
308.206978	 	4200.000000
305.121765	 	4206.666667
301.873645	 	4213.333333
298.478908	 	4220.000000
295.195700	 	4226.666667
292.443820	 	4233.333333
289.170637	 	4240.000000
285.922517	 	4246.666667
282.861114	 	4253.333333
279.668131	 	4260.000000
276.606728	 	4266.666667
273.556602	 	4273.333333
270.519008	 	4280.000000
267.734547	 	4286.666667
264.560362	 	4293.333333
261.300963	 	4300.000000
258.042818	 	4306.666667
255.134297	 	4313.333333
252.129284	 	4320.000000
249.112993	 	4326.666667
246.223269	 	4333.333333
243.685675	 	4340.000000
240.909986	 	4346.666667
237.963870	 	4353.333333
235.305976	 	4360.000000
233.112993	 	4366.666667
230.503971	 	4373.333333
227.724522	 	4380.000000
225.016502	 	4386.666667
222.208231	 	4393.333333
219.373645	 	4400.000000
217.047830	 	4406.666667
214.965124	 	4413.333333
212.529033	 	4420.000000
209.902467	 	4426.666667
207.710738	 	4433.333333
205.495199	 	4440.000000
203.178156	 	4446.666667
200.973896	 	4453.333333
198.854848	 	4460.000000
196.829785	 	4466.666667
194.552843	 	4473.333333
192.215750	 	4480.000000
189.933795	 	4486.666667
187.857354	 	4493.333333
185.591690	 	4500.000000
183.535299	 	4506.666667
181.401214	 	4513.333333
179.366126	 	4520.000000
177.747079	 	4526.666667
175.571640	 	4533.333333
173.775901	 	4540.000000
172.055349	 	4546.666667
170.517755	 	4553.333333
168.401214	 	4560.000000
166.973896	 	4566.666667
165.686928	 	4573.333333
163.615500	 	4580.000000
162.158106	 	4586.666667
160.495199	 	4593.333333
158.475149	 	4600.000000
156.816001	 	4606.666667
155.175650	 	4613.333333
153.658106	 	4620.000000
152.105474	 	4626.666667
150.130537	 	4633.333333
148.387429	 	4640.000000
146.792191	 	4646.666667
145.040312	 	4653.333333
142.938808	 	4660.000000
141.382417	 	4666.666667
139.792191	 	4673.333333
138.100462	 	4680.000000
136.512743	 	4686.666667
135.143068	 	4693.333333
133.891189	 	4700.000000
132.426277	 	4706.666667
130.844823	 	4713.333333
129.606728	 	4720.000000
128.189434	 	4726.666667
126.897454	 	4733.333333
125.701966	 	4740.000000
124.580412	 	4746.666667
123.452592	 	4753.333333
122.035299	 	4760.000000
120.740813	 	4766.666667
119.456352	 	4773.333333
118.096703	 	4780.000000
116.749585	 	4786.666667
115.545324	 	4793.333333
114.247079	 	4800.000000
113.081665	 	4806.666667
111.918758	 	4813.333333
110.453845	 	4820.000000
109.310988	 	4826.666667
108.398708	 	4833.333333
107.748332	 	4840.000000
106.238307	 	4846.666667
105.550337	 	4853.333333
104.769635	 	4860.000000
103.656853	 	4866.666667
102.653094	 	4873.333333
101.643068	 	4880.000000
100.701966	 	4886.666667
99.758357	 	4893.333333
98.357354	 	4900.000000
97.546577	 	4906.666667
96.502718	 	4913.333333
95.599209	 	4920.000000
94.348582	 	4926.666667
93.369886	 	4933.333333
92.450086	 	4940.000000
91.849835	 	4946.666667
90.803469	 	4953.333333
89.656853	 	4960.000000
88.813495	 	4966.666667
87.928783	 	4973.333333
87.041565	 	4980.000000
86.144322	 	4986.666667
85.244572	 	4993.333333
84.308482	 	5000.000000
83.133043	 	5006.666667
82.392442	 	5013.333333
81.379911	 	5020.000000
80.541565	 	5026.666667
79.549084	 	5033.333333
78.610487	 	5040.000000
77.623018	 	5046.666667
76.769635	 	5053.333333
76.051590	 	5060.000000
75.039058	 	5066.666667
74.282166	 	5073.333333
73.277154	 	5080.000000
72.480161	 	5086.666667
71.827279	 	5093.333333
71.085424	 	5100.000000
70.150587	 	5106.666667
69.412492	 	5113.333333
68.698206	 	5120.000000
67.713244	 	5126.666667
67.230788	 	5133.333333
66.525274	 	5140.000000
65.747079	 	5146.666667
64.760863	 	5153.333333
63.987680	 	5160.000000
63.478908	 	5166.666667
62.995199	 	5173.333333
62.359860	 	5180.000000
61.808482	 	5186.666667
61.356101	 	5193.333333
60.829785	 	5200.000000
60.326026	 	5206.666667
59.970136	 	5213.333333
59.488933	 	5220.000000
58.993946	 	5226.666667
58.426277	 	5233.333333
58.026527	 	5240.000000
57.412492	 	5246.666667
57.019008	 	5253.333333
56.540312	 	5260.000000
56.085424	 	5266.666667
55.799710	 	5273.333333
54.967630	 	5280.000000
54.894948	 	5286.666667
54.285926	 	5293.333333
53.976402	 	5300.000000
53.470136	 	5306.666667
53.044071	 	5313.333333
52.619259	 	5320.000000
52.168131	 	5326.666667
51.606728	 	5333.333333
51.171891	 	5340.000000
50.552843	 	5346.666667
50.170637	 	5353.333333
49.620512	 	5360.000000
48.973896	 	5366.666667
48.471389	 	5373.333333
47.853595	 	5380.000000
47.321013	 	5386.666667
46.634297	 	5393.333333
46.086678	 	5400.000000
45.698206	 	5406.666667
45.217003	 	5413.333333
44.678156	 	5420.000000
44.242066	 	5426.666667
43.457605	 	5433.333333
43.115500	 	5440.000000
42.570387	 	5446.666667
42.144322	 	5453.333333
41.493946	 	5460.000000
41.085424	 	5466.666667
40.480161	 	5473.333333
40.101715	 	5480.000000
39.564121	 	5486.666667
39.189434	 	5493.333333
38.564121	 	5500.000000
38.348582	 	5506.666667
38.156853	 	5513.333333
37.695700	 	5520.000000
37.515249	 	5526.666667
37.264622	 	5533.333333
36.778407	 	5540.000000
36.357354	 	5546.666667
35.824773	 	5553.333333
35.357354	 	5560.000000
35.095449	 	5566.666667
35.138056	 	5573.333333
34.546577	 	5580.000000
34.288432	 	5586.666667
34.230788	 	5593.333333
34.065374	 	5600.000000
33.621765	 	5606.666667
33.445073	 	5613.333333
33.358607	 	5620.000000
33.056602	 	5626.666667
32.720763	 	5633.333333
32.356101	 	5640.000000
31.809735	 	5646.666667
31.611740	 	5653.333333
31.377404	 	5660.000000
30.982667	 	5666.666667
30.547830	 	5673.333333
30.416251	 	5680.000000
30.354848	 	5686.666667
29.903720	 	5693.333333
29.717003	 	5700.000000
29.730788	 	5706.666667
29.502718	 	5713.333333
28.996452	 	5720.000000
29.005224	 	5726.666667
28.618006	 	5733.333333
28.505224	 	5740.000000
28.166878	 	5746.666667
27.983921	 	5753.333333
28.029033	 	5760.000000
27.604221	 	5766.666667
27.304723	 	5773.333333
27.200713	 	5780.000000
26.937555	 	5786.666667
26.505224	 	5793.333333
26.154347	 	5800.000000
26.060362	 	5806.666667
25.665625	 	5813.333333
25.495199	 	5820.000000
25.264622	 	5826.666667
24.778407	 	5833.333333
24.618006	 	5840.000000
24.238307	 	5846.666667
23.990186	 	5853.333333
23.435048	 	5860.000000
23.186928	 	5866.666667
22.990186	 	5873.333333
22.481414	 	5880.000000
22.283419	 	5886.666667
22.011490	 	5893.333333
21.922517	 	5900.000000
21.704472	 	5906.666667
21.369886	 	5913.333333
21.421264	 	5920.000000
20.960111	 	5926.666667
20.570387	 	5933.333333
20.602968	 	5940.000000
20.343570	 	5946.666667
20.196953	 	5953.333333
19.911239	 	5960.000000
19.611740	 	5966.666667
19.485174	 	5973.333333
19.250838	 	5980.000000
18.902467	 	5986.666667
18.691941	 	5993.333333
18.660612	 	6000.000000
18.473896	 	6006.666667
18.393695	 	6013.333333
18.232041	 	6020.000000
18.185675	 	6026.666667
17.942567	 	6033.333333
17.856101	 	6040.000000
17.502718	 	6046.666667
17.555349	 	6053.333333
17.367379	 	6060.000000
17.412492	 	6066.666667
17.524021	 	6073.333333
17.418758	 	6080.000000
17.359860	 	6086.666667
17.040312	 	6093.333333
16.996452	 	6100.000000
16.922517	 	6106.666667
16.706978	 	6113.333333
16.762116	 	6120.000000
16.503971	 	6126.666667
16.529033	 	6133.333333
16.382417	 	6140.000000
16.348582	 	6146.666667
16.054096	 	6153.333333
16.040312	 	6160.000000
15.955099	 	6166.666667
15.966377	 	6173.333333
15.946327	 	6180.000000
15.729535	 	6186.666667
15.759610	 	6193.333333
15.223269	 	6200.000000
15.318507	 	6206.666667
15.076652	 	6213.333333
14.918758	 	6220.000000
14.909986	 	6226.666667
14.714497	 	6233.333333
14.586678	 	6240.000000
14.564121	 	6246.666667
14.403720	 	6253.333333
14.292191	 	6260.000000
14.238307	 	6266.666667
14.110487	 	6273.333333
14.096703	 	6280.000000
14.057855	 	6286.666667
14.027780	 	6293.333333
14.055349	 	6300.000000
13.787179	 	6306.666667
13.495199	 	6313.333333
13.584171	 	6320.000000
13.329785	 	6326.666667
13.096703	 	6333.333333
12.946327	 	6340.000000
12.906226	 	6346.666667
12.779660	 	6353.333333
12.701966	 	6360.000000
12.633043	 	6366.666667
12.559109	 	6373.333333
12.737053	 	6380.000000
12.338557	 	6386.666667
12.381164	 	6393.333333
12.398708	 	6400.000000
12.194447	 	6406.666667
12.076652	 	6413.333333
12.056602	 	6420.000000
12.201966	 	6426.666667
11.863620	 	6433.333333
11.962617	 	6440.000000
11.823520	 	6446.666667
11.695700	 	6453.333333
11.809735	 	6460.000000
11.857354	 	6466.666667
11.968883	 	6473.333333
11.884923	 	6480.000000
12.077906	 	6486.666667
11.888683	 	6493.333333
11.813495	 	6500.000000
11.753344	 	6506.666667
11.686928	 	6513.333333
11.591690	 	6520.000000
11.293444	 	6526.666667
11.457605	 	6533.333333
11.259610	 	6540.000000
11.145575	 	6546.666667
11.054096	 	6553.333333
11.229535	 	6560.000000
10.995199	 	6566.666667
11.138056	 	6573.333333
10.898708	 	6580.000000
10.718256	 	6586.666667
10.628031	 	6593.333333
10.379911	 	6600.000000
10.524021	 	6606.666667
10.358607	 	6613.333333
9.948833	 	6620.000000
9.886176	 	6626.666667
9.698206	 	6633.333333
9.592943	 	6640.000000
9.321013	 	6646.666667
9.196953	 	6653.333333
9.381164	 	6660.000000
9.141815	 	6666.666667
8.991439	 	6673.333333
8.743319	 	6680.000000
8.556602	 	6686.666667
8.346076	 	6693.333333
8.506477	 	6700.000000
8.457605	 	6706.666667
8.440061	 	6713.333333
8.258357	 	6720.000000
8.497705	 	6726.666667
8.575399	 	6733.333333
8.386176	 	6740.000000
8.091690	 	6746.666667
8.353595	 	6753.333333
8.511490	 	6760.000000
8.223269	 	6766.666667
8.324773	 	6773.333333
8.077906	 	6780.000000
8.091690	 	6786.666667
7.914998	 	6793.333333
7.901214	 	6800.000000
7.673144	 	6806.666667
7.703219	 	6813.333333
7.369886	 	6820.000000
7.279660	 	6826.666667
7.138056	 	6833.333333
7.264622	 	6840.000000
7.135550	 	6846.666667
7.186928	 	6853.333333
7.190688	 	6860.000000
6.923770	 	6866.666667
6.947580	 	6873.333333
7.010236	 	6880.000000
6.839810	 	6886.666667
7.119259	 	6893.333333
6.857354	 	6900.000000
6.917505	 	6906.666667
6.789685	 	6913.333333
6.602968	 	6920.000000
6.732041	 	6926.666667
6.567881	 	6933.333333
6.460111	 	6940.000000
6.409986	 	6946.666667
6.267129	 	6953.333333
6.153094	 	6960.000000
6.046577	 	6966.666667
6.110487	 	6973.333333
6.263369	 	6980.000000
6.075399	 	6986.666667
5.992693	 	6993.333333
5.868632	 	7000.000000
5.678156	 	7006.666667
5.688181	 	7013.333333
5.623018	 	7020.000000
5.629284	 	7026.666667
5.402467	 	7033.333333
5.450086	 	7040.000000
5.482667	 	7046.666667
5.676903	 	7053.333333
5.179409	 	7060.000000
5.245825	 	7066.666667
5.267129	 	7073.333333
5.255850	 	7080.000000
5.369886	 	7086.666667
5.327279	 	7093.333333
5.178156	 	7100.000000
5.260863	 	7106.666667
5.303469	 	7113.333333
5.262116	 	7120.000000
5.206978	 	7126.666667
5.298457	 	7133.333333
5.085424	 	7140.000000
5.069134	 	7146.666667
5.189434	 	7153.333333
5.055349	 	7160.000000
4.804723	 	7166.666667
4.814748	 	7173.333333
4.917505	 	7180.000000
4.665625	 	7186.666667
4.565374	 	7193.333333
4.612993	 	7200.000000
4.648081	 	7206.666667
4.555349	 	7213.333333
4.383670	 	7220.000000
4.399961	 	7226.666667
4.347329	 	7233.333333
4.144322	 	7240.000000
3.956352	 	7246.666667
4.052843	 	7253.333333
3.975149	 	7260.000000
4.006477	 	7266.666667
3.775901	 	7273.333333
3.698206	 	7280.000000
3.962617	 	7286.666667
3.889936	 	7293.333333
3.827279	 	7300.000000
3.740813	 	7306.666667
3.693194	 	7313.333333
3.599209	 	7320.000000
3.669384	 	7326.666667
3.684422	 	7333.333333
3.703219	 	7340.000000
3.414998	 	7346.666667
3.587931	 	7353.333333
3.384923	 	7360.000000
3.507730	 	7366.666667
3.406226	 	7373.333333
3.353595	 	7380.000000
3.186928	 	7386.666667
3.393695	 	7393.333333
3.228282	 	7400.000000
3.346076	 	7406.666667
3.300963	 	7413.333333
3.295951	 	7420.000000
3.232041	 	7426.666667
3.081665	 	7433.333333
3.072893	 	7440.000000
3.109234	 	7446.666667
2.991439	 	7453.333333
2.913745	 	7460.000000
3.041565	 	7466.666667
2.894948	 	7473.333333
2.951339	 	7480.000000
3.179409	 	7486.666667
2.769635	 	7493.333333
2.896201	 	7500.000000
3.030287	 	7506.666667
2.827279	 	7513.333333
2.738307	 	7520.000000
2.936302	 	7526.666667
2.982667	 	7533.333333
3.186928	 	7540.000000
3.258357	 	7546.666667
3.026527	 	7553.333333
3.386176	 	7560.000000
3.290938	 	7566.666667
3.302216	 	7573.333333
3.203219	 	7580.000000
3.314748	 	7586.666667
3.169384	 	7593.333333
3.129284	 	7600.000000
3.130537	 	7606.666667
3.319760	 	7613.333333
3.237053	 	7620.000000
3.254597	 	7626.666667
3.193194	 	7633.333333
3.094196	 	7640.000000
2.980161	 	7646.666667
3.070387	 	7653.333333
3.054096	 	7660.000000
2.991439	 	7666.666667
2.790938	 	7673.333333
2.686928	 	7680.000000
2.649334	 	7686.666667
2.690688	 	7693.333333
2.595449	 	7700.000000
2.586678	 	7706.666667
2.648081	 	7713.333333
2.683169	 	7720.000000
2.572893	 	7726.666667
2.564121	 	7733.333333
2.892442	 	7740.000000
2.816001	 	7746.666667
2.663119	 	7753.333333
2.730788	 	7760.000000
2.676903	 	7766.666667
2.601715	 	7773.333333
2.596703	 	7780.000000
2.596703	 	7786.666667
2.549084	 	7793.333333
2.630537	 	7800.000000
2.481414	 	7806.666667
2.506477	 	7813.333333
2.788432	 	7820.000000
2.535299	 	7826.666667
2.571640	 	7833.333333
2.471389	 	7840.000000
2.724522	 	7846.666667
2.644322	 	7853.333333
2.303469	 	7860.000000
2.834798	 	7866.666667
2.812241	 	7873.333333
2.843570	 	7880.000000
2.655600	 	7886.666667
2.668131	 	7893.333333
2.480161	 	7900.000000
2.383670	 	7906.666667
2.597956	 	7913.333333
2.532793	 	7920.000000
2.344823	 	7926.666667
2.336051	 	7933.333333
2.362367	 	7940.000000
2.403720	 	7946.666667
2.278407	 	7953.333333
2.448833	 	7960.000000
2.476402	 	7966.666667
2.403720	 	7973.333333
2.232041	 	7980.000000
2.470136	 	7986.666667
2.471389	 	7993.333333
2.367379	 	8000.000000
2.545324	 	8006.666667
2.392442	 	8013.333333
2.378657	 	8020.000000
2.110487	 	8026.666667
2.411239	 	8033.333333
2.190688	 	8040.000000
1.948833	 	8046.666667
2.126778	 	8053.333333
1.916251	 	8060.000000
2.086678	 	8066.666667
1.990186	 	8073.333333
1.807229	 	8080.000000
2.012743	 	8086.666667
1.804723	 	8093.333333
1.888683	 	8100.000000
1.837304	 	8106.666667
1.714497	 	8113.333333
1.660612	 	8120.000000
1.575399	 	8126.666667
1.377404	 	8133.333333
1.433795	 	8140.000000
1.406226	 	8146.666667
1.363620	 	8153.333333
1.529033	 	8160.000000
1.214497	 	8166.666667
1.204472	 	8173.333333
1.135550	 	8180.000000
0.995199	 	8186.666667
1.099209	 	8193.333333
0.975149	 	8200.000000
0.876151	 	8206.666667
0.803469	 	8213.333333
0.887429	 	8220.000000
1.118006	 	8226.666667
1.200713	 	8233.333333
1.092943	 	8240.000000
1.129284	 	8246.666667
1.072893	 	8253.333333
0.921264	 	8260.000000
1.016502	 	8266.666667
1.185675	 	8273.333333
1.307229	 	8280.000000
1.040312	 	8286.666667
1.153094	 	8293.333333
1.254597	 	8300.000000
1.333545	 	8306.666667
1.343570	 	8313.333333
1.310988	 	8320.000000
1.530287	 	8326.666667
1.482667	 	8333.333333
1.520261	 	8340.000000
1.344823	 	8346.666667
1.601715	 	8353.333333
1.659359	 	8360.000000
1.704472	 	8366.666667
1.725775	 	8373.333333
1.819760	 	8380.000000
1.888683	 	8386.666667
1.743319	 	8393.333333
1.972642	 	8400.000000
1.757104	 	8406.666667
1.723269	 	8413.333333
1.769635	 	8420.000000
1.762116	 	8426.666667
1.730788	 	8433.333333
1.805976	 	8440.000000
1.828532	 	8446.666667
1.966377	 	8453.333333
1.816001	 	8460.000000
1.757104	 	8466.666667
1.695700	 	8473.333333
1.810988	 	8480.000000
1.907480	 	8486.666667
1.823520	 	8493.333333
1.993946	 	8500.000000
1.747079	 	8506.666667
1.614246	 	8513.333333
1.888683	 	8520.000000
1.794698	 	8526.666667
1.779660	 	8533.333333
1.654347	 	8540.000000
1.458858	 	8546.666667
1.753344	 	8553.333333
1.631790	 	8560.000000
1.660612	 	8566.666667
1.812241	 	8573.333333
1.646828	 	8580.000000
1.621765	 	8586.666667
1.551590	 	8593.333333
1.611740	 	8600.000000
1.644322	 	8606.666667
1.621765	 	8613.333333
1.472642	 	8620.000000
1.544071	 	8626.666667
1.422517	 	8633.333333
1.442567	 	8640.000000
1.539058	 	8646.666667
1.314748	 	8653.333333
1.229535	 	8660.000000
1.136803	 	8666.666667
1.140562	 	8673.333333
1.183169	 	8680.000000
1.045324	 	8686.666667
1.111740	 	8693.333333
1.203219	 	8700.000000
0.856101	 	8706.666667
0.914998	 	8713.333333
0.777154	 	8720.000000
0.810988	 	8726.666667
0.950086	 	8733.333333
0.788432	 	8740.000000
0.779660	 	8746.666667
0.670637	 	8753.333333
0.831038	 	8760.000000
0.748332	 	8766.666667
1.097956	 	8773.333333
1.070387	 	8780.000000
0.876151	 	8786.666667
0.753344	 	8793.333333
0.926277	 	8800.000000
0.927530	 	8806.666667
0.963870	 	8813.333333
1.045324	 	8820.000000
0.963870	 	8826.666667
0.777154	 	8833.333333
1.008983	 	8840.000000
0.928783	 	8846.666667
0.889936	 	8853.333333
1.025274	 	8860.000000
0.800963	 	8866.666667
1.097956	 	8873.333333
0.536552	 	8880.000000
0.646828	 	8886.666667
0.696953	 	8893.333333
0.582918	 	8900.000000
0.551590	 	8906.666667
0.601715	 	8913.333333
0.559109	 	8920.000000
0.651840	 	8926.666667
0.508983	 	8933.333333
0.564121	 	8940.000000
0.745825	 	8946.666667
0.660612	 	8953.333333
0.485174	 	8960.000000
0.852342	 	8966.666667
0.743319	 	8973.333333
0.722016	 	8980.000000
0.758357	 	8986.666667
0.871139	 	8993.333333
0.665625	 	9000.000000
0.798457	 	9006.666667
0.456352	 	9013.333333
0.490186	 	9020.000000
0.431289	 	9026.666667
0.458858	 	9033.333333
0.388683	 	9040.000000
0.477655	 	9046.666667
0.486427	 	9053.333333
0.422517	 	9060.000000
0.186928	 	9066.666667
0.545324	 	9073.333333
0.408733	 	9080.000000
0.532793	 	9086.666667
0.233294	 	9093.333333
0.382417	 	9100.000000
0.292191	 	9106.666667
0.389936	 	9113.333333
0.530287	 	9120.000000
0.483921	 	9126.666667
0.378657	 	9133.333333
0.550337	 	9140.000000
0.257104	 	9146.666667
0.813495	 	9153.333333
0.703219	 	9160.000000
0.914998	 	9166.666667
0.899961	 	9173.333333
0.911239	 	9180.000000
0.901214	 	9186.666667
0.970136	 	9193.333333
0.867379	 	9200.000000
0.894948	 	9206.666667
0.706978	 	9213.333333
0.867379	 	9220.000000
0.634297	 	9226.666667
0.693194	 	9233.333333
0.935048	 	9240.000000
0.685675	 	9246.666667
0.760863	 	9253.333333
0.790938	 	9260.000000
0.816001	 	9266.666667
0.768382	 	9273.333333
0.656853	 	9280.000000
0.783419	 	9286.666667
0.545324	 	9293.333333
0.623018	 	9300.000000
0.404973	 	9306.666667
0.547830	 	9313.333333
0.426277	 	9320.000000
0.225775	 	9326.666667
0.153094	 	9333.333333
0.262116	 	9340.000000
-0.061192	 	9346.666667
-0.103799	 	9353.333333
-0.054927	 	9360.000000
-0.097533	 	9366.666667
-0.189012	 	9373.333333
-0.276731	 	9380.000000
-0.204049	 	9386.666667
-0.276731	 	9393.333333
-0.276731	 	9400.000000
-0.544901	 	9406.666667
-0.532370	 	9413.333333
-0.547408	 	9420.000000
-0.618836	 	9426.666667
-0.928360	 	9433.333333
-0.711568	 	9440.000000
-0.701543	 	9446.666667
-0.798034	 	9453.333333
-0.833122	 	9460.000000
-0.558686	 	9466.666667
-0.636380	 	9473.333333
-0.567458	 	9480.000000
-0.290515	 	9486.666667
-0.415829	 	9493.333333
-0.334375	 	9500.000000
-0.330616	 	9506.666667
-0.224099	 	9513.333333
-0.316831	 	9520.000000
-0.262947	 	9526.666667
-0.108811	 	9533.333333
-0.132621	 	9540.000000
0.037805	 	9546.666667
0.026527	 	9553.333333
0.205725	 	9560.000000
0.121765	 	9566.666667
-0.039889	 	9573.333333
-0.028611	 	9580.000000
0.096703	 	9586.666667
0.156853	 	9593.333333
0.118006	 	9600.000000
0.074146	 	9606.666667
-0.158937	 	9613.333333
-0.240390	 	9620.000000
-0.071217	 	9626.666667
0.007730	 	9633.333333
0.052843	 	9640.000000
0.057855	 	9646.666667
-0.002295	 	9653.333333
0.008983	 	9660.000000
0.016502	 	9666.666667
0.029033	 	9673.333333
0.029033	 	9680.000000
0.146828	 	9686.666667
-0.002295	 	9693.333333
-0.027358	 	9700.000000
-0.041142	 	9706.666667
-0.112571	 	9713.333333
0.179409	 	9720.000000
0.067881	 	9726.666667
-0.019839	 	9733.333333
-0.016079	 	9740.000000
-0.205302	 	9746.666667
-0.408310	 	9753.333333
-0.305553	 	9760.000000
0.011490	 	9766.666667
-0.180240	 	9773.333333
-0.196531	 	9780.000000
0.121765	 	9786.666667
0.105474	 	9793.333333
-0.019839	 	9800.000000
-0.078736	 	9806.666667
0.082918	 	9813.333333
0.019008	 	9820.000000
0.036552	 	9826.666667
0.189434	 	9833.333333
-0.191518	 	9840.000000
-0.077483	 	9846.666667
0.085424	 	9853.333333
0.112993	 	9860.000000
0.032793	 	9866.666667
0.229535	 	9873.333333
-0.049914	 	9880.000000
-0.086255	 	9886.666667
0.045324	 	9893.333333
0.243319	 	9900.000000
-0.194024	 	9906.666667
-0.141393	 	9913.333333
-0.190265	 	9920.000000
0.222016	 	9926.666667
-0.158937	 	9933.333333
-0.215328	 	9940.000000
-0.038636	 	9946.666667
-0.266706	 	9953.333333
-0.135127	 	9960.000000
-0.187759	 	9966.666667
-0.267959	 	9973.333333
-0.418335	 	9980.000000
-0.511067	 	9986.666667
-0.275478	 	9993.333333
-0.488510	 	10000.000000
-0.402044	 	10006.666667
-0.320591	 	10013.333333
-0.450916	 	10020.000000
-0.651418	 	10026.666667
-0.475979	 	10033.333333
-0.318084	 	10040.000000
-0.447157	 	10046.666667
-0.513573	 	10053.333333
-0.467207	 	10060.000000
-0.764200	 	10066.666667
-0.716581	 	10073.333333
-0.751668	 	10080.000000
-0.709062	 	10086.666667
-0.858185	 	10093.333333
-0.399538	 	10100.000000
-0.449663	 	10106.666667
-0.501042	 	10113.333333
-0.479739	 	10120.000000
-0.661443	 	10126.666667
-0.449663	 	10133.333333
-0.453423	 	10140.000000
-0.501042	 	10146.666667
-0.546155	 	10153.333333
-0.527358	 	10160.000000
-0.394526	 	10166.666667
-0.462195	 	10173.333333
-0.341894	 	10180.000000
-0.429613	 	10186.666667
-0.254175	 	10193.333333
-0.513573	 	10200.000000
-0.502295	 	10206.666667
-0.534876	 	10213.333333
-0.519839	 	10220.000000
-0.677734	 	10226.666667
-0.715328	 	10233.333333
-0.633874	 	10240.000000
-0.551167	 	10246.666667
-0.548661	 	10253.333333
-0.556180	 	10260.000000
-0.588761	 	10266.666667
-0.726606	 	10273.333333
-0.563698	 	10280.000000
-0.645152	 	10286.666667
-0.496029	 	10293.333333
-0.449663	 	10300.000000
-0.606305	 	10306.666667
-0.764200	 	10313.333333
-0.641393	 	10320.000000
-0.267959	 	10326.666667
-0.601292	 	10333.333333
-0.603799	 	10340.000000
-0.256681	 	10346.666667
-0.478485	 	10353.333333
-0.605052	 	10360.000000
-0.344400	 	10366.666667
-0.438385	 	10373.333333
-0.121343	 	10380.000000
-0.079989	 	10386.666667
-0.450916	 	10393.333333
-0.392019	 	10400.000000
-0.371969	 	10406.666667
-0.402044	 	10413.333333
-0.632621	 	10420.000000
-0.478485	 	10426.666667
-0.611317	 	10433.333333
-0.450916	 	10440.000000
-0.404551	 	10446.666667
-0.499789	 	10453.333333
-0.516079	 	10460.000000
-0.531117	 	10466.666667
-0.206556	 	10473.333333
-0.435879	 	10480.000000
-0.162696	 	10486.666667
-0.195277	 	10493.333333
-0.261693	 	10500.000000
-0.100039	 	10506.666667
-0.187759	 	10513.333333
-0.186505	 	10520.000000
-0.076230	 	10526.666667
-0.165202	 	10533.333333
-0.288009	 	10540.000000
-0.288009	 	10546.666667
-0.216581	 	10553.333333
-0.298034	 	10560.000000
0.031540	 	10566.666667
-0.293022	 	10573.333333
-0.186505	 	10580.000000
-0.507307	 	10586.666667
-0.368210	 	10593.333333
-0.487257	 	10600.000000
-0.548661	 	10606.666667
-0.494776	 	10613.333333
-0.418335	 	10620.000000
-0.522345	 	10626.666667
-0.360691	 	10633.333333
-0.276731	 	10640.000000
-0.400791	 	10646.666667
-0.462195	 	10653.333333
-0.502295	 	10660.000000
-0.123849	 	10666.666667
-0.270465	 	10673.333333
-0.161443	 	10680.000000
-0.116330	 	10686.666667
-0.200290	 	10693.333333
-0.209062	 	10700.000000
-0.314325	 	10706.666667
-0.303047	 	10713.333333
-0.315578	 	10720.000000
-0.478485	 	10726.666667
-0.399538	 	10733.333333
-0.400791	 	10740.000000
-0.786756	 	10746.666667
-0.571217	 	10753.333333
-0.636380	 	10760.000000
-0.596280	 	10766.666667
-0.613824	 	10773.333333
-0.805553	 	10780.000000
-0.665202	 	10786.666667
-0.598786	 	10793.333333
-0.830616	 	10800.000000
-0.686505	 	10806.666667
-0.824350	 	10813.333333
-0.663949	 	10820.000000
-0.838135	 	10826.666667
-1.007307	 	10833.333333
-1.002295	 	10840.000000
-0.759187	 	10846.666667
-0.600039	 	10853.333333
-0.636380	 	10860.000000
-0.731618	 	10866.666667
-0.587508	 	10873.333333
-0.316831	 	10880.000000
-0.356932	 	10886.666667
-0.331869	 	10893.333333
-0.465954	 	10900.000000
-0.157683	 	10906.666667
-0.126355	 	10913.333333
-0.111317	 	10920.000000
-0.132621	 	10926.666667
-0.016079	 	10933.333333
-0.161443	 	10940.000000
-0.014826	 	10946.666667
-0.141393	 	10953.333333
-0.067458	 	10960.000000
0.135550	 	10966.666667
0.064121	 	10973.333333
0.080412	 	10980.000000
0.090437	 	10986.666667
0.154347	 	10993.333333
0.061615	 	11000.000000
0.138056	 	11006.666667
0.136803	 	11013.333333
0.293444	 	11020.000000
0.319760	 	11026.666667
0.119259	 	11033.333333
0.150587	 	11040.000000
0.225775	 	11046.666667
0.071640	 	11053.333333
0.107981	 	11060.000000
0.123018	 	11066.666667
0.248332	 	11073.333333
0.027780	 	11080.000000
0.267129	 	11086.666667
-0.037383	 	11093.333333
0.186928	 	11100.000000
0.077906	 	11106.666667
-0.059939	 	11113.333333
-0.021092	 	11120.000000
-0.115077	 	11126.666667
-0.047408	 	11133.333333
0.125525	 	11140.000000
0.136803	 	11146.666667
0.027780	 	11153.333333
0.005224	 	11160.000000
-0.017333	 	11166.666667
0.035299	 	11173.333333
0.074146	 	11180.000000
0.011490	 	11186.666667
0.331038	 	11193.333333
0.119259	 	11200.000000
0.110487	 	11206.666667
0.280913	 	11213.333333
0.272141	 	11220.000000
0.101715	 	11226.666667
0.036552	 	11233.333333
-0.017333	 	11240.000000
0.020261	 	11246.666667
-0.191518	 	11253.333333
-0.117583	 	11260.000000
-0.092520	 	11266.666667
-0.320591	 	11273.333333
-0.143899	 	11280.000000
-0.181493	 	11286.666667
-0.211568	 	11293.333333
-0.462195	 	11300.000000
-0.271718	 	11306.666667
-0.403297	 	11313.333333
-0.333122	 	11320.000000
-0.507307	 	11326.666667
-0.281744	 	11333.333333
-0.257934	 	11340.000000
-0.468460	 	11346.666667
-0.269212	 	11353.333333
-0.200290	 	11360.000000
-0.241643	 	11366.666667
-0.310566	 	11373.333333
-0.427107	 	11380.000000
-0.554927	 	11386.666667
-0.549914	 	11393.333333
-0.316831	 	11400.000000
-0.366957	 	11406.666667
-0.752921	 	11413.333333
-0.598786	 	11420.000000
-0.677734	 	11426.666667
-0.572470	 	11433.333333
-0.492270	 	11440.000000
-0.597533	 	11446.666667
-0.542395	 	11453.333333
-0.596280	 	11460.000000
-0.596280	 	11466.666667
-0.666455	 	11473.333333
-0.754175	 	11480.000000
-0.910816	 	11486.666667
-0.942145	 	11493.333333
-1.013573	 	11500.000000
-1.051167	 	11506.666667
-1.132621	 	11513.333333
-0.938385	 	11520.000000
-0.789262	 	11526.666667
-0.831869	 	11533.333333
-0.672721	 	11540.000000
-0.920841	 	11546.666667
-0.597533	 	11553.333333
-0.632621	 	11560.000000
-0.705302	 	11566.666667
-0.517333	 	11573.333333
-0.582495	 	11580.000000
-0.595027	 	11586.666667
-0.507307	 	11593.333333
-0.736631	 	11600.000000
-0.440891	 	11606.666667
-0.522345	 	11613.333333
-0.351919	 	11620.000000
-0.697784	 	11626.666667
-0.557433	 	11633.333333
-0.775478	 	11640.000000
-0.790515	 	11646.666667
-0.566205	 	11653.333333
-0.651418	 	11660.000000
-0.689012	 	11666.666667
-0.648911	 	11673.333333
-0.605052	 	11680.000000
-0.799287	 	11686.666667
-0.841894	 	11693.333333
-0.828109	 	11700.000000
-0.726606	 	11706.666667
-1.072470	 	11713.333333
-0.884500	 	11720.000000
-0.722846	 	11726.666667
-1.002295	 	11733.333333
-0.720340	 	11740.000000
-0.934626	 	11746.666667
-0.765453	 	11753.333333
-1.165202	 	11760.000000
-0.970967	 	11766.666667
-0.903297	 	11773.333333
-0.989764	 	11780.000000
-1.021092	 	11786.666667
-1.180240	 	11793.333333
-0.861944	 	11800.000000
-0.893272	 	11806.666667
-0.839388	 	11813.333333
-0.791769	 	11820.000000
-0.729112	 	11826.666667
-0.685252	 	11833.333333
-0.799287	 	11840.000000
-0.752921	 	11846.666667
-0.796781	 	11853.333333
-1.006054	 	11860.000000
-0.979739	 	11866.666667
-0.726606	 	11873.333333
-0.884500	 	11880.000000
-1.096280	 	11886.666667
-0.903297	 	11893.333333
-0.855678	 	11900.000000
-0.719087	 	11906.666667
-0.729112	 	11913.333333
-0.806806	 	11920.000000
-0.658937	 	11926.666667
-0.526104	 	11933.333333
-0.677734	 	11940.000000
-0.727859	 	11946.666667
-0.496029	 	11953.333333
-0.579989	 	11960.000000
-0.556180	 	11966.666667
-0.564952	 	11973.333333
-0.601292	 	11980.000000
-0.715328	 	11986.666667
-0.744150	 	11993.333333
-0.652671	 	12000.000000
-0.556180	 	12006.666667
-0.568711	 	12013.333333
-0.724099	 	12020.000000
-0.647658	 	12026.666667
-0.707809	 	12033.333333
-0.677734	 	12040.000000
-0.682746	 	12046.666667
-0.608811	 	12053.333333
-0.572470	 	12060.000000
-0.537383	 	12066.666667
-0.905804	 	12073.333333
-0.831869	 	12080.000000
-0.458435	 	12086.666667
-0.667708	 	12093.333333
-0.865703	 	12100.000000
-0.775478	 	12106.666667
-0.825603	 	12113.333333
-0.749162	 	12120.000000
-0.791769	 	12126.666667
-0.647658	 	12133.333333
-0.440891	 	12140.000000
-0.681493	 	12146.666667
-0.487257	 	12153.333333
-0.509814	 	12160.000000
-0.764200	 	12166.666667
-0.598786	 	12173.333333
-0.286756	 	12180.000000
-0.361944	 	12186.666667
-0.477232	 	12193.333333
-0.512320	 	12200.000000
-0.652671	 	12206.666667
-0.715328	 	12213.333333
-0.524851	 	12220.000000
-0.559939	 	12226.666667
-0.799287	 	12233.333333
-1.096280	 	12240.000000
-0.870716	 	12246.666667
-1.086255	 	12253.333333
-1.072470	 	12260.000000
-1.153924	 	12266.666667
-1.157683	 	12273.333333
-1.251668	 	12280.000000
-1.270465	 	12286.666667
-1.295528	 	12293.333333
-1.348160	 	12300.000000
-1.415829	 	12306.666667
-1.387007	 	12313.333333
-1.295528	 	12320.000000
-1.395779	 	12326.666667
-1.339388	 	12333.333333
-1.265453	 	12340.000000
-1.321844	 	12346.666667
-1.379488	 	12353.333333
-1.339388	 	12360.000000
-1.162696	 	12366.666667
-1.138886	 	12373.333333
-1.380741	 	12380.000000
-1.083749	 	12386.666667
-0.983498	 	12393.333333
-1.046155	 	12400.000000
-0.786756	 	12406.666667
-0.805553	 	12413.333333
-0.460942	 	12420.000000
-0.280490	 	12426.666667
-0.353172	 	12433.333333
-0.281744	 	12440.000000
-0.331869	 	12446.666667
-0.229112	 	12453.333333
-0.180240	 	12460.000000
-0.182746	 	12466.666667
-0.313072	 	12473.333333
-0.088761	 	12480.000000
0.051590	 	12486.666667
0.094196	 	12493.333333
0.094196	 	12500.000000
0.005224	 	12506.666667
0.071640	 	12513.333333
-0.125102	 	12520.000000
0.215750	 	12526.666667
-0.068711	 	12533.333333
0.027780	 	12540.000000
-0.016079	 	12546.666667
0.062868	 	12553.333333
-0.087508	 	12560.000000
0.016502	 	12566.666667
-0.147658	 	12573.333333
0.129284	 	12580.000000
0.175650	 	12586.666667
0.056602	 	12593.333333
0.047830	 	12600.000000
-0.079989	 	12606.666667
0.006477	 	12613.333333
-0.153924	 	12620.000000
-0.033623	 	12626.666667
-0.036130	 	12633.333333
-0.117583	 	12640.000000
-0.106305	 	12646.666667
0.097956	 	12653.333333
0.191941	 	12660.000000
0.067881	 	12666.666667
0.149334	 	12673.333333
0.120512	 	12680.000000
0.036552	 	12686.666667
0.036552	 	12693.333333
-0.131368	 	12700.000000
0.179409	 	12706.666667
0.085424	 	12713.333333
0.056602	 	12720.000000
0.096703	 	12726.666667
0.091690	 	12733.333333
0.388683	 	12740.000000
0.170637	 	12746.666667
0.234547	 	12753.333333
0.235800	 	12760.000000
0.165625	 	12766.666667
0.227028	 	12773.333333
0.206978	 	12780.000000
0.414998	 	12786.666667
0.234547	 	12793.333333
0.057855	 	12800.000000
0.163119	 	12806.666667
0.244572	 	12813.333333
0.119259	 	12820.000000
0.193194	 	12826.666667
-0.028611	 	12833.333333
0.293444	 	12840.000000
0.298457	 	12846.666667
0.099209	 	12853.333333
0.075399	 	12860.000000
0.180662	 	12866.666667
0.280913	 	12873.333333
0.131790	 	12880.000000
0.215750	 	12886.666667
-0.160190	 	12893.333333
0.049084	 	12900.000000
0.002718	 	12906.666667
0.128031	 	12913.333333
0.144322	 	12920.000000
-0.145152	 	12926.666667
0.030287	 	12933.333333
-0.014826	 	12940.000000
-0.209062	 	12946.666667
-0.088761	 	12953.333333
-0.303047	 	12960.000000
-0.054927	 	12966.666667
0.012743	 	12973.333333
0.104221	 	12980.000000
0.056602	 	12986.666667
-0.162696	 	12993.333333
-0.113824	 	13000.000000
-0.126355	 	13006.666667
-0.211568	 	13013.333333
-0.404551	 	13020.000000
-0.220340	 	13026.666667
-0.439638	 	13033.333333
-0.285503	 	13040.000000
-0.116330	 	13046.666667
-0.298034	 	13053.333333
-0.295528	 	13060.000000
-0.166455	 	13066.666667
-0.417082	 	13073.333333
-0.175227	 	13080.000000
-0.511067	 	13086.666667
-0.418335	 	13093.333333
-0.559939	 	13100.000000
-0.298034	 	13106.666667
-0.428360	 	13113.333333
-0.316831	 	13120.000000
-0.484751	 	13126.666667
-0.486004	 	13133.333333
-0.577483	 	13140.000000
-0.475979	 	13146.666667
-0.305553	 	13153.333333
-0.308059	 	13160.000000
-0.277984	 	13166.666667
-0.285503	 	13173.333333
-0.400791	 	13180.000000
-0.334375	 	13186.666667
-0.166455	 	13193.333333
-0.422094	 	13200.000000
-0.368210	 	13206.666667
-0.586255	 	13213.333333
-0.404551	 	13220.000000
-0.166455	 	13226.666667
-0.345653	 	13233.333333
-0.344400	 	13240.000000
-0.221593	 	13246.666667
-0.204049	 	13253.333333
-0.250415	 	13260.000000
-0.183999	 	13266.666667
-0.052420	 	13273.333333
-0.133874	 	13280.000000
0.006477	 	13286.666667
-0.033623	 	13293.333333
-0.320591	 	13300.000000
0.097956	 	13306.666667
-0.167708	 	13313.333333
-0.152671	 	13320.000000
-0.079989	 	13326.666667
