#peak 	 	#time 
2.060969	 	0.000000
2.649648	 	6.666667
3.343741	 	13.333333
3.864885	 	20.000000
4.367536	 	26.666667
4.727955	 	33.333333
4.918006	 	40.000000
5.225858	 	46.666667
5.346452	 	53.333333
5.537921	 	60.000000
5.608550	 	66.666667
5.588184	 	73.333333
5.606416	 	80.000000
5.604339	 	86.666667
5.624418	 	93.333333
5.600416	 	100.000000
5.573644	 	106.666667
5.496100	 	113.333333
5.626956	 	120.000000
5.655112	 	126.666667
5.564182	 	133.333333
5.631572	 	140.000000
5.574568	 	146.666667
5.535334	 	153.333333
5.536257	 	160.000000
5.583107	 	166.666667
5.549412	 	173.333333
5.440711	 	180.000000
5.438403	 	186.666667
5.554951	 	193.333333
5.428018	 	200.000000
5.420402	 	206.666667
5.572952	 	213.333333
5.583337	 	220.000000
5.541334	 	226.666667
5.424325	 	233.333333
5.455943	 	240.000000
5.422248	 	246.666667
5.480868	 	253.333333
5.554720	 	260.000000
5.590723	 	266.666667
5.568798	 	273.333333
5.608493	 	280.000000
5.486638	 	286.666667
5.504639	 	293.333333
5.496100	 	300.000000
5.505793	 	306.666667
5.499100	 	313.333333
5.511332	 	320.000000
5.466559	 	326.666667
5.398939	 	333.333333
5.459866	 	340.000000
5.451327	 	346.666667
5.517102	 	353.333333
5.500716	 	360.000000
5.493100	 	366.666667
5.467944	 	373.333333
5.433788	 	380.000000
5.502100	 	386.666667
5.587492	 	393.333333
5.593492	 	400.000000
5.500485	 	406.666667
5.517563	 	413.333333
5.472791	 	420.000000
5.592338	 	426.666667
5.694346	 	433.333333
5.644727	 	440.000000
5.602493	 	446.666667
5.638726	 	453.333333
5.620263	 	460.000000
5.589800	 	466.666667
5.700116	 	473.333333
5.663882	 	480.000000
5.671960	 	486.666667
5.724579	 	493.333333
5.711655	 	500.000000
5.772583	 	506.666667
5.755735	 	513.333333
5.807893	 	520.000000
5.751350	 	526.666667
5.836280	 	533.333333
5.898593	 	540.000000
5.764736	 	546.666667
5.864898	 	553.333333
5.898131	 	560.000000
5.806047	 	566.666667
5.805585	 	573.333333
5.837665	 	580.000000
5.830280	 	586.666667
5.861436	 	593.333333
5.801431	 	600.000000
5.761043	 	606.666667
5.759890	 	613.333333
5.751812	 	620.000000
5.802585	 	626.666667
5.759428	 	633.333333
5.759659	 	640.000000
5.752504	 	646.666667
5.686499	 	653.333333
5.765890	 	660.000000
5.831434	 	666.666667
5.671037	 	673.333333
5.644496	 	680.000000
5.742119	 	686.666667
5.709809	 	693.333333
5.680268	 	700.000000
5.698039	 	706.666667
5.770967	 	713.333333
5.592800	 	720.000000
5.562567	 	726.666667
5.551950	 	733.333333
5.654189	 	740.000000
5.568798	 	746.666667
5.604339	 	753.333333
5.543873	 	760.000000
5.688115	 	766.666667
5.565105	 	773.333333
5.597416	 	780.000000
5.531180	 	786.666667
5.528179	 	793.333333
5.633880	 	800.000000
5.469329	 	806.666667
5.327395	 	813.333333
5.444173	 	820.000000
5.463328	 	826.666667
5.439788	 	833.333333
5.510409	 	840.000000
5.389707	 	846.666667
5.380476	 	853.333333
5.413017	 	860.000000
5.413017	 	866.666667
5.497023	 	873.333333
5.511332	 	880.000000
5.461713	 	886.666667
5.499331	 	893.333333
5.562797	 	900.000000
5.499562	 	906.666667
5.565567	 	913.333333
5.562797	 	920.000000
5.564644	 	926.666667
5.575491	 	933.333333
5.599493	 	940.000000
5.489638	 	946.666667
5.584030	 	953.333333
5.594877	 	960.000000
5.587953	 	966.666667
5.636419	 	973.333333
5.592569	 	980.000000
5.639188	 	986.666667
5.554028	 	993.333333
5.516409	 	1000.000000
5.590953	 	1006.666667
5.546873	 	1013.333333
5.472560	 	1020.000000
5.437249	 	1026.666667
5.452250	 	1033.333333
5.457328	 	1040.000000
5.464482	 	1046.666667
5.448327	 	1053.333333
5.421556	 	1060.000000
5.443942	 	1066.666667
5.458943	 	1073.333333
5.488022	 	1080.000000
5.427325	 	1086.666667
5.420402	 	1093.333333
5.466559	 	1100.000000
5.383014	 	1106.666667
5.572721	 	1113.333333
5.372398	 	1120.000000
5.502562	 	1126.666667
5.375398	 	1133.333333
5.399862	 	1140.000000
5.508101	 	1146.666667
5.488022	 	1153.333333
5.463328	 	1160.000000
5.569029	 	1166.666667
5.534641	 	1173.333333
5.645188	 	1180.000000
5.537411	 	1186.666667
5.499331	 	1193.333333
5.545027	 	1200.000000
5.513178	 	1206.666667
5.535334	 	1213.333333
5.545027	 	1220.000000
5.599262	 	1226.666667
5.536719	 	1233.333333
5.470252	 	1240.000000
5.614955	 	1246.666667
5.560028	 	1253.333333
5.585876	 	1260.000000
5.372629	 	1266.666667
5.510178	 	1273.333333
5.564182	 	1280.000000
5.428018	 	1286.666667
5.422017	 	1293.333333
5.363859	 	1300.000000
5.401477	 	1306.666667
5.365936	 	1313.333333
5.347012	 	1320.000000
5.422017	 	1326.666667
5.428249	 	1333.333333
5.291623	 	1340.000000
5.378629	 	1346.666667
5.338473	 	1353.333333
5.248927	 	1360.000000
5.447404	 	1366.666667
5.332703	 	1373.333333
5.378629	 	1380.000000
5.319548	 	1386.666667
5.351166	 	1393.333333
5.335703	 	1400.000000
5.286084	 	1406.666667
5.341704	 	1413.333333
5.234388	 	1420.000000
5.263236	 	1426.666667
5.296469	 	1433.333333
5.276160	 	1440.000000
5.305932	 	1446.666667
5.306162	 	1453.333333
5.266236	 	1460.000000
5.247312	 	1466.666667
5.182691	 	1473.333333
5.342165	 	1480.000000
5.344473	 	1486.666667
5.396862	 	1493.333333
5.358320	 	1500.000000
5.442327	 	1506.666667
5.408401	 	1513.333333
5.458251	 	1520.000000
5.330626	 	1526.666667
5.446942	 	1533.333333
5.485253	 	1540.000000
5.465405	 	1546.666667
5.452481	 	1553.333333
5.433788	 	1560.000000
5.411170	 	1566.666667
5.430787	 	1573.333333
5.450866	 	1580.000000
5.394323	 	1586.666667
5.413017	 	1593.333333
5.319086	 	1600.000000
5.341011	 	1606.666667
5.378629	 	1613.333333
5.368706	 	1620.000000
5.359013	 	1626.666667
5.353704	 	1633.333333
5.269929	 	1640.000000
5.180845	 	1646.666667
5.225848	 	1653.333333
5.280314	 	1660.000000
5.262774	 	1666.666667
5.369167	 	1673.333333
5.351166	 	1680.000000
5.383476	 	1686.666667
5.347473	 	1693.333333
5.357397	 	1700.000000
5.430557	 	1706.666667
5.267159	 	1713.333333
5.244542	 	1720.000000
5.186153	 	1726.666667
5.278929	 	1733.333333
5.270390	 	1740.000000
5.247773	 	1746.666667
5.339396	 	1753.333333
5.255620	 	1760.000000
5.259543	 	1766.666667
5.318625	 	1773.333333
5.318163	 	1780.000000
5.320010	 	1786.666667
5.255620	 	1793.333333
5.303393	 	1800.000000
5.234618	 	1806.666667
5.364321	 	1813.333333
5.301085	 	1820.000000
5.288392	 	1826.666667
5.335934	 	1833.333333
5.246158	 	1840.000000
5.328318	 	1846.666667
5.183153	 	1853.333333
5.123379	 	1860.000000
5.124302	 	1866.666667
5.157074	 	1873.333333
5.199539	 	1880.000000
5.232310	 	1886.666667
5.152920	 	1893.333333
5.175075	 	1900.000000
5.184076	 	1906.666667
5.206924	 	1913.333333
5.164921	 	1920.000000
5.210386	 	1926.666667
5.200462	 	1933.333333
5.209232	 	1940.000000
5.293469	 	1946.666667
5.283776	 	1953.333333
5.183384	 	1960.000000
5.263467	 	1966.666667
5.311932	 	1973.333333
5.251466	 	1980.000000
5.347473	 	1986.666667
5.305470	 	1993.333333
5.355320	 	2000.000000
5.389476	 	2006.666667
5.350935	 	2013.333333
5.399169	 	2020.000000
5.397785	 	2026.666667
5.330857	 	2033.333333
5.368244	 	2040.000000
5.305239	 	2046.666667
5.328318	 	2053.333333
5.281468	 	2060.000000
5.292546	 	2066.666667
5.313086	 	2073.333333
5.344473	 	2080.000000
5.338934	 	2086.666667
5.270390	 	2093.333333
5.239465	 	2100.000000
5.309624	 	2106.666667
5.338242	 	2113.333333
5.370321	 	2120.000000
5.378629	 	2126.666667
5.327626	 	2133.333333
5.370552	 	2140.000000
5.317009	 	2146.666667
5.394092	 	2153.333333
5.365936	 	2160.000000
5.362705	 	2166.666667
5.345396	 	2173.333333
5.389015	 	2180.000000
5.389015	 	2186.666667
5.326702	 	2193.333333
5.293931	 	2200.000000
5.299239	 	2206.666667
5.352781	 	2213.333333
5.306855	 	2220.000000
5.380476	 	2226.666667
5.310547	 	2233.333333
5.391784	 	2240.000000
5.433557	 	2246.666667
5.395015	 	2253.333333
5.400785	 	2260.000000
5.344704	 	2266.666667
5.313778	 	2273.333333
5.469329	 	2280.000000
5.503485	 	2286.666667
5.417632	 	2293.333333
5.451789	 	2300.000000
5.488946	 	2306.666667
5.429864	 	2313.333333
5.410016	 	2320.000000
5.452020	 	2326.666667
5.476714	 	2333.333333
5.476022	 	2340.000000
5.373783	 	2346.666667
5.479483	 	2353.333333
5.494946	 	2360.000000
5.323471	 	2366.666667
5.514101	 	2373.333333
5.411401	 	2380.000000
5.533257	 	2386.666667
5.405170	 	2393.333333
5.376552	 	2400.000000
5.347242	 	2406.666667
5.344935	 	2413.333333
5.346550	 	2420.000000
5.335934	 	2426.666667
5.320471	 	2433.333333
5.337780	 	2440.000000
5.258159	 	2446.666667
5.311470	 	2453.333333
5.302931	 	2460.000000
5.270390	 	2466.666667
5.373552	 	2473.333333
5.203693	 	2480.000000
5.198385	 	2486.666667
5.259082	 	2493.333333
5.234618	 	2500.000000
5.240850	 	2506.666667
5.141150	 	2513.333333
5.052297	 	2520.000000
5.172537	 	2526.666667
4.943134	 	2533.333333
5.074683	 	2540.000000
5.128456	 	2546.666667
5.078606	 	2553.333333
5.123379	 	2560.000000
5.136072	 	2566.666667
5.100531	 	2573.333333
5.200923	 	2580.000000
5.114609	 	2586.666667
5.164459	 	2593.333333
5.122687	 	2600.000000
5.084376	 	2606.666667
4.989061	 	2613.333333
5.135611	 	2620.000000
5.025064	 	2626.666667
5.174845	 	2633.333333
5.114378	 	2640.000000
5.065452	 	2646.666667
5.014678	 	2653.333333
5.036142	 	2660.000000
5.029449	 	2666.666667
4.911286	 	2673.333333
5.040988	 	2680.000000
4.953520	 	2686.666667
4.982830	 	2693.333333
5.015602	 	2700.000000
4.919363	 	2706.666667
4.976137	 	2713.333333
4.951904	 	2720.000000
4.951443	 	2726.666667
5.013524	 	2733.333333
4.970829	 	2740.000000
4.906901	 	2746.666667
4.916594	 	2753.333333
4.981907	 	2760.000000
5.067067	 	2766.666667
5.061297	 	2773.333333
5.043758	 	2780.000000
5.071683	 	2786.666667
5.011909	 	2793.333333
5.087838	 	2800.000000
5.004755	 	2806.666667
5.007524	 	2813.333333
4.984907	 	2820.000000
4.914286	 	2826.666667
4.918902	 	2833.333333
4.940134	 	2840.000000
4.917055	 	2846.666667
4.984676	 	2853.333333
4.890515	 	2860.000000
4.940596	 	2866.666667
5.009832	 	2873.333333
4.899054	 	2880.000000
4.881053	 	2886.666667
5.026910	 	2893.333333
4.869744	 	2900.000000
4.896977	 	2906.666667
4.924210	 	2913.333333
4.922594	 	2920.000000
4.894208	 	2926.666667
4.869744	 	2933.333333
4.996446	 	2940.000000
4.924671	 	2946.666667
4.938288	 	2953.333333
4.987215	 	2960.000000
4.839511	 	2966.666667
4.983291	 	2973.333333
5.003831	 	2980.000000
4.986753	 	2986.666667
5.014909	 	2993.333333
4.881053	 	3000.000000
4.932980	 	3006.666667
4.847358	 	3013.333333
4.887053	 	3020.000000
4.895823	 	3026.666667
4.901362	 	3033.333333
4.942904	 	3040.000000
4.980291	 	3046.666667
4.917286	 	3053.333333
4.972906	 	3060.000000
4.891669	 	3066.666667
5.032449	 	3073.333333
5.133303	 	3080.000000
5.794738	 	3086.666667
7.103070	 	3093.333333
8.823125	 	3100.000000
11.286545	 	3106.666667
14.805124	 	3113.333333
19.164228	 	3120.000000
25.596954	 	3126.666667
41.655805	 	3133.333333
93.170921	 	3140.000000
184.930210	 	3146.666667
288.850358	 	3153.333333
397.284468	 	3160.000000
513.096377	 	3166.666667
637.170229	 	3173.333333
770.705885	 	3180.000000
914.190307	 	3186.666667
1065.793354	 	3193.333333
1224.930210	 	3200.000000
1390.338473	 	3206.666667
1562.958828	 	3213.333333
1737.779737	 	3220.000000
1914.002908	 	3226.666667
2092.027372	 	3233.333333
2269.246389	 	3240.000000
2442.660190	 	3246.666667
2612.529564	 	3253.333333
2776.274083	 	3260.000000
2933.721810	 	3266.666667
3086.064298	 	3273.333333
3229.309855	 	3280.000000
3363.621417	 	3286.666667
3485.465175	 	3293.333333
3599.959289	 	3300.000000
3703.290238	 	3306.666667
3796.957212	 	3313.333333
3880.489176	 	3320.000000
3954.558413	 	3326.666667
4015.791738	 	3333.333333
4069.324164	 	3340.000000
4112.375629	 	3346.666667
4146.332703	 	3353.333333
4169.885899	 	3360.000000
4186.227233	 	3366.666667
4193.696885	 	3373.333333
4194.789199	 	3380.000000
4188.662959	 	3386.666667
4177.632726	 	3393.333333
4160.638957	 	3400.000000
4140.923056	 	3406.666667
4116.315394	 	3413.333333
4088.551720	 	3420.000000
4057.298085	 	3426.666667
4022.739811	 	3433.333333
3986.235311	 	3440.000000
3947.934595	 	3446.666667
3907.710963	 	3453.333333
3865.944750	 	3460.000000
3821.956982	 	3466.666667
3777.551027	 	3473.333333
3732.073991	 	3480.000000
3685.135380	 	3486.666667
3637.780199	 	3493.333333
3590.052297	 	3500.000000
3541.742119	 	3506.666667
3493.731734	 	3513.333333
3445.138380	 	3520.000000
3396.603878	 	3526.666667
3347.490561	 	3533.333333
3298.785968	 	3540.000000
3251.113917	 	3546.666667
3203.411632	 	3553.333333
3155.491253	 	3560.000000
3108.410709	 	3566.666667
3061.893515	 	3573.333333
3015.938980	 	3580.000000
2970.633187	 	3586.666667
2925.047219	 	3593.333333
2880.048373	 	3600.000000
2835.737734	 	3606.666667
2792.895823	 	3613.333333
2750.569259	 	3620.000000
2707.592107	 	3626.666667
2665.705885	 	3633.333333
2624.147150	 	3640.000000
2583.429633	 	3646.666667
2544.070760	 	3653.333333
2505.138149	 	3660.000000
2466.066144	 	3666.666667
2428.275006	 	3673.333333
2391.341242	 	3680.000000
2354.621187	 	3686.666667
2318.770506	 	3693.333333
2283.196539	 	3700.000000
2248.335011	 	3706.666667
2214.458943	 	3713.333333
2181.140226	 	3720.000000
2148.059220	 	3726.666667
2115.709347	 	3733.333333
2083.601800	 	3740.000000
2052.258851	 	3746.666667
2021.448558	 	3753.333333
1991.219617	 	3760.000000
1961.772352	 	3766.666667
1932.283314	 	3773.333333
1903.743504	 	3780.000000
1875.823356	 	3786.666667
1848.181076	 	3793.333333
1820.761274	 	3800.000000
1794.227233	 	3806.666667
1768.220771	 	3813.333333
1742.560951	 	3820.000000
1717.313317	 	3826.666667
1692.458713	 	3833.333333
1668.104685	 	3840.000000
1643.866744	 	3846.666667
1620.335934	 	3853.333333
1597.351627	 	3860.000000
1574.522179	 	3866.666667
1552.438634	 	3873.333333
1530.212463	 	3880.000000
1508.367552	 	3886.666667
1487.074452	 	3893.333333
1465.905055	 	3900.000000
1445.370090	 	3906.666667
1424.787122	 	3913.333333
1404.758043	 	3920.000000
1385.355320	 	3926.666667
1365.831434	 	3933.333333
1347.028987	 	3940.000000
1328.598800	 	3946.666667
1310.079299	 	3953.333333
1292.043758	 	3960.000000
1274.530949	 	3966.666667
1256.776045	 	3973.333333
1239.638034	 	3980.000000
1222.689038	 	3986.666667
1205.859590	 	3993.333333
1189.250312	 	4000.000000
1172.887284	 	4006.666667
1156.669190	 	4013.333333
1140.753658	 	4020.000000
1124.897900	 	4026.666667
1109.278006	 	4033.333333
1093.614032	 	4040.000000
1078.563490	 	4046.666667
1063.461482	 	4053.333333
1048.750196	 	4060.000000
1034.259543	 	4066.666667
1020.038680	 	4073.333333
1005.969444	 	4080.000000
992.084376	 	4086.666667
978.542027	 	4093.333333
965.302701	 	4100.000000
952.025295	 	4106.666667
939.036142	 	4113.333333
926.697808	 	4120.000000
914.146227	 	4126.666667
901.950289	 	4133.333333
889.931595	 	4140.000000
877.948212	 	4146.666667
866.259313	 	4153.333333
854.930903	 	4160.000000
843.557720	 	4166.666667
832.251466	 	4173.333333
821.122225	 	4180.000000
810.291854	 	4186.666667
799.522410	 	4193.333333
788.855666	 	4200.000000
778.594184	 	4206.666667
768.453866	 	4213.333333
758.413478	 	4220.000000
748.486176	 	4226.666667
738.701731	 	4233.333333
729.103762	 	4240.000000
719.762197	 	4246.666667
710.476945	 	4253.333333
701.336395	 	4260.000000
692.232080	 	4266.666667
683.500485	 	4273.333333
674.839742	 	4280.000000
666.222156	 	4286.666667
657.686499	 	4293.333333
649.145073	 	4300.000000
640.801200	 	4306.666667
632.744427	 	4313.333333
624.710963	 	4320.000000
616.725733	 	4326.666667
608.981676	 	4333.333333
601.377014	 	4340.000000
593.711424	 	4346.666667
586.210386	 	4353.333333
578.947981	 	4360.000000
571.574337	 	4366.666667
564.235311	 	4373.333333
557.174845	 	4380.000000
550.213155	 	4386.666667
543.095454	 	4393.333333
536.236926	 	4400.000000
529.478791	 	4406.666667
522.764967	 	4413.333333
516.162613	 	4420.000000
509.825664	 	4426.666667
503.334318	 	4433.333333
497.092684	 	4440.000000
490.728272	 	4446.666667
484.472791	 	4453.333333
478.526102	 	4460.000000
472.624418	 	4466.666667
466.592569	 	4473.333333
460.832357	 	4480.000000
455.012601	 	4486.666667
449.340780	 	4493.333333
443.608262	 	4500.000000
438.107686	 	4506.666667
432.523794	 	4513.333333
426.570644	 	4520.000000
422.384399	 	4526.666667
416.201847	 	4533.333333
411.486638	 	4540.000000
406.201154	 	4546.666667
401.246850	 	4553.333333
395.790123	 	4560.000000
391.375398	 	4566.666667
387.062913	 	4573.333333
381.294854	 	4580.000000
376.646112	 	4586.666667
372.443481	 	4593.333333
367.770506	 	4600.000000
362.983753	 	4606.666667
358.320471	 	4613.333333
355.349550	 	4620.000000
349.666190	 	4626.666667
346.160767	 	4633.333333
342.119456	 	4640.000000
336.080222	 	4646.666667
333.638496	 	4653.333333
330.853589	 	4660.000000
324.835126	 	4666.666667
320.522410	 	4673.333333
319.566259	 	4680.000000
313.075606	 	4686.666667
311.205078	 	4693.333333
306.752043	 	4700.000000
302.737042	 	4706.666667
300.910132	 	4713.333333
294.746735	 	4720.000000
292.518948	 	4726.666667
289.630880	 	4733.333333
286.466790	 	4740.000000
282.964598	 	4746.666667
278.378399	 	4753.333333
275.717656	 	4760.000000
273.096839	 	4766.666667
269.961597	 	4773.333333
265.091069	 	4780.000000
264.376091	 	4786.666667
258.753658	 	4793.333333
257.535103	 	4800.000000
254.510409	 	4806.666667
249.562105	 	4813.333333
248.518948	 	4820.000000
244.612417	 	4826.666667
241.968059	 	4833.333333
238.581260	 	4840.000000
236.771429	 	4846.666667
234.018371	 	4853.333333
229.062220	 	4860.000000
229.349089	 	4866.666667
225.023910	 	4873.333333
221.958828	 	4880.000000
220.850589	 	4886.666667
217.195846	 	4893.333333
214.386707	 	4900.000000
213.309163	 	4906.666667
210.145535	 	4913.333333
207.310547	 	4920.000000
206.134688	 	4926.666667
201.223771	 	4933.333333
200.727118	 	4940.000000
198.360397	 	4946.666667
194.917517	 	4953.333333
194.366859	 	4960.000000
189.662959	 	4966.666667
189.049989	 	4973.333333
187.486869	 	4980.000000
182.965290	 	4986.666667
183.509024	 	4993.333333
180.046527	 	5000.000000
177.306393	 	5006.666667
176.569029	 	5013.333333
174.561644	 	5020.000000
171.520102	 	5026.666667
171.169767	 	5033.333333
167.741427	 	5040.000000
166.060836	 	5046.666667
165.180383	 	5053.333333
162.000139	 	5060.000000
160.758966	 	5066.666667
158.797508	 	5073.333333
157.120148	 	5080.000000
155.543873	 	5086.666667
153.209232	 	5093.333333
152.061067	 	5100.000000
149.860282	 	5106.666667
148.469098	 	5113.333333
146.565336	 	5120.000000
145.307547	 	5126.666667
143.812047	 	5133.333333
141.523102	 	5140.000000
140.602262	 	5146.666667
138.827741	 	5153.333333
137.115763	 	5160.000000
136.062220	 	5166.666667
134.029910	 	5173.333333
132.359936	 	5180.000000
131.940134	 	5186.666667
129.465175	 	5193.333333
127.997831	 	5200.000000
127.360397	 	5206.666667
124.946365	 	5213.333333
124.244773	 	5220.000000
122.719963	 	5226.666667
121.001062	 	5233.333333
120.484791	 	5240.000000
118.516178	 	5246.666667
117.341242	 	5253.333333
116.653035	 	5260.000000
114.673575	 	5266.666667
113.675883	 	5273.333333
112.459636	 	5280.000000
111.113686	 	5286.666667
110.283084	 	5293.333333
108.961136	 	5300.000000
107.322317	 	5306.666667
106.749504	 	5313.333333
105.348166	 	5320.000000
104.075145	 	5326.666667
103.153843	 	5333.333333
102.157074	 	5340.000000
100.890515	 	5346.666667
99.886361	 	5353.333333
98.999446	 	5360.000000
97.858205	 	5366.666667
97.012140	 	5373.333333
95.733580	 	5380.000000
94.458251	 	5386.666667
93.902054	 	5393.333333
92.580337	 	5400.000000
91.560951	 	5406.666667
90.800739	 	5413.333333
89.587953	 	5420.000000
89.094992	 	5426.666667
88.082068	 	5433.333333
86.778353	 	5440.000000
86.377937	 	5446.666667
85.193538	 	5453.333333
84.121764	 	5460.000000
83.843896	 	5466.666667
82.675422	 	5473.333333
82.021833	 	5480.000000
81.200923	 	5486.666667
80.089223	 	5493.333333
79.690653	 	5500.000000
78.701500	 	5506.666667
77.778814	 	5513.333333
77.200693	 	5520.000000
76.290469	 	5526.666667
75.654651	 	5533.333333
74.928364	 	5540.000000
73.888207	 	5546.666667
73.494254	 	5553.333333
72.776737	 	5560.000000
72.035218	 	5566.666667
71.378629	 	5573.333333
70.751350	 	5580.000000
70.081145	 	5586.666667
69.222848	 	5593.333333
68.708193	 	5600.000000
68.038680	 	5606.666667
67.165844	 	5613.333333
66.625110	 	5620.000000
65.794508	 	5626.666667
65.223771	 	5633.333333
65.021833	 	5640.000000
63.946135	 	5646.666667
63.493100	 	5653.333333
62.922594	 	5660.000000
62.037988	 	5666.666667
61.748581	 	5673.333333
60.914748	 	5680.000000
60.441865	 	5686.666667
60.219386	 	5693.333333
59.136303	 	5700.000000
58.901593	 	5706.666667
58.617725	 	5713.333333
57.716040	 	5720.000000
57.533026	 	5726.666667
56.872514	 	5733.333333
56.188461	 	5740.000000
56.155920	 	5746.666667
55.365936	 	5753.333333
54.718809	 	5760.000000
54.448096	 	5766.666667
53.852666	 	5773.333333
53.479253	 	5780.000000
52.752274	 	5786.666667
52.274775	 	5793.333333
52.062451	 	5800.000000
51.343550	 	5806.666667
50.879437	 	5813.333333
50.638957	 	5820.000000
49.860743	 	5826.666667
49.543411	 	5833.333333
49.061297	 	5840.000000
48.397092	 	5846.666667
48.071683	 	5853.333333
47.547566	 	5860.000000
47.008216	 	5866.666667
46.495638	 	5873.333333
45.998523	 	5880.000000
45.621648	 	5886.666667
45.010524	 	5893.333333
44.588646	 	5900.000000
44.219386	 	5906.666667
43.638265	 	5913.333333
43.169075	 	5920.000000
42.820125	 	5926.666667
42.303624	 	5933.333333
41.992523	 	5940.000000
41.418786	 	5946.666667
41.154997	 	5953.333333
40.650727	 	5960.000000
40.190076	 	5966.666667
39.930672	 	5973.333333
39.418325	 	5980.000000
39.119456	 	5986.666667
38.802816	 	5993.333333
38.377706	 	6000.000000
38.060605	 	6006.666667
37.713963	 	6013.333333
37.208078	 	6020.000000
36.950750	 	6026.666667
36.506716	 	6033.333333
36.297392	 	6040.000000
35.897900	 	6046.666667
35.607109	 	6053.333333
35.323933	 	6060.000000
34.978445	 	6066.666667
34.659266	 	6073.333333
34.397092	 	6080.000000
34.121071	 	6086.666667
33.734965	 	6093.333333
33.444404	 	6100.000000
33.181999	 	6106.666667
32.793584	 	6113.333333
32.433326	 	6120.000000
32.217309	 	6126.666667
31.886361	 	6133.333333
31.475791	 	6140.000000
31.244311	 	6146.666667
30.899285	 	6153.333333
30.585645	 	6160.000000
30.298777	 	6166.666667
30.006139	 	6173.333333
29.705885	 	6180.000000
29.454558	 	6186.666667
29.164690	 	6193.333333
28.764505	 	6200.000000
28.416479	 	6206.666667
28.169998	 	6213.333333
27.989292	 	6220.000000
27.636649	 	6226.666667
27.244081	 	6233.333333
26.932057	 	6240.000000
26.640111	 	6246.666667
26.302470	 	6253.333333
26.079068	 	6260.000000
25.678883	 	6266.666667
25.461713	 	6273.333333
25.184999	 	6280.000000
24.990907	 	6286.666667
24.773275	 	6293.333333
24.422710	 	6300.000000
24.201616	 	6306.666667
23.928133	 	6313.333333
23.861205	 	6320.000000
23.616802	 	6326.666667
23.326241	 	6333.333333
23.269698	 	6340.000000
23.051835	 	6346.666667
22.998523	 	6353.333333
22.740042	 	6360.000000
22.609878	 	6366.666667
22.489638	 	6373.333333
22.293469	 	6380.000000
22.093377	 	6386.666667
22.096146	 	6393.333333
21.818048	 	6400.000000
21.803739	 	6406.666667
21.532795	 	6413.333333
21.371937	 	6420.000000
21.239696	 	6426.666667
20.992754	 	6433.333333
20.839049	 	6440.000000
20.806509	 	6446.666667
20.550566	 	6453.333333
20.482022	 	6460.000000
20.248927	 	6466.666667
20.230464	 	6473.333333
19.932518	 	6480.000000
19.677729	 	6486.666667
19.616571	 	6493.333333
19.512255	 	6500.000000
19.221233	 	6506.666667
19.094761	 	6513.333333
19.014448	 	6520.000000
18.938749	 	6526.666667
18.689500	 	6533.333333
18.530256	 	6540.000000
18.332010	 	6546.666667
18.213617	 	6553.333333
18.026218	 	6560.000000
17.909670	 	6566.666667
17.752504	 	6573.333333
17.590723	 	6580.000000
17.531872	 	6586.666667
17.236695	 	6593.333333
17.097992	 	6600.000000
17.039142	 	6606.666667
16.897208	 	6613.333333
16.715578	 	6620.000000
16.605724	 	6626.666667
16.346319	 	6633.333333
16.217079	 	6640.000000
15.985138	 	6646.666667
16.070067	 	6653.333333
15.794738	 	6660.000000
15.633418	 	6666.666667
15.546181	 	6673.333333
15.261390	 	6680.000000
15.260697	 	6686.666667
15.034988	 	6693.333333
14.849666	 	6700.000000
14.736118	 	6706.666667
14.529333	 	6713.333333
14.533488	 	6720.000000
14.402862	 	6726.666667
14.345627	 	6733.333333
14.313317	 	6740.000000
14.036372	 	6746.666667
14.022987	 	6753.333333
13.973829	 	6760.000000
13.741888	 	6766.666667
13.743273	 	6773.333333
13.649804	 	6780.000000
13.501639	 	6786.666667
13.440942	 	6793.333333
13.321625	 	6800.000000
13.285392	 	6806.666667
13.259082	 	6813.333333
13.066836	 	6820.000000
12.892361	 	6826.666667
12.733580	 	6833.333333
12.693423	 	6840.000000
12.606647	 	6846.666667
12.447635	 	6853.333333
12.422710	 	6860.000000
12.304316	 	6866.666667
12.368244	 	6873.333333
12.229772	 	6880.000000
12.086222	 	6886.666667
11.878052	 	6893.333333
11.830972	 	6900.000000
11.610340	 	6906.666667
11.657882	 	6913.333333
11.619571	 	6920.000000
11.562336	 	6926.666667
11.372398	 	6933.333333
11.377014	 	6940.000000
11.312394	 	6946.666667
11.218463	 	6953.333333
11.177614	 	6960.000000
11.183614	 	6966.666667
11.119917	 	6973.333333
11.139765	 	6980.000000
11.001062	 	6986.666667
10.983061	 	6993.333333
11.000139	 	7000.000000
10.982368	 	7006.666667
10.815048	 	7013.333333
10.732657	 	7020.000000
10.545950	 	7026.666667
10.590030	 	7033.333333
10.437019	 	7040.000000
10.345858	 	7046.666667
10.246850	 	7053.333333
10.105378	 	7060.000000
9.928133	 	7066.666667
9.896746	 	7073.333333
9.759659	 	7080.000000
9.782737	 	7086.666667
9.575952	 	7093.333333
9.622802	 	7100.000000
9.510178	 	7106.666667
9.440711	 	7113.333333
9.388553	 	7120.000000
9.344242	 	7126.666667
9.244773	 	7133.333333
9.209924	 	7140.000000
9.033603	 	7146.666667
9.041680	 	7153.333333
8.936211	 	7160.000000
8.927441	 	7166.666667
8.720194	 	7173.333333
8.670344	 	7180.000000
8.680499	 	7186.666667
8.573183	 	7193.333333
8.503024	 	7200.000000
8.609416	 	7206.666667
8.599954	 	7213.333333
8.567644	 	7220.000000
8.511563	 	7226.666667
8.605724	 	7233.333333
8.507178	 	7240.000000
8.476483	 	7246.666667
8.359705	 	7253.333333
8.373091	 	7260.000000
8.301777	 	7266.666667
8.296700	 	7273.333333
8.200693	 	7280.000000
8.262082	 	7286.666667
8.183845	 	7293.333333
8.075606	 	7300.000000
7.949366	 	7306.666667
7.780660	 	7313.333333
7.682807	 	7320.000000
7.620725	 	7326.666667
7.553566	 	7333.333333
7.444865	 	7340.000000
7.318394	 	7346.666667
7.273391	 	7353.333333
7.190076	 	7360.000000
7.076298	 	7366.666667
7.049989	 	7373.333333
6.922133	 	7380.000000
6.960443	 	7386.666667
6.891438	 	7393.333333
6.819433	 	7400.000000
6.749735	 	7406.666667
6.734965	 	7413.333333
6.688115	 	7420.000000
6.589800	 	7426.666667
6.587492	 	7433.333333
6.581491	 	7440.000000
6.457559	 	7446.666667
6.453404	 	7453.333333
6.261159	 	7460.000000
6.300162	 	7466.666667
6.186845	 	7473.333333
6.066144	 	7480.000000
6.193307	 	7486.666667
6.049296	 	7493.333333
5.957905	 	7500.000000
5.927441	 	7506.666667
5.845742	 	7513.333333
5.810201	 	7520.000000
5.802585	 	7526.666667
5.769813	 	7533.333333
5.587722	 	7540.000000
5.629495	 	7546.666667
5.543642	 	7553.333333
5.525641	 	7560.000000
5.540180	 	7566.666667
5.513178	 	7573.333333
5.437942	 	7580.000000
5.535334	 	7586.666667
5.418094	 	7593.333333
5.450635	 	7600.000000
5.259313	 	7606.666667
5.267852	 	7613.333333
5.264390	 	7620.000000
5.241773	 	7626.666667
5.142534	 	7633.333333
5.171152	 	7640.000000
5.102608	 	7646.666667
5.146919	 	7653.333333
5.082530	 	7660.000000
5.007293	 	7666.666667
5.050220	 	7673.333333
4.973598	 	7680.000000
4.831664	 	7686.666667
4.922594	 	7693.333333
4.784353	 	7700.000000
4.781353	 	7706.666667
4.707501	 	7713.333333
4.619109	 	7720.000000
4.624187	 	7726.666667
4.568336	 	7733.333333
4.489638	 	7740.000000
4.539257	 	7746.666667
4.367321	 	7753.333333
4.340780	 	7760.000000
4.358089	 	7766.666667
4.341011	 	7773.333333
4.329703	 	7780.000000
4.242465	 	7786.666667
4.215232	 	7793.333333
4.074683	 	7800.000000
4.046065	 	7806.666667
3.983061	 	7813.333333
3.967367	 	7820.000000
3.954674	 	7826.666667
3.906670	 	7833.333333
3.806970	 	7840.000000
3.715809	 	7846.666667
3.678653	 	7853.333333
3.774198	 	7860.000000
3.673344	 	7866.666667
3.619571	 	7873.333333
3.571798	 	7880.000000
3.395246	 	7886.666667
3.340319	 	7893.333333
3.308009	 	7900.000000
3.276160	 	7906.666667
3.360859	 	7913.333333
3.188461	 	7920.000000
3.165613	 	7926.666667
3.098454	 	7933.333333
2.952827	 	7940.000000
2.940827	 	7946.666667
2.860513	 	7953.333333
2.878514	 	7960.000000
2.797969	 	7966.666667
2.706578	 	7973.333333
2.794969	 	7980.000000
2.738888	 	7986.666667
2.687422	 	7993.333333
2.715348	 	8000.000000
2.740734	 	8006.666667
2.755505	 	8013.333333
2.570183	 	8020.000000
2.727810	 	8026.666667
2.797046	 	8033.333333
2.854281	 	8040.000000
2.768890	 	8046.666667
2.742581	 	8053.333333
2.671960	 	8060.000000
2.732195	 	8066.666667
2.577799	 	8073.333333
2.669883	 	8080.000000
2.683499	 	8086.666667
2.680499	 	8093.333333
2.695269	 	8100.000000
2.632034	 	8106.666667
2.595800	 	8113.333333
2.610109	 	8120.000000
2.648189	 	8126.666667
2.758736	 	8133.333333
2.775121	 	8140.000000
2.719502	 	8146.666667
2.670113	 	8153.333333
2.803277	 	8160.000000
2.617956	 	8166.666667
2.608262	 	8173.333333
2.608262	 	8180.000000
2.523794	 	8186.666667
2.551489	 	8193.333333
2.544104	 	8200.000000
2.477637	 	8206.666667
2.529103	 	8213.333333
2.494715	 	8220.000000
2.501408	 	8226.666667
2.464251	 	8233.333333
2.410709	 	8240.000000
2.443481	 	8246.666667
2.355089	 	8253.333333
2.413940	 	8260.000000
2.448789	 	8266.666667
2.369629	 	8273.333333
2.298546	 	8280.000000
2.262313	 	8286.666667
2.260697	 	8293.333333
2.338703	 	8300.000000
2.251697	 	8306.666667
2.227464	 	8313.333333
2.263005	 	8320.000000
2.221925	 	8326.666667
2.206232	 	8333.333333
2.140688	 	8340.000000
2.139996	 	8346.666667
2.179460	 	8353.333333
2.020448	 	8360.000000
2.103993	 	8366.666667
1.873206	 	8373.333333
1.867898	 	8380.000000
2.019525	 	8386.666667
1.778583	 	8393.333333
1.846665	 	8400.000000
1.755966	 	8406.666667
1.703347	 	8413.333333
1.837203	 	8420.000000
1.734041	 	8426.666667
1.698500	 	8433.333333
1.805585	 	8440.000000
1.766582	 	8446.666667
1.835357	 	8453.333333
1.872283	 	8460.000000
1.721810	 	8466.666667
1.761736	 	8473.333333
1.732426	 	8480.000000
1.824510	 	8486.666667
1.869283	 	8493.333333
1.841127	 	8500.000000
1.887976	 	8506.666667
1.817125	 	8513.333333
1.896054	 	8520.000000
1.915440	 	8526.666667
1.874129	 	8533.333333
2.064528	 	8540.000000
1.979368	 	8546.666667
2.043065	 	8553.333333
2.016755	 	8560.000000
2.010293	 	8566.666667
2.025756	 	8573.333333
2.111840	 	8580.000000
2.053681	 	8586.666667
2.272698	 	8593.333333
2.015832	 	8600.000000
2.124533	 	8606.666667
2.078837	 	8613.333333
2.081607	 	8620.000000
2.079068	 	8626.666667
1.960674	 	8633.333333
1.939673	 	8640.000000
1.975906	 	8646.666667
1.899746	 	8653.333333
1.914978	 	8660.000000
1.780891	 	8666.666667
1.889823	 	8673.333333
1.881053	 	8680.000000
1.870667	 	8686.666667
1.789199	 	8693.333333
1.801662	 	8700.000000
1.785276	 	8706.666667
1.777199	 	8713.333333
1.670344	 	8720.000000
1.771890	 	8726.666667
1.680960	 	8733.333333
1.765659	 	8740.000000
1.725041	 	8746.666667
1.617956	 	8753.333333
1.609416	 	8760.000000
1.536719	 	8766.666667
1.481330	 	8773.333333
1.571798	 	8780.000000
1.427787	 	8786.666667
1.393400	 	8793.333333
1.380245	 	8800.000000
1.321625	 	8806.666667
1.271544	 	8813.333333
1.300623	 	8820.000000
1.225387	 	8826.666667
1.290238	 	8833.333333
1.094531	 	8840.000000
1.136765	 	8846.666667
1.066836	 	8853.333333
1.021833	 	8860.000000
0.925364	 	8866.666667
0.948673	 	8873.333333
0.850589	 	8880.000000
0.914748	 	8886.666667
0.855666	 	8893.333333
0.818971	 	8900.000000
0.864436	 	8906.666667
0.667806	 	8913.333333
0.839742	 	8920.000000
0.728272	 	8926.666667
0.724579	 	8933.333333
0.866975	 	8940.000000
0.690192	 	8946.666667
0.810663	 	8953.333333
0.788046	 	8960.000000
0.708193	 	8966.666667
0.762659	 	8973.333333
0.749735	 	8980.000000
0.769121	 	8986.666667
0.749735	 	8993.333333
0.722271	 	9000.000000
0.764274	 	9006.666667
0.605724	 	9013.333333
0.735426	 	9020.000000
0.618879	 	9026.666667
0.711193	 	9033.333333
0.688115	 	9040.000000
0.706347	 	9046.666667
0.686499	 	9053.333333
0.750196	 	9060.000000
0.528179	 	9066.666667
0.629033	 	9073.333333
0.517794	 	9080.000000
0.564413	 	9086.666667
0.525410	 	9093.333333
0.435403	 	9100.000000
0.407016	 	9106.666667
0.475560	 	9113.333333
0.350012	 	9120.000000
0.422941	 	9126.666667
0.354628	 	9133.333333
0.330626	 	9140.000000
0.244542	 	9146.666667
0.210847	 	9153.333333
0.184538	 	9160.000000
0.128918	 	9166.666667
0.084607	 	9173.333333
0.043988	 	9180.000000
0.125918	 	9186.666667
0.183153	 	9193.333333
0.037065	 	9200.000000
0.160305	 	9206.666667
0.171383	 	9213.333333
0.234849	 	9220.000000
0.113917	 	9226.666667
0.044219	 	9233.333333
0.047912	 	9240.000000
0.106993	 	9246.666667
0.123610	 	9253.333333
0.108609	 	9260.000000
0.185692	 	9266.666667
0.044911	 	9273.333333
0.049989	 	9280.000000
0.130303	 	9286.666667
0.214771	 	9293.333333
0.142304	 	9300.000000
0.097300	 	9306.666667
0.107916	 	9313.333333
0.240157	 	9320.000000
0.137688	 	9326.666667
0.209001	 	9333.333333
0.159613	 	9340.000000
0.225848	 	9346.666667
0.308932	 	9353.333333
0.323933	 	9360.000000
0.385553	 	9366.666667
0.267621	 	9373.333333
0.205308	 	9380.000000
0.187307	 	9386.666667
0.265313	 	9393.333333
0.200693	 	9400.000000
0.210617	 	9406.666667
0.148535	 	9413.333333
0.112070	 	9420.000000
0.254697	 	9426.666667
0.159382	 	9433.333333
0.165844	 	9440.000000
0.159613	 	9446.666667
0.213848	 	9453.333333
0.132611	 	9460.000000
0.123379	 	9466.666667
0.152920	 	9473.333333
0.046296	 	9480.000000
0.134457	 	9486.666667
0.085299	 	9493.333333
0.130995	 	9500.000000
0.034064	 	9506.666667
0.057836	 	9513.333333
0.015140	 	9520.000000
-0.058250	 	9526.666667
-0.057558	 	9533.333333
-0.163028	 	9540.000000
-0.071174	 	9546.666667
-0.060097	 	9553.333333
-0.118947	 	9560.000000
-0.262497	 	9566.666667
-0.264574	 	9573.333333
-0.205031	 	9580.000000
-0.178490	 	9586.666667
-0.331964	 	9593.333333
-0.251188	 	9600.000000
-0.319270	 	9606.666667
-0.343503	 	9613.333333
-0.338656	 	9620.000000
-0.322501	 	9626.666667
-0.221878	 	9633.333333
-0.185414	 	9640.000000
-0.221417	 	9646.666667
-0.158412	 	9653.333333
-0.325963	 	9660.000000
-0.246342	 	9666.666667
-0.213108	 	9673.333333
-0.326886	 	9680.000000
-0.224648	 	9686.666667
-0.293653	 	9693.333333
-0.255342	 	9700.000000
-0.293653	 	9706.666667
-0.225109	 	9713.333333
-0.229725	 	9720.000000
-0.247265	 	9726.666667
-0.226032	 	9733.333333
-0.213570	 	9740.000000
-0.272421	 	9746.666667
-0.088022	 	9753.333333
-0.271267	 	9760.000000
-0.233418	 	9766.666667
-0.210339	 	9773.333333
-0.199261	 	9780.000000
-0.203415	 	9786.666667
-0.202723	 	9793.333333
-0.259727	 	9800.000000
-0.253265	 	9806.666667
-0.148026	 	9813.333333
-0.207569	 	9820.000000
-0.250034	 	9826.666667
-0.207339	 	9833.333333
-0.243803	 	9840.000000
-0.224417	 	9846.666667
-0.274729	 	9853.333333
-0.372813	 	9860.000000
-0.324117	 	9866.666667
-0.406277	 	9873.333333
-0.474359	 	9880.000000
-0.511516	 	9886.666667
-0.505054	 	9893.333333
-0.471590	 	9900.000000
-0.556519	 	9906.666667
-0.536210	 	9913.333333
-0.576367	 	9920.000000
-0.566443	 	9926.666667
-0.574521	 	9933.333333
-0.558366	 	9940.000000
-0.591137	 	9946.666667
-0.652065	 	9953.333333
-0.585368	 	9960.000000
-0.560443	 	9966.666667
-0.559750	 	9973.333333
-0.520055	 	9980.000000
-0.550288	 	9986.666667
-0.548442	 	9993.333333
-0.569674	 	10000.000000
-0.628294	 	10006.666667
-0.630371	 	10013.333333
-0.691991	 	10020.000000
-0.637295	 	10026.666667
-0.643757	 	10033.333333
-0.663143	 	10040.000000
-0.685760	 	10046.666667
-0.670759	 	10053.333333
-0.656681	 	10060.000000
-0.615139	 	10066.666667
-0.594830	 	10073.333333
-0.532287	 	10080.000000
-0.596215	 	10086.666667
-0.592522	 	10093.333333
-0.582137	 	10100.000000
-0.592984	 	10106.666667
-0.566905	 	10113.333333
-0.498592	 	10120.000000
-0.538749	 	10126.666667
-0.651834	 	10133.333333
-0.532056	 	10140.000000
-0.659681	 	10146.666667
-0.453358	 	10153.333333
-0.590445	 	10160.000000
-0.643757	 	10166.666667
-0.547057	 	10173.333333
-0.684145	 	10180.000000
-0.543134	 	10186.666667
-0.605908	 	10193.333333
-0.552827	 	10200.000000
-0.587445	 	10206.666667
-0.724763	 	10213.333333
-0.549827	 	10220.000000
-0.804154	 	10226.666667
-0.706300	 	10233.333333
-0.697992	 	10240.000000
-0.626217	 	10246.666667
-0.689684	 	10253.333333
-0.723840	 	10260.000000
-0.760304	 	10266.666667
-0.661527	 	10273.333333
-0.763535	 	10280.000000
-0.698915	 	10286.666667
-0.676990	 	10293.333333
-0.701223	 	10300.000000
-0.567136	 	10306.666667
-0.656450	 	10313.333333
-0.713685	 	10320.000000
-0.601292	 	10326.666667
-0.629679	 	10333.333333
-0.565059	 	10340.000000
-0.652988	 	10346.666667
-0.608216	 	10353.333333
-0.491207	 	10360.000000
-0.629217	 	10366.666667
-0.512439	 	10373.333333
-0.506439	 	10380.000000
-0.517516	 	10386.666667
-0.519593	 	10393.333333
-0.539672	 	10400.000000
-0.525132	 	10406.666667
-0.443895	 	10413.333333
-0.566212	 	10420.000000
-0.550981	 	10426.666667
-0.572905	 	10433.333333
-0.593676	 	10440.000000
-0.518901	 	10446.666667
-0.688760	 	10453.333333
-0.536210	 	10460.000000
-0.566674	 	10466.666667
-0.702608	 	10473.333333
-0.687837	 	10480.000000
-0.726840	 	10486.666667
-0.560443	 	10493.333333
-0.667990	 	10500.000000
-0.676067	 	10506.666667
-0.828386	 	10513.333333
-0.586060	 	10520.000000
-0.749688	 	10526.666667
-0.667297	 	10533.333333
-0.663605	 	10540.000000
-0.529517	 	10546.666667
-0.683683	 	10553.333333
-0.539903	 	10560.000000
-0.655758	 	10566.666667
-0.589984	 	10573.333333
-0.551904	 	10580.000000
-0.581906	 	10586.666667
-0.574059	 	10593.333333
-0.552827	 	10600.000000
-0.657143	 	10606.666667
-0.523517	 	10613.333333
-0.597599	 	10620.000000
-0.563674	 	10626.666667
-0.553519	 	10633.333333
-0.673759	 	10640.000000
-0.600138	 	10646.666667
-0.580290	 	10653.333333
-0.587906	 	10660.000000
-0.655989	 	10666.666667
-0.629679	 	10673.333333
-0.660604	 	10680.000000
-0.704685	 	10686.666667
-0.648142	 	10693.333333
-0.738149	 	10700.000000
-0.793538	 	10706.666667
-0.598984	 	10713.333333
-0.650450	 	10720.000000
-0.749227	 	10726.666667
-0.640526	 	10733.333333
-0.728456	 	10740.000000
-0.692684	 	10746.666667
-0.574290	 	10753.333333
-0.493053	 	10760.000000
-0.412278	 	10766.666667
-0.499977	 	10773.333333
-0.428202	 	10780.000000
-0.459820	 	10786.666667
-0.548903	 	10793.333333
-0.459820	 	10800.000000
-0.524440	 	10806.666667
-0.515670	 	10813.333333
-0.501592	 	10820.000000
-0.569905	 	10826.666667
-0.583983	 	10833.333333
-0.576136	 	10840.000000
-0.668451	 	10846.666667
-0.647219	 	10853.333333
-0.585599	 	10860.000000
-0.651834	 	10866.666667
-0.586522	 	10873.333333
-0.645372	 	10880.000000
-0.593907	 	10886.666667
-0.586060	 	10893.333333
-0.585829	 	10900.000000
-0.562520	 	10906.666667
-0.529517	 	10913.333333
-0.636141	 	10920.000000
-0.616062	 	10926.666667
-0.582598	 	10933.333333
-0.591830	 	10940.000000
-0.618140	 	10946.666667
-0.641911	 	10953.333333
-0.661527	 	10960.000000
-0.701454	 	10966.666667
-0.694992	 	10973.333333
-0.686914	 	10980.000000
-0.793076	 	10986.666667
-0.727302	 	10993.333333
-0.703531	 	11000.000000
-0.774382	 	11006.666667
-0.729610	 	11013.333333
-0.594830	 	11020.000000
-0.783845	 	11026.666667
-0.832310	 	11033.333333
-0.764920	 	11040.000000
-0.705146	 	11046.666667
-0.840849	 	11053.333333
-0.827233	 	11060.000000
-0.819617	 	11066.666667
-0.948626	 	11073.333333
-0.986476	 	11080.000000
-0.867389	 	11086.666667
-0.967782	 	11093.333333
-0.996169	 	11100.000000
-1.035402	 	11106.666667
-1.085022	 	11113.333333
-1.031248	 	11120.000000
-1.038633	 	11126.666667
-1.084560	 	11133.333333
-1.141103	 	11140.000000
-1.084791	 	11146.666667
-1.177567	 	11153.333333
-1.009093	 	11160.000000
-1.220494	 	11166.666667
-1.126794	 	11173.333333
-1.151488	 	11180.000000
-1.105562	 	11186.666667
-1.118486	 	11193.333333
-1.093330	 	11200.000000
-1.253958	 	11206.666667
-1.198338	 	11213.333333
-1.209647	 	11220.000000
-1.163951	 	11226.666667
-1.193953	 	11233.333333
-1.189337	 	11240.000000
-1.205262	 	11246.666667
-1.107408	 	11253.333333
-1.286499	 	11260.000000
-1.229033	 	11266.666667
-1.341657	 	11273.333333
-1.259497	 	11280.000000
-1.332194	 	11286.666667
-1.304500	 	11293.333333
-1.314655	 	11300.000000
-1.369582	 	11306.666667
-1.370505	 	11313.333333
-1.352042	 	11320.000000
-1.354812	 	11326.666667
-1.361966	 	11333.333333
-1.347888	 	11340.000000
-1.391507	 	11346.666667
-1.388737	 	11353.333333
-1.288345	 	11360.000000
-1.410662	 	11366.666667
-1.327810	 	11373.333333
-1.360812	 	11380.000000
-1.338887	 	11386.666667
-1.313732	 	11393.333333
-1.343041	 	11400.000000
-1.276806	 	11406.666667
-1.395430	 	11413.333333
-1.335656	 	11420.000000
-1.417124	 	11426.666667
-1.459358	 	11433.333333
-1.406969	 	11440.000000
-1.467436	 	11446.666667
-1.549827	 	11453.333333
-1.616062	 	11460.000000
-1.496746	 	11466.666667
-1.551442	 	11473.333333
-1.598753	 	11480.000000
-1.631064	 	11486.666667
-1.695684	 	11493.333333
-1.692684	 	11500.000000
-1.757535	 	11506.666667
-1.773921	 	11513.333333
-1.629910	 	11520.000000
-1.861851	 	11526.666667
-1.801615	 	11533.333333
-1.804385	 	11540.000000
-1.801384	 	11546.666667
-1.814308	 	11553.333333
-1.816847	 	11560.000000
-1.785922	 	11566.666667
-1.721301	 	11573.333333
-1.763997	 	11580.000000
-1.743226	 	11586.666667
-1.784306	 	11593.333333
-1.758920	 	11600.000000
-1.689684	 	11606.666667
-1.796538	 	11613.333333
-1.821463	 	11620.000000
-1.787999	 	11626.666667
-1.779460	 	11633.333333
-1.815924	 	11640.000000
-1.860466	 	11646.666667
-1.913547	 	11653.333333
-1.868774	 	11660.000000
-1.945857	 	11666.666667
-1.991322	 	11673.333333
-1.958089	 	11680.000000
-1.981860	 	11686.666667
-2.000092	 	11693.333333
-1.972167	 	11700.000000
-2.017170	 	11706.666667
-1.982783	 	11713.333333
-2.016478	 	11720.000000
-2.136256	 	11726.666667
-2.020401	 	11733.333333
-2.043249	 	11740.000000
-1.992476	 	11746.666667
-2.037249	 	11753.333333
-2.006785	 	11760.000000
-2.107639	 	11766.666667
-2.056635	 	11773.333333
-2.108331	 	11780.000000
-2.191184	 	11786.666667
-2.151488	 	11793.333333
-2.100254	 	11800.000000
-2.167182	 	11806.666667
-2.152642	 	11813.333333
-2.130256	 	11820.000000
-2.038633	 	11826.666667
-2.102331	 	11833.333333
-2.062866	 	11840.000000
-2.038172	 	11846.666667
-1.943088	 	11853.333333
-1.996169	 	11860.000000
-2.040480	 	11866.666667
-2.019478	 	11873.333333
-2.034248	 	11880.000000
-2.103023	 	11886.666667
-2.096792	 	11893.333333
-2.076021	 	11900.000000
-2.113178	 	11906.666667
-2.020401	 	11913.333333
-2.069328	 	11920.000000
-2.032171	 	11926.666667
-2.092176	 	11933.333333
-2.067713	 	11940.000000
-2.162566	 	11946.666667
-2.139718	 	11953.333333
-2.098176	 	11960.000000
-2.132102	 	11966.666667
-2.076713	 	11973.333333
-2.199492	 	11980.000000
-2.267805	 	11986.666667
-2.112485	 	11993.333333
-2.096561	 	12000.000000
-2.106485	 	12006.666667
-2.138333	 	12013.333333
-2.267113	 	12020.000000
-2.259727	 	12026.666667
-2.279113	 	12033.333333
-2.203415	 	12040.000000
-2.310270	 	12046.666667
-2.257189	 	12053.333333
-2.318809	 	12060.000000
-2.322732	 	12066.666667
-2.313732	 	12073.333333
-2.186568	 	12080.000000
-2.256727	 	12086.666667
-2.225802	 	12093.333333
-2.289268	 	12100.000000
-2.176875	 	12106.666667
-2.223263	 	12113.333333
-2.151950	 	12120.000000
-2.167413	 	12126.666667
-2.095869	 	12133.333333
-2.067251	 	12140.000000
-2.081329	 	12146.666667
-2.143411	 	12153.333333
-2.093561	 	12160.000000
-2.116178	 	12166.666667
-2.160951	 	12173.333333
-2.114101	 	12180.000000
-2.127486	 	12186.666667
-2.173875	 	12193.333333
-2.067943	 	12200.000000
-2.122409	 	12206.666667
-2.053173	 	12213.333333
-2.125871	 	12220.000000
-2.184722	 	12226.666667
-2.031941	 	12233.333333
-2.178952	 	12240.000000
-2.109947	 	12246.666667
-2.215416	 	12253.333333
-2.216339	 	12260.000000
-2.161412	 	12266.666667
-2.240110	 	12273.333333
-2.254650	 	12280.000000
-2.242188	 	12286.666667
-2.209416	 	12293.333333
-2.277729	 	12300.000000
-2.354350	 	12306.666667
-2.285806	 	12313.333333
-2.321809	 	12320.000000
-2.218647	 	12326.666667
-2.295269	 	12333.333333
-2.249342	 	12340.000000
-2.277036	 	12346.666667
-2.208262	 	12353.333333
-2.301500	 	12360.000000
-2.227417	 	12366.666667
-2.250265	 	12373.333333
-2.307269	 	12380.000000
-2.248188	 	12386.666667
-2.122640	 	12393.333333
-2.144103	 	12400.000000
-2.192107	 	12406.666667
-2.160027	 	12413.333333
-2.187491	 	12420.000000
-2.222340	 	12426.666667
-2.261112	 	12433.333333
-2.246803	 	12440.000000
-2.119409	 	12446.666667
-2.162566	 	12453.333333
-2.170644	 	12460.000000
-2.208493	 	12466.666667
-2.224879	 	12473.333333
-2.292268	 	12480.000000
-2.210570	 	12486.666667
-2.243572	 	12493.333333
-2.235495	 	12500.000000
-2.232725	 	12506.666667
-2.197646	 	12513.333333
-2.130256	 	12520.000000
-2.031941	 	12526.666667
-2.125179	 	12533.333333
-2.118947	 	12540.000000
-2.133948	 	12546.666667
-2.146873	 	12553.333333
-2.182644	 	12560.000000
-2.043018	 	12566.666667
-2.118024	 	12573.333333
-2.081098	 	12580.000000
-2.143872	 	12586.666667
-2.099792	 	12593.333333
-2.164412	 	12600.000000
-2.088945	 	12606.666667
-1.965705	 	12613.333333
-2.018786	 	12620.000000
-2.080406	 	12626.666667
-2.021555	 	12633.333333
-2.097715	 	12640.000000
-1.958550	 	12646.666667
-2.054789	 	12653.333333
-1.901084	 	12660.000000
-1.953242	 	12666.666667
-1.903623	 	12673.333333
-1.926240	 	12680.000000
-1.809231	 	12686.666667
-1.875005	 	12693.333333
-1.784075	 	12700.000000
-1.765843	 	12706.666667
-1.720147	 	12713.333333
-1.720378	 	12720.000000
-1.707223	 	12726.666667
-1.699607	 	12733.333333
-1.732841	 	12740.000000
-1.769997	 	12746.666667
-1.654835	 	12753.333333
-1.727994	 	12760.000000
-1.700992	 	12766.666667
-1.842464	 	12773.333333
-1.784999	 	12780.000000
-1.943780	 	12786.666667
-1.897623	 	12793.333333
-1.937087	 	12800.000000
-1.862312	 	12806.666667
-1.818924	 	12813.333333
-1.854696	 	12820.000000
-1.914239	 	12826.666667
-2.019940	 	12833.333333
-2.003785	 	12840.000000
-1.923471	 	12846.666667
-1.984398	 	12853.333333
-1.892776	 	12860.000000
-1.926471	 	12866.666667
-1.958550	 	12873.333333
-2.001938	 	12880.000000
-1.996630	 	12886.666667
-2.031941	 	12893.333333
-1.908700	 	12900.000000
-2.002861	 	12906.666667
-1.981398	 	12913.333333
-1.958320	 	12920.000000
-1.933856	 	12926.666667
-2.038172	 	12933.333333
-1.895545	 	12940.000000
-1.890468	 	12946.666667
-1.918624	 	12953.333333
-1.887468	 	12960.000000
-1.887699	 	12966.666667
-1.911931	 	12973.333333
-1.905239	 	12980.000000
-1.928548	 	12986.666667
-1.879160	 	12993.333333
-1.959012	 	13000.000000
-1.855158	 	13006.666667
-1.955550	 	13013.333333
-1.855158	 	13020.000000
-1.881929	 	13026.666667
-1.884237	 	13033.333333
-1.934779	 	13040.000000
-1.887237	 	13046.666667
-1.985552	 	13053.333333
-1.906623	 	13060.000000
-1.922086	 	13066.666667
-1.845696	 	13073.333333
-1.977244	 	13080.000000
-1.875467	 	13086.666667
-1.873159	 	13093.333333
-1.962474	 	13100.000000
-1.906623	 	13106.666667
-1.881237	 	13113.333333
-1.907316	 	13120.000000
-1.993630	 	13126.666667
-1.954396	 	13133.333333
-1.974475	 	13140.000000
-2.005631	 	13146.666667
-1.955089	 	13153.333333
-1.840618	 	13160.000000
-2.015786	 	13166.666667
-1.991784	 	13173.333333
-1.886314	 	13180.000000
-1.982783	 	13186.666667
-2.009554	 	13193.333333
-1.987860	 	13200.000000
-1.888160	 	13206.666667
-1.872698	 	13213.333333
-1.938241	 	13220.000000
-1.839695	 	13226.666667
-1.956012	 	13233.333333
-1.922086	 	13240.000000
-1.981167	 	13246.666667
-1.880775	 	13253.333333
-1.959012	 	13260.000000
-1.880775	 	13266.666667
-2.011401	 	13273.333333
-1.942164	 	13280.000000
-1.946319	 	13286.666667
-1.928548	 	13293.333333
-1.929010	 	13300.000000
-1.993630	 	13306.666667
-2.016016	 	13313.333333
-1.946549	 	13320.000000
-2.054789	 	13326.666667
