#peak 	 	#time 
1.555582	 	0.000000
1.923267	 	6.666667
2.316775	 	13.333333
2.824514	 	20.000000
3.257257	 	26.666667
3.638565	 	33.333333
3.932074	 	40.000000
4.231007	 	46.666667
4.588228	 	53.333333
4.699751	 	60.000000
4.666585	 	66.666667
4.752244	 	73.333333
4.746452	 	80.000000
4.697730	 	86.666667
4.696026	 	93.333333
4.684101	 	100.000000
4.740660	 	106.666667
4.732824	 	113.333333
4.942704	 	120.000000
4.825498	 	126.666667
4.805055	 	133.333333
4.876606	 	140.000000
4.884101	 	146.666667
4.851052	 	153.333333
4.856163	 	160.000000
4.740319	 	166.666667
4.748497	 	173.333333
4.707270	 	180.000000
4.766554	 	186.666667
4.688871	 	193.333333
4.726009	 	200.000000
4.781205	 	206.666667
4.762466	 	213.333333
4.738275	 	220.000000
4.841512	 	226.666667
4.827543	 	233.333333
4.785294	 	240.000000
4.789723	 	246.666667
4.854800	 	253.333333
4.706589	 	260.000000
4.887168	 	266.666667
4.744749	 	273.333333
4.801307	 	280.000000
4.748156	 	286.666667
4.761444	 	293.333333
4.682057	 	300.000000
4.699433	 	306.666667
4.652755	 	313.333333
4.693301	 	320.000000
4.592449	 	326.666667
4.738616	 	333.333333
4.716129	 	340.000000
4.682738	 	346.666667
4.743045	 	353.333333
4.759399	 	360.000000
4.677287	 	366.666667
4.760081	 	373.333333
4.596537	 	380.000000
4.593130	 	386.666667
4.714425	 	393.333333
4.733164	 	400.000000
4.639808	 	406.666667
4.578820	 	413.333333
4.536571	 	420.000000
4.566895	 	426.666667
4.682738	 	433.333333
4.598582	 	440.000000
4.640830	 	446.666667
4.594493	 	453.333333
4.629928	 	460.000000
4.502159	 	466.666667
4.765192	 	473.333333
4.526350	 	480.000000
4.688190	 	486.666667
4.538616	 	493.333333
4.680013	 	500.000000
4.711018	 	506.666667
4.667747	 	513.333333
4.530779	 	520.000000
4.608462	 	526.666667
4.686486	 	533.333333
4.855481	 	540.000000
4.645941	 	546.666667
4.619025	 	553.333333
4.701137	 	560.000000
4.722602	 	566.666667
4.696708	 	573.333333
4.829928	 	580.000000
4.710677	 	586.666667
4.775072	 	593.333333
4.718514	 	600.000000
4.759059	 	606.666667
4.690234	 	613.333333
4.791427	 	620.000000
4.543727	 	626.666667
4.794834	 	633.333333
4.828905	 	640.000000
4.701478	 	646.666667
4.614936	 	653.333333
4.581205	 	660.000000
4.534186	 	666.666667
4.668088	 	673.333333
4.522602	 	680.000000
4.659910	 	686.666667
4.498411	 	693.333333
4.674902	 	700.000000
4.391427	 	706.666667
4.645260	 	713.333333
4.477968	 	720.000000
4.616299	 	726.666667
4.529416	 	733.333333
4.632653	 	740.000000
4.570302	 	746.666667
4.512381	 	753.333333
4.389382	 	760.000000
4.594493	 	766.666667
4.437083	 	773.333333
4.572347	 	780.000000
4.482738	 	786.666667
4.492619	 	793.333333
4.439468	 	800.000000
4.525328	 	806.666667
4.420387	 	813.333333
4.461614	 	820.000000
4.442875	 	826.666667
4.444238	 	833.333333
4.272176	 	840.000000
4.338616	 	846.666667
4.213232	 	853.333333
4.476946	 	860.000000
4.413232	 	866.666667
4.402330	 	873.333333
4.343727	 	880.000000
4.375072	 	886.666667
4.366895	 	893.333333
4.385975	 	900.000000
4.202330	 	906.666667
4.227883	 	913.333333
4.349519	 	920.000000
4.327031	 	926.666667
4.257525	 	933.333333
4.286146	 	940.000000
4.183249	 	946.666667
4.301478	 	953.333333
4.264681	 	960.000000
4.256503	 	966.666667
4.136231	 	973.333333
4.150882	 	980.000000
4.168599	 	986.666667
4.246282	 	993.333333
4.333846	 	1000.000000
4.350882	 	1006.666667
4.246623	 	1013.333333
4.253096	 	1020.000000
4.207100	 	1026.666667
4.289553	 	1033.333333
4.199604	 	1040.000000
4.319195	 	1046.666667
4.180524	 	1053.333333
4.244919	 	1060.000000
4.151563	 	1066.666667
4.237764	 	1073.333333
4.184272	 	1080.000000
4.341341	 	1086.666667
4.185294	 	1093.333333
4.241512	 	1100.000000
4.305566	 	1106.666667
4.236060	 	1113.333333
4.256844	 	1120.000000
4.243556	 	1126.666667
4.367236	 	1133.333333
4.259229	 	1140.000000
4.253096	 	1146.666667
4.299093	 	1153.333333
4.298071	 	1160.000000
4.254459	 	1166.666667
4.278991	 	1173.333333
4.402670	 	1180.000000
4.318854	 	1186.666667
4.299433	 	1193.333333
4.413573	 	1200.000000
4.341341	 	1206.666667
4.391767	 	1213.333333
4.324987	 	1220.000000
4.219365	 	1226.666667
4.268769	 	1233.333333
4.312381	 	1240.000000
4.363488	 	1246.666667
4.166214	 	1253.333333
4.162125	 	1260.000000
4.136571	 	1266.666667
4.100456	 	1273.333333
4.209825	 	1280.000000
4.138616	 	1286.666667
4.263318	 	1293.333333
4.207781	 	1300.000000
4.062295	 	1306.666667
4.199263	 	1313.333333
4.218002	 	1320.000000
4.222091	 	1326.666667
4.211870	 	1333.333333
4.213573	 	1340.000000
4.260592	 	1346.666667
4.281376	 	1353.333333
4.158037	 	1360.000000
4.229928	 	1366.666667
4.130439	 	1373.333333
4.221069	 	1380.000000
4.257185	 	1386.666667
4.228565	 	1393.333333
4.260933	 	1400.000000
4.250711	 	1406.666667
4.291597	 	1413.333333
4.272176	 	1420.000000
4.386657	 	1426.666667
4.370984	 	1433.333333
4.474902	 	1440.000000
4.384612	 	1446.666667
4.487849	 	1453.333333
4.366554	 	1460.000000
4.421750	 	1466.666667
4.429587	 	1473.333333
4.357355	 	1480.000000
4.463658	 	1486.666667
4.425498	 	1493.333333
4.412892	 	1500.000000
4.316129	 	1506.666667
4.278650	 	1513.333333
4.376094	 	1520.000000
4.328735	 	1526.666667
4.295686	 	1533.333333
4.343727	 	1540.000000
4.307951	 	1546.666667
4.383590	 	1553.333333
4.436060	 	1560.000000
4.363829	 	1566.666667
4.420047	 	1573.333333
4.369280	 	1580.000000
4.312721	 	1586.666667
4.357355	 	1593.333333
4.407781	 	1600.000000
4.374050	 	1606.666667
4.215958	 	1613.333333
4.381546	 	1620.000000
4.375072	 	1626.666667
4.312381	 	1633.333333
4.354629	 	1640.000000
4.356674	 	1646.666667
4.365192	 	1653.333333
4.413914	 	1660.000000
4.374732	 	1666.666667
4.393471	 	1673.333333
4.456844	 	1680.000000
4.496367	 	1686.666667
4.407781	 	1693.333333
4.482057	 	1700.000000
4.484442	 	1706.666667
4.406418	 	1713.333333
4.383590	 	1720.000000
4.501478	 	1726.666667
4.443897	 	1733.333333
4.440830	 	1740.000000
4.398922	 	1746.666667
4.528735	 	1753.333333
4.547134	 	1760.000000
4.380864	 	1766.666667
4.461273	 	1773.333333
4.505226	 	1780.000000
4.412551	 	1786.666667
4.450711	 	1793.333333
4.504544	 	1800.000000
4.379161	 	1806.666667
4.398582	 	1813.333333
4.541001	 	1820.000000
4.453096	 	1826.666667
4.463658	 	1833.333333
4.354629	 	1840.000000
4.372006	 	1846.666667
4.395515	 	1853.333333
4.442193	 	1860.000000
4.466043	 	1866.666667
4.432994	 	1873.333333
4.457866	 	1880.000000
4.432994	 	1886.666667
4.384953	 	1893.333333
4.470473	 	1900.000000
4.325328	 	1906.666667
4.417321	 	1913.333333
4.395515	 	1920.000000
4.345089	 	1926.666667
4.338956	 	1933.333333
4.258888	 	1940.000000
4.341682	 	1946.666667
4.437764	 	1953.333333
4.362125	 	1960.000000
4.473880	 	1966.666667
4.347474	 	1973.333333
4.420387	 	1980.000000
4.442875	 	1986.666667
4.407781	 	1993.333333
4.466725	 	2000.000000
4.397560	 	2006.666667
4.405737	 	2013.333333
4.411529	 	2020.000000
4.303181	 	2026.666667
4.334186	 	2033.333333
4.436742	 	2040.000000
4.363488	 	2046.666667
4.365192	 	2053.333333
4.214595	 	2060.000000
4.399604	 	2066.666667
4.311359	 	2073.333333
4.268088	 	2080.000000
4.409825	 	2086.666667
4.359059	 	2093.333333
4.390745	 	2100.000000
4.384612	 	2106.666667
4.370302	 	2113.333333
4.391767	 	2120.000000
4.401989	 	2126.666667
4.331801	 	2133.333333
4.429246	 	2140.000000
4.247304	 	2146.666667
4.303181	 	2153.333333
4.442875	 	2160.000000
4.344749	 	2166.666667
4.487168	 	2173.333333
4.268769	 	2180.000000
4.484783	 	2186.666667
4.358377	 	2193.333333
4.499433	 	2200.000000
4.456503	 	2206.666667
4.483079	 	2213.333333
4.407781	 	2220.000000
4.533505	 	2226.666667
4.491256	 	2233.333333
4.468769	 	2240.000000
4.475583	 	2246.666667
4.453096	 	2253.333333
4.358377	 	2260.000000
4.541682	 	2266.666667
4.444919	 	2273.333333
4.395856	 	2280.000000
4.354629	 	2286.666667
4.429928	 	2293.333333
4.362466	 	2300.000000
4.486146	 	2306.666667
4.396537	 	2313.333333
4.461273	 	2320.000000
4.302500	 	2326.666667
4.362466	 	2333.333333
4.365192	 	2340.000000
4.440149	 	2346.666667
4.301478	 	2353.333333
4.494323	 	2360.000000
4.367917	 	2366.666667
4.382909	 	2373.333333
4.384272	 	2380.000000
4.440149	 	2386.666667
4.461955	 	2393.333333
4.526009	 	2400.000000
4.454800	 	2406.666667
4.529416	 	2413.333333
4.478309	 	2420.000000
4.449689	 	2426.666667
4.528054	 	2433.333333
4.537253	 	2440.000000
4.562807	 	2446.666667
4.496708	 	2453.333333
4.604715	 	2460.000000
4.531461	 	2466.666667
4.437764	 	2473.333333
4.659229	 	2480.000000
4.463999	 	2486.666667
4.458548	 	2493.333333
4.485464	 	2500.000000
4.582909	 	2506.666667
4.488190	 	2513.333333
4.497389	 	2520.000000
4.536912	 	2526.666667
4.631972	 	2533.333333
4.468428	 	2540.000000
4.420728	 	2546.666667
4.422772	 	2553.333333
4.566895	 	2560.000000
4.531120	 	2566.666667
4.394493	 	2573.333333
4.478309	 	2580.000000
4.391086	 	2586.666667
4.535209	 	2593.333333
4.442875	 	2600.000000
4.426861	 	2606.666667
4.467066	 	2613.333333
4.399945	 	2620.000000
4.502159	 	2626.666667
4.457185	 	2633.333333
4.344749	 	2640.000000
4.534186	 	2646.666667
4.403352	 	2653.333333
4.310677	 	2660.000000
4.290575	 	2666.666667
4.483079	 	2673.333333
4.391427	 	2680.000000
4.306589	 	2686.666667
4.288871	 	2693.333333
4.271836	 	2700.000000
4.338956	 	2706.666667
4.373369	 	2713.333333
4.394493	 	2720.000000
4.355992	 	2726.666667
4.436401	 	2733.333333
4.449348	 	2740.000000
4.416980	 	2746.666667
4.428224	 	2753.333333
4.436060	 	2760.000000
4.391427	 	2766.666667
4.348837	 	2773.333333
4.436742	 	2780.000000
4.356333	 	2786.666667
4.371665	 	2793.333333
4.448326	 	2800.000000
4.407440	 	2806.666667
4.337934	 	2813.333333
4.365192	 	2820.000000
4.323624	 	2826.666667
4.335549	 	2833.333333
4.398922	 	2840.000000
4.241853	 	2846.666667
4.295004	 	2853.333333
4.470473	 	2860.000000
4.357014	 	2866.666667
4.332824	 	2873.333333
4.368599	 	2880.000000
4.352244	 	2886.666667
4.214595	 	2893.333333
4.322602	 	2900.000000
4.305566	 	2906.666667
4.130439	 	2913.333333
4.276606	 	2920.000000
4.352926	 	2926.666667
4.342704	 	2933.333333
4.461273	 	2940.000000
4.398922	 	2946.666667
4.455822	 	2953.333333
4.429246	 	2960.000000
4.504885	 	2966.666667
4.451052	 	2973.333333
4.491597	 	2980.000000
4.490234	 	2986.666667
4.546452	 	2993.333333
4.544749	 	3000.000000
4.637764	 	3006.666667
4.708633	 	3013.333333
4.563829	 	3020.000000
4.676946	 	3026.666667
4.667406	 	3033.333333
4.471495	 	3040.000000
4.610507	 	3046.666667
4.708974	 	3053.333333
4.705566	 	3060.000000
4.600285	 	3066.666667
4.555652	 	3073.333333
5.157355	 	3080.000000
6.316810	 	3086.666667
8.382909	 	3093.333333
11.436742	 	3100.000000
16.280694	 	3106.666667
22.953607	 	3113.333333
31.749178	 	3120.000000
45.170643	 	3126.666667
76.024476	 	3133.333333
151.562125	 	3140.000000
262.241512	 	3146.666667
381.052415	 	3153.333333
503.861955	 	3160.000000
630.044238	 	3166.666667
760.472517	 	3173.333333
897.717491	 	3180.000000
1043.363488	 	3186.666667
1196.089212	 	3193.333333
1355.919536	 	3200.000000
1521.007100	 	3206.666667
1689.674221	 	3213.333333
1860.162466	 	3220.000000
2031.477968	 	3226.666667
2201.979161	 	3233.333333
2370.650030	 	3240.000000
2536.552926	 	3246.666667
2694.940319	 	3253.333333
2849.535890	 	3260.000000
2995.992449	 	3266.666667
3138.441512	 	3273.333333
3271.733846	 	3280.000000
3395.600285	 	3286.666667
3508.166554	 	3293.333333
3614.765192	 	3300.000000
3713.343045	 	3306.666667
3803.205396	 	3313.333333
3883.239808	 	3320.000000
3953.152585	 	3326.666667
4011.078991	 	3333.333333
4061.593130	 	3340.000000
4104.385635	 	3346.666667
4138.952244	 	3353.333333
4164.280694	 	3360.000000
4182.950882	 	3366.666667
4194.293982	 	3373.333333
4201.243897	 	3380.000000
4202.216640	 	3386.666667
4199.421069	 	3393.333333
4193.424476	 	3400.000000
4182.782568	 	3406.666667
4168.464681	 	3413.333333
4151.003692	 	3420.000000
4130.580524	 	3426.666667
4107.410166	 	3433.333333
4083.041853	 	3440.000000
4057.042534	 	3446.666667
4028.515788	 	3453.333333
3998.339979	 	3460.000000
3966.075243	 	3466.666667
3933.797219	 	3473.333333
3900.398922	 	3480.000000
3866.020728	 	3486.666667
3830.352244	 	3493.333333
3794.325328	 	3500.000000
3756.767577	 	3506.666667
3718.965192	 	3513.333333
3680.019706	 	3520.000000
3640.768939	 	3526.666667
3601.255822	 	3533.333333
3562.238105	 	3540.000000
3523.284783	 	3546.666667
3484.187338	 	3553.333333
3445.064340	 	3560.000000
3405.299433	 	3566.666667
3366.040490	 	3573.333333
3328.083761	 	3580.000000
3290.475243	 	3586.666667
3251.852755	 	3593.333333
3212.887508	 	3600.000000
3174.177798	 	3606.666667
3136.807781	 	3613.333333
3099.915788	 	3620.000000
3061.858548	 	3626.666667
3024.895686	 	3633.333333
2987.359059	 	3640.000000
2951.106248	 	3646.666667
2915.805396	 	3653.333333
2880.427883	 	3660.000000
2844.165192	 	3666.666667
2809.031631	 	3673.333333
2774.282057	 	3680.000000
2740.176435	 	3686.666667
2705.930439	 	3693.333333
2672.330439	 	3700.000000
2638.927713	 	3706.666667
2606.002670	 	3713.333333
2573.687849	 	3720.000000
2541.083761	 	3726.666667
2508.656844	 	3733.333333
2477.077287	 	3740.000000
2446.267066	 	3746.666667
2415.951904	 	3753.333333
2385.812210	 	3760.000000
2355.991086	 	3766.666667
2325.670132	 	3773.333333
2296.129757	 	3780.000000
2267.945771	 	3786.666667
2239.574050	 	3793.333333
2211.124646	 	3800.000000
2183.590064	 	3806.666667
2155.883079	 	3813.333333
2128.678991	 	3820.000000
2101.521580	 	3826.666667
2075.214255	 	3833.333333
2049.353607	 	3840.000000
2023.682398	 	3846.666667
1997.939297	 	3853.333333
1972.637764	 	3860.000000
1947.761444	 	3866.666667
1923.110677	 	3873.333333
1899.156333	 	3880.000000
1875.308633	 	3886.666667
1852.006759	 	3893.333333
1828.594152	 	3900.000000
1805.755992	 	3906.666667
1782.835038	 	3913.333333
1760.313062	 	3920.000000
1738.259570	 	3926.666667
1716.207100	 	3933.333333
1694.861614	 	3940.000000
1673.378139	 	3946.666667
1651.885464	 	3953.333333
1631.039808	 	3960.000000
1609.939638	 	3966.666667
1589.569280	 	3973.333333
1569.412551	 	3980.000000
1549.421410	 	3986.666667
1529.561784	 	3993.333333
1509.786997	 	4000.000000
1490.199945	 	4006.666667
1470.807440	 	4013.333333
1451.815958	 	4020.000000
1433.213573	 	4026.666667
1414.655822	 	4033.333333
1396.066384	 	4040.000000
1378.174391	 	4046.666667
1360.317491	 	4053.333333
1342.702841	 	4060.000000
1325.252755	 	4066.666667
1308.248667	 	4073.333333
1291.422772	 	4080.000000
1274.979161	 	4086.666667
1258.829587	 	4093.333333
1243.006759	 	4100.000000
1227.008803	 	4106.666667
1211.526009	 	4113.333333
1196.498752	 	4120.000000
1181.334186	 	4126.666667
1166.269791	 	4133.333333
1151.378139	 	4140.000000
1136.644919	 	4146.666667
1122.486827	 	4153.333333
1108.368939	 	4160.000000
1094.116810	 	4166.666667
1080.137253	 	4173.333333
1066.432994	 	4180.000000
1052.938275	 	4186.666667
1039.494663	 	4193.333333
1026.397560	 	4200.000000
1013.493301	 	4206.666667
1000.757355	 	4213.333333
988.141001	 	4220.000000
975.900115	 	4226.666667
963.676946	 	4233.333333
951.650370	 	4240.000000
939.556674	 	4246.666667
927.917151	 	4253.333333
916.295686	 	4260.000000
904.709655	 	4266.666667
893.429587	 	4273.333333
882.232313	 	4280.000000
871.235038	 	4286.666667
860.274902	 	4293.333333
849.400967	 	4300.000000
838.703863	 	4306.666667
828.280353	 	4313.333333
817.856163	 	4320.000000
807.404374	 	4326.666667
797.342704	 	4333.333333
787.057525	 	4340.000000
777.180864	 	4346.666667
767.458207	 	4353.333333
757.959059	 	4360.000000
748.384612	 	4366.666667
738.860251	 	4373.333333
729.470132	 	4380.000000
720.345771	 	4386.666667
711.123284	 	4393.333333
702.229246	 	4400.000000
693.210166	 	4406.666667
684.432313	 	4413.333333
675.428224	 	4420.000000
666.780524	 	4426.666667
657.991767	 	4433.333333
649.578479	 	4440.000000
641.115106	 	4446.666667
633.102841	 	4453.333333
625.019706	 	4460.000000
616.951563	 	4466.666667
608.959740	 	4473.333333
601.184612	 	4480.000000
593.523624	 	4486.666667
586.229587	 	4493.333333
578.682398	 	4500.000000
571.443897	 	4506.666667
564.733164	 	4513.333333
555.953948	 	4520.000000
550.576435	 	4526.666667
542.661273	 	4533.333333
536.608122	 	4540.000000
528.823454	 	4546.666667
522.750541	 	4553.333333
516.222772	 	4560.000000
509.778820	 	4566.666667
502.706589	 	4573.333333
496.819025	 	4580.000000
490.605737	 	4586.666667
484.580864	 	4593.333333
477.529076	 	4600.000000
472.683079	 	4606.666667
465.783931	 	4613.333333
462.052415	 	4620.000000
454.464340	 	4626.666667
449.495004	 	4633.333333
444.593812	 	4640.000000
436.269110	 	4646.666667
434.038105	 	4653.333333
426.561784	 	4660.000000
423.112040	 	4666.666667
414.862977	 	4673.333333
411.907270	 	4680.000000
404.975413	 	4686.666667
401.797219	 	4693.333333
396.175072	 	4700.000000
389.935209	 	4706.666667
387.646963	 	4713.333333
379.961444	 	4720.000000
376.179161	 	4726.666667
372.448667	 	4733.333333
366.259229	 	4740.000000
364.438786	 	4746.666667
355.614936	 	4753.333333
353.352585	 	4760.000000
347.835038	 	4766.666667
345.667066	 	4773.333333
338.482057	 	4780.000000
335.954289	 	4786.666667
330.092960	 	4793.333333
327.481716	 	4800.000000
323.791767	 	4806.666667
316.612892	 	4813.333333
315.499093	 	4820.000000
310.674902	 	4826.666667
305.738956	 	4833.333333
303.159740	 	4840.000000
298.587679	 	4846.666667
295.869451	 	4853.333333
290.049008	 	4860.000000
288.076946	 	4866.666667
283.942364	 	4873.333333
280.173709	 	4880.000000
277.506929	 	4886.666667
272.325669	 	4893.333333
270.494663	 	4900.000000
266.978479	 	4906.666667
263.880694	 	4913.333333
260.038786	 	4920.000000
257.411529	 	4926.666667
253.179502	 	4933.333333
251.081035	 	4940.000000
247.994152	 	4946.666667
244.392449	 	4953.333333
242.737934	 	4960.000000
237.613914	 	4966.666667
235.738956	 	4973.333333
233.712721	 	4980.000000
229.020387	 	4986.666667
228.367236	 	4993.333333
224.055140	 	5000.000000
221.315106	 	5006.666667
219.314425	 	5013.333333
216.735549	 	5020.000000
213.454800	 	5026.666667
211.882057	 	5033.333333
208.100115	 	5040.000000
206.133505	 	5046.666667
204.140660	 	5053.333333
201.009144	 	5060.000000
199.152244	 	5066.666667
196.367917	 	5073.333333
194.220047	 	5080.000000
192.301478	 	5086.666667
189.690234	 	5093.333333
187.624476	 	5100.000000
184.858888	 	5106.666667
183.299433	 	5113.333333
180.867066	 	5120.000000
178.992790	 	5126.666667
176.787679	 	5133.333333
174.131801	 	5140.000000
172.454459	 	5146.666667
170.001989	 	5153.333333
168.244578	 	5160.000000
166.372687	 	5166.666667
163.978479	 	5173.333333
161.983590	 	5180.000000
160.590064	 	5186.666667
157.794152	 	5193.333333
156.148156	 	5200.000000
154.613914	 	5206.666667
151.850711	 	5213.333333
150.692278	 	5220.000000
148.618343	 	5226.666667
146.598582	 	5233.333333
145.331461	 	5240.000000
142.901137	 	5246.666667
141.451052	 	5253.333333
140.112040	 	5260.000000
137.884101	 	5266.666667
136.580524	 	5273.333333
134.824817	 	5280.000000
133.432994	 	5286.666667
132.071495	 	5293.333333
130.356333	 	5300.000000
128.616980	 	5306.666667
127.597219	 	5313.333333
125.936912	 	5320.000000
124.589382	 	5326.666667
123.311018	 	5333.333333
122.035379	 	5340.000000
120.643215	 	5346.666667
119.188020	 	5353.333333
118.095686	 	5360.000000
116.809825	 	5366.666667
115.521580	 	5373.333333
114.165532	 	5380.000000
112.723284	 	5386.666667
111.952926	 	5393.333333
110.581887	 	5400.000000
109.334868	 	5406.666667
108.084442	 	5413.333333
106.822772	 	5420.000000
105.786316	 	5426.666667
104.631972	 	5433.333333
103.126691	 	5440.000000
102.359059	 	5446.666667
100.957014	 	5453.333333
99.716129	 	5460.000000
99.071495	 	5466.666667
97.763829	 	5473.333333
96.657525	 	5480.000000
95.541682	 	5486.666667
94.185635	 	5493.333333
93.446963	 	5500.000000
92.267406	 	5506.666667
91.171665	 	5513.333333
90.128735	 	5520.000000
88.864340	 	5526.666667
87.842875	 	5533.333333
86.863658	 	5540.000000
85.660933	 	5546.666667
84.766554	 	5553.333333
83.812551	 	5560.000000
82.650030	 	5566.666667
81.761103	 	5573.333333
80.939297	 	5580.000000
80.012892	 	5586.666667
78.825498	 	5593.333333
78.028224	 	5600.000000
77.213573	 	5606.666667
76.217321	 	5613.333333
75.254118	 	5620.000000
74.298071	 	5626.666667
73.509996	 	5633.333333
72.831290	 	5640.000000
71.858548	 	5646.666667
71.239127	 	5653.333333
70.325669	 	5660.000000
69.581887	 	5666.666667
68.781887	 	5673.333333
67.901137	 	5680.000000
67.317491	 	5686.666667
66.823113	 	5693.333333
65.762466	 	5700.000000
65.292619	 	5706.666667
64.549178	 	5713.333333
63.816980	 	5720.000000
63.157355	 	5726.666667
62.427543	 	5733.333333
61.603692	 	5740.000000
61.072858	 	5746.666667
60.088190	 	5753.333333
59.487508	 	5760.000000
58.761103	 	5766.666667
58.107270	 	5773.333333
57.517832	 	5780.000000
56.796537	 	5786.666667
56.047304	 	5793.333333
55.624135	 	5800.000000
54.748156	 	5806.666667
54.312721	 	5813.333333
53.930098	 	5820.000000
53.167917	 	5826.666667
52.711359	 	5833.333333
52.152585	 	5840.000000
51.512040	 	5846.666667
51.022091	 	5853.333333
50.124646	 	5860.000000
49.632994	 	5866.666667
49.093641	 	5873.333333
48.488531	 	5880.000000
47.965192	 	5886.666667
47.261955	 	5893.333333
46.723965	 	5900.000000
46.352926	 	5906.666667
45.621069	 	5913.333333
45.243556	 	5920.000000
44.538275	 	5926.666667
43.964510	 	5933.333333
43.526009	 	5940.000000
43.014595	 	5946.666667
42.598582	 	5953.333333
42.109996	 	5960.000000
41.499093	 	5966.666667
41.051733	 	5973.333333
40.733164	 	5980.000000
40.372687	 	5986.666667
39.839468	 	5993.333333
39.335209	 	6000.000000
38.942023	 	6006.666667
38.584953	 	6013.333333
38.072176	 	6020.000000
37.780524	 	6026.666667
37.295004	 	6033.333333
36.941341	 	6040.000000
36.591427	 	6046.666667
36.039468	 	6053.333333
35.606418	 	6060.000000
35.328394	 	6066.666667
34.945771	 	6073.333333
34.488531	 	6080.000000
34.254459	 	6086.666667
33.761103	 	6093.333333
33.485464	 	6100.000000
32.908292	 	6106.666667
32.660933	 	6113.333333
32.242193	 	6120.000000
32.054800	 	6126.666667
31.614936	 	6133.333333
31.469451	 	6140.000000
31.011870	 	6146.666667
30.762807	 	6153.333333
30.416980	 	6160.000000
30.374732	 	6166.666667
30.098071	 	6173.333333
29.818002	 	6180.000000
29.486486	 	6186.666667
29.295686	 	6193.333333
28.790405	 	6200.000000
28.762466	 	6206.666667
28.446282	 	6213.333333
28.256163	 	6220.000000
27.892278	 	6226.666667
27.699774	 	6233.333333
27.162466	 	6240.000000
27.039468	 	6246.666667
26.893982	 	6253.333333
26.611188	 	6260.000000
26.197560	 	6266.666667
26.100115	 	6273.333333
25.635379	 	6280.000000
25.540660	 	6286.666667
24.981546	 	6293.333333
24.894323	 	6300.000000
24.495345	 	6306.666667
24.477968	 	6313.333333
23.992790	 	6320.000000
23.832653	 	6326.666667
23.496708	 	6333.333333
23.305566	 	6340.000000
22.989723	 	6346.666667
22.698411	 	6353.333333
22.365873	 	6360.000000
22.250030	 	6366.666667
21.679672	 	6373.333333
21.683079	 	6380.000000
21.255822	 	6386.666667
21.312721	 	6393.333333
20.959059	 	6400.000000
20.844919	 	6406.666667
20.462295	 	6413.333333
20.318854	 	6420.000000
20.043215	 	6426.666667
19.989042	 	6433.333333
19.800285	 	6440.000000
19.642193	 	6446.666667
19.310677	 	6453.333333
19.175072	 	6460.000000
19.020728	 	6466.666667
19.063999	 	6473.333333
18.752585	 	6480.000000
18.564510	 	6486.666667
18.281716	 	6493.333333
18.209144	 	6500.000000
17.979502	 	6506.666667
17.714084	 	6513.333333
17.400967	 	6520.000000
17.477287	 	6526.666667
17.378479	 	6533.333333
17.288190	 	6540.000000
17.031631	 	6546.666667
17.004033	 	6553.333333
16.744749	 	6560.000000
16.738616	 	6566.666667
16.577457	 	6573.333333
16.365192	 	6580.000000
16.122943	 	6586.666667
16.131120	 	6593.333333
15.952926	 	6600.000000
15.840830	 	6606.666667
15.636401	 	6613.333333
15.605396	 	6620.000000
15.349859	 	6626.666667
15.335890	 	6633.333333
15.182909	 	6640.000000
15.091938	 	6646.666667
14.949519	 	6653.333333
14.675583	 	6660.000000
14.598922	 	6666.666667
14.415958	 	6673.333333
14.253437	 	6680.000000
14.175754	 	6686.666667
14.029246	 	6693.333333
13.931461	 	6700.000000
13.803692	 	6706.666667
13.505566	 	6713.333333
13.477287	 	6720.000000
13.401989	 	6726.666667
13.354289	 	6733.333333
13.197219	 	6740.000000
13.026520	 	6746.666667
13.130098	 	6753.333333
12.695004	 	6760.000000
12.697389	 	6766.666667
12.566214	 	6773.333333
12.633675	 	6780.000000
12.547815	 	6786.666667
12.620728	 	6793.333333
12.449689	 	6800.000000
12.402330	 	6806.666667
12.463999	 	6813.333333
12.434698	 	6820.000000
12.382227	 	6826.666667
12.260933	 	6833.333333
12.290575	 	6840.000000
12.275583	 	6846.666667
12.104544	 	6853.333333
12.076946	 	6860.000000
11.912721	 	6866.666667
11.989723	 	6873.333333
11.862977	 	6880.000000
11.886146	 	6886.666667
11.611870	 	6893.333333
11.656163	 	6900.000000
11.619025	 	6906.666667
11.533164	 	6913.333333
11.528394	 	6920.000000
11.396537	 	6926.666667
11.209144	 	6933.333333
11.197900	 	6940.000000
11.063658	 	6946.666667
10.963488	 	6953.333333
10.843897	 	6960.000000
10.794152	 	6966.666667
10.723624	 	6973.333333
10.597219	 	6980.000000
10.580864	 	6986.666667
10.396197	 	6993.333333
10.408462	 	7000.000000
10.185635	 	7006.666667
10.145089	 	7013.333333
10.123965	 	7020.000000
10.050370	 	7026.666667
10.010507	 	7033.333333
9.786997	 	7040.000000
9.752244	 	7046.666667
9.665362	 	7053.333333
9.631972	 	7060.000000
9.516129	 	7066.666667
9.288531	 	7073.333333
9.309314	 	7080.000000
9.292960	 	7086.666667
9.219706	 	7093.333333
9.100456	 	7100.000000
8.799945	 	7106.666667
8.830950	 	7113.333333
8.760422	 	7120.000000
8.701137	 	7126.666667
8.506929	 	7133.333333
8.538956	 	7140.000000
8.255822	 	7146.666667
8.249008	 	7153.333333
8.193471	 	7160.000000
8.218002	 	7166.666667
7.946112	 	7173.333333
7.947134	 	7180.000000
7.898752	 	7186.666667
7.726350	 	7193.333333
7.539979	 	7200.000000
7.530439	 	7206.666667
7.425498	 	7213.333333
7.496708	 	7220.000000
7.320899	 	7226.666667
7.314425	 	7233.333333
7.159059	 	7240.000000
7.241171	 	7246.666667
7.130439	 	7253.333333
7.256844	 	7260.000000
7.222432	 	7266.666667
7.145430	 	7273.333333
7.045260	 	7280.000000
7.090575	 	7286.666667
6.983249	 	7293.333333
6.952585	 	7300.000000
6.885464	 	7306.666667
6.923284	 	7313.333333
6.902500	 	7320.000000
6.726691	 	7326.666667
6.631631	 	7333.333333
6.689212	 	7340.000000
6.653096	 	7346.666667
6.602670	 	7353.333333
6.635720	 	7360.000000
6.642875	 	7366.666667
6.629246	 	7373.333333
6.543045	 	7380.000000
6.428905	 	7386.666667
6.611529	 	7393.333333
6.661273	 	7400.000000
6.556674	 	7406.666667
6.536231	 	7413.333333
6.468428	 	7420.000000
6.399604	 	7426.666667
6.582909	 	7433.333333
6.414595	 	7440.000000
6.503522	 	7446.666667
6.411870	 	7453.333333
6.437423	 	7460.000000
6.295345	 	7466.666667
6.256163	 	7473.333333
6.175413	 	7480.000000
6.094323	 	7486.666667
5.833675	 	7493.333333
5.793812	 	7500.000000
5.722261	 	7506.666667
5.731461	 	7513.333333
5.605396	 	7520.000000
5.440490	 	7526.666667
5.346112	 	7533.333333
5.395856	 	7540.000000
5.225158	 	7546.666667
5.341001	 	7553.333333
5.207440	 	7560.000000
5.048667	 	7566.666667
5.034357	 	7573.333333
4.982227	 	7580.000000
5.141341	 	7586.666667
4.989723	 	7593.333333
5.011529	 	7600.000000
4.984953	 	7606.666667
4.994152	 	7613.333333
4.976776	 	7620.000000
4.861955	 	7626.666667
4.826861	 	7633.333333
4.786997	 	7640.000000
4.766554	 	7646.666667
4.709996	 	7653.333333
4.699774	 	7660.000000
4.820047	 	7666.666667
4.700796	 	7673.333333
4.705226	 	7680.000000
4.620047	 	7686.666667
4.855822	 	7693.333333
4.504204	 	7700.000000
4.596197	 	7706.666667
4.648326	 	7713.333333
4.622091	 	7720.000000
4.488871	 	7726.666667
4.588701	 	7733.333333
4.720217	 	7740.000000
4.580864	 	7746.666667
4.673880	 	7753.333333
4.674221	 	7760.000000
4.457185	 	7766.666667
4.478309	 	7773.333333
4.519876	 	7780.000000
4.460251	 	7786.666667
4.273880	 	7793.333333
4.319536	 	7800.000000
4.212551	 	7806.666667
4.227543	 	7813.333333
4.184612	 	7820.000000
4.168599	 	7826.666667
4.138275	 	7833.333333
4.256844	 	7840.000000
4.073198	 	7846.666667
4.107270	 	7853.333333
3.927031	 	7860.000000
4.006759	 	7866.666667
3.999604	 	7873.333333
3.843897	 	7880.000000
3.741682	 	7886.666667
3.890916	 	7893.333333
3.682738	 	7900.000000
3.567577	 	7906.666667
3.687849	 	7913.333333
3.659570	 	7920.000000
3.645260	 	7926.666667
3.652074	 	7933.333333
3.572347	 	7940.000000
3.512040	 	7946.666667
3.414595	 	7953.333333
3.479331	 	7960.000000
3.396537	 	7966.666667
3.360762	 	7973.333333
3.190064	 	7980.000000
3.181887	 	7986.666667
3.252415	 	7993.333333
3.038105	 	8000.000000
3.103181	 	8006.666667
2.936231	 	8013.333333
2.875243	 	8020.000000
2.891597	 	8026.666667
2.850711	 	8033.333333
2.955311	 	8040.000000
2.823795	 	8046.666667
2.876946	 	8053.333333
2.836401	 	8060.000000
2.725669	 	8066.666667
2.698071	 	8073.333333
2.780183	 	8080.000000
2.794834	 	8086.666667
2.862977	 	8093.333333
2.781205	 	8100.000000
2.654800	 	8106.666667
2.645600	 	8113.333333
2.644578	 	8120.000000
2.616299	 	8126.666667
2.670813	 	8133.333333
2.601307	 	8140.000000
2.556333	 	8146.666667
2.601989	 	8153.333333
2.647985	 	8160.000000
2.681716	 	8166.666667
2.663999	 	8173.333333
2.645600	 	8180.000000
2.553607	 	8186.666667
2.540660	 	8193.333333
2.545089	 	8200.000000
2.471836	 	8206.666667
2.435379	 	8213.333333
2.367236	 	8220.000000
2.413232	 	8226.666667
2.359399	 	8233.333333
2.233675	 	8240.000000
2.327372	 	8246.666667
2.312040	 	8253.333333
2.311018	 	8260.000000
2.200285	 	8266.666667
2.259570	 	8273.333333
2.150200	 	8280.000000
2.245260	 	8286.666667
2.346112	 	8293.333333
2.288531	 	8300.000000
2.136571	 	8306.666667
2.222091	 	8313.333333
2.109996	 	8320.000000
2.138616	 	8326.666667
2.053778	 	8333.333333
2.062295	 	8340.000000
2.161103	 	8346.666667
2.182568	 	8353.333333
2.265703	 	8360.000000
2.171665	 	8366.666667
2.222772	 	8373.333333
2.221750	 	8380.000000
2.152585	 	8386.666667
2.086486	 	8393.333333
2.302841	 	8400.000000
2.155311	 	8406.666667
2.091938	 	8413.333333
2.236742	 	8420.000000
2.128054	 	8426.666667
2.137594	 	8433.333333
2.101137	 	8440.000000
2.118854	 	8446.666667
2.163147	 	8453.333333
2.016299	 	8460.000000
2.135549	 	8466.666667
2.106248	 	8473.333333
2.129757	 	8480.000000
2.173709	 	8486.666667
2.187679	 	8493.333333
2.025158	 	8500.000000
1.974732	 	8506.666667
2.078650	 	8513.333333
1.923624	 	8520.000000
1.926691	 	8526.666667
1.817321	 	8533.333333
1.854118	 	8540.000000
1.701478	 	8546.666667
1.726009	 	8553.333333
1.723965	 	8560.000000
1.669791	 	8566.666667
1.695686	 	8573.333333
1.670132	 	8580.000000
1.604715	 	8586.666667
1.586657	 	8593.333333
1.566895	 	8600.000000
1.583590	 	8606.666667
1.634357	 	8613.333333
1.651733	 	8620.000000
1.511018	 	8626.666667
1.547134	 	8633.333333
1.561103	 	8640.000000
1.425158	 	8646.666667
1.611188	 	8653.333333
1.433335	 	8660.000000
1.511018	 	8666.666667
1.499774	 	8673.333333
1.413232	 	8680.000000
1.282398	 	8686.666667
1.243215	 	8693.333333
1.261273	 	8700.000000
1.161103	 	8706.666667
1.287849	 	8713.333333
1.152926	 	8720.000000
1.059229	 	8726.666667
1.017321	 	8733.333333
0.949178	 	8740.000000
1.041171	 	8746.666667
0.974732	 	8753.333333
0.930779	 	8760.000000
0.807440	 	8766.666667
0.731120	 	8773.333333
0.748497	 	8780.000000
0.829928	 	8786.666667
0.694663	 	8793.333333
0.814595	 	8800.000000
0.622432	 	8806.666667
0.669110	 	8813.333333
0.590745	 	8820.000000
0.636060	 	8826.666667
0.614936	 	8833.333333
0.624135	 	8840.000000
0.494323	 	8846.666667
0.460251	 	8853.333333
0.425498	 	8860.000000
0.337594	 	8866.666667
0.472517	 	8873.333333
0.449689	 	8880.000000
0.407781	 	8886.666667
0.515788	 	8893.333333
0.399263	 	8900.000000
0.535890	 	8906.666667
0.474561	 	8913.333333
0.448326	 	8920.000000
0.559740	 	8926.666667
0.675583	 	8933.333333
0.510677	 	8940.000000
0.578139	 	8946.666667
0.599945	 	8953.333333
0.491256	 	8960.000000
0.544408	 	8966.666667
0.486486	 	8973.333333
0.358037	 	8980.000000
0.518854	 	8986.666667
0.419365	 	8993.333333
0.472858	 	9000.000000
0.289893	 	9006.666667
0.419706	 	9013.333333
0.430950	 	9020.000000
0.359740	 	9026.666667
0.403352	 	9033.333333
0.325669	 	9040.000000
0.459910	 	9046.666667
0.244238	 	9053.333333
0.247304	 	9060.000000
0.311018	 	9066.666667
0.254118	 	9073.333333
0.278650	 	9080.000000
0.238105	 	9086.666667
0.253437	 	9093.333333
0.156674	 	9100.000000
0.100456	 	9106.666667
0.124646	 	9113.333333
0.068769	 	9120.000000
0.027543	 	9126.666667
0.077968	 	9133.333333
0.041512	 	9140.000000
-0.002440	 	9146.666667
0.017321	 	9153.333333
-0.002440	 	9160.000000
-0.122372	 	9166.666667
-0.263769	 	9173.333333
-0.248096	 	9180.000000
-0.280805	 	9186.666667
-0.459681	 	9193.333333
-0.277398	 	9200.000000
-0.342134	 	9206.666667
-0.453548	 	9213.333333
-0.428676	 	9220.000000
-0.390515	 	9226.666667
-0.390175	 	9233.333333
-0.394263	 	9240.000000
-0.400396	 	9246.666667
-0.390515	 	9253.333333
-0.427653	 	9260.000000
-0.435831	 	9266.666667
-0.302270	 	9273.333333
-0.451844	 	9280.000000
-0.416069	 	9286.666667
-0.400055	 	9293.333333
-0.474331	 	9300.000000
-0.508744	 	9306.666667
-0.351333	 	9313.333333
-0.371435	 	9320.000000
-0.440260	 	9326.666667
-0.320328	 	9333.333333
-0.537364	 	9340.000000
-0.393582	 	9346.666667
-0.511469	 	9353.333333
-0.496819	 	9360.000000
-0.474672	 	9366.666667
-0.435149	 	9373.333333
-0.601418	 	9380.000000
-0.474672	 	9386.666667
-0.549289	 	9393.333333
-0.477398	 	9400.000000
-0.422543	 	9406.666667
-0.441963	 	9413.333333
-0.438556	 	9420.000000
-0.438556	 	9426.666667
-0.653548	 	9433.333333
-0.606870	 	9440.000000
-0.673309	 	9446.666667
-0.718624	 	9453.333333
-0.810618	 	9460.000000
-0.796308	 	9466.666667
-0.903974	 	9473.333333
-0.815388	 	9480.000000
-0.755422	 	9486.666667
-0.740090	 	9493.333333
-0.772117	 	9500.000000
-0.729187	 	9506.666667
-0.781316	 	9513.333333
-0.986768	 	9520.000000
-0.830379	 	9526.666667
-0.860703	 	9533.333333
-0.816410	 	9540.000000
-0.955762	 	9546.666667
-0.855933	 	9553.333333
-0.897159	 	9560.000000
-0.936342	 	9566.666667
-0.938727	 	9573.333333
-0.870924	 	9580.000000
-0.932934	 	9586.666667
-0.947245	 	9593.333333
-0.958488	 	9600.000000
-0.945200	 	9606.666667
-0.847074	 	9613.333333
-0.944178	 	9620.000000
-0.875354	 	9626.666667
-0.845371	 	9633.333333
-0.887960	 	9640.000000
-0.935660	 	9646.666667
-0.914195	 	9653.333333
-0.903292	 	9660.000000
-0.886938	 	9666.666667
-0.977228	 	9673.333333
-0.950311	 	9680.000000
-1.055592	 	9686.666667
-0.954740	 	9693.333333
-0.995626	 	9700.000000
-1.068539	 	9706.666667
-1.129527	 	9713.333333
-1.207892	 	9720.000000
-1.263088	 	9726.666667
-1.152015	 	9733.333333
-1.332253	 	9740.000000
-1.268539	 	9746.666667
-1.300226	 	9753.333333
-1.309766	 	9760.000000
-1.234127	 	9766.666667
-1.391538	 	9773.333333
-1.246733	 	9780.000000
-1.300907	 	9786.666667
-1.352015	 	9793.333333
-1.269902	 	9800.000000
-1.330209	 	9806.666667
-1.336001	 	9813.333333
-1.304655	 	9820.000000
-1.313854	 	9826.666667
-1.408573	 	9833.333333
-1.359510	 	9840.000000
-1.483190	 	9846.666667
-1.346904	 	9853.333333
-1.422543	 	9860.000000
-1.604144	 	9866.666667
-1.430379	 	9873.333333
-1.515558	 	9880.000000
-1.513173	 	9886.666667
-1.595626	 	9893.333333
-1.581657	 	9900.000000
-1.568028	 	9906.666667
-1.592560	 	9913.333333
-1.685234	 	9920.000000
-1.620498	 	9926.666667
-1.684212	 	9933.333333
-1.676716	 	9940.000000
-1.660021	 	9946.666667
-1.770413	 	9953.333333
-1.739408	 	9960.000000
-1.813343	 	9966.666667
-1.767006	 	9973.333333
-1.824246	 	9980.000000
-1.781316	 	9986.666667
-1.799374	 	9993.333333
-1.876035	 	10000.000000
-1.892389	 	10006.666667
-1.803122	 	10013.333333
-1.743837	 	10020.000000
-1.845030	 	10026.666667
-1.890004	 	10033.333333
-1.846052	 	10040.000000
-2.064791	 	10046.666667
-1.986086	 	10053.333333
-1.812321	 	10060.000000
-1.861044	 	10066.666667
-1.942815	 	10073.333333
-1.919647	 	10080.000000
-1.904655	 	10086.666667
-1.877057	 	10093.333333
-1.814365	 	10100.000000
-1.919647	 	10106.666667
-1.907040	 	10113.333333
-1.960532	 	10120.000000
-1.898863	 	10126.666667
-2.083871	 	10133.333333
-1.846733	 	10140.000000
-1.940771	 	10146.666667
-1.900567	 	10153.333333
-1.947585	 	10160.000000
-2.041282	 	10166.666667
-1.886938	 	10173.333333
-2.031061	 	10180.000000
-1.863769	 	10186.666667
-1.915558	 	10193.333333
-1.862066	 	10200.000000
-1.837534	 	10206.666667
-1.939408	 	10213.333333
-1.984042	 	10220.000000
-1.991538	 	10226.666667
-2.073991	 	10233.333333
-2.056614	 	10240.000000
-2.102270	 	10246.666667
-2.014706	 	10253.333333
-2.154059	 	10260.000000
-2.081486	 	10266.666667
-2.083531	 	10273.333333
-2.056614	 	10280.000000
-2.110788	 	10286.666667
-2.093752	 	10293.333333
-2.211299	 	10300.000000
-2.276716	 	10306.666667
-2.381316	 	10313.333333
-2.440941	 	10320.000000
-2.281486	 	10326.666667
-2.359170	 	10333.333333
-2.389493	 	10340.000000
-2.401759	 	10346.666667
-2.315558	 	10353.333333
-2.304314	 	10360.000000
-2.383701	 	10366.666667
-2.398352	 	10373.333333
-2.375524	 	10380.000000
-2.425268	 	10386.666667
-2.314877	 	10393.333333
-2.187108	 	10400.000000
-2.249459	 	10406.666667
-2.216751	 	10413.333333
-2.151333	 	10420.000000
-2.224587	 	10426.666667
-2.107040	 	10433.333333
-2.095796	 	10440.000000
-2.165984	 	10446.666667
-2.085234	 	10453.333333
-2.144860	 	10460.000000
-2.134638	 	10466.666667
-2.140090	 	10473.333333
-2.115899	 	10480.000000
-2.218454	 	10486.666667
-2.114536	 	10493.333333
-2.196308	 	10500.000000
-2.200396	 	10506.666667
-2.167347	 	10513.333333
-2.191197	 	10520.000000
-2.277739	 	10526.666667
-2.238897	 	10533.333333
-2.285916	 	10540.000000
-2.170754	 	10546.666667
-2.288982	 	10553.333333
-2.117602	 	10560.000000
-2.139067	 	10566.666667
-2.159851	 	10573.333333
-2.324757	 	10580.000000
-2.155422	 	10586.666667
-2.174502	 	10593.333333
-2.135660	 	10600.000000
-2.107381	 	10606.666667
-2.067858	 	10613.333333
-2.116580	 	10620.000000
-2.181657	 	10626.666667
-2.206188	 	10633.333333
-2.120328	 	10640.000000
-2.427653	 	10646.666667
-2.390175	 	10653.333333
-2.403803	 	10660.000000
-2.364621	 	10666.666667
-2.480124	 	10673.333333
-2.500567	 	10680.000000
-2.542475	 	10686.666667
-2.538727	 	10693.333333
-2.575183	 	10700.000000
-2.718284	 	10706.666667
-2.652526	 	10713.333333
-2.554059	 	10720.000000
-2.580635	 	10726.666667
-2.481146	 	10733.333333
-2.586086	 	10740.000000
-2.663769	 	10746.666667
-2.647415	 	10753.333333
-2.507040	 	10760.000000
-2.550652	 	10766.666667
-2.504996	 	10773.333333
-2.586086	 	10780.000000
-2.465132	 	10786.666667
-2.487619	 	10793.333333
-2.421861	 	10800.000000
-2.429698	 	10806.666667
-2.277057	 	10813.333333
-2.318284	 	10820.000000
-2.327824	 	10826.666667
-2.286597	 	10833.333333
-2.284553	 	10840.000000
-2.464451	 	10846.666667
-2.284212	 	10853.333333
-2.285575	 	10860.000000
-2.451503	 	10866.666667
-2.457636	 	10873.333333
-2.445030	 	10880.000000
-2.379953	 	10886.666667
-2.340771	 	10893.333333
-2.329187	 	10900.000000
-2.468539	 	10906.666667
-2.354059	 	10913.333333
-2.379613	 	10920.000000
-2.242645	 	10926.666667
-2.435490	 	10933.333333
-2.197330	 	10940.000000
-2.257296	 	10946.666667
-2.232083	 	10953.333333
-2.198352	 	10960.000000
-2.170754	 	10966.666667
-2.149289	 	10973.333333
-2.177228	 	10980.000000
-2.179953	 	10986.666667
-2.178250	 	10993.333333
-2.191197	 	11000.000000
-2.136682	 	11006.666667
-2.245371	 	11013.333333
-2.147245	 	11020.000000
-2.196648	 	11026.666667
-2.297159	 	11033.333333
-2.220839	 	11040.000000
-2.285575	 	11046.666667
-2.235490	 	11053.333333
-2.257977	 	11060.000000
-2.234468	 	11066.666667
-2.214706	 	11073.333333
-2.295115	 	11080.000000
-2.269902	 	11086.666667
-2.139408	 	11093.333333
-2.283531	 	11100.000000
-2.197330	 	11106.666667
-2.227994	 	11113.333333
-2.292730	 	11120.000000
-2.423906	 	11126.666667
-2.228676	 	11133.333333
-2.271606	 	11140.000000
-2.235490	 	11146.666667
-2.270243	 	11153.333333
-2.187108	 	11160.000000
-2.390856	 	11166.666667
-2.266836	 	11173.333333
-2.310447	 	11180.000000
-2.319306	 	11186.666667
-2.396648	 	11193.333333
-2.350652	 	11200.000000
-2.326802	 	11206.666667
-2.476716	 	11213.333333
-2.343497	 	11220.000000
-2.341793	 	11226.666667
-2.325439	 	11233.333333
-2.342815	 	11240.000000
-2.379953	 	11246.666667
-2.376887	 	11253.333333
-2.383360	 	11260.000000
-2.383020	 	11266.666667
-2.450481	 	11273.333333
-2.415388	 	11280.000000
-2.567006	 	11286.666667
-2.503633	 	11293.333333
-2.489323	 	11300.000000
-2.468880	 	11306.666667
-2.531572	 	11313.333333
-2.435149	 	11320.000000
-2.463769	 	11326.666667
-2.449800	 	11333.333333
-2.513173	 	11340.000000
-2.516239	 	11346.666667
-2.627994	 	11353.333333
-2.676376	 	11360.000000
-2.623224	 	11366.666667
-2.669221	 	11373.333333
-2.574842	 	11380.000000
-2.522713	 	11386.666667
-2.697841	 	11393.333333
-2.573139	 	11400.000000
-2.642304	 	11406.666667
-2.522032	 	11413.333333
-2.596648	 	11420.000000
-2.629357	 	11426.666667
-2.499544	 	11433.333333
-2.635490	 	11440.000000
-2.604825	 	11446.666667
-2.616410	 	11453.333333
-2.531231	 	11460.000000
-2.660362	 	11466.666667
-2.666154	 	11473.333333
-2.745882	 	11480.000000
-2.654229	 	11486.666667
-2.640601	 	11493.333333
-2.636512	 	11500.000000
-2.585405	 	11506.666667
-2.663769	 	11513.333333
-2.607210	 	11520.000000
-2.669561	 	11526.666667
-2.582679	 	11533.333333
-2.618795	 	11540.000000
-2.737023	 	11546.666667
-2.709766	 	11553.333333
-2.674331	 	11560.000000
-2.683190	 	11566.666667
-2.684553	 	11573.333333
-2.660021	 	11580.000000
-2.669561	 	11586.666667
-2.686938	 	11593.333333
-2.668880	 	11600.000000
-2.777228	 	11606.666667
-2.701248	 	11613.333333
-2.787449	 	11620.000000
-2.751674	 	11626.666667
-2.849459	 	11633.333333
-2.728164	 	11640.000000
-2.773820	 	11646.666667
-2.637534	 	11653.333333
-2.642986	 	11660.000000
-2.660703	 	11666.666667
-2.613343	 	11673.333333
-2.756785	 	11680.000000
-2.762236	 	11686.666667
-2.712832	 	11693.333333
-2.604144	 	11700.000000
-2.689664	 	11706.666667
-2.803463	 	11713.333333
-2.890686	 	11720.000000
-2.850822	 	11726.666667
-2.877057	 	11733.333333
-2.820158	 	11740.000000
-2.851163	 	11746.666667
-2.925439	 	11753.333333
-2.999033	 	11760.000000
-3.035831	 	11766.666667
-2.969050	 	11773.333333
-3.109084	 	11780.000000
-3.004485	 	11786.666667
-3.117262	 	11793.333333
-3.038216	 	11800.000000
-2.928846	 	11806.666667
-3.014365	 	11813.333333
-3.008233	 	11820.000000
-3.037875	 	11826.666667
-2.994604	 	11833.333333
-3.184383	 	11840.000000
-3.120669	 	11846.666667
-3.202100	 	11853.333333
-3.017432	 	11860.000000
-3.025268	 	11866.666667
-3.138045	 	11873.333333
-3.131231	 	11880.000000
-3.069902	 	11886.666667
-3.075013	 	11893.333333
-2.984042	 	11900.000000
-3.245371	 	11906.666667
-2.908403	 	11913.333333
-3.110107	 	11920.000000
-2.939408	 	11926.666667
-3.162917	 	11933.333333
-3.051503	 	11940.000000
-3.201078	 	11946.666667
-3.178590	 	11953.333333
-3.196308	 	11960.000000
-3.106359	 	11966.666667
-3.120669	 	11973.333333
-3.094093	 	11980.000000
-3.148267	 	11986.666667
-3.101929	 	11993.333333
-3.135319	 	12000.000000
-3.108062	 	12006.666667
-3.115217	 	12013.333333
-3.029357	 	12020.000000
-3.204144	 	12026.666667
-2.929187	 	12033.333333
-3.055933	 	12040.000000
-2.966325	 	12046.666667
-3.142475	 	12053.333333
-3.038897	 	12060.000000
-3.151674	 	12066.666667
-3.091708	 	12073.333333
-3.315558	 	12080.000000
-3.106018	 	12086.666667
-3.144519	 	12093.333333
-3.138386	 	12100.000000
-3.246733	 	12106.666667
-3.268199	 	12113.333333
-3.273650	 	12120.000000
-3.344860	 	12126.666667
-3.280464	 	12133.333333
-3.297841	 	12140.000000
-3.187790	 	12146.666667
-3.141452	 	12153.333333
-3.230720	 	12160.000000
-3.104996	 	12166.666667
-3.153718	 	12173.333333
-3.048437	 	12180.000000
-3.255592	 	12186.666667
-3.238897	 	12193.333333
-3.267858	 	12200.000000
-3.279101	 	12206.666667
-3.369732	 	12213.333333
-3.225950	 	12220.000000
-3.257636	 	12226.666667
-3.353377	 	12233.333333
-3.283871	 	12240.000000
-3.416410	 	12246.666667
-3.320328	 	12253.333333
-3.382338	 	12260.000000
-3.349970	 	12266.666667
-3.336342	 	12273.333333
-3.393241	 	12280.000000
-3.420839	 	12286.666667
-3.321691	 	12293.333333
-3.398693	 	12300.000000
-3.429698	 	12306.666667
-3.418113	 	12313.333333
-3.488982	 	12320.000000
-3.583701	 	12326.666667
-3.382679	 	12333.333333
-3.285575	 	12340.000000
-3.400055	 	12346.666667
-3.393582	 	12353.333333
-3.332253	 	12360.000000
-3.281827	 	12366.666667
-3.423224	 	12373.333333
-3.314877	 	12380.000000
-3.156785	 	12386.666667
-3.257636	 	12393.333333
-3.181657	 	12400.000000
-3.104655	 	12406.666667
-3.225950	 	12413.333333
-3.066495	 	12420.000000
-3.173139	 	12426.666667
-3.179953	 	12433.333333
-3.189153	 	12440.000000
-3.242304	 	12446.666667
-3.325098	 	12453.333333
-3.381657	 	12460.000000
-3.258318	 	12466.666667
-3.247756	 	12473.333333
-3.276376	 	12480.000000
-3.174161	 	12486.666667
-3.279101	 	12493.333333
-3.274331	 	12500.000000
-3.362577	 	12506.666667
-3.346904	 	12513.333333
-3.445030	 	12520.000000
-3.376887	 	12526.666667
-3.318624	 	12533.333333
-3.272287	 	12540.000000
-3.324757	 	12546.666667
-3.398693	 	12553.333333
-3.324076	 	12560.000000
-3.433105	 	12566.666667
-3.283531	 	12573.333333
-3.291367	 	12580.000000
-3.233786	 	12586.666667
-3.290686	 	12593.333333
-3.264451	 	12600.000000
-3.169050	 	12606.666667
-3.242304	 	12613.333333
-3.197670	 	12620.000000
-3.400396	 	12626.666667
-3.396648	 	12633.333333
-3.322372	 	12640.000000
-3.185745	 	12646.666667
-3.267517	 	12653.333333
-3.205848	 	12660.000000
-3.263088	 	12666.666667
-3.191538	 	12673.333333
-3.269561	 	12680.000000
-3.199374	 	12686.666667
-3.093752	 	12693.333333
-3.069561	 	12700.000000
-3.233105	 	12706.666667
-3.155422	 	12713.333333
-3.192900	 	12720.000000
-3.119647	 	12726.666667
-3.078761	 	12733.333333
-3.029698	 	12740.000000
-3.128505	 	12746.666667
-3.075354	 	12753.333333
-3.133616	 	12760.000000
-3.020158	 	12766.666667
-3.156444	 	12773.333333
-3.115899	 	12780.000000
-3.297159	 	12786.666667
-3.223224	 	12793.333333
-3.203803	 	12800.000000
-3.254911	 	12806.666667
-3.218795	 	12813.333333
-3.104996	 	12820.000000
-3.195967	 	12826.666667
-3.167006	 	12833.333333
-3.252526	 	12840.000000
-3.330549	 	12846.666667
-3.397670	 	12853.333333
-3.242986	 	12860.000000
-3.259340	 	12866.666667
-3.391197	 	12873.333333
-3.340430	 	12880.000000
-3.292730	 	12886.666667
-3.371435	 	12893.333333
-3.269221	 	12900.000000
-3.286256	 	12906.666667
-3.327824	 	12913.333333
-3.390856	 	12920.000000
-3.409595	 	12926.666667
-3.412321	 	12933.333333
-3.358829	 	12940.000000
-3.469902	 	12946.666667
-3.349289	 	12953.333333
-3.410277	 	12960.000000
-3.308744	 	12966.666667
-3.333275	 	12973.333333
-3.374842	 	12980.000000
-3.402100	 	12986.666667
-3.331572	 	12993.333333
-3.362236	 	13000.000000
-3.402440	 	13006.666667
-3.370754	 	13013.333333
-3.417432	 	13020.000000
-3.399033	 	13026.666667
-3.304996	 	13033.333333
-3.421521	 	13040.000000
-3.371095	 	13046.666667
-3.414025	 	13053.333333
-3.392219	 	13060.000000
-3.449459	 	13066.666667
-3.536682	 	13073.333333
-3.481486	 	13080.000000
-3.405507	 	13086.666667
-3.336342	 	13093.333333
-3.410277	 	13100.000000
-3.328505	 	13106.666667
-3.266495	 	13113.333333
-3.324757	 	13120.000000
-3.471606	 	13126.666667
-3.307381	 	13133.333333
-3.386768	 	13140.000000
-3.380294	 	13146.666667
-3.339749	 	13153.333333
-3.337364	 	13160.000000
-3.301589	 	13166.666667
-3.362236	 	13173.333333
-3.368028	 	13180.000000
-3.267176	 	13186.666667
-3.360532	 	13193.333333
-3.288641	 	13200.000000
-3.523394	 	13206.666667
-3.358829	 	13213.333333
-3.472969	 	13220.000000
-3.404485	 	13226.666667
-3.523735	 	13233.333333
-3.409595	 	13240.000000
-3.534979	 	13246.666667
-3.585405	 	13253.333333
-3.725439	 	13260.000000
-3.623906	 	13266.666667
-3.648778	 	13273.333333
-3.776887	 	13280.000000
-3.786086	 	13286.666667
-3.729187	 	13293.333333
-3.776887	 	13300.000000
-3.737364	 	13306.666667
-3.785405	 	13313.333333
-3.632423	 	13320.000000
-3.826972	 	13326.666667
