#peak 	 	#time 
3.169632	 	0.000000
3.658202	 	6.666667
4.127525	 	13.333333
4.497677	 	20.000000
4.746906	 	26.666667
4.967423	 	33.333333
5.031852	 	40.000000
5.157563	 	46.666667
5.132181	 	53.333333
5.233150	 	60.000000
5.170229	 	66.666667
5.158866	 	73.333333
5.196256	 	80.000000
5.190940	 	86.666667
5.201388	 	93.333333
5.161432	 	100.000000
5.206153	 	106.666667
5.252157	 	113.333333
5.203037	 	120.000000
5.227231	 	126.666667
5.262238	 	133.333333
5.173895	 	140.000000
5.240061	 	146.666667
5.189474	 	153.333333
5.155017	 	160.000000
5.155017	 	166.666667
5.200105	 	173.333333
5.084452	 	180.000000
5.108279	 	186.666667
5.164731	 	193.333333
5.099481	 	200.000000
5.105163	 	206.666667
5.124591	 	213.333333
5.120926	 	220.000000
5.058792	 	226.666667
4.956886	 	233.333333
4.972099	 	240.000000
5.000508	 	246.666667
5.012605	 	253.333333
5.025251	 	260.000000
4.916930	 	266.666667
4.956520	 	273.333333
4.962751	 	280.000000
5.000141	 	286.666667
4.999225	 	293.333333
5.031116	 	300.000000
5.051644	 	306.666667
5.013338	 	313.333333
5.013338	 	320.000000
5.015537	 	326.666667
5.053660	 	333.333333
5.067773	 	340.000000
5.036065	 	346.666667
5.011871	 	353.333333
5.027817	 	360.000000
5.127707	 	366.666667
5.088301	 	373.333333
5.175544	 	380.000000
5.091783	 	386.666667
5.134489	 	393.333333
5.179027	 	400.000000
5.172245	 	406.666667
5.174261	 	413.333333
5.145852	 	420.000000
5.049261	 	426.666667
5.183059	 	433.333333
5.115061	 	440.000000
5.148602	 	446.666667
5.174445	 	453.333333
5.233646	 	460.000000
5.192040	 	466.666667
5.254723	 	473.333333
5.234012	 	480.000000
5.167113	 	486.666667
5.155933	 	493.333333
5.192956	 	500.000000
5.216600	 	506.666667
5.176827	 	513.333333
5.150251	 	520.000000
5.173712	 	526.666667
5.161981	 	533.333333
5.048528	 	540.000000
5.078220	 	546.666667
5.150434	 	553.333333
5.033682	 	560.000000
5.045779	 	566.666667
5.032766	 	573.333333
5.065391	 	580.000000
5.065024	 	586.666667
5.059892	 	593.333333
5.075288	 	600.000000
5.057326	 	606.666667
5.087018	 	613.333333
4.994826	 	620.000000
4.903550	 	626.666667
4.978697	 	633.333333
4.923345	 	640.000000
4.875508	 	646.666667
4.891637	 	653.333333
4.907766	 	660.000000
4.856080	 	666.666667
4.844349	 	673.333333
4.830970	 	680.000000
4.768653	 	686.666667
4.807509	 	693.333333
4.812458	 	700.000000
4.808976	 	706.666667
4.809892	 	713.333333
4.716417	 	720.000000
4.748492	 	726.666667
4.831703	 	733.333333
4.781849	 	740.000000
4.795962	 	746.666667
4.833352	 	753.333333
4.826388	 	760.000000
4.837934	 	766.666667
4.897869	 	773.333333
4.852964	 	780.000000
4.765354	 	786.666667
4.851864	 	793.333333
4.818140	 	800.000000
4.843433	 	806.666667
4.846915	 	813.333333
4.852414	 	820.000000
4.820522	 	826.666667
4.755456	 	833.333333
4.759122	 	840.000000
4.775434	 	846.666667
4.806959	 	853.333333
4.854980	 	860.000000
4.818140	 	866.666667
4.781666	 	873.333333
4.776901	 	880.000000
4.813924	 	886.666667
4.824188	 	893.333333
4.804943	 	900.000000
4.759489	 	906.666667
4.799445	 	913.333333
4.831520	 	920.000000
4.784599	 	926.666667
4.760588	 	933.333333
4.793396	 	940.000000
4.835185	 	946.666667
4.909415	 	953.333333
4.922612	 	960.000000
4.852231	 	966.666667
4.882473	 	973.333333
4.877524	 	980.000000
4.859929	 	986.666667
4.840134	 	993.333333
4.761505	 	1000.000000
4.783499	 	1006.666667
4.840867	 	1013.333333
4.862311	 	1020.000000
4.713484	 	1026.666667
4.803660	 	1033.333333
4.834635	 	1040.000000
4.823822	 	1046.666667
4.824188	 	1053.333333
4.753807	 	1060.000000
4.841967	 	1066.666667
4.766637	 	1073.333333
4.795962	 	1080.000000
4.870009	 	1086.666667
4.888338	 	1093.333333
4.907949	 	1100.000000
4.852781	 	1106.666667
4.906849	 	1113.333333
4.935625	 	1120.000000
4.994093	 	1126.666667
4.935259	 	1133.333333
5.045413	 	1140.000000
5.047978	 	1146.666667
5.019936	 	1153.333333
5.046879	 	1160.000000
5.043580	 	1166.666667
5.121292	 	1173.333333
5.117443	 	1180.000000
5.055310	 	1186.666667
5.086285	 	1193.333333
5.002524	 	1200.000000
5.083536	 	1206.666667
5.015904	 	1213.333333
5.043763	 	1220.000000
5.007656	 	1226.666667
5.008939	 	1233.333333
5.030750	 	1240.000000
5.088484	 	1246.666667
5.033499	 	1253.333333
4.999591	 	1260.000000
5.022319	 	1266.666667
5.155933	 	1273.333333
5.061908	 	1280.000000
5.051827	 	1286.666667
5.039914	 	1293.333333
5.025068	 	1300.000000
5.040281	 	1306.666667
5.154467	 	1313.333333
5.013154	 	1320.000000
5.087385	 	1326.666667
5.056959	 	1333.333333
4.948638	 	1340.000000
5.062091	 	1346.666667
5.030933	 	1353.333333
4.970266	 	1360.000000
4.953954	 	1366.666667
4.949555	 	1373.333333
5.011871	 	1380.000000
4.966967	 	1386.666667
4.949188	 	1393.333333
4.978514	 	1400.000000
4.908132	 	1406.666667
4.910149	 	1413.333333
4.942773	 	1420.000000
4.921879	 	1426.666667
4.996842	 	1433.333333
4.905933	 	1440.000000
4.889071	 	1446.666667
4.830420	 	1453.333333
4.894753	 	1460.000000
4.858096	 	1466.666667
4.807693	 	1473.333333
4.795229	 	1480.000000
4.758572	 	1486.666667
4.791930	 	1493.333333
4.824005	 	1500.000000
4.811175	 	1506.666667
4.851314	 	1513.333333
4.974481	 	1520.000000
4.889254	 	1526.666667
4.859379	 	1533.333333
4.908866	 	1540.000000
4.887055	 	1546.666667
4.974665	 	1553.333333
4.890904	 	1560.000000
4.870559	 	1566.666667
4.858829	 	1573.333333
4.843433	 	1580.000000
4.838668	 	1586.666667
4.837751	 	1593.333333
4.748125	 	1600.000000
4.856263	 	1606.666667
4.784599	 	1613.333333
4.735112	 	1620.000000
4.672978	 	1626.666667
4.815024	 	1633.333333
4.787165	 	1640.000000
4.720449	 	1646.666667
4.747942	 	1653.333333
4.754173	 	1660.000000
4.691124	 	1666.666667
4.783682	 	1673.333333
4.712934	 	1680.000000
4.727964	 	1686.666667
4.699921	 	1693.333333
4.742077	 	1700.000000
4.831153	 	1706.666667
4.843983	 	1713.333333
4.838118	 	1720.000000
4.814841	 	1726.666667
4.860662	 	1733.333333
4.913631	 	1740.000000
4.910149	 	1746.666667
4.985478	 	1753.333333
4.857363	 	1760.000000
4.878257	 	1766.666667
4.840317	 	1773.333333
4.826388	 	1780.000000
4.904283	 	1786.666667
4.865427	 	1793.333333
4.878440	 	1800.000000
4.819973	 	1806.666667
4.763154	 	1813.333333
4.853147	 	1820.000000
4.841600	 	1826.666667
4.804760	 	1833.333333
4.694056	 	1840.000000
4.784232	 	1846.666667
4.716967	 	1853.333333
4.673345	 	1860.000000
4.705603	 	1866.666667
4.695706	 	1873.333333
4.696439	 	1880.000000
4.702121	 	1886.666667
4.702304	 	1893.333333
4.677011	 	1900.000000
4.683609	 	1906.666667
4.642737	 	1913.333333
4.655566	 	1920.000000
4.594349	 	1926.666667
4.599481	 	1933.333333
4.608279	 	1940.000000
4.523235	 	1946.666667
4.540281	 	1953.333333
4.554943	 	1960.000000
4.517370	 	1966.666667
4.523968	 	1973.333333
4.543396	 	1980.000000
4.468250	 	1986.666667
4.573272	 	1993.333333
4.467700	 	2000.000000
4.582069	 	2006.666667
4.565207	 	2013.333333
4.680676	 	2020.000000
4.664731	 	2026.666667
4.671695	 	2033.333333
4.599481	 	2040.000000
4.613594	 	2046.666667
4.568323	 	2053.333333
4.618726	 	2060.000000
4.688924	 	2066.666667
4.716783	 	2073.333333
4.734562	 	2080.000000
4.709635	 	2086.666667
4.717883	 	2093.333333
4.739877	 	2100.000000
4.712568	 	2106.666667
4.784415	 	2113.333333
4.718800	 	2120.000000
4.780750	 	2126.666667
4.658866	 	2133.333333
4.703770	 	2140.000000
4.722649	 	2146.666667
4.723382	 	2153.333333
4.791197	 	2160.000000
4.687825	 	2166.666667
4.718066	 	2173.333333
4.650618	 	2180.000000
4.712934	 	2186.666667
4.749775	 	2193.333333
4.710369	 	2200.000000
4.705420	 	2206.666667
4.733462	 	2213.333333
4.794679	 	2220.000000
4.738044	 	2226.666667
4.723382	 	2233.333333
4.773968	 	2240.000000
4.769386	 	2246.666667
4.793946	 	2253.333333
4.738228	 	2260.000000
4.753807	 	2266.666667
4.780200	 	2273.333333
4.802744	 	2280.000000
4.847282	 	2286.666667
4.827671	 	2293.333333
4.774152	 	2300.000000
4.813374	 	2306.666667
4.853514	 	2313.333333
4.796512	 	2320.000000
4.843800	 	2326.666667
4.885772	 	2333.333333
4.848932	 	2340.000000
4.799995	 	2346.666667
4.828587	 	2353.333333
4.812458	 	2360.000000
4.889437	 	2366.666667
4.813558	 	2373.333333
4.758206	 	2380.000000
4.728880	 	2386.666667
4.695522	 	2393.333333
4.808609	 	2400.000000
4.720266	 	2406.666667
4.692223	 	2413.333333
4.723565	 	2420.000000
4.669863	 	2426.666667
4.675911	 	2433.333333
4.640720	 	2440.000000
4.716783	 	2446.666667
4.698088	 	2453.333333
4.650984	 	2460.000000
4.736761	 	2466.666667
4.765537	 	2473.333333
4.775984	 	2480.000000
4.818873	 	2486.666667
4.772319	 	2493.333333
4.805127	 	2500.000000
4.850398	 	2506.666667
4.853514	 	2513.333333
4.837018	 	2520.000000
4.851314	 	2526.666667
4.827304	 	2533.333333
4.883572	 	2540.000000
4.936725	 	2546.666667
4.954503	 	2553.333333
4.975948	 	2560.000000
4.894936	 	2566.666667
4.921512	 	2573.333333
4.944789	 	2580.000000
4.850948	 	2586.666667
4.966050	 	2593.333333
4.973565	 	2600.000000
4.982546	 	2606.666667
4.993543	 	2613.333333
4.940391	 	2620.000000
4.937825	 	2626.666667
4.970999	 	2633.333333
4.897319	 	2640.000000
4.934342	 	2646.666667
4.918396	 	2653.333333
4.892553	 	2660.000000
4.851864	 	2666.666667
4.898602	 	2673.333333
4.916564	 	2680.000000
4.916564	 	2686.666667
4.856446	 	2693.333333
4.920046	 	2700.000000
4.858279	 	2706.666667
4.874225	 	2713.333333
4.996476	 	2720.000000
4.872942	 	2726.666667
4.916014	 	2733.333333
4.969899	 	2740.000000
4.978697	 	2746.666667
4.991710	 	2753.333333
4.997392	 	2760.000000
5.013888	 	2766.666667
4.960552	 	2773.333333
4.999225	 	2780.000000
4.882106	 	2786.666667
4.862128	 	2793.333333
4.887238	 	2800.000000
4.878807	 	2806.666667
4.899518	 	2813.333333
4.814291	 	2820.000000
4.752524	 	2826.666667
4.817590	 	2833.333333
4.762055	 	2840.000000
4.758206	 	2846.666667
4.741527	 	2853.333333
4.715867	 	2860.000000
4.683792	 	2866.666667
4.758389	 	2873.333333
4.735662	 	2880.000000
4.808609	 	2886.666667
4.722832	 	2893.333333
4.695339	 	2900.000000
4.830420	 	2906.666667
4.715684	 	2913.333333
4.767737	 	2920.000000
4.863228	 	2926.666667
4.848382	 	2933.333333
5.001791	 	2940.000000
4.950105	 	2946.666667
4.878624	 	2953.333333
4.970999	 	2960.000000
5.000325	 	2966.666667
5.087934	 	2973.333333
4.966967	 	2980.000000
4.974848	 	2986.666667
5.097832	 	2993.333333
5.061908	 	3000.000000
5.037898	 	3006.666667
5.005640	 	3013.333333
5.014254	 	3020.000000
5.103880	 	3026.666667
5.077487	 	3033.333333
5.117993	 	3040.000000
5.092700	 	3046.666667
5.137055	 	3053.333333
5.196989	 	3060.000000
5.163264	 	3066.666667
5.123675	 	3073.333333
5.471732	 	3080.000000
6.124408	 	3086.666667
7.056043	 	3093.333333
8.475215	 	3100.000000
10.525251	 	3106.666667
13.328037	 	3113.333333
17.093983	 	3120.000000
23.287348	 	3126.666667
42.097465	 	3133.333333
96.582436	 	3140.000000
183.563008	 	3146.666667
281.495742	 	3153.333333
382.861212	 	3160.000000
489.701021	 	3166.666667
605.435992	 	3173.333333
729.990061	 	3180.000000
863.272135	 	3186.666667
1004.473198	 	3193.333333
1153.700471	 	3200.000000
1308.991893	 	3206.666667
1468.512238	 	3213.333333
1631.618360	 	3220.000000
1796.074005	 	3226.666667
1960.734929	 	3233.333333
2122.901534	 	3240.000000
2282.323272	 	3246.666667
2436.939657	 	3253.333333
2585.942956	 	3260.000000
2729.958169	 	3266.666667
2865.301461	 	3273.333333
2991.615610	 	3280.000000
3107.648235	 	3286.666667
3214.744643	 	3293.333333
3313.153184	 	3300.000000
3399.756556	 	3306.666667
3476.837018	 	3313.333333
3544.265904	 	3320.000000
3602.256556	 	3326.666667
3649.398785	 	3333.333333
3687.715317	 	3340.000000
3715.635772	 	3346.666667
3734.546146	 	3353.333333
3745.327854	 	3360.000000
3748.595449	 	3366.666667
3744.017370	 	3373.333333
3733.365244	 	3380.000000
3716.608829	 	3386.666667
3695.127891	 	3393.333333
3667.330970	 	3400.000000
3635.769203	 	3406.666667
3600.701937	 	3413.333333
3562.454870	 	3420.000000
3520.415830	 	3426.666667
3476.173895	 	3433.333333
3430.104797	 	3440.000000
3382.092883	 	3446.666667
3332.769569	 	3453.333333
3281.878624	 	3460.000000
3230.082803	 	3466.666667
3177.638888	 	3473.333333
3124.633389	 	3480.000000
3070.889804	 	3486.666667
3016.641454	 	3493.333333
2962.016454	 	3500.000000
2908.109562	 	3506.666667
2853.725581	 	3513.333333
2799.799995	 	3520.000000
2746.222282	 	3526.666667
2692.566673	 	3533.333333
2640.099298	 	3540.000000
2588.202487	 	3546.666667
2536.855163	 	3553.333333
2486.339401	 	3560.000000
2436.384122	 	3566.666667
2387.427011	 	3573.333333
2339.333719	 	3580.000000
2291.878257	 	3586.666667
2245.124775	 	3593.333333
2199.421146	 	3600.000000
2154.852231	 	3606.666667
2111.397869	 	3613.333333
2068.513521	 	3620.000000
2026.521402	 	3626.666667
1985.447905	 	3633.333333
1945.083169	 	3640.000000
1905.916197	 	3646.666667
1867.497209	 	3653.333333
1829.778917	 	3660.000000
1792.887238	 	3666.666667
1757.002157	 	3673.333333
1721.583719	 	3680.000000
1686.985662	 	3686.666667
1653.317223	 	3693.333333
1620.491344	 	3700.000000
1588.393103	 	3706.666667
1557.385222	 	3713.333333
1526.612861	 	3720.000000
1496.991160	 	3726.666667
1468.041380	 	3733.333333
1439.450654	 	3740.000000
1411.981446	 	3746.666667
1385.019020	 	3753.333333
1358.898418	 	3760.000000
1333.428477	 	3766.666667
1308.557509	 	3773.333333
1284.004357	 	3780.000000
1260.130273	 	3786.666667
1236.944606	 	3793.333333
1214.292297	 	3800.000000
1192.176278	 	3806.666667
1170.527451	 	3813.333333
1149.729430	 	3820.000000
1129.140720	 	3826.666667
1109.159049	 	3833.333333
1089.310075	 	3840.000000
1070.114327	 	3846.666667
1051.657033	 	3853.333333
1033.420046	 	3860.000000
1015.672795	 	3866.666667
998.313374	 	3873.333333
981.197172	 	3880.000000
964.586285	 	3886.666667
948.189657	 	3893.333333
932.252707	 	3900.000000
916.600031	 	3906.666667
901.167663	 	3913.333333
886.168213	 	3920.000000
871.400068	 	3926.666667
856.759855	 	3933.333333
842.687641	 	3940.000000
828.942956	 	3946.666667
815.328770	 	3953.333333
801.913081	 	3960.000000
788.920413	 	3966.666667
775.981996	 	3973.333333
763.421146	 	3980.000000
751.130456	 	3986.666667
738.991893	 	3993.333333
727.083902	 	4000.000000
715.583352	 	4006.666667
704.152267	 	4013.333333
692.897135	 	4020.000000
681.795413	 	4026.666667
670.810442	 	4033.333333
660.270486	 	4040.000000
649.949005	 	4046.666667
639.536065	 	4053.333333
629.596732	 	4060.000000
619.661432	 	4066.666667
609.905566	 	4073.333333
600.595266	 	4080.000000
591.319973	 	4086.666667
582.082619	 	4093.333333
573.224665	 	4100.000000
564.443323	 	4106.666667
555.756923	 	4113.333333
547.271952	 	4120.000000
538.968800	 	4126.666667
530.961468	 	4133.333333
523.083902	 	4140.000000
515.466783	 	4146.666667
507.760955	 	4153.333333
500.222282	 	4160.000000
492.792480	 	4166.666667
485.744826	 	4173.333333
478.692956	 	4180.000000
471.926827	 	4186.666667
465.194056	 	4193.333333
458.465134	 	4200.000000
451.824005	 	4206.666667
445.500691	 	4213.333333
439.310808	 	4220.000000
433.414364	 	4226.666667
427.426644	 	4233.333333
421.631556	 	4240.000000
415.807509	 	4246.666667
410.065757	 	4253.333333
404.407216	 	4260.000000
398.860662	 	4266.666667
393.575654	 	4273.333333
388.290464	 	4280.000000
382.966417	 	4286.666667
377.750325	 	4293.333333
372.491527	 	4300.000000
367.462751	 	4306.666667
362.520486	 	4313.333333
357.701021	 	4320.000000
353.021586	 	4326.666667
348.126791	 	4333.333333
343.464401	 	4340.000000
338.790281	 	4346.666667
334.218616	 	4353.333333
329.710552	 	4360.000000
325.310808	 	4366.666667
320.967883	 	4373.333333
316.648785	 	4380.000000
312.546146	 	4386.666667
308.336468	 	4393.333333
304.168946	 	4400.000000
300.042113	 	4406.666667
296.172245	 	4413.333333
292.075471	 	4420.000000
288.109745	 	4426.666667
284.285332	 	4433.333333
280.497392	 	4440.000000
276.794496	 	4446.666667
273.081703	 	4453.333333
269.510772	 	4460.000000
265.908682	 	4466.666667
262.439108	 	4473.333333
258.891087	 	4480.000000
255.525618	 	4486.666667
252.097099	 	4493.333333
248.773785	 	4500.000000
245.625325	 	4506.666667
242.674995	 	4513.333333
238.888338	 	4520.000000
236.270486	 	4526.666667
233.239327	 	4533.333333
230.275068	 	4540.000000
227.113044	 	4546.666667
224.455603	 	4553.333333
221.326937	 	4560.000000
218.857729	 	4566.666667
215.866344	 	4573.333333
213.598748	 	4580.000000
210.497209	 	4586.666667
207.987311	 	4593.333333
205.312458	 	4600.000000
203.370559	 	4606.666667
200.498308	 	4613.333333
198.479247	 	4620.000000
195.545779	 	4626.666667
193.336102	 	4633.333333
191.735478	 	4640.000000
188.302561	 	4646.666667
186.376608	 	4653.333333
185.231080	 	4660.000000
182.302561	 	4666.666667
180.747209	 	4673.333333
177.425728	 	4680.000000
176.987861	 	4686.666667
174.106813	 	4693.333333
171.659599	 	4700.000000
170.368360	 	4706.666667
167.642737	 	4713.333333
166.547245	 	4720.000000
163.960185	 	4726.666667
162.388338	 	4733.333333
160.439657	 	4740.000000
158.864511	 	4746.666667
156.669130	 	4753.333333
154.561908	 	4760.000000
153.645303	 	4766.666667
151.165647	 	4773.333333
150.034782	 	4780.000000
147.507289	 	4786.666667
146.292663	 	4793.333333
145.091783	 	4800.000000
141.626424	 	4806.666667
141.852047	 	4813.333333
138.635405	 	4820.000000
137.882289	 	4826.666667
136.205420	 	4833.333333
134.127524	 	4840.000000
133.706336	 	4846.666667
131.476314	 	4853.333333
130.064108	 	4860.000000
128.580970	 	4866.666667
127.625325	 	4873.333333
125.436725	 	4880.000000
124.118726	 	4886.666667
123.491344	 	4893.333333
121.402267	 	4900.000000
120.740977	 	4906.666667
118.568323	 	4913.333333
118.677744	 	4920.000000
116.528184	 	4926.666667
115.028734	 	4933.333333
114.699371	 	4940.000000
112.619093	 	4946.666667
112.478514	 	4953.333333
110.641270	 	4960.000000
109.512238	 	4966.666667
108.624775	 	4973.333333
107.803844	 	4980.000000
106.469349	 	4986.666667
105.042297	 	4993.333333
104.537715	 	5000.000000
103.226131	 	5006.666667
102.363411	 	5013.333333
100.938191	 	5020.000000
100.244643	 	5026.666667
99.342150	 	5033.333333
97.652451	 	5040.000000
97.205420	 	5046.666667
95.978880	 	5053.333333
95.331336	 	5060.000000
93.816307	 	5066.666667
93.244276	 	5073.333333
92.292480	 	5080.000000
91.180493	 	5086.666667
90.569789	 	5093.333333
89.339034	 	5100.000000
88.477414	 	5106.666667
87.720083	 	5113.333333
86.694239	 	5120.000000
85.813558	 	5126.666667
85.053294	 	5133.333333
84.088301	 	5140.000000
83.126608	 	5146.666667
82.562825	 	5153.333333
81.499042	 	5160.000000
80.853330	 	5166.666667
79.677011	 	5173.333333
79.083169	 	5180.000000
78.509305	 	5186.666667
77.258389	 	5193.333333
76.874958	 	5200.000000
75.946439	 	5206.666667
74.975948	 	5213.333333
74.357363	 	5220.000000
73.512605	 	5226.666667
72.791014	 	5233.333333
72.110845	 	5240.000000
71.338118	 	5246.666667
70.590500	 	5253.333333
70.011138	 	5260.000000
69.352231	 	5266.666667
68.626791	 	5273.333333
67.953037	 	5280.000000
67.435442	 	5286.666667
66.690574	 	5293.333333
66.033499	 	5300.000000
65.607179	 	5306.666667
64.803294	 	5313.333333
64.112861	 	5320.000000
63.640537	 	5326.666667
62.977047	 	5333.333333
62.423712	 	5340.000000
61.678660	 	5346.666667
61.255456	 	5353.333333
60.600581	 	5360.000000
60.004540	 	5366.666667
59.593250	 	5373.333333
58.869643	 	5380.000000
58.222099	 	5386.666667
57.864327	 	5393.333333
57.252524	 	5400.000000
56.631190	 	5406.666667
56.192956	 	5413.333333
55.484012	 	5420.000000
54.967150	 	5426.666667
54.247759	 	5433.333333
53.660698	 	5440.000000
53.247759	 	5446.666667
52.489877	 	5453.333333
52.139254	 	5460.000000
51.500874	 	5466.666667
51.087385	 	5473.333333
50.678477	 	5480.000000
50.091600	 	5486.666667
49.600948	 	5493.333333
49.171695	 	5500.000000
48.798345	 	5506.666667
48.301094	 	5513.333333
47.864327	 	5520.000000
47.500691	 	5526.666667
47.106630	 	5533.333333
46.677744	 	5540.000000
46.159232	 	5546.666667
45.810075	 	5553.333333
45.313191	 	5560.000000
44.989877	 	5566.666667
44.629357	 	5573.333333
44.257473	 	5580.000000
43.907033	 	5586.666667
43.496292	 	5593.333333
43.218433	 	5600.000000
42.775801	 	5606.666667
42.440024	 	5613.333333
42.105163	 	5620.000000
41.708352	 	5626.666667
41.419313	 	5633.333333
41.205053	 	5640.000000
40.710185	 	5646.666667
40.309159	 	5653.333333
40.015171	 	5660.000000
39.723198	 	5666.666667
39.450654	 	5673.333333
39.029467	 	5680.000000
38.720816	 	5686.666667
38.416014	 	5693.333333
37.960552	 	5700.000000
37.744276	 	5706.666667
37.312641	 	5713.333333
37.113044	 	5720.000000
36.739327	 	5726.666667
36.495926	 	5733.333333
36.190574	 	5740.000000
35.939291	 	5746.666667
35.587385	 	5753.333333
35.348565	 	5760.000000
35.042847	 	5766.666667
34.733279	 	5773.333333
34.387788	 	5780.000000
33.914364	 	5786.666667
33.641637	 	5793.333333
33.340867	 	5800.000000
33.004173	 	5806.666667
32.707619	 	5813.333333
32.395119	 	5820.000000
32.124591	 	5826.666667
31.778184	 	5833.333333
31.343983	 	5840.000000
31.114144	 	5846.666667
30.869093	 	5853.333333
30.536065	 	5860.000000
30.162898	 	5866.666667
29.933242	 	5873.333333
29.655383	 	5880.000000
29.359929	 	5886.666667
29.094899	 	5893.333333
28.888521	 	5900.000000
28.616160	 	5906.666667
28.341600	 	5913.333333
28.208352	 	5920.000000
27.970266	 	5926.666667
27.705786	 	5933.333333
27.499775	 	5940.000000
27.213118	 	5946.666667
27.062091	 	5953.333333
26.830970	 	5960.000000
26.570156	 	5966.666667
26.271586	 	5973.333333
26.058609	 	5980.000000
25.960735	 	5986.666667
25.682143	 	5993.333333
25.657949	 	6000.000000
25.363594	 	6006.666667
25.148602	 	6013.333333
24.995559	 	6020.000000
24.846366	 	6026.666667
24.707803	 	6033.333333
24.497209	 	6040.000000
24.302744	 	6046.666667
24.108096	 	6053.333333
24.092700	 	6060.000000
23.906116	 	6066.666667
23.669496	 	6073.333333
23.531849	 	6080.000000
23.310625	 	6086.666667
23.199371	 	6093.333333
23.054393	 	6100.000000
22.800361	 	6106.666667
22.650618	 	6113.333333
22.433976	 	6120.000000
22.361761	 	6126.666667
22.188191	 	6133.333333
21.968066	 	6140.000000
21.819789	 	6146.666667
21.756923	 	6153.333333
21.535698	 	6160.000000
21.385955	 	6166.666667
21.333902	 	6173.333333
21.220999	 	6180.000000
21.010405	 	6186.666667
20.866160	 	6193.333333
20.704870	 	6200.000000
20.580970	 	6206.666667
20.345449	 	6213.333333
20.331153	 	6220.000000
20.168946	 	6226.666667
20.028184	 	6233.333333
19.813924	 	6240.000000
19.657949	 	6246.666667
19.406666	 	6253.333333
19.241710	 	6260.000000
18.986395	 	6266.666667
18.935075	 	6273.333333
18.706153	 	6280.000000
18.570706	 	6286.666667
18.332436	 	6293.333333
18.303660	 	6300.000000
18.157399	 	6306.666667
17.992077	 	6313.333333
17.795779	 	6320.000000
17.670596	 	6326.666667
17.471366	 	6333.333333
17.403734	 	6340.000000
17.343800	 	6346.666667
17.182326	 	6353.333333
17.063191	 	6360.000000
16.886688	 	6366.666667
16.740427	 	6373.333333
16.646952	 	6380.000000
16.536248	 	6386.666667
16.457986	 	6393.333333
16.348382	 	6400.000000
16.256739	 	6406.666667
15.957069	 	6413.333333
16.000141	 	6420.000000
15.762605	 	6426.666667
15.914547	 	6433.333333
15.675178	 	6440.000000
15.663631	 	6446.666667
15.523602	 	6453.333333
15.472649	 	6460.000000
15.348932	 	6466.666667
15.297612	 	6473.333333
15.256373	 	6480.000000
15.191124	 	6486.666667
15.104430	 	6493.333333
15.072722	 	6500.000000
14.998125	 	6506.666667
14.914914	 	6513.333333
14.844166	 	6520.000000
14.815024	 	6526.666667
14.797978	 	6533.333333
14.645852	 	6540.000000
14.578037	 	6546.666667
14.483646	 	6553.333333
14.445339	 	6560.000000
14.317590	 	6566.666667
14.268286	 	6573.333333
14.134122	 	6580.000000
14.087385	 	6586.666667
14.061358	 	6593.333333
13.944056	 	6600.000000
13.901901	 	6606.666667
13.847099	 	6613.333333
13.810442	 	6620.000000
13.585369	 	6626.666667
13.574188	 	6633.333333
13.512238	 	6640.000000
13.435625	 	6646.666667
13.295229	 	6653.333333
13.192040	 	6660.000000
13.127707	 	6666.666667
13.055127	 	6673.333333
12.952121	 	6680.000000
12.882106	 	6686.666667
12.729980	 	6693.333333
12.661615	 	6700.000000
12.496109	 	6706.666667
12.402634	 	6713.333333
12.355713	 	6720.000000
12.166930	 	6726.666667
12.048345	 	6733.333333
11.907583	 	6740.000000
11.897319	 	6746.666667
11.789731	 	6753.333333
11.596915	 	6760.000000
11.501791	 	6766.666667
11.423712	 	6773.333333
11.367627	 	6780.000000
11.231630	 	6786.666667
11.209086	 	6793.333333
11.037715	 	6800.000000
10.981813	 	6806.666667
10.906300	 	6813.333333
10.882289	 	6820.000000
10.754723	 	6826.666667
10.639804	 	6833.333333
10.656116	 	6840.000000
10.550728	 	6846.666667
10.563558	 	6853.333333
10.523052	 	6860.000000
10.527817	 	6866.666667
10.495559	 	6873.333333
10.512788	 	6880.000000
10.445706	 	6886.666667
10.417113	 	6893.333333
10.365244	 	6900.000000
10.308242	 	6906.666667
10.313374	 	6913.333333
10.297978	 	6920.000000
10.227231	 	6926.666667
10.203220	 	6933.333333
10.100031	 	6940.000000
10.042847	 	6946.666667
9.957069	 	6953.333333
9.935625	 	6960.000000
9.800728	 	6966.666667
9.777817	 	6973.333333
9.727414	 	6980.000000
9.561358	 	6986.666667
9.438374	 	6993.333333
9.385955	 	7000.000000
9.291930	 	7006.666667
9.252341	 	7013.333333
9.208719	 	7020.000000
9.073088	 	7026.666667
9.068873	 	7033.333333
8.849115	 	7040.000000
8.848382	 	7046.666667
8.798712	 	7053.333333
8.682143	 	7060.000000
8.588301	 	7066.666667
8.488044	 	7073.333333
8.409232	 	7080.000000
8.316673	 	7086.666667
8.215500	 	7093.333333
8.111761	 	7100.000000
8.084269	 	7106.666667
8.022135	 	7113.333333
7.907949	 	7120.000000
7.838301	 	7126.666667
7.775068	 	7133.333333
7.720999	 	7140.000000
7.784232	 	7146.666667
7.761138	 	7153.333333
7.636871	 	7160.000000
7.685808	 	7166.666667
7.576021	 	7173.333333
7.554577	 	7180.000000
7.567040	 	7186.666667
7.471732	 	7193.333333
7.422978	 	7200.000000
7.365244	 	7206.666667
7.358829	 	7213.333333
7.386871	 	7220.000000
7.238044	 	7226.666667
7.135772	 	7233.333333
7.209452	 	7240.000000
7.099115	 	7246.666667
7.054210	 	7253.333333
6.949188	 	7260.000000
6.932143	 	7266.666667
6.908499	 	7273.333333
6.909965	 	7280.000000
6.769569	 	7286.666667
6.836468	 	7293.333333
6.803660	 	7300.000000
6.821256	 	7306.666667
6.772319	 	7313.333333
6.792663	 	7320.000000
6.791564	 	7326.666667
6.828220	 	7333.333333
6.784049	 	7340.000000
6.784965	 	7346.666667
6.718983	 	7353.333333
6.796695	 	7360.000000
6.786798	 	7366.666667
6.681593	 	7373.333333
6.651351	 	7380.000000
6.558059	 	7386.666667
6.494826	 	7393.333333
6.439841	 	7400.000000
6.407216	 	7406.666667
6.300361	 	7413.333333
6.298895	 	7420.000000
6.229430	 	7426.666667
6.187641	 	7433.333333
6.100031	 	7440.000000
5.989877	 	7446.666667
5.984012	 	7453.333333
5.939474	 	7460.000000
5.802194	 	7466.666667
5.761871	 	7473.333333
5.694606	 	7480.000000
5.659415	 	7486.666667
5.579687	 	7493.333333
5.482546	 	7500.000000
5.535882	 	7506.666667
5.420779	 	7513.333333
5.385772	 	7520.000000
5.284965	 	7526.666667
5.322355	 	7533.333333
5.243543	 	7540.000000
5.219716	 	7546.666667
5.291197	 	7553.333333
5.307876	 	7560.000000
5.289181	 	7566.666667
5.283316	 	7573.333333
5.178294	 	7580.000000
5.180310	 	7586.666667
5.150801	 	7593.333333
5.135955	 	7600.000000
5.084452	 	7606.666667
5.044863	 	7613.333333
5.082253	 	7620.000000
5.105713	 	7626.666667
5.024701	 	7633.333333
5.007289	 	7640.000000
4.967883	 	7646.666667
4.964034	 	7653.333333
4.916380	 	7660.000000
4.898785	 	7666.666667
4.869826	 	7673.333333
4.808609	 	7680.000000
4.826754	 	7686.666667
4.779650	 	7693.333333
4.812275	 	7700.000000
4.737311	 	7706.666667
4.657766	 	7713.333333
4.788081	 	7720.000000
4.801644	 	7726.666667
4.731263	 	7733.333333
4.718616	 	7740.000000
4.748858	 	7746.666667
4.820339	 	7753.333333
4.755456	 	7760.000000
4.668030	 	7766.666667
4.718800	 	7773.333333
4.729247	 	7780.000000
4.702854	 	7786.666667
4.662715	 	7793.333333
4.652634	 	7800.000000
4.587201	 	7806.666667
4.582436	 	7813.333333
4.451021	 	7820.000000
4.436908	 	7826.666667
4.491527	 	7833.333333
4.350764	 	7840.000000
4.248675	 	7846.666667
4.185808	 	7853.333333
4.174445	 	7860.000000
4.171329	 	7866.666667
4.024885	 	7873.333333
3.988411	 	7880.000000
4.016087	 	7886.666667
3.995926	 	7893.333333
3.971366	 	7900.000000
3.854430	 	7906.666667
3.896036	 	7913.333333
3.777451	 	7920.000000
3.820339	 	7926.666667
3.747209	 	7933.333333
3.759855	 	7940.000000
3.700105	 	7946.666667
3.551644	 	7953.333333
3.551644	 	7960.000000
3.654100	 	7966.666667
3.523418	 	7973.333333
3.455420	 	7980.000000
3.394203	 	7986.666667
3.418580	 	7993.333333
3.399701	 	8000.000000
3.373492	 	8006.666667
3.330970	 	8013.333333
3.332619	 	8020.000000
3.264621	 	8026.666667
3.297978	 	8033.333333
3.228330	 	8040.000000
3.314291	 	8046.666667
3.300361	 	8053.333333
3.202854	 	8060.000000
3.218616	 	8066.666667
3.216050	 	8073.333333
3.171512	 	8080.000000
3.124225	 	8086.666667
3.126058	 	8093.333333
3.162531	 	8100.000000
3.080053	 	8106.666667
3.047795	 	8113.333333
3.090500	 	8120.000000
2.974665	 	8126.666667
3.036432	 	8133.333333
2.975764	 	8140.000000
2.872942	 	8146.666667
2.907216	 	8153.333333
2.991893	 	8160.000000
3.003807	 	8166.666667
3.056043	 	8173.333333
3.008756	 	8180.000000
2.952304	 	8186.666667
3.009855	 	8193.333333
2.999225	 	8200.000000
3.003990	 	8206.666667
2.828770	 	8213.333333
2.871659	 	8220.000000
2.862678	 	8226.666667
2.787348	 	8233.333333
2.793763	 	8240.000000
2.759855	 	8246.666667
2.740794	 	8253.333333
2.708352	 	8260.000000
2.851498	 	8266.666667
2.710369	 	8273.333333
2.723565	 	8280.000000
2.677377	 	8286.666667
2.671695	 	8293.333333
2.798895	 	8300.000000
2.734379	 	8306.666667
2.669863	 	8313.333333
2.781849	 	8320.000000
2.633939	 	8326.666667
2.653550	 	8333.333333
2.622942	 	8340.000000
2.616160	 	8346.666667
2.616893	 	8353.333333
2.574188	 	8360.000000
2.624042	 	8366.666667
2.589217	 	8373.333333
2.521219	 	8380.000000
2.494826	 	8386.666667
2.416197	 	8393.333333
2.485662	 	8400.000000
2.556959	 	8406.666667
2.498308	 	8413.333333
2.505456	 	8420.000000
2.536615	 	8426.666667
2.513154	 	8433.333333
2.577121	 	8440.000000
2.549445	 	8446.666667
2.569423	 	8453.333333
2.548712	 	8460.000000
2.495009	 	8466.666667
2.637788	 	8473.333333
2.529467	 	8480.000000
2.602231	 	8486.666667
2.567590	 	8493.333333
2.540281	 	8500.000000
2.493726	 	8506.666667
2.469716	 	8513.333333
2.388888	 	8520.000000
2.483462	 	8526.666667
2.399518	 	8533.333333
2.409232	 	8540.000000
2.401534	 	8546.666667
2.366160	 	8553.333333
2.329137	 	8560.000000
2.312825	 	8566.666667
2.303660	 	8573.333333
2.265537	 	8580.000000
2.247392	 	8586.666667
2.266454	 	8593.333333
2.167297	 	8600.000000
2.260588	 	8606.666667
2.281666	 	8613.333333
2.243176	 	8620.000000
2.257106	 	8626.666667
2.338484	 	8633.333333
2.274518	 	8640.000000
2.305310	 	8646.666667
2.171695	 	8653.333333
2.164364	 	8660.000000
2.115977	 	8666.666667
2.126608	 	8673.333333
2.103880	 	8680.000000
2.069423	 	8686.666667
2.016820	 	8693.333333
1.966783	 	8700.000000
1.904467	 	8706.666667
1.870193	 	8713.333333
1.912348	 	8720.000000
1.802744	 	8726.666667
1.815207	 	8733.333333
1.896402	 	8740.000000
1.792847	 	8746.666667
1.814657	 	8753.333333
1.805860	 	8760.000000
1.815757	 	8766.666667
1.804943	 	8773.333333
1.742260	 	8780.000000
1.667113	 	8786.666667
1.700288	 	8793.333333
1.741344	 	8800.000000
1.734562	 	8806.666667
1.727414	 	8813.333333
1.712934	 	8820.000000
1.738778	 	8826.666667
1.714034	 	8833.333333
1.710735	 	8840.000000
1.720449	 	8846.666667
1.657033	 	8853.333333
1.655566	 	8860.000000
1.604064	 	8866.666667
1.599665	 	8873.333333
1.557326	 	8880.000000
1.676461	 	8886.666667
1.582069	 	8893.333333
1.536432	 	8900.000000
1.487311	 	8906.666667
1.541380	 	8913.333333
1.482913	 	8920.000000
1.482729	 	8926.666667
1.570156	 	8933.333333
1.521952	 	8940.000000
1.519386	 	8946.666667
1.533132	 	8953.333333
1.508389	 	8960.000000
1.441490	 	8966.666667
1.459635	 	8973.333333
1.479247	 	8980.000000
1.369643	 	8986.666667
1.309342	 	8993.333333
1.316857	 	9000.000000
1.357179	 	9006.666667
1.331886	 	9013.333333
1.293946	 	9020.000000
1.323272	 	9026.666667
1.239511	 	9033.333333
1.343616	 	9040.000000
1.315940	 	9046.666667
1.379173	 	9053.333333
1.221732	 	9060.000000
1.257839	 	9066.666667
1.372392	 	9073.333333
1.236028	 	9080.000000
1.190024	 	9086.666667
1.268470	 	9093.333333
1.172978	 	9100.000000
1.188008	 	9106.666667
1.207803	 	9113.333333
1.229613	 	9120.000000
1.152451	 	9126.666667
1.166930	 	9133.333333
1.132106	 	9140.000000
1.144569	 	9146.666667
1.181410	 	9153.333333
1.147319	 	9160.000000
1.143836	 	9166.666667
1.070522	 	9173.333333
1.099665	 	9180.000000
1.017920	 	9186.666667
1.055676	 	9193.333333
0.964951	 	9200.000000
0.944606	 	9206.666667
0.905017	 	9213.333333
0.887788	 	9220.000000
0.881923	 	9226.666667
0.841783	 	9233.333333
0.933792	 	9240.000000
0.793763	 	9246.666667
0.816490	 	9253.333333
0.738228	 	9260.000000
0.840134	 	9266.666667
0.835918	 	9273.333333
0.832436	 	9280.000000
0.882839	 	9286.666667
0.792480	 	9293.333333
0.774335	 	9300.000000
0.779833	 	9306.666667
0.738594	 	9313.333333
0.692223	 	9320.000000
0.726864	 	9326.666667
0.717150	 	9333.333333
0.724481	 	9340.000000
0.706153	 	9346.666667
0.723565	 	9353.333333
0.642920	 	9360.000000
0.630273	 	9366.666667
0.627707	 	9373.333333
0.610295	 	9380.000000
0.681776	 	9386.666667
0.525618	 	9393.333333
0.592700	 	9400.000000
0.598565	 	9406.666667
0.562641	 	9413.333333
0.583536	 	9420.000000
0.605163	 	9426.666667
0.614877	 	9433.333333
0.652084	 	9440.000000
0.623308	 	9446.666667
0.660698	 	9453.333333
0.652817	 	9460.000000
0.712751	 	9466.666667
0.540830	 	9473.333333
0.644936	 	9480.000000
0.633206	 	9486.666667
0.577671	 	9493.333333
0.634305	 	9500.000000
0.670779	 	9506.666667
0.525984	 	9513.333333
0.550361	 	9520.000000
0.495926	 	9526.666667
0.541930	 	9533.333333
0.496109	 	9540.000000
0.583169	 	9546.666667
0.542480	 	9553.333333
0.539914	 	9560.000000
0.525068	 	9566.666667
0.446072	 	9573.333333
0.557326	 	9580.000000
0.436542	 	9586.666667
0.410882	 	9593.333333
0.483279	 	9600.000000
0.494276	 	9606.666667
0.495193	 	9613.333333
0.451388	 	9620.000000
0.427377	 	9626.666667
0.503807	 	9633.333333
0.411798	 	9640.000000
0.402817	 	9646.666667
0.371476	 	9653.333333
0.474481	 	9660.000000
0.437091	 	9666.666667
0.453037	 	9673.333333
0.368910	 	9680.000000
0.381739	 	9686.666667
0.286615	 	9693.333333
0.362495	 	9700.000000
0.334452	 	9706.666667
0.354247	 	9713.333333
0.294679	 	9720.000000
0.307143	 	9726.666667
0.357546	 	9733.333333
0.402084	 	9740.000000
0.406849	 	9746.666667
0.446256	 	9753.333333
0.446256	 	9760.000000
0.439108	 	9766.666667
0.513704	 	9773.333333
0.489327	 	9780.000000
0.502157	 	9786.666667
0.581336	 	9793.333333
0.517003	 	9800.000000
0.489144	 	9806.666667
0.470632	 	9813.333333
0.506923	 	9820.000000
0.466783	 	9826.666667
0.423712	 	9833.333333
0.442773	 	9840.000000
0.408132	 	9846.666667
0.348565	 	9853.333333
0.416930	 	9860.000000
0.422795	 	9866.666667
0.407399	 	9873.333333
0.423528	 	9880.000000
0.518470	 	9886.666667
0.559709	 	9893.333333
0.504540	 	9900.000000
0.532216	 	9906.666667
0.482729	 	9913.333333
0.522135	 	9920.000000
0.500325	 	9926.666667
0.433792	 	9933.333333
0.503807	 	9940.000000
0.441857	 	9946.666667
0.469166	 	9953.333333
0.424261	 	9960.000000
0.372759	 	9966.666667
0.389621	 	9973.333333
0.353330	 	9980.000000
0.398235	 	9986.666667
0.351681	 	9993.333333
0.376608	 	10000.000000
0.266454	 	10006.666667
0.376424	 	10013.333333
0.293030	 	10020.000000
0.280200	 	10026.666667
0.279467	 	10033.333333
0.242627	 	10040.000000
0.305127	 	10046.666667
0.280383	 	10053.333333
0.316673	 	10060.000000
0.309525	 	10066.666667
0.264071	 	10073.333333
0.233279	 	10080.000000
0.238228	 	10086.666667
0.232179	 	10093.333333
0.176278	 	10100.000000
0.187091	 	10106.666667
0.145852	 	10113.333333
0.252891	 	10120.000000
0.125691	 	10126.666667
0.084452	 	10133.333333
0.047795	 	10140.000000
-0.001142	 	10146.666667
0.166014	 	10153.333333
-0.012322	 	10160.000000
0.020486	 	10166.666667
-0.016721	 	10173.333333
0.016637	 	10180.000000
-0.037799	 	10186.666667
-0.091501	 	10193.333333
-0.039998	 	10200.000000
0.038998	 	10206.666667
-0.038165	 	10213.333333
-0.030101	 	10220.000000
0.005823	 	10226.666667
0.089951	 	10233.333333
0.037898	 	10240.000000
0.050911	 	10246.666667
0.047245	 	10253.333333
0.038814	 	10260.000000
-0.042381	 	10266.666667
0.018836	 	10273.333333
-0.026252	 	10280.000000
-0.028818	 	10286.666667
-0.011956	 	10293.333333
0.016454	 	10300.000000
0.035515	 	10306.666667
0.011871	 	10313.333333
0.009489	 	10320.000000
-0.070240	 	10326.666667
0.049078	 	10333.333333
0.052011	 	10340.000000
0.070339	 	10346.666667
-0.007740	 	10353.333333
0.075838	 	10360.000000
0.073638	 	10366.666667
0.132656	 	10373.333333
0.131190	 	10380.000000
0.122025	 	10386.666667
0.168580	 	10393.333333
0.129723	 	10400.000000
0.048712	 	10406.666667
0.209452	 	10413.333333
0.153917	 	10420.000000
0.113778	 	10426.666667
0.072722	 	10433.333333
0.114327	 	10440.000000
0.093433	 	10446.666667
0.024152	 	10453.333333
0.065574	 	10460.000000
0.084635	 	10466.666667
0.017737	 	10473.333333
0.025251	 	10480.000000
-0.005174	 	10486.666667
0.025618	 	10493.333333
0.056226	 	10500.000000
-0.031384	 	10506.666667
-0.018004	 	10513.333333
-0.016721	 	10520.000000
-0.095900	 	10526.666667
-0.085086	 	10533.333333
-0.015255	 	10540.000000
-0.070607	 	10546.666667
-0.049346	 	10553.333333
-0.065475	 	10560.000000
0.048345	 	10566.666667
-0.014155	 	10573.333333
-0.057410	 	10580.000000
-0.054844	 	10586.666667
-0.067491	 	10593.333333
-0.008473	 	10600.000000
-0.096816	 	10606.666667
-0.071706	 	10613.333333
-0.125225	 	10620.000000
-0.117711	 	10626.666667
-0.151252	 	10633.333333
-0.063092	 	10640.000000
-0.120093	 	10646.666667
-0.148686	 	10653.333333
-0.113495	 	10660.000000
-0.191391	 	10666.666667
-0.228964	 	10673.333333
-0.170680	 	10680.000000
-0.131640	 	10686.666667
-0.163898	 	10693.333333
-0.149419	 	10700.000000
-0.194140	 	10706.666667
-0.200922	 	10713.333333
-0.203488	 	10720.000000
-0.183876	 	10726.666667
-0.250042	 	10733.333333
-0.324822	 	10740.000000
-0.278268	 	10746.666667
-0.239412	 	10753.333333
-0.235929	 	10760.000000
-0.287066	 	10766.666667
-0.232997	 	10773.333333
-0.213935	 	10780.000000
-0.158033	 	10786.666667
-0.226032	 	10793.333333
-0.226948	 	10800.000000
-0.249492	 	10806.666667
-0.168480	 	10813.333333
-0.172329	 	10820.000000
-0.187359	 	10826.666667
-0.217784	 	10833.333333
-0.264338	 	10840.000000
-0.163898	 	10846.666667
-0.192307	 	10853.333333
-0.247293	 	10860.000000
-0.203305	 	10866.666667
-0.190475	 	10873.333333
-0.182227	 	10880.000000
-0.071340	 	10886.666667
-0.266538	 	10893.333333
-0.243261	 	10900.000000
-0.176178	 	10906.666667
-0.096816	 	10913.333333
-0.105431	 	10920.000000
-0.245827	 	10926.666667
-0.163532	 	10933.333333
-0.177828	 	10940.000000
-0.218151	 	10946.666667
-0.231530	 	10953.333333
-0.238495	 	10960.000000
-0.239778	 	10966.666667
-0.221083	 	10973.333333
-0.294030	 	10980.000000
-0.331420	 	10986.666667
-0.272219	 	10993.333333
-0.299162	 	11000.000000
-0.307593	 	11006.666667
-0.237029	 	11013.333333
-0.244544	 	11020.000000
-0.187542	 	11026.666667
-0.313275	 	11033.333333
-0.283217	 	11040.000000
-0.324822	 	11046.666667
-0.326472	 	11053.333333
-0.321523	 	11060.000000
-0.338752	 	11066.666667
-0.220533	 	11073.333333
-0.279551	 	11080.000000
-0.272219	 	11086.666667
-0.318224	 	11093.333333
-0.315658	 	11100.000000
-0.266904	 	11106.666667
-0.244360	 	11113.333333
-0.241978	 	11120.000000
-0.380174	 	11126.666667
-0.355614	 	11133.333333
-0.356164	 	11140.000000
-0.349199	 	11146.666667
-0.375592	 	11153.333333
-0.388239	 	11160.000000
-0.511772	 	11166.666667
-0.527718	 	11173.333333
-0.593884	 	11180.000000
-0.626692	 	11186.666667
-0.682227	 	11193.333333
-0.669580	 	11200.000000
-0.679661	 	11206.666667
-0.727865	 	11213.333333
-0.714851	 	11220.000000
-0.637139	 	11226.666667
-0.774785	 	11233.333333
-0.684793	 	11240.000000
-0.662066	 	11246.666667
-0.685526	 	11253.333333
-0.712469	 	11260.000000
-0.676362	 	11266.666667
-0.675995	 	11273.333333
-0.589118	 	11280.000000
-0.641904	 	11286.666667
-0.627791	 	11293.333333
-0.576288	 	11300.000000
-0.488312	 	11306.666667
-0.542381	 	11313.333333
-0.543664	 	11320.000000
-0.501875	 	11326.666667
-0.481897	 	11333.333333
-0.478231	 	11340.000000
-0.504991	 	11346.666667
-0.458253	 	11353.333333
-0.391538	 	11360.000000
-0.482630	 	11366.666667
-0.459170	 	11373.333333
-0.487762	 	11380.000000
-0.439925	 	11386.666667
-0.535416	 	11393.333333
-0.454587	 	11400.000000
-0.453305	 	11406.666667
-0.443407	 	11413.333333
-0.490695	 	11420.000000
-0.416464	 	11426.666667
-0.435709	 	11433.333333
-0.417197	 	11440.000000
-0.437909	 	11446.666667
-0.389888	 	11453.333333
-0.428011	 	11460.000000
-0.356897	 	11466.666667
-0.401068	 	11473.333333
-0.469067	 	11480.000000
-0.441024	 	11486.666667
-0.379441	 	11493.333333
-0.431677	 	11500.000000
-0.526802	 	11506.666667
-0.439925	 	11513.333333
-0.562909	 	11520.000000
-0.472366	 	11526.666667
-0.505357	 	11533.333333
-0.540548	 	11540.000000
-0.467967	 	11546.666667
-0.458253	 	11553.333333
-0.489412	 	11560.000000
-0.477315	 	11566.666667
-0.508107	 	11573.333333
-0.573539	 	11580.000000
-0.564925	 	11586.666667
-0.665365	 	11593.333333
-0.553378	 	11600.000000
-0.582520	 	11606.666667
-0.616794	 	11613.333333
-0.519470	 	11620.000000
-0.566758	 	11626.666667
-0.595900	 	11633.333333
-0.576105	 	11640.000000
-0.584536	 	11646.666667
-0.494544	 	11653.333333
-0.444324	 	11660.000000
-0.526802	 	11666.666667
-0.482813	 	11673.333333
-0.491978	 	11680.000000
-0.506274	 	11686.666667
-0.457887	 	11693.333333
-0.477131	 	11700.000000
-0.484280	 	11706.666667
-0.506457	 	11713.333333
-0.552828	 	11720.000000
-0.548612	 	11726.666667
-0.576105	 	11733.333333
-0.576655	 	11740.000000
-0.626875	 	11746.666667
-0.595717	 	11753.333333
-0.719434	 	11760.000000
-0.680211	 	11766.666667
-0.672329	 	11773.333333
-0.612212	 	11780.000000
-0.681127	 	11786.666667
-0.653634	 	11793.333333
-0.688092	 	11800.000000
-0.731347	 	11806.666667
-0.716684	 	11813.333333
-0.707153	 	11820.000000
-0.640621	 	11826.666667
-0.649236	 	11833.333333
-0.761956	 	11840.000000
-0.697073	 	11846.666667
-0.643920	 	11853.333333
-0.727865	 	11860.000000
-0.661882	 	11866.666667
-0.704038	 	11873.333333
-0.779734	 	11880.000000
-0.804111	 	11886.666667
-0.787615	 	11893.333333
-0.794397	 	11900.000000
-0.723466	 	11906.666667
-0.766538	 	11913.333333
-0.668480	 	11920.000000
-0.734646	 	11926.666667
-0.743810	 	11933.333333
-0.643370	 	11940.000000
-0.656567	 	11946.666667
-0.722549	 	11953.333333
-0.644104	 	11960.000000
-0.578121	 	11966.666667
-0.610379	 	11973.333333
-0.533950	 	11980.000000
-0.672696	 	11986.666667
-0.655284	 	11993.333333
-0.545680	 	12000.000000
-0.577388	 	12006.666667
-0.520203	 	12013.333333
-0.525152	 	12020.000000
-0.585819	 	12026.666667
-0.648136	 	12033.333333
-0.594617	 	12040.000000
-0.609096	 	12046.666667
-0.661882	 	12053.333333
-0.678928	 	12060.000000
-0.668114	 	12066.666667
-0.830870	 	12073.333333
-0.773319	 	12080.000000
-0.844983	 	12086.666667
-0.726215	 	12093.333333
-0.825372	 	12100.000000
-0.821340	 	12106.666667
-0.789631	 	12113.333333
-0.825922	 	12120.000000
-0.810892	 	12126.666667
-0.785416	 	12133.333333
-0.808876	 	12140.000000
-0.717784	 	12146.666667
-0.849382	 	12153.333333
-0.732997	 	12160.000000
-0.723466	 	12166.666667
-0.689558	 	12173.333333
-0.730431	 	12180.000000
-0.598466	 	12186.666667
-0.600482	 	12193.333333
-0.548612	 	12200.000000
-0.535049	 	12206.666667
-0.444324	 	12213.333333
-0.386956	 	12220.000000
-0.339851	 	12226.666667
-0.419397	 	12233.333333
-0.444324	 	12240.000000
-0.385673	 	12246.666667
-0.438458	 	12253.333333
-0.442124	 	12260.000000
-0.414265	 	12266.666667
-0.439192	 	12273.333333
-0.390988	 	12280.000000
-0.467784	 	12286.666667
-0.424162	 	12293.333333
-0.427095	 	12300.000000
-0.445057	 	12306.666667
-0.508473	 	12313.333333
-0.469067	 	12320.000000
-0.531567	 	12326.666667
-0.600115	 	12333.333333
-0.634206	 	12340.000000
-0.619727	 	12346.666667
-0.573539	 	12353.333333
-0.555577	 	12360.000000
-0.584353	 	12366.666667
-0.582520	 	12373.333333
-0.642637	 	12380.000000
-0.582153	 	12386.666667
-0.577205	 	12393.333333
-0.642271	 	12400.000000
-0.676545	 	12406.666667
-0.590401	 	12413.333333
-0.628891	 	12420.000000
-0.562909	 	12426.666667
-0.515988	 	12433.333333
-0.659316	 	12440.000000
-0.572073	 	12446.666667
-0.589851	 	12453.333333
-0.574456	 	12460.000000
-0.640988	 	12466.666667
-0.556494	 	12473.333333
-0.636589	 	12480.000000
-0.595533	 	12486.666667
-0.523869	 	12493.333333
-0.547879	 	12500.000000
-0.507740	 	12506.666667
-0.569140	 	12513.333333
-0.615511	 	12520.000000
-0.588568	 	12526.666667
-0.700189	 	12533.333333
-0.614595	 	12540.000000
-0.636222	 	12546.666667
-0.657850	 	12553.333333
-0.700739	 	12560.000000
-0.631274	 	12566.666667
-0.717051	 	12573.333333
-0.732630	 	12580.000000
-0.732447	 	12586.666667
-0.741061	 	12593.333333
-0.722733	 	12600.000000
-0.733180	 	12606.666667
-0.684426	 	12613.333333
-0.669580	 	12620.000000
-0.658217	 	12626.666667
-0.616794	 	12633.333333
-0.586002	 	12640.000000
-0.652535	 	12646.666667
-0.684426	 	12653.333333
-0.648502	 	12660.000000
-0.609463	 	12666.666667
-0.612945	 	12673.333333
-0.580321	 	12680.000000
-0.577938	 	12686.666667
-0.596450	 	12693.333333
-0.646120	 	12700.000000
-0.624126	 	12706.666667
-0.578305	 	12713.333333
-0.578671	 	12720.000000
-0.523136	 	12726.666667
-0.597183	 	12733.333333
-0.621926	 	12740.000000
-0.600115	 	12746.666667
-0.604331	 	12753.333333
-0.563275	 	12760.000000
-0.616428	 	12766.666667
-0.600299	 	12773.333333
-0.532850	 	12780.000000
-0.602865	 	12786.666667
-0.511589	 	12793.333333
-0.581420	 	12800.000000
-0.561442	 	12806.666667
-0.660049	 	12813.333333
-0.489412	 	12820.000000
-0.609646	 	12826.666667
-0.601765	 	12833.333333
-0.619360	 	12840.000000
-0.595900	 	12846.666667
-0.555761	 	12853.333333
-0.604881	 	12860.000000
-0.629624	 	12866.666667
-0.660049	 	12873.333333
-0.663348	 	12880.000000
-0.664082	 	12886.666667
-0.588935	 	12893.333333
-0.621560	 	12900.000000
-0.616611	 	12906.666667
-0.763422	 	12913.333333
-0.720533	 	12920.000000
-0.711186	 	12926.666667
-0.693774	 	12933.333333
-0.664815	 	12940.000000
-0.726215	 	12946.666667
-0.714485	 	12953.333333
-0.672696	 	12960.000000
-0.720350	 	12966.666667
-0.618077	 	12973.333333
-0.684426	 	12980.000000
-0.735746	 	12986.666667
-0.667931	 	12993.333333
-0.663898	 	13000.000000
-0.584536	 	13006.666667
-0.585453	 	13013.333333
-0.606714	 	13020.000000
-0.666098	 	13026.666667
-0.647219	 	13033.333333
-0.651252	 	13040.000000
-0.612945	 	13046.666667
-0.605614	 	13053.333333
-0.645387	 	13060.000000
-0.720350	 	13066.666667
-0.638422	 	13073.333333
-0.708803	 	13080.000000
-0.668847	 	13086.666667
-0.642271	 	13093.333333
-0.626692	 	13100.000000
-0.610746	 	13106.666667
-0.660966	 	13113.333333
-0.663532	 	13120.000000
-0.663715	 	13126.666667
-0.624126	 	13133.333333
-0.732263	 	13140.000000
-0.650335	 	13146.666667
-0.644104	 	13153.333333
-0.617711	 	13160.000000
-0.699272	 	13166.666667
-0.704038	 	13173.333333
-0.614045	 	13180.000000
-0.700922	 	13186.666667
-0.765438	 	13193.333333
-0.728414	 	13200.000000
-0.801545	 	13206.666667
-0.878891	 	13213.333333
-0.791281	 	13220.000000
-0.796963	 	13226.666667
-0.811259	 	13233.333333
-0.762139	 	13240.000000
-0.751692	 	13246.666667
-0.745827	 	13253.333333
-0.835086	 	13260.000000
-0.833436	 	13266.666667
-0.849932	 	13273.333333
-0.834903	 	13280.000000
-0.725299	 	13286.666667
-0.779184	 	13293.333333
-0.845900	 	13300.000000
-0.861846	 	13306.666667
-0.845717	 	13313.333333
-0.811626	 	13320.000000
-0.902901	 	13326.666667
