#peak 	 	#time 
1.587145	 	0.000000
1.968586	 	6.666667
2.134542	 	13.333333
2.660746	 	20.000000
2.949662	 	26.666667
3.169034	 	33.333333
3.278763	 	40.000000
3.378088	 	46.666667
3.504007	 	53.333333
3.443839	 	60.000000
3.454905	 	66.666667
3.292697	 	73.333333
3.454995	 	80.000000
3.336383	 	86.666667
3.471146	 	93.333333
3.404691	 	100.000000
3.390659	 	106.666667
3.403367	 	113.333333
3.361270	 	120.000000
3.354651	 	126.666667
3.460026	 	133.333333
3.248747	 	140.000000
3.419518	 	146.666667
3.373714	 	153.333333
3.357564	 	160.000000
3.314143	 	166.666667
3.329764	 	173.333333
3.369743	 	180.000000
3.395424	 	186.666667
3.404691	 	193.333333
3.452083	 	200.000000
3.337442	 	206.666667
3.392247	 	213.333333
3.409457	 	220.000000
3.466910	 	226.666667
3.519597	 	233.333333
3.373714	 	240.000000
3.436727	 	246.666667
3.408133	 	253.333333
3.506359	 	260.000000
3.514567	 	266.666667
3.303552	 	273.333333
3.488620	 	280.000000
3.407074	 	286.666667
3.354651	 	293.333333
3.424548	 	300.000000
3.523833	 	306.666667
3.561694	 	313.333333
3.542366	 	320.000000
3.511125	 	326.666667
3.557722	 	333.333333
3.444935	 	340.000000
3.412104	 	346.666667
3.478294	 	353.333333
3.507683	 	360.000000
3.504241	 	366.666667
3.408927	 	373.333333
3.419253	 	380.000000
3.507153	 	386.666667
3.436992	 	393.333333
3.526745	 	400.000000
3.541043	 	406.666667
3.461879	 	413.333333
3.595583	 	420.000000
3.523039	 	426.666667
3.561694	 	433.333333
3.457643	 	440.000000
3.508477	 	446.666667
3.554810	 	453.333333
3.565665	 	460.000000
3.593995	 	466.666667
3.463733	 	473.333333
3.537601	 	480.000000
3.417664	 	486.666667
3.492856	 	493.333333
3.458437	 	500.000000
3.479883	 	506.666667
3.373714	 	513.333333
3.422959	 	520.000000
3.403102	 	526.666667
3.452348	 	533.333333
3.360476	 	540.000000
3.382186	 	546.666667
3.509271	 	553.333333
3.445729	 	560.000000
3.381657	 	566.666667
3.511389	 	573.333333
3.440963	 	580.000000
3.555340	 	586.666667
3.522509	 	593.333333
3.516420	 	600.000000
3.509536	 	606.666667
3.495769	 	613.333333
3.562488	 	620.000000
3.553751	 	626.666667
3.586581	 	633.333333
3.631061	 	640.000000
3.668657	 	646.666667
3.695133	 	653.333333
3.722403	 	660.000000
3.856372	 	666.666667
3.590818	 	673.333333
3.563282	 	680.000000
3.669716	 	686.666667
3.607497	 	693.333333
3.616764	 	700.000000
3.576520	 	706.666667
3.593200	 	713.333333
3.493121	 	720.000000
3.539189	 	726.666667
3.611734	 	733.333333
3.522245	 	740.000000
3.525686	 	746.666667
3.561694	 	753.333333
3.489414	 	760.000000
3.408662	 	766.666667
3.518803	 	773.333333
3.485178	 	780.000000
3.536806	 	786.666667
3.584463	 	793.333333
3.527010	 	800.000000
3.598760	 	806.666667
3.486767	 	813.333333
3.370007	 	820.000000
3.451818	 	826.666667
3.462673	 	833.333333
3.497622	 	840.000000
3.541307	 	846.666667
3.578639	 	853.333333
3.490209	 	860.000000
3.570696	 	866.666667
3.444140	 	873.333333
3.432491	 	880.000000
3.463203	 	886.666667
3.352268	 	893.333333
3.452877	 	900.000000
3.505829	 	906.666667
3.433550	 	913.333333
3.483060	 	920.000000
3.427725	 	926.666667
3.529128	 	933.333333
3.408927	 	940.000000
3.471146	 	946.666667
3.483590	 	953.333333
3.521186	 	960.000000
3.523833	 	966.666667
3.524098	 	973.333333
3.602996	 	980.000000
3.530717	 	986.666667
3.557458	 	993.333333
3.641916	 	1000.000000
3.599555	 	1006.666667
3.496563	 	1013.333333
3.543161	 	1020.000000
3.588435	 	1026.666667
3.623913	 	1033.333333
3.511389	 	1040.000000
3.462673	 	1046.666667
3.516949	 	1053.333333
3.505300	 	1060.000000
3.464792	 	1066.666667
3.393836	 	1073.333333
3.533894	 	1080.000000
3.468498	 	1086.666667
3.474852	 	1093.333333
3.374773	 	1100.000000
3.418988	 	1106.666667
3.374773	 	1113.333333
3.359682	 	1120.000000
3.359682	 	1126.666667
3.350945	 	1133.333333
3.507948	 	1140.000000
3.342737	 	1146.666667
3.501593	 	1153.333333
3.385099	 	1160.000000
3.385363	 	1166.666667
3.375038	 	1173.333333
3.251395	 	1180.000000
3.337177	 	1186.666667
3.517744	 	1193.333333
3.283960	 	1200.000000
3.388276	 	1206.666667
3.336383	 	1213.333333
3.386422	 	1220.000000
3.354651	 	1226.666667
3.349886	 	1233.333333
3.425872	 	1240.000000
3.471940	 	1246.666667
3.463997	 	1253.333333
3.361535	 	1260.000000
3.398601	 	1266.666667
3.420312	 	1273.333333
3.521450	 	1280.000000
3.512978	 	1286.666667
3.416870	 	1293.333333
3.480148	 	1300.000000
3.328440	 	1306.666667
3.457643	 	1313.333333
3.456054	 	1320.000000
3.337177	 	1326.666667
3.344855	 	1333.333333
3.402573	 	1340.000000
3.352004	 	1346.666667
3.366830	 	1353.333333
3.386952	 	1360.000000
3.453936	 	1366.666667
3.556928	 	1373.333333
3.356240	 	1380.000000
3.305671	 	1386.666667
3.515096	 	1393.333333
3.492062	 	1400.000000
3.430637	 	1406.666667
3.484119	 	1413.333333
3.449965	 	1420.000000
3.524363	 	1426.666667
3.509007	 	1433.333333
3.447317	 	1440.000000
3.516420	 	1446.666667
3.451024	 	1453.333333
3.526745	 	1460.000000
3.465321	 	1466.666667
3.547662	 	1473.333333
3.517214	 	1480.000000
3.528334	 	1486.666667
3.452083	 	1493.333333
3.464792	 	1500.000000
3.510595	 	1506.666667
3.581551	 	1513.333333
3.369478	 	1520.000000
3.466380	 	1526.666667
3.493386	 	1533.333333
3.562223	 	1540.000000
3.489150	 	1546.666667
3.542896	 	1553.333333
3.504241	 	1560.000000
3.548985	 	1566.666667
3.409457	 	1573.333333
3.417135	 	1580.000000
3.491003	 	1586.666667
3.410516	 	1593.333333
3.436462	 	1600.000000
3.524892	 	1606.666667
3.549250	 	1613.333333
3.542102	 	1620.000000
3.435933	 	1626.666667
3.403632	 	1633.333333
3.547662	 	1640.000000
3.465321	 	1646.666667
3.532570	 	1653.333333
3.498681	 	1660.000000
3.418194	 	1666.666667
3.393571	 	1673.333333
3.447847	 	1680.000000
3.490473	 	1686.666667
3.426401	 	1693.333333
3.469028	 	1700.000000
3.476971	 	1706.666667
3.550309	 	1713.333333
3.450230	 	1720.000000
3.430108	 	1726.666667
3.487031	 	1733.333333
3.382186	 	1740.000000
3.409192	 	1746.666667
3.455260	 	1753.333333
3.490473	 	1760.000000
3.436197	 	1766.666667
3.463468	 	1773.333333
3.505565	 	1780.000000
3.426401	 	1786.666667
3.524627	 	1793.333333
3.431432	 	1800.000000
3.436462	 	1806.666667
3.395689	 	1813.333333
3.453936	 	1820.000000
3.486502	 	1826.666667
3.426666	 	1833.333333
3.457114	 	1840.000000
3.492062	 	1846.666667
3.480412	 	1853.333333
3.351474	 	1860.000000
3.377421	 	1866.666667
3.324204	 	1873.333333
3.411839	 	1880.000000
3.361005	 	1886.666667
3.451024	 	1893.333333
3.433285	 	1900.000000
3.354386	 	1906.666667
3.435933	 	1913.333333
3.370272	 	1920.000000
3.384040	 	1926.666667
3.367889	 	1933.333333
3.316791	 	1940.000000
3.466380	 	1946.666667
3.331617	 	1953.333333
3.472734	 	1960.000000
3.433020	 	1966.666667
3.491797	 	1973.333333
3.395954	 	1980.000000
3.475647	 	1986.666667
3.492062	 	1993.333333
3.403897	 	2000.000000
3.443346	 	2006.666667
3.591612	 	2013.333333
3.498151	 	2020.000000
3.615175	 	2026.666667
3.584463	 	2033.333333
3.536012	 	2040.000000
3.593200	 	2046.666667
3.623648	 	2053.333333
3.623118	 	2060.000000
3.666804	 	2066.666667
3.581551	 	2073.333333
3.696457	 	2080.000000
3.621000	 	2086.666667
3.650389	 	2093.333333
3.652242	 	2100.000000
3.619941	 	2106.666667
3.647476	 	2113.333333
3.604850	 	2120.000000
3.659920	 	2126.666667
3.622854	 	2133.333333
3.606703	 	2140.000000
3.566989	 	2146.666667
3.555075	 	2153.333333
3.520656	 	2160.000000
3.592141	 	2166.666667
3.512184	 	2173.333333
3.463468	 	2180.000000
3.497357	 	2186.666667
3.443611	 	2193.333333
3.417135	 	2200.000000
3.410780	 	2206.666667
3.457378	 	2213.333333
3.516420	 	2220.000000
3.499475	 	2226.666667
3.477765	 	2233.333333
3.349091	 	2240.000000
3.483060	 	2246.666667
3.368154	 	2253.333333
3.536542	 	2260.000000
3.412369	 	2266.666667
3.366830	 	2273.333333
3.400190	 	2280.000000
3.490473	 	2286.666667
3.397542	 	2293.333333
3.462409	 	2300.000000
3.379274	 	2306.666667
3.442552	 	2313.333333
3.357034	 	2320.000000
3.420577	 	2326.666667
3.417929	 	2333.333333
3.459232	 	2340.000000
3.361535	 	2346.666667
3.481471	 	2353.333333
3.361270	 	2360.000000
3.471411	 	2366.666667
3.399925	 	2373.333333
3.445994	 	2380.000000
3.386952	 	2386.666667
3.371596	 	2393.333333
3.425342	 	2400.000000
3.469557	 	2406.666667
3.424548	 	2413.333333
3.441757	 	2420.000000
3.455260	 	2426.666667
3.451024	 	2433.333333
3.445199	 	2440.000000
3.528069	 	2446.666667
3.444935	 	2453.333333
3.496828	 	2460.000000
3.475117	 	2466.666667
3.488885	 	2473.333333
3.512713	 	2480.000000
3.462673	 	2486.666667
3.420312	 	2493.333333
3.504506	 	2500.000000
3.588435	 	2506.666667
3.479883	 	2513.333333
3.462673	 	2520.000000
3.456849	 	2526.666667
3.462673	 	2533.333333
3.642446	 	2540.000000
3.478824	 	2546.666667
3.446258	 	2553.333333
3.435403	 	2560.000000
3.541043	 	2566.666667
3.454466	 	2573.333333
3.536012	 	2580.000000
3.421106	 	2586.666667
3.509007	 	2593.333333
3.461085	 	2600.000000
3.551103	 	2606.666667
3.589758	 	2613.333333
3.582080	 	2620.000000
3.513243	 	2626.666667
3.567254	 	2633.333333
3.540778	 	2640.000000
3.608821	 	2646.666667
3.423754	 	2653.333333
3.491268	 	2660.000000
3.403897	 	2666.666667
3.482266	 	2673.333333
3.567254	 	2680.000000
3.434609	 	2686.666667
3.410516	 	2693.333333
3.471411	 	2700.000000
3.525422	 	2706.666667
3.490209	 	2713.333333
3.395424	 	2720.000000
3.390129	 	2726.666667
3.416076	 	2733.333333
3.328175	 	2740.000000
3.352533	 	2746.666667
3.273635	 	2753.333333
3.338501	 	2760.000000
3.214063	 	2766.666667
3.243717	 	2773.333333
3.211151	 	2780.000000
3.182027	 	2786.666667
3.206121	 	2793.333333
3.303023	 	2800.000000
3.365506	 	2806.666667
3.192088	 	2813.333333
3.167730	 	2820.000000
3.276812	 	2826.666667
3.169319	 	2833.333333
3.188382	 	2840.000000
3.061561	 	2846.666667
3.113190	 	2853.333333
3.173555	 	2860.000000
3.091215	 	2866.666667
3.244776	 	2873.333333
3.088302	 	2880.000000
3.175938	 	2886.666667
3.114249	 	2893.333333
3.126428	 	2900.000000
3.128281	 	2906.666667
3.174085	 	2913.333333
3.189706	 	2920.000000
3.127487	 	2926.666667
3.186264	 	2933.333333
3.215652	 	2940.000000
3.191559	 	2946.666667
3.271516	 	2953.333333
3.305141	 	2960.000000
3.240010	 	2966.666667
3.286608	 	2973.333333
3.269134	 	2980.000000
3.268075	 	2986.666667
3.183881	 	2993.333333
3.268075	 	3000.000000
3.331352	 	3006.666667
3.276017	 	3013.333333
3.369213	 	3020.000000
3.359946	 	3026.666667
3.368154	 	3033.333333
3.385628	 	3040.000000
3.487561	 	3046.666667
3.437256	 	3053.333333
3.421106	 	3060.000000
3.547132	 	3066.666667
3.778003	 	3073.333333
4.418194	 	3080.000000
5.615970	 	3086.666667
7.622854	 	3093.333333
10.631591	 	3100.000000
14.339560	 	3106.666667
19.468763	 	3113.333333
26.251659	 	3120.000000
36.019465	 	3126.666667
55.895027	 	3133.333333
91.044617	 	3140.000000
137.381127	 	3146.666667
192.566195	 	3153.333333
257.813216	 	3160.000000
334.714990	 	3166.666667
426.102599	 	3173.333333
531.543955	 	3180.000000
650.061297	 	3186.666667
780.839957	 	3193.333333
921.816129	 	3200.000000
1072.285549	 	3206.666667
1226.619676	 	3213.333333
1384.955128	 	3220.000000
1544.798390	 	3226.666667
1707.308583	 	3233.333333
1866.951951	 	3240.000000
2021.755498	 	3246.666667
2172.684807	 	3253.333333
2319.825925	 	3260.000000
2461.163229	 	3266.666667
2593.998549	 	3273.333333
2717.139931	 	3280.000000
2831.971013	 	3286.666667
2938.831220	 	3293.333333
3037.318379	 	3300.000000
3124.714196	 	3306.666667
3202.309642	 	3313.333333
3270.744908	 	3320.000000
3330.848694	 	3326.666667
3381.263574	 	3333.333333
3422.546073	 	3340.000000
3454.220153	 	3346.666667
3476.177262	 	3353.333333
3491.592141	 	3360.000000
3501.956187	 	3366.666667
3506.058914	 	3373.333333
3502.457378	 	3380.000000
3493.530982	 	3386.666667
3480.433285	 	3393.333333
3462.885761	 	3400.000000
3443.155551	 	3406.666667
3420.005432	 	3413.333333
3393.990870	 	3420.000000
3365.187323	 	3426.666667
3333.318379	 	3433.333333
3300.348032	 	3440.000000
3265.960688	 	3446.666667
3229.544220	 	3453.333333
3192.823277	 	3460.000000
3155.519067	 	3466.666667
3117.064474	 	3473.333333
3077.837574	 	3480.000000
3037.439110	 	3486.666667
2996.438580	 	3493.333333
2955.346179	 	3500.000000
2914.622324	 	3506.666667
2873.858755	 	3513.333333
2832.680571	 	3520.000000
2791.611469	 	3526.666667
2750.504506	 	3533.333333
2709.659126	 	3540.000000
2669.439904	 	3546.666667
2629.092538	 	3553.333333
2589.308848	 	3560.000000
2549.839163	 	3566.666667
2511.366301	 	3573.333333
2473.218829	 	3580.000000
2434.910648	 	3586.666667
2396.964130	 	3593.333333
2360.166407	 	3600.000000
2324.010727	 	3606.666667
2288.531246	 	3613.333333
2252.767677	 	3620.000000
2217.526481	 	3626.666667
2183.169584	 	3633.333333
2149.440434	 	3640.000000
2116.106571	 	3646.666667
2083.141784	 	3653.333333
2050.686131	 	3660.000000
2019.337707	 	3666.666667
1988.467969	 	3673.333333
1957.715255	 	3680.000000
1926.879406	 	3686.666667
1896.653301	 	3693.333333
1867.202679	 	3700.000000
1838.915679	 	3706.666667
1811.326587	 	3713.333333
1783.186793	 	3720.000000
1755.327910	 	3726.666667
1728.392247	 	3733.333333
1701.736965	 	3740.000000
1675.811363	 	3746.666667
1650.233656	 	3753.333333
1625.049118	 	3760.000000
1600.419253	 	3766.666667
1576.510330	 	3773.333333
1552.403367	 	3780.000000
1528.854784	 	3786.666667
1505.209827	 	3793.333333
1482.492856	 	3800.000000
1460.814275	 	3806.666667
1439.281577	 	3813.333333
1417.912237	 	3820.000000
1396.626295	 	3826.666667
1375.462409	 	3833.333333
1355.217505	 	3840.000000
1335.250600	 	3846.666667
1316.171967	 	3853.333333
1296.974720	 	3860.000000
1278.383245	 	3866.666667
1259.771914	 	3873.333333
1241.618353	 	3880.000000
1223.853989	 	3886.666667
1206.074535	 	3893.333333
1188.682160	 	3900.000000
1171.963071	 	3906.666667
1155.711548	 	3913.333333
1139.208768	 	3920.000000
1122.762382	 	3926.666667
1106.643505	 	3933.333333
1090.787270	 	3940.000000
1075.226242	 	3946.666667
1060.196589	 	3953.333333
1045.281842	 	3960.000000
1030.581816	 	3966.666667
1015.910383	 	3973.333333
1001.673423	 	3980.000000
987.487826	 	3986.666667
973.437786	 	3993.333333
959.440698	 	4000.000000
945.997489	 	4006.666667
932.597966	 	4013.333333
919.478294	 	4020.000000
906.165083	 	4026.666667
893.187852	 	4033.333333
880.448641	 	4040.000000
868.015493	 	4046.666667
855.750203	 	4053.333333
843.646947	 	4060.000000
831.685866	 	4066.666667
819.754439	 	4073.333333
808.335324	 	4080.000000
797.057061	 	4086.666667
785.811892	 	4093.333333
774.811628	 	4100.000000
764.084596	 	4106.666667
753.582610	 	4113.333333
743.204532	 	4120.000000
732.830955	 	4126.666667
722.571490	 	4133.333333
712.771384	 	4140.000000
702.891056	 	4146.666667
693.222536	 	4153.333333
683.718962	 	4160.000000
674.331882	 	4166.666667
665.289255	 	4173.333333
656.230214	 	4180.000000
647.430902	 	4186.666667
638.603261	 	4193.333333
630.122192	 	4200.000000
621.761058	 	4206.666667
613.564606	 	4213.333333
605.418988	 	4220.000000
597.309642	 	4226.666667
589.550839	 	4233.333333
581.828572	 	4240.000000
574.205326	 	4246.666667
566.652242	 	4253.333333
559.204532	 	4260.000000
551.937654	 	4266.666667
544.633444	 	4273.333333
537.684543	 	4280.000000
530.663362	 	4286.666667
523.734053	 	4293.333333
516.828837	 	4300.000000
510.182292	 	4306.666667
503.565136	 	4313.333333
496.992724	 	4320.000000
490.529923	 	4326.666667
484.140725	 	4333.333333
477.856637	 	4340.000000
471.595318	 	4346.666667
465.355181	 	4353.333333
459.419253	 	4360.000000
453.478030	 	4366.666667
447.627884	 	4373.333333
441.854784	 	4380.000000
436.184675	 	4386.666667
430.327381	 	4393.333333
424.528599	 	4400.000000
419.009404	 	4406.666667
413.636886	 	4413.333333
408.325792	 	4420.000000
402.988752	 	4426.666667
397.742790	 	4433.333333
392.417929	 	4440.000000
387.178321	 	4446.666667
382.065268	 	4453.333333
377.211945	 	4460.000000
372.494180	 	4466.666667
367.804479	 	4473.333333
363.030585	 	4480.000000
358.388541	 	4486.666667
353.688514	 	4493.333333
349.066592	 	4500.000000
344.669981	 	4506.666667
340.930505	 	4513.333333
335.975250	 	4520.000000
331.867492	 	4526.666667
327.898204	 	4533.333333
323.168260	 	4540.000000
319.529393	 	4546.666667
314.971013	 	4553.333333
311.298522	 	4560.000000
307.498946	 	4566.666667
303.216446	 	4573.333333
300.026348	 	4580.000000
295.762647	 	4586.666667
291.752057	 	4593.333333
288.621794	 	4600.000000
283.748350	 	4606.666667
281.086714	 	4613.333333
277.298257	 	4620.000000
275.638210	 	4626.666667
268.800243	 	4633.333333
268.544749	 	4640.000000
263.944273	 	4646.666667
260.844723	 	4653.333333
257.735112	 	4660.000000
254.010992	 	4666.666667
252.380598	 	4673.333333
247.980015	 	4680.000000
244.842605	 	4686.666667
242.784357	 	4693.333333
238.730081	 	4700.000000
237.814275	 	4706.666667
232.457643	 	4713.333333
231.463468	 	4720.000000
227.641122	 	4726.666667
225.700958	 	4733.333333
220.833073	 	4740.000000
221.272840	 	4746.666667
216.256160	 	4753.333333
214.342737	 	4760.000000
212.960423	 	4766.666667
207.104453	 	4773.333333
208.717638	 	4780.000000
204.565401	 	4786.666667
200.769266	 	4793.333333
200.895557	 	4800.000000
195.789917	 	4806.666667
195.836780	 	4813.333333
192.678983	 	4820.000000
189.802096	 	4826.666667
188.385099	 	4833.333333
186.282901	 	4840.000000
181.787534	 	4846.666667
182.630267	 	4853.333333
179.546603	 	4860.000000
175.499740	 	4866.666667
176.602202	 	4873.333333
171.946920	 	4880.000000
170.388541	 	4886.666667
169.363653	 	4893.333333
166.661773	 	4900.000000
164.944802	 	4906.666667
162.719756	 	4913.333333
160.355975	 	4920.000000
158.362065	 	4926.666667
158.218035	 	4933.333333
154.430373	 	4940.000000
152.704929	 	4946.666667
152.440434	 	4953.333333
149.251924	 	4960.000000
149.058649	 	4966.666667
146.477500	 	4973.333333
144.078771	 	4980.000000
143.429049	 	4986.666667
141.901911	 	4993.333333
139.177262	 	5000.000000
139.142578	 	5006.666667
136.456849	 	5013.333333
134.686926	 	5020.000000
134.589494	 	5026.666667
131.463203	 	5033.333333
131.120074	 	5040.000000
130.255631	 	5046.666667
126.822748	 	5053.333333
127.036409	 	5060.000000
125.532305	 	5066.666667
123.420312	 	5073.333333
122.720021	 	5080.000000
121.523039	 	5086.666667
119.363653	 	5093.333333
118.894498	 	5100.000000
117.284754	 	5106.666667
116.078241	 	5113.333333
115.093862	 	5120.000000
112.708106	 	5126.666667
112.468763	 	5133.333333
111.476176	 	5140.000000
109.347503	 	5146.666667
108.837309	 	5153.333333
107.430373	 	5160.000000
105.950362	 	5166.666667
105.321291	 	5173.333333
104.177791	 	5180.000000
102.301699	 	5186.666667
101.920974	 	5193.333333
100.305671	 	5200.000000
99.144431	 	5206.666667
98.541837	 	5213.333333
96.945596	 	5220.000000
96.056266	 	5226.666667
94.791241	 	5233.333333
93.924680	 	5240.000000
92.932623	 	5246.666667
91.776679	 	5253.333333
90.534159	 	5260.000000
89.837309	 	5266.666667
88.943478	 	5273.333333
87.521186	 	5280.000000
87.058120	 	5286.666667
85.689308	 	5293.333333
84.663097	 	5300.000000
84.226242	 	5306.666667
82.681895	 	5313.333333
82.007021	 	5320.000000
81.431167	 	5326.666667
80.081683	 	5333.333333
79.413163	 	5340.000000
78.828043	 	5346.666667
77.593995	 	5353.333333
76.774032	 	5360.000000
75.918326	 	5366.666667
74.817982	 	5373.333333
74.619412	 	5380.000000
73.421900	 	5386.666667
72.826189	 	5393.333333
72.044087	 	5400.000000
71.024230	 	5406.666667
70.756293	 	5413.333333
69.826719	 	5420.000000
69.008345	 	5426.666667
68.725581	 	5433.333333
67.772708	 	5440.000000
66.800243	 	5446.666667
66.476441	 	5453.333333
65.818776	 	5460.000000
64.956981	 	5466.666667
64.611469	 	5473.333333
63.792300	 	5480.000000
63.364712	 	5486.666667
62.772708	 	5493.333333
61.990341	 	5500.000000
61.375303	 	5506.666667
60.876494	 	5513.333333
60.066062	 	5520.000000
59.731935	 	5526.666667
59.066857	 	5533.333333
58.154492	 	5540.000000
57.818511	 	5546.666667
57.127487	 	5553.333333
56.467439	 	5560.000000
56.188117	 	5566.666667
55.345385	 	5573.333333
54.826984	 	5580.000000
54.396219	 	5586.666667
53.654625	 	5593.333333
53.266486	 	5600.000000
52.788858	 	5606.666667
51.923621	 	5613.333333
51.687190	 	5620.000000
51.214328	 	5626.666667
50.464792	 	5633.333333
50.227037	 	5640.000000
49.597966	 	5646.666667
48.917532	 	5653.333333
48.788594	 	5660.000000
48.090950	 	5666.666667
47.889997	 	5673.333333
47.239216	 	5680.000000
46.601143	 	5686.666667
46.265162	 	5693.333333
45.864050	 	5700.000000
45.256690	 	5706.666667
44.907471	 	5713.333333
44.497887	 	5720.000000
44.026878	 	5726.666667
43.629737	 	5733.333333
43.178056	 	5740.000000
42.657008	 	5746.666667
42.508742	 	5753.333333
42.025289	 	5760.000000
41.570431	 	5766.666667
41.346973	 	5773.333333
40.714990	 	5780.000000
40.191029	 	5786.666667
40.047264	 	5793.333333
39.566195	 	5800.000000
39.162965	 	5806.666667
38.905618	 	5813.333333
38.330558	 	5820.000000
38.162435	 	5826.666667
37.842075	 	5833.333333
37.189706	 	5840.000000
37.154228	 	5846.666667
36.713402	 	5853.333333
36.184146	 	5860.000000
36.052295	 	5866.666667
35.622059	 	5873.333333
35.300375	 	5880.000000
35.050971	 	5886.666667
34.650124	 	5893.333333
34.415017	 	5900.000000
34.077182	 	5906.666667
33.529393	 	5913.333333
33.482266	 	5920.000000
33.113455	 	5926.666667
32.649065	 	5933.333333
32.558517	 	5940.000000
32.173290	 	5946.666667
31.833073	 	5953.333333
31.541837	 	5960.000000
31.251924	 	5966.666667
30.855048	 	5973.333333
30.714990	 	5980.000000
30.355181	 	5986.666667
30.112395	 	5993.333333
29.890262	 	6000.000000
29.532570	 	6006.666667
29.373184	 	6013.333333
29.015493	 	6020.000000
28.721344	 	6026.666667
28.411310	 	6033.333333
28.224124	 	6040.000000
27.925475	 	6046.666667
27.691691	 	6053.333333
27.352268	 	6060.000000
26.940566	 	6066.666667
26.972867	 	6073.333333
26.567254	 	6080.000000
26.276017	 	6086.666667
26.139666	 	6093.333333
25.702811	 	6100.000000
25.462673	 	6106.666667
25.196854	 	6113.333333
24.895027	 	6120.000000
24.724522	 	6126.666667
24.569901	 	6133.333333
24.344326	 	6140.000000
24.150521	 	6146.666667
24.008874	 	6153.333333
23.822483	 	6160.000000
23.537071	 	6166.666667
23.313084	 	6173.333333
23.122721	 	6180.000000
23.175144	 	6186.666667
22.900058	 	6193.333333
22.618617	 	6200.000000
22.545279	 	6206.666667
22.246364	 	6213.333333
22.194471	 	6220.000000
21.994312	 	6226.666667
21.906941	 	6233.333333
21.731670	 	6240.000000
21.623913	 	6246.666667
21.319173	 	6253.333333
21.339030	 	6260.000000
21.158729	 	6266.666667
20.981604	 	6273.333333
20.980280	 	6280.000000
20.642975	 	6286.666667
20.502917	 	6293.333333
20.327381	 	6300.000000
20.075859	 	6306.666667
19.960688	 	6313.333333
19.858755	 	6320.000000
19.621530	 	6326.666667
19.384040	 	6333.333333
19.245835	 	6340.000000
19.051765	 	6346.666667
18.900322	 	6353.333333
18.614116	 	6360.000000
18.605644	 	6366.666667
18.433550	 	6373.333333
18.298787	 	6380.000000
18.153698	 	6386.666667
18.013905	 	6393.333333
17.649594	 	6400.000000
17.597966	 	6406.666667
17.421371	 	6413.333333
17.432756	 	6420.000000
17.235509	 	6426.666667
17.184410	 	6433.333333
16.954069	 	6440.000000
16.856372	 	6446.666667
16.794153	 	6453.333333
16.714196	 	6460.000000
16.645358	 	6466.666667
16.439904	 	6473.333333
16.340354	 	6480.000000
16.294815	 	6486.666667
16.124574	 	6493.333333
16.018935	 	6500.000000
15.851871	 	6506.666667
15.807656	 	6513.333333
15.550044	 	6520.000000
15.486237	 	6526.666667
15.389070	 	6533.333333
15.320762	 	6540.000000
15.086978	 	6546.666667
15.154228	 	6553.333333
14.993253	 	6560.000000
14.850018	 	6566.666667
14.632650	 	6573.333333
14.619147	 	6580.000000
14.514831	 	6586.666667
14.279195	 	6593.333333
14.298257	 	6600.000000
14.131723	 	6606.666667
14.004638	 	6613.333333
13.864580	 	6620.000000
13.752321	 	6626.666667
13.771649	 	6633.333333
13.650124	 	6640.000000
13.530187	 	6646.666667
13.490209	 	6653.333333
13.411310	 	6660.000000
13.356240	 	6666.666667
13.163229	 	6673.333333
13.074005	 	6680.000000
12.967307	 	6686.666667
12.887349	 	6693.333333
12.770325	 	6700.000000
12.676600	 	6706.666667
12.633709	 	6713.333333
12.308848	 	6720.000000
12.206650	 	6726.666667
12.168260	 	6733.333333
12.099422	 	6740.000000
12.038527	 	6746.666667
12.007550	 	6753.333333
11.904823	 	6760.000000
11.769266	 	6766.666667
11.676335	 	6773.333333
11.585787	 	6780.000000
11.464262	 	6786.666667
11.420841	 	6793.333333
11.243452	 	6800.000000
11.214063	 	6806.666667
11.239480	 	6813.333333
11.127222	 	6820.000000
11.077977	 	6826.666667
11.036409	 	6833.333333
10.812157	 	6840.000000
10.738819	 	6846.666667
10.584728	 	6853.333333
10.540248	 	6860.000000
10.389600	 	6866.666667
10.327646	 	6873.333333
10.154757	 	6880.000000
10.107895	 	6886.666667
10.014169	 	6893.333333
9.966248	 	6900.000000
10.093862	 	6906.666667
9.907736	 	6913.333333
9.815334	 	6920.000000
9.844193	 	6926.666667
9.680042	 	6933.333333
9.767148	 	6940.000000
9.606968	 	6946.666667
9.604056	 	6953.333333
9.487296	 	6960.000000
9.414752	 	6966.666667
9.234715	 	6973.333333
9.074535	 	6980.000000
9.094921	 	6986.666667
9.123251	 	6993.333333
8.978427	 	7000.000000
9.043028	 	7006.666667
8.939507	 	7013.333333
9.000137	 	7020.000000
8.974985	 	7026.666667
8.923357	 	7033.333333
8.901117	 	7040.000000
8.815864	 	7046.666667
8.766618	 	7053.333333
8.670246	 	7060.000000
8.532570	 	7066.666667
8.527275	 	7073.333333
8.497622	 	7080.000000
8.484649	 	7086.666667
8.282636	 	7093.333333
8.183087	 	7100.000000
8.197384	 	7106.666667
8.203738	 	7113.333333
8.014964	 	7120.000000
8.021583	 	7126.666667
7.961747	 	7133.333333
7.878083	 	7140.000000
7.789388	 	7146.666667
7.841546	 	7153.333333
7.612528	 	7160.000000
7.527805	 	7166.666667
7.434874	 	7173.333333
7.364183	 	7180.000000
7.204797	 	7186.666667
7.186528	 	7193.333333
7.107365	 	7200.000000
7.092538	 	7206.666667
6.974720	 	7213.333333
6.955393	 	7220.000000
6.882583	 	7226.666667
6.633444	 	7233.333333
6.696457	 	7240.000000
6.509801	 	7246.666667
6.534688	 	7253.333333
6.470352	 	7260.000000
6.447317	 	7266.666667
6.381392	 	7273.333333
6.313349	 	7280.000000
6.376626	 	7286.666667
6.334529	 	7293.333333
6.102599	 	7300.000000
6.081419	 	7306.666667
6.000667	 	7313.333333
5.916208	 	7320.000000
5.886820	 	7326.666667
5.950097	 	7333.333333
5.797595	 	7340.000000
5.835191	 	7346.666667
5.781975	 	7353.333333
5.686396	 	7360.000000
5.604320	 	7366.666667
5.568048	 	7373.333333
5.650918	 	7380.000000
5.658067	 	7386.666667
5.706253	 	7393.333333
5.565401	 	7400.000000
5.524892	 	7406.666667
5.622854	 	7413.333333
5.446788	 	7420.000000
5.450759	 	7426.666667
5.446788	 	7433.333333
5.306994	 	7440.000000
5.246894	 	7446.666667
5.320232	 	7453.333333
5.171967	 	7460.000000
5.218035	 	7466.666667
5.216446	 	7473.333333
5.226242	 	7480.000000
5.072152	 	7486.666667
5.089626	 	7493.333333
5.064209	 	7500.000000
5.117426	 	7506.666667
4.916738	 	7513.333333
5.019994	 	7520.000000
5.108954	 	7526.666667
4.999343	 	7533.333333
4.996695	 	7540.000000
4.959364	 	7546.666667
4.847370	 	7553.333333
4.708901	 	7560.000000
4.601408	 	7566.666667
4.734318	 	7573.333333
4.625766	 	7580.000000
4.598496	 	7586.666667
4.619412	 	7593.333333
4.528864	 	7600.000000
4.577579	 	7606.666667
4.588699	 	7613.333333
4.607762	 	7620.000000
4.682689	 	7626.666667
4.513243	 	7633.333333
4.608821	 	7640.000000
4.610410	 	7646.666667
4.581286	 	7653.333333
4.467969	 	7660.000000
4.554810	 	7666.666667
4.529393	 	7673.333333
4.448376	 	7680.000000
4.412369	 	7686.666667
4.428519	 	7693.333333
4.286608	 	7700.000000
4.348562	 	7706.666667
4.384304	 	7713.333333
4.229155	 	7720.000000
4.373184	 	7726.666667
4.246364	 	7733.333333
4.227301	 	7740.000000
4.448376	 	7746.666667
4.412899	 	7753.333333
4.322086	 	7760.000000
4.247953	 	7766.666667
4.214593	 	7773.333333
4.097304	 	7780.000000
4.076653	 	7786.666667
3.993783	 	7793.333333
4.018141	 	7800.000000
3.882319	 	7806.666667
3.894498	 	7813.333333
3.745173	 	7820.000000
3.841546	 	7826.666667
3.744643	 	7833.333333
3.624442	 	7840.000000
3.646682	 	7846.666667
3.590023	 	7853.333333
3.457378	 	7860.000000
3.439375	 	7866.666667
3.412899	 	7873.333333
3.416076	 	7880.000000
3.312819	 	7886.666667
3.259073	 	7893.333333
3.203208	 	7900.000000
3.270987	 	7906.666667
3.175144	 	7913.333333
3.254042	 	7920.000000
3.112925	 	7926.666667
3.122721	 	7933.333333
3.023436	 	7940.000000
2.972072	 	7946.666667
3.028202	 	7953.333333
2.791506	 	7960.000000
2.797860	 	7966.666667
2.697251	 	7973.333333
2.642181	 	7980.000000
2.618617	 	7986.666667
2.738819	 	7993.333333
2.678188	 	8000.000000
2.593465	 	8006.666667
2.658331	 	8013.333333
2.608821	 	8020.000000
2.636092	 	8026.666667
2.617823	 	8033.333333
2.582610	 	8040.000000
2.639798	 	8046.666667
2.542366	 	8053.333333
2.529393	 	8060.000000
2.394630	 	8066.666667
2.475912	 	8073.333333
2.438051	 	8080.000000
2.362594	 	8086.666667
2.422695	 	8093.333333
2.317320	 	8100.000000
2.189441	 	8106.666667
2.130664	 	8113.333333
2.295080	 	8120.000000
2.336118	 	8126.666667
2.196060	 	8133.333333
2.164289	 	8140.000000
2.209563	 	8146.666667
2.081154	 	8153.333333
2.195001	 	8160.000000
2.122721	 	8166.666667
2.031379	 	8173.333333
1.992724	 	8180.000000
1.982663	 	8186.666667
1.999343	 	8193.333333
2.020524	 	8200.000000
2.115308	 	8206.666667
1.987958	 	8213.333333
1.923886	 	8220.000000
1.871728	 	8226.666667
1.988223	 	8233.333333
2.009139	 	8240.000000
1.952745	 	8246.666667
2.085390	 	8253.333333
1.960953	 	8260.000000
1.999608	 	8266.666667
2.089891	 	8273.333333
1.945332	 	8280.000000
2.062885	 	8286.666667
2.126428	 	8293.333333
2.221477	 	8300.000000
2.253248	 	8306.666667
2.194206	 	8313.333333
2.205062	 	8320.000000
2.092803	 	8326.666667
2.236303	 	8333.333333
2.172231	 	8340.000000
2.178850	 	8346.666667
2.207974	 	8353.333333
2.040116	 	8360.000000
2.124045	 	8366.666667
2.089891	 	8373.333333
1.991135	 	8380.000000
2.039057	 	8386.666667
2.036144	 	8393.333333
1.989017	 	8400.000000
2.055472	 	8406.666667
2.000931	 	8413.333333
1.929976	 	8420.000000
1.929711	 	8426.666667
1.924680	 	8433.333333
1.921503	 	8440.000000
1.972867	 	8446.666667
1.901911	 	8453.333333
1.776679	 	8460.000000
1.737495	 	8466.666667
1.827513	 	8473.333333
1.783563	 	8480.000000
1.840222	 	8486.666667
1.844193	 	8493.333333
1.748879	 	8500.000000
1.677924	 	8506.666667
1.816923	 	8513.333333
1.809245	 	8520.000000
1.754439	 	8526.666667
1.696986	 	8533.333333
1.685866	 	8540.000000
1.594524	 	8546.666667
1.613587	 	8553.333333
1.546603	 	8560.000000
1.519862	 	8566.666667
1.363653	 	8573.333333
1.448112	 	8580.000000
1.338501	 	8586.666667
1.338236	 	8593.333333
1.306730	 	8600.000000
1.383245	 	8606.666667
1.350945	 	8613.333333
1.233391	 	8620.000000
1.197648	 	8626.666667
1.332941	 	8633.333333
1.260132	 	8640.000000
1.261456	 	8646.666667
1.191824	 	8653.333333
1.191294	 	8660.000000
1.117955	 	8666.666667
1.243717	 	8673.333333
1.088832	 	8680.000000
1.148668	 	8686.666667
1.308053	 	8693.333333
1.187587	 	8700.000000
1.115573	 	8706.666667
1.243717	 	8713.333333
1.043558	 	8720.000000
1.090156	 	8726.666667
1.087773	 	8733.333333
1.054148	 	8740.000000
1.052560	 	8746.666667
1.034291	 	8753.333333
0.987164	 	8760.000000
1.078506	 	8766.666667
0.929181	 	8773.333333
0.923621	 	8780.000000
0.887879	 	8786.666667
0.952745	 	8793.333333
0.826984	 	8800.000000
0.824071	 	8806.666667
0.693545	 	8813.333333
0.678718	 	8820.000000
0.727434	 	8826.666667
0.615970	 	8833.333333
0.502652	 	8840.000000
0.523833	 	8846.666667
0.452083	 	8853.333333
0.509271	 	8860.000000
0.380598	 	8866.666667
0.418458	 	8873.333333
0.388805	 	8880.000000
0.339560	 	8886.666667
0.442022	 	8893.333333
0.478294	 	8900.000000
0.547132	 	8906.666667
0.555340	 	8913.333333
0.470087	 	8920.000000
0.505300	 	8926.666667
0.573343	 	8933.333333
0.491268	 	8940.000000
0.520656	 	8946.666667
0.557193	 	8953.333333
0.497887	 	8960.000000
0.466645	 	8966.666667
0.422695	 	8973.333333
0.397013	 	8980.000000
0.509007	 	8986.666667
0.495769	 	8993.333333
0.450495	 	9000.000000
0.443875	 	9006.666667
0.495504	 	9013.333333
0.445994	 	9020.000000
0.431167	 	9026.666667
0.517214	 	9033.333333
0.464262	 	9040.000000
0.536277	 	9046.666667
0.470881	 	9053.333333
0.543425	 	9060.000000
0.555075	 	9066.666667
0.482001	 	9073.333333
0.484119	 	9080.000000
0.509007	 	9086.666667
0.399661	 	9093.333333
0.465586	 	9100.000000
0.478824	 	9106.666667
0.463468	 	9113.333333
0.429843	 	9120.000000
0.357828	 	9126.666667
0.508212	 	9133.333333
0.473793	 	9140.000000
0.475117	 	9146.666667
0.493121	 	9153.333333
0.556399	 	9160.000000
0.514567	 	9166.666667
0.432226	 	9173.333333
0.549515	 	9180.000000
0.439639	 	9186.666667
0.488355	 	9193.333333
0.474323	 	9200.000000
0.471146	 	9206.666667
0.435668	 	9213.333333
0.309112	 	9220.000000
0.420841	 	9226.666667
0.348032	 	9233.333333
0.399661	 	9240.000000
0.431167	 	9246.666667
0.320232	 	9253.333333
0.280518	 	9260.000000
0.317320	 	9266.666667
0.311231	 	9273.333333
0.306465	 	9280.000000
0.291109	 	9286.666667
0.306465	 	9293.333333
0.242658	 	9300.000000
0.238686	 	9306.666667
0.247423	 	9313.333333
0.239480	 	9320.000000
0.269663	 	9326.666667
0.311760	 	9333.333333
0.295080	 	9340.000000
0.375038	 	9346.666667
0.304347	 	9353.333333
0.333206	 	9360.000000
0.403632	 	9366.666667
0.357828	 	9373.333333
0.320497	 	9380.000000
0.346444	 	9386.666667
0.397013	 	9393.333333
0.440434	 	9400.000000
0.385099	 	9406.666667
0.416870	 	9413.333333
0.501328	 	9420.000000
0.436462	 	9426.666667
0.381392	 	9433.333333
0.416076	 	9440.000000
0.400720	 	9446.666667
0.485443	 	9453.333333
0.458173	 	9460.000000
0.389600	 	9466.666667
0.420047	 	9473.333333
0.352533	 	9480.000000
0.305141	 	9486.666667
0.283960	 	9493.333333
0.368684	 	9500.000000
0.289255	 	9506.666667
0.348032	 	9513.333333
0.266751	 	9520.000000
0.287932	 	9526.666667
0.226772	 	9533.333333
0.123251	 	9540.000000
0.359152	 	9546.666667
0.305671	 	9553.333333
0.177791	 	9560.000000
0.088832	 	9566.666667
0.185205	 	9573.333333
0.243717	 	9580.000000
0.180174	 	9586.666667
0.165612	 	9593.333333
0.170113	 	9600.000000
0.142578	 	9606.666667
0.130929	 	9613.333333
0.062621	 	9620.000000
0.070828	 	9626.666667
0.016023	 	9633.333333
-0.066847	 	9640.000000
0.040381	 	9646.666667
0.010727	 	9653.333333
-0.114504	 	9660.000000
-0.126683	 	9666.666667
-0.010983	 	9673.333333
-0.046990	 	9680.000000
-0.142039	 	9686.666667
-0.028457	 	9693.333333
-0.185195	 	9700.000000
0.051501	 	9706.666667
0.021318	 	9713.333333
0.039586	 	9720.000000
0.088302	 	9726.666667
-0.036135	 	9733.333333
-0.052021	 	9740.000000
-0.031105	 	9746.666667
-0.056786	 	9753.333333
0.019994	 	9760.000000
-0.005423	 	9766.666667
-0.063141	 	9773.333333
-0.037988	 	9780.000000
-0.082203	 	9786.666667
-0.030575	 	9793.333333
-0.078497	 	9800.000000
-0.168780	 	9806.666667
-0.142039	 	9813.333333
-0.014690	 	9820.000000
-0.086175	 	9826.666667
-0.040636	 	9833.333333
-0.142569	 	9840.000000
-0.212730	 	9846.666667
-0.189431	 	9853.333333
-0.212730	 	9860.000000
-0.247149	 	9866.666667
-0.237353	 	9873.333333
-0.265153	 	9880.000000
-0.343522	 	9886.666667
-0.153953	 	9893.333333
-0.188637	 	9900.000000
-0.305132	 	9906.666667
-0.306720	 	9913.333333
-0.246355	 	9920.000000
-0.298248	 	9926.666667
-0.221997	 	9933.333333
-0.220408	 	9940.000000
-0.190490	 	9946.666667
-0.260917	 	9953.333333
-0.251385	 	9960.000000
-0.238147	 	9966.666667
-0.264623	 	9973.333333
-0.294806	 	9980.000000
-0.291364	 	9986.666667
-0.375293	 	9993.333333
-0.433011	 	10000.000000
-0.366821	 	10006.666667
-0.480668	 	10013.333333
-0.473519	 	10020.000000
-0.496553	 	10026.666667
-0.476961	 	10033.333333
-0.534414	 	10040.000000
-0.521176	 	10046.666667
-0.479609	 	10053.333333
-0.618343	 	10060.000000
-0.519852	 	10066.666667
-0.403358	 	10073.333333
-0.569627	 	10080.000000
-0.528060	 	10086.666667
-0.584719	 	10093.333333
-0.502908	 	10100.000000
-0.557713	 	10106.666667
-0.475637	 	10113.333333
-0.493641	 	10120.000000
-0.429040	 	10126.666667
-0.655410	 	10133.333333
-0.533885	 	10140.000000
-0.507144	 	10146.666667
-0.461340	 	10153.333333
-0.491523	 	10160.000000
-0.501054	 	10166.666667
-0.566450	 	10173.333333
-0.605370	 	10180.000000
-0.623638	 	10186.666667
-0.483845	 	10193.333333
-0.578629	 	10200.000000
-0.496553	 	10206.666667
-0.580482	 	10213.333333
-0.569627	 	10220.000000
-0.546064	 	10226.666667
-0.546593	 	10233.333333
-0.460281	 	10240.000000
-0.461076	 	10246.666667
-0.478550	 	10253.333333
-0.523029	 	10260.000000
-0.610665	 	10266.666667
-0.483845	 	10273.333333
-0.570686	 	10280.000000
-0.556919	 	10286.666667
-0.512704	 	10293.333333
-0.507673	 	10300.000000
-0.518793	 	10306.666667
-0.493641	 	10313.333333
-0.505820	 	10320.000000
-0.571745	 	10326.666667
-0.580218	 	10333.333333
-0.591867	 	10340.000000
-0.659911	 	10346.666667
-0.553742	 	10353.333333
-0.707567	 	10360.000000
-0.689564	 	10366.666667
-0.614901	 	10373.333333
-0.567244	 	10380.000000
-0.617549	 	10386.666667
-0.629728	 	10393.333333
-0.700419	 	10400.000000
-0.659646	 	10406.666667
-0.632375	 	10413.333333
-0.633170	 	10420.000000
-0.520382	 	10426.666667
-0.565126	 	10433.333333
-0.640583	 	10440.000000
-0.569627	 	10446.666667
-0.697242	 	10453.333333
-0.699889	 	10460.000000
-0.627345	 	10466.666667
-0.618078	 	10473.333333
-0.687181	 	10480.000000
-0.566715	 	10486.666667
-0.777464	 	10493.333333
-0.709686	 	10500.000000
-0.781965	 	10506.666667
-0.730866	 	10513.333333
-0.759725	 	10520.000000
-0.856892	 	10526.666667
-0.790173	 	10533.333333
-0.852127	 	10540.000000
-0.832270	 	10546.666667
-0.764226	 	10553.333333
-0.757342	 	10560.000000
-0.835182	 	10566.666667
-0.799969	 	10573.333333
-0.670501	 	10580.000000
-0.750988	 	10586.666667
-0.719482	 	10593.333333
-0.686916	 	10600.000000
-0.763432	 	10606.666667
-0.669177	 	10613.333333
-0.858216	 	10620.000000
-0.823797	 	10626.666667
-0.773758	 	10633.333333
-0.792556	 	10640.000000
-0.850273	 	10646.666667
-0.702007	 	10653.333333
-0.925200	 	10660.000000
-0.851332	 	10666.666667
-0.889458	 	10673.333333
-0.922818	 	10680.000000
-0.852656	 	10686.666667
-0.958560	 	10693.333333
-0.934467	 	10700.000000
-0.881515	 	10706.666667
-1.059169	 	10713.333333
-0.923347	 	10720.000000
-0.951147	 	10726.666667
-1.079821	 	10733.333333
-0.853450	 	10740.000000
-0.932084	 	10746.666667
-0.940557	 	10753.333333
-0.905079	 	10760.000000
-0.953000	 	10766.666667
-0.789114	 	10773.333333
-0.755489	 	10780.000000
-0.739603	 	10786.666667
-0.882309	 	10793.333333
-0.754960	 	10800.000000
-0.813736	 	10806.666667
-0.857157	 	10813.333333
-0.799704	 	10820.000000
-0.938174	 	10826.666667
-0.882045	 	10833.333333
-0.909580	 	10840.000000
-0.952206	 	10846.666667
-0.989537	 	10853.333333
-0.966503	 	10860.000000
-0.917522	 	10866.666667
-1.043548	 	10873.333333
-1.056257	 	10880.000000
-1.136744	 	10886.666667
-1.078232	 	10893.333333
-1.099148	 	10900.000000
-1.024486	 	10906.666667
-1.025015	 	10913.333333
-1.021309	 	10920.000000
-0.987684	 	10926.666667
-1.093323	 	10933.333333
-1.067377	 	10940.000000
-0.990596	 	10946.666667
-1.144422	 	10953.333333
-0.956177	 	10960.000000
-1.089617	 	10966.666667
-0.965709	 	10973.333333
-1.052815	 	10980.000000
-0.964120	 	10986.666667
-0.946117	 	10993.333333
-1.003305	 	11000.000000
-0.941351	 	11006.666667
-0.860069	 	11013.333333
-0.962267	 	11020.000000
-0.956177	 	11026.666667
-0.945322	 	11033.333333
-0.989273	 	11040.000000
-0.914875	 	11046.666667
-1.051756	 	11053.333333
-1.007011	 	11060.000000
-1.039312	 	11066.666667
-1.000128	 	11073.333333
-1.040371	 	11080.000000
-1.007541	 	11086.666667
-0.999598	 	11093.333333
-1.003040	 	11100.000000
-1.018926	 	11106.666667
-1.094647	 	11113.333333
-0.939233	 	11120.000000
-1.071878	 	11126.666667
-1.053874	 	11133.333333
-0.954324	 	11140.000000
-0.956707	 	11146.666667
-0.919905	 	11153.333333
-0.958825	 	11160.000000
-0.963591	 	11166.666667
-0.898460	 	11173.333333
-0.893164	 	11180.000000
-0.915669	 	11186.666667
-0.958031	 	11193.333333
-0.959090	 	11200.000000
-0.972328	 	11206.666667
-1.053080	 	11213.333333
-1.018926	 	11220.000000
-1.072143	 	11226.666667
-1.021838	 	11233.333333
-1.081144	 	11240.000000
-1.137803	 	11246.666667
-1.194727	 	11253.333333
-1.099942	 	11260.000000
-1.135420	 	11266.666667
-1.107620	 	11273.333333
-1.151571	 	11280.000000
-1.160043	 	11286.666667
-1.102590	 	11293.333333
-1.176988	 	11300.000000
-1.121388	 	11306.666667
-1.162161	 	11313.333333
-1.119005	 	11320.000000
-1.140186	 	11326.666667
-1.076643	 	11333.333333
-1.112916	 	11340.000000
-1.166662	 	11346.666667
-1.188372	 	11353.333333
-1.266477	 	11360.000000
-1.231264	 	11366.666667
-1.222526	 	11373.333333
-1.389855	 	11380.000000
-1.232323	 	11386.666667
-1.356760	 	11393.333333
-1.308574	 	11400.000000
-1.269654	 	11406.666667
-1.309633	 	11413.333333
-1.323665	 	11420.000000
-1.402299	 	11426.666667
-1.438836	 	11433.333333
-1.386148	 	11440.000000
-1.445190	 	11446.666667
-1.463458	 	11453.333333
-1.546064	 	11460.000000
-1.510850	 	11466.666667
-1.521176	 	11473.333333
-1.539974	 	11480.000000
-1.698830	 	11486.666667
-1.484110	 	11493.333333
-1.470607	 	11500.000000
-1.520117	 	11506.666667
-1.634494	 	11513.333333
-1.436188	 	11520.000000
-1.508468	 	11526.666667
-1.469283	 	11533.333333
-1.614901	 	11540.000000
-1.445719	 	11546.666667
-1.424539	 	11553.333333
-1.461340	 	11560.000000
-1.594780	 	11566.666667
-1.569098	 	11573.333333
-1.550829	 	11580.000000
-1.528854	 	11586.666667
-1.615166	 	11593.333333
-1.479344	 	11600.000000
-1.494965	 	11606.666667
-1.542622	 	11613.333333
-1.525148	 	11620.000000
-1.565921	 	11626.666667
-1.664412	 	11633.333333
-1.601928	 	11640.000000
-1.640318	 	11646.666667
-1.496553	 	11653.333333
-1.615431	 	11660.000000
-1.583130	 	11666.666667
-1.579688	 	11673.333333
-1.560890	 	11680.000000
-1.555860	 	11686.666667
-1.549241	 	11693.333333
-1.544740	 	11700.000000
-1.464253	 	11706.666667
-1.521970	 	11713.333333
-1.477491	 	11720.000000
-1.507673	 	11726.666667
-1.405476	 	11733.333333
-1.472195	 	11740.000000
-1.370263	 	11746.666667
-1.515087	 	11753.333333
-1.443601	 	11760.000000
-1.426127	 	11766.666667
-1.438306	 	11773.333333
-1.380588	 	11780.000000
-1.372381	 	11786.666667
-1.377676	 	11793.333333
-1.405211	 	11800.000000
-1.306455	 	11806.666667
-1.305132	 	11813.333333
-1.389590	 	11820.000000
-1.289246	 	11826.666667
-1.337168	 	11833.333333
-1.441218	 	11840.000000
-1.381383	 	11846.666667
-1.447838	 	11853.333333
-1.463988	 	11860.000000
-1.448102	 	11866.666667
-1.542357	 	11873.333333
-1.453662	 	11880.000000
-1.480403	 	11886.666667
-1.497877	 	11893.333333
-1.506350	 	11900.000000
-1.591073	 	11906.666667
-1.521970	 	11913.333333
-1.588425	 	11920.000000
-1.685328	 	11926.666667
-1.542092	 	11933.333333
-1.552153	 	11940.000000
-1.656204	 	11946.666667
-1.523824	 	11953.333333
-1.536003	 	11960.000000
-1.521441	 	11966.666667
-1.564862	 	11973.333333
-1.535473	 	11980.000000
-1.530972	 	11986.666667
-1.611459	 	11993.333333
-1.523824	 	12000.000000
-1.482786	 	12006.666667
-1.487287	 	12013.333333
-1.392767	 	12020.000000
-1.499466	 	12026.666667
-1.443072	 	12033.333333
-1.493906	 	12040.000000
-1.529913	 	12046.666667
-1.459752	 	12053.333333
-1.452074	 	12060.000000
-1.341669	 	12066.666667
-1.491258	 	12073.333333
-1.498936	 	12080.000000
-1.412095	 	12086.666667
-1.393562	 	12093.333333
-1.391973	 	12100.000000
-1.472990	 	12106.666667
-1.364703	 	12113.333333
-1.440159	 	12120.000000
-1.362320	 	12126.666667
-1.257475	 	12133.333333
-1.328431	 	12140.000000
-1.256151	 	12146.666667
-1.326048	 	12153.333333
-1.351994	 	12160.000000
-1.185989	 	12166.666667
-1.221997	 	12173.333333
-1.224380	 	12180.000000
-1.279450	 	12186.666667
-1.171692	 	12193.333333
-1.275478	 	12200.000000
-1.231528	 	12206.666667
-1.125095	 	12213.333333
-1.241060	 	12220.000000
-1.225968	 	12226.666667
-1.187313	 	12233.333333
-1.174605	 	12240.000000
-1.174605	 	12246.666667
-1.100472	 	12253.333333
-1.124830	 	12260.000000
-1.072937	 	12266.666667
-0.968886	 	12273.333333
-0.979476	 	12280.000000
-0.973387	 	12286.666667
-1.026339	 	12293.333333
-0.973916	 	12300.000000
-1.069230	 	12306.666667
-1.027663	 	12313.333333
-0.989273	 	12320.000000
-0.964120	 	12326.666667
-1.020779	 	12333.333333
-0.949294	 	12340.000000
-1.049638	 	12346.666667
-1.005158	 	12353.333333
-1.041960	 	12360.000000
-1.057581	 	12366.666667
-1.008335	 	12373.333333
-1.095441	 	12380.000000
-1.262505	 	12386.666667
-1.037194	 	12393.333333
-1.107885	 	12400.000000
-1.160308	 	12406.666667
-1.146805	 	12413.333333
-1.134096	 	12420.000000
-1.283686	 	12426.666667
-1.170898	 	12433.333333
-1.310162	 	12440.000000
-1.300366	 	12446.666667
-1.339286	 	12453.333333
-1.449956	 	12460.000000
-1.516940	 	12466.666667
-1.615696	 	12473.333333
-1.494965	 	12480.000000
-1.432217	 	12486.666667
-1.618343	 	12493.333333
-1.619137	 	12500.000000
-1.750194	 	12506.666667
-1.614107	 	12513.333333
-1.633699	 	12520.000000
-1.647202	 	12526.666667
-1.619402	 	12533.333333
-1.652233	 	12540.000000
-1.766874	 	12546.666667
-1.758401	 	12553.333333
-1.700154	 	12560.000000
-1.654615	 	12566.666667
-1.749400	 	12573.333333
-1.731925	 	12580.000000
-1.699889	 	12586.666667
-1.754960	 	12593.333333
-1.799704	 	12600.000000
-1.837830	 	12606.666667
-1.751253	 	12613.333333
-1.734308	 	12620.000000
-1.906932	 	12626.666667
-1.688240	 	12633.333333
-1.788584	 	12640.000000
-1.845772	 	12646.666667
-1.763167	 	12653.333333
-1.859010	 	12660.000000
-1.827239	 	12666.666667
-1.906138	 	12673.333333
-1.824592	 	12680.000000
-1.873043	 	12686.666667
-1.897930	 	12693.333333
-1.862717	 	12700.000000
-1.936850	 	12706.666667
-1.903225	 	12713.333333
-1.897136	 	12720.000000
-1.918581	 	12726.666667
-2.091735	 	12733.333333
-1.873307	 	12740.000000
-1.857422	 	12746.666667
-1.850803	 	12753.333333
-1.814001	 	12760.000000
-1.882309	 	12766.666667
-1.963591	 	12773.333333
-1.875426	 	12780.000000
-1.880456	 	12786.666667
-1.900578	 	12793.333333
-1.962267	 	12800.000000
-1.896077	 	12806.666667
-1.832799	 	12813.333333
-1.916199	 	12820.000000
-2.030575	 	12826.666667
-1.975505	 	12833.333333
-1.950617	 	12840.000000
-1.788055	 	12846.666667
-1.781436	 	12853.333333
-1.839153	 	12860.000000
-1.826180	 	12866.666667
-1.839948	 	12873.333333
-1.784083	 	12880.000000
-1.709686	 	12886.666667
-1.708626	 	12893.333333
-1.719217	 	12900.000000
-1.752312	 	12906.666667
-1.700948	 	12913.333333
-1.675002	 	12920.000000
-1.641377	 	12926.666667
-1.670501	 	12933.333333
-1.643231	 	12940.000000
-1.673149	 	12946.666667
-1.705979	 	12953.333333
-1.764226	 	12960.000000
-1.761314	 	12966.666667
-1.833858	 	12973.333333
-1.800498	 	12980.000000
-1.848420	 	12986.666667
-1.816384	 	12993.333333
-1.811089	 	13000.000000
-1.918581	 	13006.666667
-1.920170	 	13013.333333
-1.893164	 	13020.000000
-1.933938	 	13026.666667
-1.940557	 	13033.333333
-1.999333	 	13040.000000
-1.994038	 	13046.666667
-2.040636	 	13053.333333
-1.987154	 	13060.000000
-2.031369	 	13066.666667
-2.054933	 	13073.333333
-2.051491	 	13080.000000
-2.075055	 	13086.666667
-2.029516	 	13093.333333
-2.064464	 	13100.000000
-2.155807	 	13106.666667
-2.055727	 	13113.333333
-2.077967	 	13120.000000
-1.995097	 	13126.666667
-2.073996	 	13133.333333
-1.925730	 	13140.000000
-1.998274	 	13146.666667
-1.982389	 	13153.333333
-1.959619	 	13160.000000
-2.037194	 	13166.666667
-2.063670	 	13173.333333
-1.976299	 	13180.000000
-1.901107	 	13186.666667
-1.896077	 	13193.333333
-1.916199	 	13200.000000
-1.956707	 	13206.666667
-1.879662	 	13213.333333
-1.939762	 	13220.000000
-1.952206	 	13226.666667
-2.001187	 	13233.333333
-1.941880	 	13240.000000
-1.957501	 	13246.666667
-2.006747	 	13253.333333
-1.883104	 	13260.000000
-1.942410	 	13266.666667
-2.038253	 	13273.333333
-2.007806	 	13280.000000
-2.071348	 	13286.666667
-2.029251	 	13293.333333
-1.956707	 	13300.000000
-1.914875	 	13306.666667
-2.030046	 	13313.333333
-2.158190	 	13320.000000
-2.116357	 	13326.666667
