#peak 	 	#time 
1.464775	 	0.000000
1.850914	 	6.666667
2.201795	 	13.333333
2.592620	 	20.000000
2.869044	 	26.666667
3.078828	 	33.333333
3.190889	 	40.000000
3.264324	 	46.666667
3.268851	 	53.333333
3.259137	 	60.000000
3.339623	 	66.666667
3.298652	 	73.333333
3.276150	 	80.000000
3.309633	 	86.666667
3.262289	 	93.333333
3.312514	 	100.000000
3.332676	 	106.666667
3.345097	 	113.333333
3.399102	 	120.000000
3.393702	 	126.666667
3.355898	 	133.333333
3.317014	 	140.000000
3.312514	 	146.666667
3.312514	 	153.333333
3.346537	 	160.000000
3.296132	 	166.666667
3.334476	 	173.333333
3.328535	 	180.000000
3.344197	 	186.666667
3.356078	 	193.333333
3.331056	 	200.000000
3.399642	 	206.666667
3.330515	 	213.333333
3.386501	 	220.000000
3.412784	 	226.666667
3.329615	 	233.333333
3.383081	 	240.000000
3.386681	 	246.666667
3.365079	 	253.333333
3.389381	 	260.000000
3.334656	 	266.666667
3.352478	 	273.333333
3.377500	 	280.000000
3.420164	 	286.666667
3.342397	 	293.333333
3.355898	 	300.000000
3.384521	 	306.666667
3.353738	 	313.333333
3.338976	 	320.000000
3.356258	 	326.666667
3.393522	 	333.333333
3.358958	 	340.000000
3.403603	 	346.666667
3.430065	 	353.333333
3.408643	 	360.000000
3.385961	 	366.666667
3.300813	 	373.333333
3.399102	 	380.000000
3.378940	 	386.666667
3.430425	 	393.333333
3.363099	 	400.000000
3.413864	 	406.666667
3.460668	 	413.333333
3.408643	 	420.000000
3.398562	 	426.666667
3.386861	 	433.333333
3.311794	 	440.000000
3.328895	 	446.666667
3.434386	 	453.333333
3.460849	 	460.000000
3.452208	 	466.666667
3.407743	 	473.333333
3.313954	 	480.000000
3.294152	 	486.666667
3.306933	 	493.333333
3.295412	 	500.000000
3.220704	 	506.666667
3.219984	 	513.333333
3.323135	 	520.000000
3.298832	 	526.666667
3.288571	 	533.333333
3.244467	 	540.000000
3.304233	 	546.666667
3.309993	 	553.333333
3.291452	 	560.000000
3.269669	 	566.666667
3.263369	 	573.333333
3.348697	 	580.000000
3.224485	 	586.666667
3.317554	 	593.333333
3.321695	 	600.000000
3.350677	 	606.666667
3.334836	 	613.333333
3.306033	 	620.000000
3.252568	 	626.666667
3.288751	 	633.333333
3.293072	 	640.000000
3.312334	 	646.666667
3.359318	 	653.333333
3.340596	 	660.000000
3.369219	 	666.666667
3.351578	 	673.333333
3.351938	 	680.000000
3.392622	 	686.666667
3.369219	 	693.333333
3.326915	 	700.000000
3.339696	 	706.666667
3.368859	 	713.333333
3.305853	 	720.000000
3.294512	 	726.666667
3.392622	 	733.333333
3.416924	 	740.000000
3.388121	 	746.666667
3.323135	 	753.333333
3.368859	 	760.000000
3.325655	 	766.666667
3.360759	 	773.333333
3.420344	 	780.000000
3.330155	 	786.666667
3.368859	 	793.333333
3.352478	 	800.000000
3.277950	 	806.666667
3.367239	 	813.333333
3.260488	 	820.000000
3.240686	 	826.666667
3.235286	 	833.333333
3.213864	 	840.000000
3.238346	 	846.666667
3.178760	 	853.333333
3.224845	 	860.000000
3.269669	 	866.666667
3.280650	 	873.333333
3.288751	 	880.000000
3.248427	 	886.666667
3.179120	 	893.333333
3.257068	 	900.000000
3.241227	 	906.666667
3.216384	 	913.333333
3.290011	 	920.000000
3.221785	 	926.666667
3.209183	 	933.333333
3.311974	 	940.000000
3.242667	 	946.666667
3.288571	 	953.333333
3.215664	 	960.000000
3.343297	 	966.666667
3.297572	 	973.333333
3.358778	 	980.000000
3.447347	 	986.666667
3.358598	 	993.333333
3.400542	 	1000.000000
3.369039	 	1006.666667
3.391902	 	1013.333333
3.358238	 	1020.000000
3.404323	 	1026.666667
3.334116	 	1033.333333
3.373000	 	1040.000000
3.423765	 	1046.666667
3.391722	 	1053.333333
3.409543	 	1060.000000
3.408283	 	1066.666667
3.337896	 	1073.333333
3.365439	 	1080.000000
3.407203	 	1086.666667
3.431866	 	1093.333333
3.490191	 	1100.000000
3.355718	 	1106.666667
3.427365	 	1113.333333
3.375700	 	1120.000000
3.353558	 	1126.666667
3.315214	 	1133.333333
3.388661	 	1140.000000
3.374800	 	1146.666667
3.407743	 	1153.333333
3.332856	 	1160.000000
3.308553	 	1166.666667
3.271110	 	1173.333333
3.379120	 	1180.000000
3.329795	 	1186.666667
3.324755	 	1193.333333
3.327455	 	1200.000000
3.350677	 	1206.666667
3.287851	 	1213.333333
3.267869	 	1220.000000
3.338436	 	1226.666667
3.318994	 	1233.333333
3.356438	 	1240.000000
3.328355	 	1246.666667
3.305313	 	1253.333333
3.285871	 	1260.000000
3.305313	 	1266.666667
3.313594	 	1273.333333
3.309093	 	1280.000000
3.296132	 	1286.666667
3.263009	 	1293.333333
3.270209	 	1300.000000
3.335376	 	1306.666667
3.369759	 	1313.333333
3.357158	 	1320.000000
3.326915	 	1326.666667
3.307653	 	1333.333333
3.298472	 	1340.000000
3.282811	 	1346.666667
3.235106	 	1353.333333
3.258868	 	1360.000000
3.170119	 	1366.666667
3.206483	 	1373.333333
3.218184	 	1380.000000
3.262289	 	1386.666667
3.236726	 	1393.333333
3.291992	 	1400.000000
3.212424	 	1406.666667
3.165079	 	1413.333333
3.181281	 	1420.000000
3.201443	 	1426.666667
3.244827	 	1433.333333
3.230966	 	1440.000000
3.220704	 	1446.666667
3.231686	 	1453.333333
3.244647	 	1460.000000
3.285511	 	1466.666667
3.341497	 	1473.333333
3.369579	 	1480.000000
3.284971	 	1486.666667
3.334116	 	1493.333333
3.390641	 	1500.000000
3.245367	 	1506.666667
3.416204	 	1513.333333
3.293072	 	1520.000000
3.291632	 	1526.666667
3.302613	 	1533.333333
3.264629	 	1540.000000
3.344017	 	1546.666667
3.244107	 	1553.333333
3.285151	 	1560.000000
3.476870	 	1566.666667
3.458328	 	1573.333333
3.381821	 	1580.000000
3.426825	 	1586.666667
3.373540	 	1593.333333
3.403243	 	1600.000000
3.392082	 	1606.666667
3.421425	 	1613.333333
3.411884	 	1620.000000
3.368499	 	1626.666667
3.402343	 	1633.333333
3.376960	 	1640.000000
3.380380	 	1646.666667
3.352118	 	1653.333333
3.381281	 	1660.000000
3.321875	 	1666.666667
3.335016	 	1673.333333
3.374620	 	1680.000000
3.315034	 	1686.666667
3.271110	 	1693.333333
3.349957	 	1700.000000
3.391362	 	1706.666667
3.424125	 	1713.333333
3.400002	 	1720.000000
3.346177	 	1726.666667
3.416204	 	1733.333333
3.373900	 	1740.000000
3.419804	 	1746.666667
3.410083	 	1753.333333
3.404323	 	1760.000000
3.338976	 	1766.666667
3.331596	 	1773.333333
3.431146	 	1780.000000
3.449147	 	1786.666667
3.394422	 	1793.333333
3.382001	 	1800.000000
3.345637	 	1806.666667
3.290191	 	1813.333333
3.288751	 	1820.000000
3.325835	 	1826.666667
3.307653	 	1833.333333
3.308013	 	1840.000000
3.285691	 	1846.666667
3.279030	 	1853.333333
3.243027	 	1860.000000
3.331956	 	1866.666667
3.298292	 	1873.333333
3.163999	 	1880.000000
3.197662	 	1886.666667
3.215844	 	1893.333333
3.243567	 	1900.000000
3.256348	 	1906.666667
3.188661	 	1913.333333
3.138436	 	1920.000000
3.142217	 	1926.666667
3.231146	 	1933.333333
3.165079	 	1940.000000
3.066069	 	1946.666667
3.114674	 	1953.333333
3.156798	 	1960.000000
3.128535	 	1966.666667
3.176780	 	1973.333333
3.186141	 	1980.000000
3.209723	 	1986.666667
3.277230	 	1993.333333
3.154998	 	2000.000000
3.178040	 	2006.666667
3.207383	 	2013.333333
3.234926	 	2020.000000
3.224665	 	2026.666667
3.230786	 	2033.333333
3.204323	 	2040.000000
3.231866	 	2046.666667
3.276690	 	2053.333333
3.285691	 	2060.000000
3.233306	 	2066.666667
3.244827	 	2073.333333
3.202343	 	2080.000000
3.172280	 	2086.666667
3.147437	 	2093.333333
3.246627	 	2100.000000
3.244107	 	2106.666667
3.241767	 	2113.333333
3.234206	 	2120.000000
3.189021	 	2126.666667
3.172460	 	2133.333333
3.218544	 	2140.000000
3.228625	 	2146.666667
3.257788	 	2153.333333
3.233846	 	2160.000000
3.221065	 	2166.666667
3.208643	 	2173.333333
3.223765	 	2180.000000
3.193342	 	2186.666667
3.223225	 	2193.333333
3.250768	 	2200.000000
3.197842	 	2206.666667
3.181281	 	2213.333333
3.202523	 	2220.000000
3.216564	 	2226.666667
3.225925	 	2233.333333
3.227725	 	2240.000000
3.246627	 	2246.666667
3.151758	 	2253.333333
3.154458	 	2260.000000
3.249687	 	2266.666667
3.119354	 	2273.333333
3.186681	 	2280.000000
3.142757	 	2286.666667
3.197302	 	2293.333333
3.235286	 	2300.000000
3.221605	 	2306.666667
3.247707	 	2313.333333
3.171380	 	2320.000000
3.158418	 	2326.666667
3.217824	 	2333.333333
3.144917	 	2340.000000
3.175700	 	2346.666667
3.212784	 	2353.333333
3.298472	 	2360.000000
3.208643	 	2366.666667
3.299732	 	2373.333333
3.252388	 	2380.000000
3.267869	 	2386.666667
3.228085	 	2393.333333
3.202523	 	2400.000000
3.204863	 	2406.666667
3.201263	 	2413.333333
3.193342	 	2420.000000
3.230245	 	2426.666667
3.192802	 	2433.333333
3.198742	 	2440.000000
3.266249	 	2446.666667
3.225385	 	2453.333333
3.303513	 	2460.000000
3.256708	 	2466.666667
3.293432	 	2473.333333
3.255628	 	2480.000000
3.370659	 	2486.666667
3.291632	 	2493.333333
3.306033	 	2500.000000
3.267869	 	2506.666667
3.282091	 	2513.333333
3.259948	 	2520.000000
3.316114	 	2526.666667
3.311434	 	2533.333333
3.274170	 	2540.000000
3.225025	 	2546.666667
3.225385	 	2553.333333
3.178580	 	2560.000000
3.199462	 	2566.666667
3.154098	 	2573.333333
3.189561	 	2580.000000
3.160759	 	2586.666667
3.201443	 	2593.333333
3.171200	 	2600.000000
3.196762	 	2606.666667
3.229705	 	2613.333333
3.150858	 	2620.000000
3.149777	 	2626.666667
3.193522	 	2633.333333
3.102073	 	2640.000000
3.129075	 	2646.666667
3.143117	 	2653.333333
3.182541	 	2660.000000
3.147797	 	2666.666667
3.126735	 	2673.333333
3.102973	 	2680.000000
3.099732	 	2686.666667
3.130155	 	2693.333333
3.105313	 	2700.000000
3.098652	 	2706.666667
3.146357	 	2713.333333
3.055268	 	2720.000000
3.095412	 	2726.666667
3.160759	 	2733.333333
3.071830	 	2740.000000
3.125655	 	2746.666667
3.054548	 	2753.333333
3.026465	 	2760.000000
3.121515	 	2766.666667
3.110894	 	2773.333333
3.094332	 	2780.000000
3.089291	 	2786.666667
3.135016	 	2793.333333
3.135376	 	2800.000000
3.110894	 	2806.666667
3.060128	 	2813.333333
3.092532	 	2820.000000
3.091092	 	2826.666667
3.122055	 	2833.333333
3.062289	 	2840.000000
2.976240	 	2846.666667
3.010804	 	2853.333333
3.037446	 	2860.000000
2.996942	 	2866.666667
2.969759	 	2873.333333
3.007563	 	2880.000000
2.963819	 	2886.666667
2.986321	 	2893.333333
3.005223	 	2900.000000
3.039426	 	2906.666667
3.108013	 	2913.333333
2.981821	 	2920.000000
2.990281	 	2926.666667
3.042847	 	2933.333333
2.980020	 	2940.000000
2.976960	 	2946.666667
3.074530	 	2953.333333
2.988661	 	2960.000000
2.928175	 	2966.666667
3.073810	 	2973.333333
3.074890	 	2980.000000
3.055448	 	2986.666667
3.011884	 	2993.333333
3.076690	 	3000.000000
3.054008	 	3006.666667
3.096312	 	3013.333333
3.070209	 	3020.000000
3.138436	 	3026.666667
3.027005	 	3033.333333
3.138076	 	3040.000000
3.179480	 	3046.666667
3.151218	 	3053.333333
3.139336	 	3060.000000
3.232946	 	3066.666667
3.185781	 	3073.333333
3.416024	 	3080.000000
3.819804	 	3086.666667
4.931236	 	3093.333333
6.591002	 	3100.000000
9.219084	 	3106.666667
12.901173	 	3113.333333
17.625025	 	3120.000000
24.623945	 	3126.666667
37.301173	 	3133.333333
62.503333	 	3140.000000
98.402883	 	3146.666667
141.547257	 	3153.333333
193.142037	 	3160.000000
256.027185	 	3166.666667
331.140777	 	3173.333333
418.005043	 	3180.000000
517.684431	 	3186.666667
628.565619	 	3193.333333
750.341677	 	3200.000000
879.606663	 	3206.666667
1015.942937	 	3213.333333
1157.528175	 	3220.000000
1303.282451	 	3226.666667
1449.122235	 	3233.333333
1596.286591	 	3240.000000
1741.229165	 	3246.666667
1883.892892	 	3253.333333
2022.170299	 	3260.000000
2154.793342	 	3266.666667
2280.486051	 	3273.333333
2400.044287	 	3280.000000
2511.353018	 	3286.666667
2614.922055	 	3293.333333
2709.387041	 	3300.000000
2795.988301	 	3306.666667
2873.133756	 	3313.333333
2942.265709	 	3320.000000
3001.720074	 	3326.666667
3052.355538	 	3333.333333
3093.410263	 	3340.000000
3126.688571	 	3346.666667
3151.979660	 	3353.333333
3169.329075	 	3360.000000
3178.770299	 	3366.666667
3181.283171	 	3373.333333
3177.986321	 	3380.000000
3169.209003	 	3386.666667
3154.821965	 	3393.333333
3135.884971	 	3400.000000
3112.901713	 	3406.666667
3086.090551	 	3413.333333
3055.654728	 	3420.000000
3022.771740	 	3426.666667
2987.653828	 	3433.333333
2949.958598	 	3440.000000
2910.060849	 	3446.666667
2869.006123	 	3453.333333
2826.702253	 	3460.000000
2782.931596	 	3466.666667
2737.972280	 	3473.333333
2692.404863	 	3480.000000
2646.030245	 	3486.666667
2599.574980	 	3493.333333
2552.568499	 	3500.000000
2505.404143	 	3506.666667
2458.377680	 	3513.333333
2411.270930	 	3520.000000
2364.843747	 	3526.666667
2318.627905	 	3533.333333
2272.918454	 	3540.000000
2227.409723	 	3546.666667
2182.551038	 	3553.333333
2138.470029	 	3560.000000
2095.082631	 	3566.666667
2052.131956	 	3573.333333
2009.741137	 	3580.000000
1968.316114	 	3586.666667
1927.826465	 	3593.333333
1888.087311	 	3600.000000
1848.918814	 	3606.666667
1810.547977	 	3613.333333
1773.074170	 	3620.000000
1736.406483	 	3626.666667
1700.519174	 	3633.333333
1665.428805	 	3640.000000
1630.753738	 	3646.666667
1597.074530	 	3653.333333
1564.349237	 	3660.000000
1532.518274	 	3666.666667
1500.883711	 	3673.333333
1470.231866	 	3680.000000
1440.537176	 	3686.666667
1411.387221	 	3693.333333
1382.891632	 	3700.000000
1354.978400	 	3706.666667
1327.793522	 	3713.333333
1301.317374	 	3720.000000
1275.448247	 	3726.666667
1250.158058	 	3733.333333
1225.638886	 	3740.000000
1201.471470	 	3746.666667
1178.019444	 	3753.333333
1155.136096	 	3760.000000
1132.755538	 	3766.666667
1110.989021	 	3773.333333
1089.845547	 	3780.000000
1069.041227	 	3786.666667
1048.864449	 	3793.333333
1029.170299	 	3800.000000
1009.937716	 	3806.666667
991.231866	 	3813.333333
972.985961	 	3820.000000
955.203963	 	3826.666667
937.873630	 	3833.333333
920.864269	 	3840.000000
904.369219	 	3846.666667
888.183801	 	3853.333333
872.484791	 	3860.000000
857.037086	 	3866.666667
842.069309	 	3873.333333
827.323135	 	3880.000000
812.836726	 	3886.666667
798.820164	 	3893.333333
785.024485	 	3900.000000
771.604503	 	3906.666667
758.338436	 	3913.333333
745.469849	 	3920.000000
732.883531	 	3926.666667
720.576420	 	3933.333333
708.380560	 	3940.000000
696.524035	 	3946.666667
684.899192	 	3953.333333
673.488211	 	3960.000000
662.361839	 	3966.666667
651.465529	 	3973.333333
640.666609	 	3980.000000
630.112694	 	3986.666667
619.837086	 	3993.333333
609.776960	 	4000.000000
599.735196	 	4006.666667
589.841587	 	4013.333333
580.205043	 	4020.000000
570.822865	 	4026.666667
561.681911	 	4033.333333
552.555178	 	4040.000000
543.713414	 	4046.666667
534.992442	 	4053.333333
526.564179	 	4060.000000
518.118814	 	4066.666667
509.983801	 	4073.333333
501.921515	 	4080.000000
493.975160	 	4086.666667
486.318814	 	4093.333333
478.657608	 	4100.000000
471.269669	 	4106.666667
463.935016	 	4113.333333
456.624305	 	4120.000000
449.684971	 	4126.666667
442.896132	 	4133.333333
436.077050	 	4140.000000
429.513414	 	4146.666667
423.075790	 	4153.333333
416.738796	 	4160.000000
410.535556	 	4166.666667
404.446447	 	4173.333333
398.405223	 	4180.000000
392.562379	 	4186.666667
386.907293	 	4193.333333
381.405583	 	4200.000000
375.778400	 	4206.666667
370.445547	 	4213.333333
365.223405	 	4220.000000
360.016204	 	4226.666667
354.918814	 	4233.333333
350.045907	 	4240.000000
345.005223	 	4246.666667
340.146897	 	4253.333333
335.386501	 	4260.000000
330.627725	 	4266.666667
326.042487	 	4273.333333
321.614764	 	4280.000000
317.124035	 	4286.666667
312.739156	 	4293.333333
308.546717	 	4300.000000
304.311974	 	4306.666667
300.108913	 	4313.333333
296.015304	 	4320.000000
291.912334	 	4326.666667
288.021245	 	4333.333333
284.016204	 	4340.000000
280.282091	 	4346.666667
276.521695	 	4353.333333
272.704233	 	4360.000000
269.139336	 	4366.666667
265.502073	 	4373.333333
261.996762	 	4380.000000
258.427545	 	4386.666667
255.079570	 	4393.333333
251.693432	 	4400.000000
248.389741	 	4406.666667
245.067869	 	4413.333333
241.889111	 	4420.000000
238.609903	 	4426.666667
235.403783	 	4433.333333
232.251128	 	4440.000000
229.193702	 	4446.666667
226.184521	 	4453.333333
223.197482	 	4460.000000
220.201803	 	4466.666667
217.322415	 	4473.333333
214.388841	 	4480.000000
211.555898	 	4486.666667
208.812604	 	4493.333333
206.189381	 	4500.000000
203.635286	 	4506.666667
201.091452	 	4513.333333
198.508913	 	4520.000000
195.522775	 	4526.666667
193.402163	 	4533.333333
190.665529	 	4540.000000
188.237806	 	4546.666667
185.806663	 	4553.333333
183.640867	 	4560.000000
181.147437	 	4566.666667
178.886771	 	4573.333333
176.647527	 	4580.000000
174.415304	 	4586.666667
172.086771	 	4593.333333
170.164179	 	4600.000000
167.433846	 	4606.666667
165.514674	 	4613.333333
163.532496	 	4620.000000
162.356258	 	4626.666667
159.198742	 	4633.333333
157.518094	 	4640.000000
156.407203	 	4646.666667
154.405763	 	4653.333333
151.999282	 	4660.000000
150.103333	 	4666.666667
148.982001	 	4673.333333
147.090551	 	4680.000000
144.676510	 	4686.666667
143.471650	 	4693.333333
142.348517	 	4700.000000
140.375340	 	4706.666667
138.412064	 	4713.333333
136.962379	 	4720.000000
135.330335	 	4726.666667
133.602343	 	4733.333333
132.472910	 	4740.000000
130.021425	 	4746.666667
129.068769	 	4753.333333
127.545817	 	4760.000000
126.035286	 	4766.666667
124.299912	 	4773.333333
123.271650	 	4780.000000
121.541857	 	4786.666667
120.108373	 	4793.333333
118.386501	 	4800.000000
117.296672	 	4806.666667
115.667329	 	4813.333333
114.824845	 	4820.000000
112.876510	 	4826.666667
112.130695	 	4833.333333
110.275250	 	4840.000000
109.295952	 	4846.666667
107.762379	 	4853.333333
106.835286	 	4860.000000
105.627005	 	4866.666667
103.713054	 	4873.333333
103.142397	 	4880.000000
102.128895	 	4886.666667
100.269129	 	4893.333333
99.357698	 	4900.000000
98.778760	 	4906.666667
97.506753	 	4913.333333
95.368679	 	4920.000000
95.161839	 	4926.666667
94.560759	 	4933.333333
92.732316	 	4940.000000
91.902073	 	4946.666667
90.934296	 	4953.333333
90.122775	 	4960.000000
89.025565	 	4966.666667
88.397662	 	4973.333333
86.653108	 	4980.000000
86.608643	 	4986.666667
85.722955	 	4993.333333
84.470750	 	5000.000000
83.623945	 	5006.666667
82.838706	 	5013.333333
82.349957	 	5020.000000
80.988481	 	5026.666667
80.135736	 	5033.333333
80.102613	 	5040.000000
78.598202	 	5046.666667
77.776240	 	5053.333333
77.229525	 	5060.000000
76.548697	 	5066.666667
75.437626	 	5073.333333
74.950497	 	5080.000000
74.076510	 	5086.666667
73.249147	 	5093.333333
72.549597	 	5100.000000
71.722235	 	5106.666667
71.119894	 	5113.333333
70.255988	 	5120.000000
69.744017	 	5126.666667
68.790461	 	5133.333333
68.150677	 	5140.000000
67.772640	 	5146.666667
66.878310	 	5153.333333
66.103333	 	5160.000000
65.510713	 	5166.666667
65.119534	 	5173.333333
64.187581	 	5180.000000
63.557158	 	5186.666667
63.079210	 	5193.333333
62.275790	 	5200.000000
61.635286	 	5206.666667
61.211884	 	5213.333333
60.565079	 	5220.000000
59.778760	 	5226.666667
59.463369	 	5233.333333
58.636006	 	5240.000000
58.011884	 	5246.666667
57.712154	 	5253.333333
56.950497	 	5260.000000
56.368319	 	5266.666667
55.980020	 	5273.333333
55.534476	 	5280.000000
54.796042	 	5286.666667
54.379660	 	5293.333333
54.042667	 	5300.000000
53.508733	 	5306.666667
53.018544	 	5313.333333
52.628625	 	5320.000000
52.142217	 	5326.666667
51.545097	 	5333.333333
51.209543	 	5340.000000
50.776060	 	5346.666667
50.246807	 	5353.333333
49.873450	 	5360.000000
49.379480	 	5366.666667
48.766519	 	5373.333333
48.338976	 	5380.000000
48.089471	 	5386.666667
47.412064	 	5393.333333
46.947257	 	5400.000000
46.600903	 	5406.666667
46.110894	 	5413.333333
45.544197	 	5420.000000
45.132496	 	5426.666667
44.691632	 	5433.333333
44.207383	 	5440.000000
43.764179	 	5446.666667
43.360038	 	5453.333333
42.923855	 	5460.000000
42.592442	 	5466.666667
42.071290	 	5473.333333
41.662289	 	5480.000000
41.245187	 	5486.666667
40.963459	 	5493.333333
40.531416	 	5500.000000
40.092712	 	5506.666667
39.854008	 	5513.333333
39.469669	 	5520.000000
39.132496	 	5526.666667
38.772640	 	5533.333333
38.324035	 	5540.000000
38.063369	 	5546.666667
37.741317	 	5553.333333
37.504413	 	5560.000000
36.977500	 	5566.666667
36.690912	 	5573.333333
36.287131	 	5580.000000
35.942397	 	5586.666667
35.608103	 	5593.333333
35.263549	 	5600.000000
34.996582	 	5606.666667
34.571740	 	5613.333333
34.344377	 	5620.000000
34.065529	 	5626.666667
33.726915	 	5633.333333
33.329975	 	5640.000000
33.046267	 	5646.666667
32.736096	 	5653.333333
32.362739	 	5660.000000
32.259768	 	5666.666667
31.844287	 	5673.333333
31.596582	 	5680.000000
31.365259	 	5686.666667
31.021605	 	5693.333333
30.777320	 	5700.000000
30.553738	 	5706.666667
30.173720	 	5713.333333
29.866969	 	5720.000000
29.598562	 	5726.666667
29.352298	 	5733.333333
29.084251	 	5740.000000
28.900993	 	5746.666667
28.630786	 	5753.333333
28.350497	 	5760.000000
28.121155	 	5766.666667
27.801083	 	5773.333333
27.608283	 	5780.000000
27.402343	 	5786.666667
27.037266	 	5793.333333
26.931956	 	5800.000000
26.659408	 	5806.666667
26.523135	 	5813.333333
26.184521	 	5820.000000
25.981281	 	5826.666667
25.733936	 	5833.333333
25.468589	 	5840.000000
25.192262	 	5846.666667
24.945997	 	5853.333333
24.705853	 	5860.000000
24.509273	 	5866.666667
24.263189	 	5873.333333
24.025205	 	5880.000000
23.778940	 	5886.666667
23.608463	 	5893.333333
23.339156	 	5900.000000
23.187041	 	5906.666667
22.902073	 	5913.333333
22.743117	 	5920.000000
22.450948	 	5926.666667
22.213504	 	5933.333333
22.094512	 	5940.000000
21.935916	 	5946.666667
21.783621	 	5953.333333
21.470750	 	5960.000000
21.388661	 	5966.666667
21.164899	 	5973.333333
20.998742	 	5980.000000
20.832586	 	5986.666667
20.658688	 	5993.333333
20.553918	 	6000.000000
20.356258	 	6006.666667
20.236186	 	6013.333333
20.066429	 	6020.000000
19.872010	 	6026.666667
19.659948	 	6033.333333
19.553738	 	6040.000000
19.336096	 	6046.666667
19.246267	 	6053.333333
19.116294	 	6060.000000
18.984521	 	6066.666667
18.850768	 	6073.333333
18.770299	 	6080.000000
18.609363	 	6086.666667
18.524395	 	6093.333333
18.413684	 	6100.000000
18.239066	 	6106.666667
18.051848	 	6113.333333
17.925655	 	6120.000000
17.834026	 	6126.666667
17.660849	 	6133.333333
17.519354	 	6140.000000
17.488751	 	6146.666667
17.351578	 	6153.333333
17.143477	 	6160.000000
17.034026	 	6166.666667
16.822505	 	6173.333333
16.713774	 	6180.000000
16.637446	 	6186.666667
16.547437	 	6193.333333
16.355178	 	6200.000000
16.236186	 	6206.666667
16.116294	 	6213.333333
15.936276	 	6220.000000
15.846627	 	6226.666667
15.681011	 	6233.333333
15.462829	 	6240.000000
15.378580	 	6246.666667
15.232046	 	6253.333333
15.045187	 	6260.000000
15.056888	 	6266.666667
14.831506	 	6273.333333
14.627545	 	6280.000000
14.538796	 	6286.666667
14.346537	 	6293.333333
14.118274	 	6300.000000
14.118814	 	6306.666667
13.990281	 	6313.333333
13.878490	 	6320.000000
13.761479	 	6326.666667
13.554458	 	6333.333333
13.565799	 	6340.000000
13.541677	 	6346.666667
13.425385	 	6353.333333
13.255628	 	6360.000000
13.115934	 	6366.666667
13.001443	 	6373.333333
12.968139	 	6380.000000
12.819264	 	6386.666667
12.708913	 	6393.333333
12.780200	 	6400.000000
12.587221	 	6406.666667
12.466069	 	6413.333333
12.369219	 	6420.000000
12.382361	 	6426.666667
12.151938	 	6433.333333
12.020885	 	6440.000000
12.013864	 	6446.666667
11.947437	 	6453.333333
11.776240	 	6460.000000
11.738976	 	6466.666667
11.687671	 	6473.333333
11.566159	 	6480.000000
11.519894	 	6486.666667
11.433846	 	6493.333333
11.345637	 	6500.000000
11.371920	 	6506.666667
11.320975	 	6513.333333
11.265529	 	6520.000000
11.167059	 	6526.666667
11.040506	 	6533.333333
10.952298	 	6540.000000
10.949957	 	6546.666667
10.779660	 	6553.333333
10.751398	 	6560.000000
10.671290	 	6566.666667
10.663549	 	6573.333333
10.526735	 	6580.000000
10.450948	 	6586.666667
10.322775	 	6593.333333
10.329975	 	6600.000000
10.195322	 	6606.666667
10.103153	 	6613.333333
9.976960	 	6620.000000
9.848427	 	6626.666667
9.831146	 	6633.333333
9.733936	 	6640.000000
9.635466	 	6646.666667
9.589201	 	6653.333333
9.524575	 	6660.000000
9.447347	 	6666.666667
9.386141	 	6673.333333
9.294512	 	6680.000000
9.343477	 	6686.666667
9.263189	 	6693.333333
9.153378	 	6700.000000
9.144197	 	6706.666667
9.053648	 	6713.333333
8.962199	 	6720.000000
8.945637	 	6726.666667
8.994602	 	6733.333333
8.915214	 	6740.000000
8.766699	 	6746.666667
8.772100	 	6753.333333
8.740777	 	6760.000000
8.774800	 	6766.666667
8.788481	 	6773.333333
8.674170	 	6780.000000
8.712874	 	6786.666667
8.636186	 	6793.333333
8.663909	 	6800.000000
8.594602	 	6806.666667
8.536636	 	6813.333333
8.567599	 	6820.000000
8.517014	 	6826.666667
8.475970	 	6833.333333
8.414584	 	6840.000000
8.381461	 	6846.666667
8.326015	 	6853.333333
8.186141	 	6860.000000
8.299192	 	6866.666667
8.173540	 	6873.333333
8.152838	 	6880.000000
8.116654	 	6886.666667
8.072910	 	6893.333333
8.060128	 	6900.000000
8.001983	 	6906.666667
7.904953	 	6913.333333
7.858688	 	6920.000000
7.826105	 	6926.666667
7.811524	 	6933.333333
7.774980	 	6940.000000
7.735916	 	6946.666667
7.658868	 	6953.333333
7.698112	 	6960.000000
7.556798	 	6966.666667
7.484611	 	6973.333333
7.308553	 	6980.000000
7.309633	 	6986.666667
7.267509	 	6993.333333
7.314314	 	7000.000000
7.228805	 	7006.666667
7.131416	 	7013.333333
7.088931	 	7020.000000
7.073270	 	7026.666667
6.934116	 	7033.333333
6.964179	 	7040.000000
6.888211	 	7046.666667
6.815124	 	7053.333333
6.804863	 	7060.000000
6.862109	 	7066.666667
6.691272	 	7073.333333
6.646267	 	7080.000000
6.542757	 	7086.666667
6.531776	 	7093.333333
6.449147	 	7100.000000
6.381641	 	7106.666667
6.329075	 	7113.333333
6.315574	 	7120.000000
6.193342	 	7126.666667
6.239426	 	7133.333333
6.055088	 	7140.000000
5.991722	 	7146.666667
5.960759	 	7153.333333
5.812784	 	7160.000000
5.798922	 	7166.666667
5.724935	 	7173.333333
5.612604	 	7180.000000
5.593162	 	7186.666667
5.516834	 	7193.333333
5.493252	 	7200.000000
5.424845	 	7206.666667
5.312514	 	7213.333333
5.228985	 	7220.000000
5.229525	 	7226.666667
5.183261	 	7233.333333
5.104413	 	7240.000000
5.088931	 	7246.666667
4.980560	 	7253.333333
4.987401	 	7260.000000
4.960939	 	7266.666667
4.862109	 	7273.333333
4.748157	 	7280.000000
4.703873	 	7286.666667
4.668049	 	7293.333333
4.616204	 	7300.000000
4.591542	 	7306.666667
4.562919	 	7313.333333
4.532496	 	7320.000000
4.433126	 	7326.666667
4.418724	 	7333.333333
4.348697	 	7340.000000
4.281011	 	7346.666667
4.289651	 	7353.333333
4.205043	 	7360.000000
4.053648	 	7366.666667
4.067869	 	7373.333333
4.001983	 	7380.000000
3.940416	 	7386.666667
3.867689	 	7393.333333
3.789381	 	7400.000000
3.739696	 	7406.666667
3.732136	 	7413.333333
3.679030	 	7420.000000
3.649687	 	7426.666667
3.627545	 	7433.333333
3.640686	 	7440.000000
3.592622	 	7446.666667
3.549417	 	7453.333333
3.506033	 	7460.000000
3.498112	 	7466.666667
3.415484	 	7473.333333
3.463549	 	7480.000000
3.464449	 	7486.666667
3.392082	 	7493.333333
3.380740	 	7500.000000
3.323135	 	7506.666667
3.295052	 	7513.333333
3.227545	 	7520.000000
3.140416	 	7526.666667
3.130515	 	7533.333333
3.163459	 	7540.000000
3.156978	 	7546.666667
3.155718	 	7553.333333
3.094332	 	7560.000000
3.088031	 	7566.666667
3.144377	 	7573.333333
3.220885	 	7580.000000
3.113234	 	7586.666667
3.131956	 	7593.333333
3.169219	 	7600.000000
3.115214	 	7606.666667
3.079570	 	7613.333333
3.063909	 	7620.000000
3.168859	 	7626.666667
3.094872	 	7633.333333
3.072190	 	7640.000000
3.101713	 	7646.666667
3.027005	 	7653.333333
2.985421	 	7660.000000
2.956618	 	7666.666667
2.990641	 	7673.333333
3.010804	 	7680.000000
2.879030	 	7686.666667
2.872010	 	7693.333333
2.897752	 	7700.000000
2.888031	 	7706.666667
2.846087	 	7713.333333
2.849687	 	7720.000000
2.904953	 	7726.666667
2.797842	 	7733.333333
2.766519	 	7740.000000
2.769759	 	7746.666667
2.837986	 	7753.333333
2.747437	 	7760.000000
2.742217	 	7766.666667
2.658508	 	7773.333333
2.661749	 	7780.000000
2.727815	 	7786.666667
2.713234	 	7793.333333
2.618544	 	7800.000000
2.640686	 	7806.666667
2.624125	 	7813.333333
2.684431	 	7820.000000
2.646987	 	7826.666667
2.662289	 	7833.333333
2.651668	 	7840.000000
2.701353	 	7846.666667
2.707833	 	7853.333333
2.694692	 	7860.000000
2.697392	 	7866.666667
2.755178	 	7873.333333
2.744737	 	7880.000000
2.797662	 	7886.666667
2.843207	 	7893.333333
2.838166	 	7900.000000
2.899552	 	7906.666667
2.842127	 	7913.333333
2.893252	 	7920.000000
2.927815	 	7926.666667
2.905673	 	7933.333333
2.807023	 	7940.000000
2.801623	 	7946.666667
2.742037	 	7953.333333
2.713954	 	7960.000000
2.710713	 	7966.666667
2.666969	 	7973.333333
2.618724	 	7980.000000
2.543117	 	7986.666667
2.547257	 	7993.333333
2.491272	 	8000.000000
2.369039	 	8006.666667
2.378760	 	8013.333333
2.352838	 	8020.000000
2.308733	 	8026.666667
2.313414	 	8033.333333
2.254548	 	8040.000000
2.192802	 	8046.666667
2.131956	 	8053.333333
2.189201	 	8060.000000
2.155898	 	8066.666667
2.148517	 	8073.333333
2.119354	 	8080.000000
2.130515	 	8086.666667
2.076690	 	8093.333333
2.064449	 	8100.000000
2.001263	 	8106.666667
1.931596	 	8113.333333
1.927455	 	8120.000000
1.797842	 	8126.666667
1.855808	 	8133.333333
1.770840	 	8140.000000
1.688571	 	8146.666667
1.723855	 	8153.333333
1.650948	 	8160.000000
1.719174	 	8166.666667
1.539336	 	8173.333333
1.484251	 	8180.000000
1.491272	 	8186.666667
1.537356	 	8193.333333
1.437266	 	8200.000000
1.415664	 	8206.666667
1.458508	 	8213.333333
1.461929	 	8220.000000
1.430065	 	8226.666667
1.442127	 	8233.333333
1.386861	 	8240.000000
1.367419	 	8246.666667
1.270389	 	8253.333333
1.320795	 	8260.000000
1.317374	 	8266.666667
1.277410	 	8273.333333
1.191722	 	8280.000000
1.225385	 	8286.666667
1.282631	 	8293.333333
1.329615	 	8300.000000
1.182901	 	8306.666667
1.201443	 	8313.333333
1.158418	 	8320.000000
1.165439	 	8326.666667
1.120795	 	8333.333333
1.125295	 	8340.000000
1.128355	 	8346.666667
1.102253	 	8353.333333
1.048607	 	8360.000000
1.010623	 	8366.666667
1.068589	 	8373.333333
1.091452	 	8380.000000
1.020704	 	8386.666667
0.975880	 	8393.333333
0.976060	 	8400.000000
0.925115	 	8406.666667
0.802703	 	8413.333333
0.861749	 	8420.000000
0.845907	 	8426.666667
0.841047	 	8433.333333
0.857428	 	8440.000000
0.773000	 	8446.666667
0.687851	 	8453.333333
0.781641	 	8460.000000
0.759678	 	8466.666667
0.742037	 	8473.333333
0.834206	 	8480.000000
0.716834	 	8486.666667
0.789921	 	8493.333333
0.743657	 	8500.000000
0.765439	 	8506.666667
0.819444	 	8513.333333
0.891092	 	8520.000000
0.779300	 	8526.666667
0.845547	 	8533.333333
0.815304	 	8540.000000
0.754638	 	8546.666667
0.766339	 	8553.333333
0.839426	 	8560.000000
0.730515	 	8566.666667
0.748517	 	8573.333333
0.726735	 	8580.000000
0.784161	 	8586.666667
0.776780	 	8593.333333
0.736996	 	8600.000000
0.720614	 	8606.666667
0.722595	 	8613.333333
0.690912	 	8620.000000
0.607203	 	8626.666667
0.687671	 	8633.333333
0.708733	 	8640.000000
0.610623	 	8646.666667
0.634566	 	8653.333333
0.651308	 	8660.000000
0.610623	 	8666.666667
0.573000	 	8673.333333
0.565439	 	8680.000000
0.560578	 	8686.666667
0.544197	 	8693.333333
0.503513	 	8700.000000
0.522775	 	8706.666667
0.473630	 	8713.333333
0.416744	 	8720.000000
0.461029	 	8726.666667
0.401983	 	8733.333333
0.337356	 	8740.000000
0.293432	 	8746.666667
0.327635	 	8753.333333
0.345997	 	8760.000000
0.328715	 	8766.666667
0.280831	 	8773.333333
0.230065	 	8780.000000
0.209183	 	8786.666667
0.199102	 	8793.333333
0.181461	 	8800.000000
0.124575	 	8806.666667
0.115754	 	8813.333333
0.059228	 	8820.000000
0.126195	 	8826.666667
0.065889	 	8833.333333
-0.027720	 	8840.000000
-0.056523	 	8846.666667
-0.075245	 	8853.333333
0.010443	 	8860.000000
0.059228	 	8866.666667
0.019444	 	8873.333333
0.045907	 	8880.000000
-0.055803	 	8886.666667
-0.029521	 	8893.333333
-0.014039	 	8900.000000
0.046627	 	8906.666667
-0.041222	 	8913.333333
-0.082446	 	8920.000000
-0.052743	 	8926.666667
-0.044102	 	8933.333333
-0.042302	 	8940.000000
-0.068584	 	8946.666667
-0.098827	 	8953.333333
-0.103688	 	8960.000000
-0.157333	 	8966.666667
-0.155353	 	8973.333333
-0.100088	 	8980.000000
-0.055803	 	8986.666667
-0.070205	 	8993.333333
-0.010259	 	9000.000000
0.014044	 	9006.666667
0.045727	 	9013.333333
0.025925	 	9020.000000
0.022145	 	9026.666667
-0.046082	 	9033.333333
-0.050763	 	9040.000000
0.020885	 	9046.666667
-0.028260	 	9053.333333
-0.006478	 	9060.000000
-0.020700	 	9066.666667
0.011704	 	9073.333333
-0.086406	 	9080.000000
-0.066964	 	9086.666667
-0.124930	 	9093.333333
-0.121510	 	9100.000000
-0.113589	 	9106.666667
-0.179115	 	9113.333333
-0.160754	 	9120.000000
-0.173715	 	9126.666667
-0.131591	 	9133.333333
-0.102068	 	9140.000000
-0.160034	 	9146.666667
-0.133571	 	9153.333333
-0.169575	 	9160.000000
-0.340772	 	9166.666667
-0.319890	 	9173.333333
-0.316649	 	9180.000000
-0.269305	 	9186.666667
-0.316649	 	9193.333333
-0.296307	 	9200.000000
-0.271285	 	9206.666667
-0.297207	 	9213.333333
-0.295587	 	9220.000000
-0.233841	 	9226.666667
-0.281006	 	9233.333333
-0.345812	 	9240.000000
-0.275245	 	9246.666667
-0.320070	 	9253.333333
-0.283526	 	9260.000000
-0.266964	 	9266.666667
-0.253823	 	9273.333333
-0.292707	 	9280.000000
-0.204858	 	9286.666667
-0.237801	 	9293.333333
-0.150673	 	9300.000000
-0.176775	 	9306.666667
-0.167234	 	9313.333333
-0.181636	 	9320.000000
-0.130331	 	9326.666667
-0.110529	 	9333.333333
-0.072905	 	9340.000000
-0.059584	 	9346.666667
0.028625	 	9353.333333
-0.018539	 	9360.000000
0.073270	 	9366.666667
0.129435	 	9373.333333
0.140596	 	9380.000000
0.142217	 	9386.666667
0.028985	 	9393.333333
0.141317	 	9400.000000
0.088391	 	9406.666667
0.188661	 	9413.333333
0.220164	 	9420.000000
0.213324	 	9426.666667
0.148517	 	9433.333333
0.172280	 	9440.000000
0.152298	 	9446.666667
0.196582	 	9453.333333
0.139156	 	9460.000000
0.159858	 	9466.666667
0.079390	 	9473.333333
-0.005938	 	9480.000000
-0.025560	 	9486.666667
-0.043742	 	9493.333333
-0.041942	 	9500.000000
-0.093067	 	9506.666667
-0.118809	 	9513.333333
-0.117729	 	9520.000000
-0.125290	 	9526.666667
-0.154273	 	9533.333333
-0.208818	 	9540.000000
-0.172275	 	9546.666667
-0.275785	 	9553.333333
-0.333031	 	9560.000000
-0.284066	 	9566.666667
-0.279205	 	9573.333333
-0.297387	 	9580.000000
-0.351933	 	9586.666667
-0.293607	 	9593.333333
-0.336271	 	9600.000000
-0.411339	 	9606.666667
-0.394057	 	9613.333333
-0.421060	 	9620.000000
-0.397477	 	9626.666667
-0.411159	 	9633.333333
-0.354093	 	9640.000000
-0.333031	 	9646.666667
-0.312149	 	9653.333333
-0.348332	 	9660.000000
-0.376955	 	9666.666667
-0.371915	 	9673.333333
-0.284606	 	9680.000000
-0.297387	 	9686.666667
-0.327810	 	9693.333333
-0.350853	 	9700.000000
-0.217999	 	9706.666667
-0.289106	 	9713.333333
-0.274525	 	9720.000000
-0.279746	 	9726.666667
-0.268224	 	9733.333333
-0.272005	 	9740.000000
-0.266604	 	9746.666667
-0.276325	 	9753.333333
-0.333751	 	9760.000000
-0.265704	 	9766.666667
-0.277225	 	9773.333333
-0.369034	 	9780.000000
-0.359494	 	9786.666667
-0.329431	 	9793.333333
-0.381996	 	9800.000000
-0.389737	 	9806.666667
-0.342032	 	9813.333333
-0.277945	 	9820.000000
-0.358953	 	9826.666667
-0.399097	 	9833.333333
-0.317189	 	9840.000000
-0.382356	 	9846.666667
-0.404138	 	9853.333333
-0.401798	 	9860.000000
-0.502608	 	9866.666667
-0.520610	 	9873.333333
-0.568314	 	9880.000000
-0.564354	 	9886.666667
-0.642302	 	9893.333333
-0.630421	 	9900.000000
-0.619079	 	9906.666667
-0.709088	 	9913.333333
-0.657783	 	9920.000000
-0.637441	 	9926.666667
-0.713769	 	9933.333333
-0.652743	 	9940.000000
-0.623760	 	9946.666667
-0.675965	 	9953.333333
-0.718989	 	9960.000000
-0.773715	 	9966.666667
-0.789557	 	9973.333333
-0.808818	 	9980.000000
-0.864444	 	9986.666667
-0.909989	 	9993.333333
-0.895227	 	10000.000000
-0.903508	 	10006.666667
-0.887306	 	10013.333333
-0.982536	 	10020.000000
-1.007558	 	10026.666667
-0.978935	 	10033.333333
-0.985596	 	10040.000000
-0.872185	 	10046.666667
-0.921150	 	10053.333333
-0.965074	 	10060.000000
-0.968134	 	10066.666667
-0.961834	 	10073.333333
-0.898647	 	10080.000000
-0.874705	 	10086.666667
-0.850043	 	10093.333333
-0.787576	 	10100.000000
-0.796397	 	10106.666667
-0.821960	 	10113.333333
-0.820160	 	10120.000000
-0.857963	 	10126.666667
-0.849503	 	10133.333333
-0.847882	 	10140.000000
-0.917189	 	10146.666667
-0.869665	 	10153.333333
-0.933031	 	10160.000000
-0.914489	 	10166.666667
-0.969755	 	10173.333333
-0.944012	 	10180.000000
-0.908188	 	10186.666667
-1.003598	 	10193.333333
-0.942932	 	10200.000000
-0.936091	 	10206.666667
-0.995137	 	10213.333333
-0.952833	 	10220.000000
-1.025920	 	10226.666667
-0.954993	 	10233.333333
-0.941852	 	10240.000000
-0.997837	 	10246.666667
-1.010979	 	10253.333333
-1.058143	 	10260.000000
-0.975875	 	10266.666667
-0.956973	 	10273.333333
-0.988116	 	10280.000000
-0.986316	 	10286.666667
-1.021780	 	10293.333333
-1.059584	 	10300.000000
-1.040682	 	10306.666667
-1.064444	 	10313.333333
-1.078665	 	10320.000000
-1.070565	 	10326.666667
-1.074885	 	10333.333333
-1.145272	 	10340.000000
-1.119169	 	10346.666667
-1.158233	 	10353.333333
-1.254723	 	10360.000000
-1.255983	 	10366.666667
-1.223760	 	10373.333333
-1.271825	 	10380.000000
-1.284786	 	10386.666667
-1.302788	 	10393.333333
-1.329971	 	10400.000000
-1.337171	 	10406.666667
-1.287126	 	10413.333333
-1.296307	 	10420.000000
-1.318809	 	10426.666667
-1.301528	 	10433.333333
-1.319710	 	10440.000000
-1.330331	 	10446.666667
-1.291267	 	10453.333333
-1.330511	 	10460.000000
-1.314669	 	10466.666667
-1.258863	 	10473.333333
-1.307828	 	10480.000000
-1.278485	 	10486.666667
-1.402518	 	10493.333333
-1.377495	 	10500.000000
-1.334831	 	10506.666667
-1.288026	 	10513.333333
-1.314849	 	10520.000000
-1.350673	 	10526.666667
-1.323490	 	10533.333333
-1.383076	 	10540.000000
-1.352293	 	10546.666667
-1.369755	 	10553.333333
-1.396217	 	10560.000000
-1.394237	 	10566.666667
-1.378935	 	10573.333333
-1.417819	 	10580.000000
-1.455983	 	10586.666667
-1.407918	 	10593.333333
-1.486046	 	10600.000000
-1.460124	 	10606.666667
-1.428260	 	10613.333333
-1.457963	 	10620.000000
-1.406118	 	10626.666667
-1.455263	 	10633.333333
-1.440142	 	10640.000000
-1.452023	 	10646.666667
-1.480826	 	10653.333333
-1.475605	 	10660.000000
-1.422680	 	10666.666667
-1.359133	 	10673.333333
-1.386856	 	10680.000000
-1.424480	 	10686.666667
-1.417639	 	10693.333333
-1.354273	 	10700.000000
-1.361834	 	10706.666667
-1.316829	 	10713.333333
-1.328530	 	10720.000000
-1.393517	 	10726.666667
-1.258323	 	10733.333333
-1.378575	 	10740.000000
-1.342932	 	10746.666667
-1.340952	 	10753.333333
-1.314489	 	10760.000000
-1.258503	 	10766.666667
-1.255083	 	10773.333333
-1.213859	 	10780.000000
-1.256163	 	10786.666667
-1.282086	 	10793.333333
-1.234741	 	10800.000000
-1.206838	 	10806.666667
-1.242662	 	10813.333333
-1.279205	 	10820.000000
-1.255263	 	10826.666667
-1.191357	 	10833.333333
-1.215299	 	10840.000000
-1.211519	 	10846.666667
-1.216559	 	10853.333333
-1.178755	 	10860.000000
-1.204498	 	10866.666667
-1.199638	 	10873.333333
-1.173715	 	10880.000000
-1.189016	 	10886.666667
-1.177495	 	10893.333333
-1.221600	 	10900.000000
-1.180556	 	10906.666667
-1.158053	 	10913.333333
-1.111969	 	10920.000000
-1.159494	 	10926.666667
-1.106208	 	10933.333333
-1.072365	 	10940.000000
-1.089467	 	10946.666667
-1.156973	 	10953.333333
-1.098467	 	10960.000000
-1.125110	 	10966.666667
-1.122770	 	10973.333333
-1.040322	 	10980.000000
-0.997837	 	10986.666667
-1.032941	 	10993.333333
-1.004498	 	11000.000000
-1.025380	 	11006.666667
-1.009899	 	11013.333333
-1.096847	 	11020.000000
-1.051123	 	11026.666667
-1.064264	 	11033.333333
-1.039962	 	11040.000000
-1.023940	 	11046.666667
-1.117909	 	11053.333333
-1.202518	 	11060.000000
-1.109809	 	11066.666667
-1.172095	 	11073.333333
-1.140592	 	11080.000000
-1.131951	 	11086.666667
-1.153373	 	11093.333333
-1.158053	 	11100.000000
-1.162194	 	11106.666667
-1.212959	 	11113.333333
-1.218359	 	11120.000000
-1.272545	 	11126.666667
-1.279746	 	11133.333333
-1.287666	 	11140.000000
-1.303328	 	11146.666667
-1.388296	 	11153.333333
-1.339872	 	11160.000000
-1.350673	 	11166.666667
-1.262284	 	11173.333333
-1.243022	 	11180.000000
-1.346172	 	11186.666667
-1.285146	 	11193.333333
-1.297567	 	11200.000000
-1.254363	 	11206.666667
-1.324210	 	11213.333333
-1.304588	 	11220.000000
-1.276325	 	11226.666667
-1.327810	 	11233.333333
-1.283706	 	11240.000000
-1.365794	 	11246.666667
-1.381456	 	11253.333333
-1.404498	 	11260.000000
-1.370835	 	11266.666667
-1.324210	 	11273.333333
-1.356793	 	11280.000000
-1.314489	 	11286.666667
-1.341312	 	11293.333333
-1.368494	 	11300.000000
-1.324390	 	11306.666667
-1.341312	 	11313.333333
-1.428800	 	11320.000000
-1.417999	 	11326.666667
-1.373715	 	11333.333333
-1.361654	 	11340.000000
-1.371015	 	11346.666667
-1.361114	 	11353.333333
-1.351753	 	11360.000000
-1.393697	 	11366.666667
-1.412239	 	11373.333333
-1.408278	 	11380.000000
-1.447162	 	11386.666667
-1.408998	 	11393.333333
-1.394057	 	11400.000000
-1.445542	 	11406.666667
-1.392077	 	11413.333333
-1.463724	 	11420.000000
-1.403598	 	11426.666667
-1.519710	 	11433.333333
-1.526190	 	11440.000000
-1.373535	 	11446.666667
-1.423040	 	11453.333333
-1.459584	 	11460.000000
-1.452383	 	11466.666667
-1.366694	 	11473.333333
-1.329611	 	11480.000000
-1.341852	 	11486.666667
-1.420520	 	11493.333333
-1.357693	 	11500.000000
-1.252383	 	11506.666667
-1.296127	 	11513.333333
-1.354273	 	11520.000000
-1.271285	 	11526.666667
-1.274885	 	11533.333333
-1.275605	 	11540.000000
-1.365434	 	11546.666667
-1.247702	 	11553.333333
-1.301888	 	11560.000000
-1.279926	 	11566.666667
-1.381636	 	11573.333333
-1.325290	 	11580.000000
-1.351933	 	11586.666667
-1.381276	 	11593.333333
-1.295587	 	11600.000000
-1.317009	 	11606.666667
-1.378575	 	11613.333333
-1.367054	 	11620.000000
-1.372275	 	11626.666667
-1.390997	 	11633.333333
-1.340412	 	11640.000000
-1.299908	 	11646.666667
-1.292707	 	11653.333333
-1.383436	 	11660.000000
-1.405578	 	11666.666667
-1.435101	 	11673.333333
-1.401258	 	11680.000000
-1.351933	 	11686.666667
-1.440142	 	11693.333333
-1.352833	 	11700.000000
-1.409719	 	11706.666667
-1.465344	 	11713.333333
-1.444102	 	11720.000000
-1.511069	 	11726.666667
-1.459223	 	11733.333333
-1.446082	 	11740.000000
-1.410079	 	11746.666667
-1.452923	 	11753.333333
-1.499548	 	11760.000000
-1.380916	 	11766.666667
-1.432581	 	11773.333333
-1.326370	 	11780.000000
-1.451663	 	11786.666667
-1.308368	 	11793.333333
-1.358953	 	11800.000000
-1.332131	 	11806.666667
-1.370655	 	11813.333333
-1.306748	 	11820.000000
-1.340952	 	11826.666667
-1.318449	 	11833.333333
-1.288386	 	11840.000000
-1.353193	 	11846.666667
-1.346532	 	11853.333333
-1.437081	 	11860.000000
-1.395497	 	11866.666667
-1.391177	 	11873.333333
-1.472185	 	11880.000000
-1.484246	 	11886.666667
-1.406658	 	11893.333333
-1.309449	 	11900.000000
-1.414219	 	11906.666667
-1.279746	 	11913.333333
-1.363994	 	11920.000000
-1.303148	 	11926.666667
-1.376595	 	11933.333333
-1.317729	 	11940.000000
-1.287846	 	11946.666667
-1.315749	 	11953.333333
-1.412239	 	11960.000000
-1.401618	 	11966.666667
-1.350133	 	11973.333333
-1.342392	 	11980.000000
-1.377315	 	11986.666667
-1.345272	 	11993.333333
-1.269485	 	12000.000000
-1.360934	 	12006.666667
-1.351213	 	12013.333333
-1.413499	 	12020.000000
-1.342932	 	12026.666667
-1.391717	 	12033.333333
-1.446262	 	12040.000000
-1.482806	 	12046.666667
-1.382176	 	12053.333333
-1.484606	 	12060.000000
-1.430961	 	12066.666667
-1.495767	 	12073.333333
-1.535191	 	12080.000000
-1.581996	 	12086.666667
-1.565434	 	12093.333333
-1.606658	 	12100.000000
-1.619980	 	12106.666667
-1.623040	 	12113.333333
-1.617819	 	12120.000000
-1.699187	 	12126.666667
-1.728350	 	12133.333333
-1.717009	 	12140.000000
-1.679746	 	12146.666667
-1.793697	 	12153.333333
-1.767054	 	12160.000000
-1.891987	 	12166.666667
-1.807918	 	12173.333333
-1.826640	 	12180.000000
-1.782536	 	12186.666667
-1.747972	 	12193.333333
-1.834741	 	12200.000000
-1.862464	 	12206.666667
-1.919350	 	12213.333333
-1.738611	 	12220.000000
-1.876325	 	12226.666667
-1.834201	 	12233.333333
-1.739872	 	12240.000000
-1.788296	 	12246.666667
-1.783256	 	12253.333333
-1.699548	 	12260.000000
-1.740232	 	12266.666667
-1.710169	 	12273.333333
-1.719710	 	12280.000000
-1.725290	 	12286.666667
-1.763814	 	12293.333333
-1.801618	 	12300.000000
-1.787036	 	12306.666667
-1.787216	 	12313.333333
-1.677045	 	12320.000000
-1.686586	 	12326.666667
-1.689467	 	12333.333333
-1.802878	 	12340.000000
-1.738251	 	12346.666667
-1.763814	 	12353.333333
-1.790817	 	12360.000000
-1.676145	 	12366.666667
-1.741852	 	12373.333333
-1.772095	 	12380.000000
-1.675425	 	12386.666667
-1.694687	 	12393.333333
-1.736811	 	12400.000000
-1.737171	 	12406.666667
-1.736631	 	12413.333333
-1.769395	 	12420.000000
-1.784156	 	12426.666667
-1.765254	 	12433.333333
-1.768854	 	12440.000000
-1.774795	 	12446.666667
-1.733931	 	12453.333333
-1.782896	 	12460.000000
-1.749953	 	12466.666667
-1.810799	 	12473.333333
-1.738611	 	12480.000000
-1.817999	 	12486.666667
-1.862104	 	12493.333333
-1.893427	 	12500.000000
-1.780196	 	12506.666667
-1.837081	 	12513.333333
-1.897207	 	12520.000000
-1.922950	 	12526.666667
-1.896127	 	12533.333333
-1.919350	 	12540.000000
-1.958593	 	12546.666667
-1.927810	 	12553.333333
-1.905308	 	12560.000000
-1.843562	 	12566.666667
-2.002518	 	12573.333333
-1.865524	 	12580.000000
-1.897747	 	12586.666667
-1.889827	 	12593.333333
-1.881186	 	12600.000000
-1.943112	 	12606.666667
-1.979115	 	12613.333333
-1.964894	 	12620.000000
-2.003058	 	12626.666667
-1.895047	 	12633.333333
-1.938611	 	12640.000000
-1.917009	 	12646.666667
-1.933571	 	12653.333333
-1.990817	 	12660.000000
-1.856163	 	12666.666667
-1.938251	 	12673.333333
-1.846802	 	12680.000000
-1.852383	 	12686.666667
-1.850763	 	12693.333333
-1.899728	 	12700.000000
-1.863184	 	12706.666667
-1.784156	 	12713.333333
-1.718089	 	12720.000000
-1.832221	 	12726.666667
-1.811879	 	12733.333333
-1.907288	 	12740.000000
-1.853823	 	12746.666667
-1.897207	 	12753.333333
-1.992437	 	12760.000000
-1.894867	 	12766.666667
-1.856343	 	12773.333333
-1.885506	 	12780.000000
-1.902968	 	12786.666667
-1.886766	 	12793.333333
-1.854183	 	12800.000000
-1.903688	 	12806.666667
-1.890727	 	12813.333333
-1.846082	 	12820.000000
-1.852383	 	12826.666667
-1.930151	 	12833.333333
-1.890007	 	12840.000000
-1.909629	 	12846.666667
-1.934291	 	12853.333333
-1.849863	 	12860.000000
-1.889287	 	12866.666667
-1.921870	 	12873.333333
-1.860664	 	12880.000000
-1.913769	 	12886.666667
-1.865884	 	12893.333333
-1.842122	 	12900.000000
-1.822680	 	12906.666667
-1.821960	 	12913.333333
-1.850763	 	12920.000000
-1.926010	 	12926.666667
-1.899728	 	12933.333333
-1.914489	 	12940.000000
-1.998017	 	12946.666667
-2.003418	 	12953.333333
-1.915209	 	12960.000000
-1.987576	 	12966.666667
-1.943832	 	12973.333333
-2.045722	 	12980.000000
-1.965794	 	12986.666667
-1.957153	 	12993.333333
-1.897747	 	13000.000000
-1.992257	 	13006.666667
-1.961654	 	13013.333333
-1.837621	 	13020.000000
-1.951033	 	13026.666667
-1.933031	 	13033.333333
-1.879025	 	13040.000000
-1.921150	 	13046.666667
-1.916649	 	13053.333333
-1.994057	 	13060.000000
-1.949052	 	13066.666667
-1.943832	 	13073.333333
-1.918809	 	13080.000000
-1.906208	 	13086.666667
-1.894327	 	13093.333333
-1.943112	 	13100.000000
-1.968674	 	13106.666667
-2.042842	 	13113.333333
-1.966334	 	13120.000000
-2.003238	 	13126.666667
-2.012239	 	13133.333333
-2.055623	 	13140.000000
-2.059223	 	13146.666667
-2.028260	 	13153.333333
-2.096487	 	13160.000000
-2.185056	 	13166.666667
-2.117009	 	13173.333333
-2.118989	 	13180.000000
-2.093787	 	13186.666667
-2.085686	 	13193.333333
-2.072365	 	13200.000000
-2.142032	 	13206.666667
-2.140412	 	13213.333333
-2.145092	 	13220.000000
-2.149413	 	13226.666667
-2.167054	 	13233.333333
-2.184516	 	13240.000000
-2.145452	 	13246.666667
-2.154093	 	13253.333333
-2.179296	 	13260.000000
-2.212239	 	13266.666667
-2.216199	 	13273.333333
-2.163994	 	13280.000000
-2.155533	 	13286.666667
-2.133571	 	13293.333333
-2.066964	 	13300.000000
-2.078125	 	13306.666667
-2.033121	 	13313.333333
-2.064984	 	13320.000000
-1.947612	 	13326.666667
