#peak 	 	#time 
2.324544	 	0.000000
2.697102	 	6.666667
3.117899	 	13.333333
3.576125	 	20.000000
3.801128	 	26.666667
4.019373	 	33.333333
4.161012	 	40.000000
4.215445	 	46.666667
4.303455	 	53.333333
4.249802	 	60.000000
4.441827	 	66.666667
4.336011	 	73.333333
4.335285	 	80.000000
4.269183	 	86.666667
4.418578	 	93.333333
4.334316	 	100.000000
4.444728	 	106.666667
4.413009	 	113.333333
4.383469	 	120.000000
4.362645	 	126.666667
4.389038	 	133.333333
4.353929	 	140.000000
4.507197	 	146.666667
4.344486	 	153.333333
4.394849	 	160.000000
4.336979	 	166.666667
4.537706	 	173.333333
4.369425	 	180.000000
4.433590	 	186.666667
4.488795	 	193.333333
4.513493	 	200.000000
4.430684	 	206.666667
4.432863	 	213.333333
4.365309	 	220.000000
4.408166	 	226.666667
4.314461	 	233.333333
4.415188	 	240.000000
4.373783	 	246.666667
4.472815	 	253.333333
4.262403	 	260.000000
4.310345	 	266.666667
4.269667	 	273.333333
4.319546	 	280.000000
4.200176	 	286.666667
4.169425	 	293.333333
4.213493	 	300.000000
4.254897	 	306.666667
4.181289	 	313.333333
4.243033	 	320.000000
4.180079	 	326.666667
4.255139	 	333.333333
4.230684	 	340.000000
4.295091	 	346.666667
4.283469	 	353.333333
4.313735	 	360.000000
4.316156	 	366.666667
4.395575	 	373.333333
4.391459	 	380.000000
4.404050	 	386.666667
4.336495	 	393.333333
4.497028	 	400.000000
4.305502	 	406.666667
4.360466	 	413.333333
4.283953	 	420.000000
4.276931	 	426.666667
4.251507	 	433.333333
4.264098	 	440.000000
4.389038	 	446.666667
4.318335	 	453.333333
4.283953	 	460.000000
4.324873	 	466.666667
4.228263	 	473.333333
4.187101	 	480.000000
4.261677	 	486.666667
4.288069	 	493.333333
4.230926	 	500.000000
4.248602	 	506.666667
4.326568	 	513.333333
4.315188	 	520.000000
4.364582	 	526.666667
4.406229	 	533.333333
4.326326	 	540.000000
4.335769	 	546.666667
4.323662	 	553.333333
4.428747	 	560.000000
4.418093	 	566.666667
4.361435	 	573.333333
4.375963	 	580.000000
4.360224	 	586.666667
4.500176	 	593.333333
4.446423	 	600.000000
4.425115	 	606.666667
4.404534	 	613.333333
4.416883	 	620.000000
4.433105	 	626.666667
4.346180	 	633.333333
4.394607	 	640.000000
4.227294	 	646.666667
4.385163	 	653.333333
4.374268	 	660.000000
4.228505	 	666.666667
4.364098	 	673.333333
4.209861	 	680.000000
4.256350	 	686.666667
4.274994	 	693.333333
4.239643	 	700.000000
4.183953	 	706.666667
4.261919	 	713.333333
4.144243	 	720.000000
4.160708	 	726.666667
4.169425	 	733.333333
4.220757	 	740.000000
4.133105	 	746.666667
4.115430	 	753.333333
4.079837	 	760.000000
4.051749	 	766.666667
4.106955	 	773.333333
4.071120	 	780.000000
4.090975	 	786.666667
4.061435	 	793.333333
4.133105	 	800.000000
4.050055	 	806.666667
4.105502	 	813.333333
4.133347	 	820.000000
4.086374	 	826.666667
4.052234	 	833.333333
4.091217	 	840.000000
4.121725	 	846.666667
4.009377	 	853.333333
4.089280	 	860.000000
3.921241	 	866.666667
3.953202	 	873.333333
3.916156	 	880.000000
4.026084	 	886.666667
3.949328	 	893.333333
3.992427	 	900.000000
4.013977	 	906.666667
3.974752	 	913.333333
3.983226	 	920.000000
4.038674	 	926.666667
3.961919	 	933.333333
3.913735	 	940.000000
3.883226	 	946.666667
4.004292	 	953.333333
3.977900	 	960.000000
3.965793	 	966.666667
4.002355	 	973.333333
3.914461	 	980.000000
3.954897	 	986.666667
4.090006	 	993.333333
3.956592	 	1000.000000
4.125357	 	1006.666667
4.055381	 	1013.333333
4.082016	 	1020.000000
4.245696	 	1026.666667
4.212040	 	1033.333333
4.164098	 	1040.000000
4.210345	 	1046.666667
4.243033	 	1053.333333
4.117367	 	1060.000000
4.213493	 	1066.666667
4.117609	 	1073.333333
4.151749	 	1080.000000
4.060708	 	1086.666667
4.206955	 	1093.333333
4.065309	 	1100.000000
4.115188	 	1106.666667
4.045696	 	1113.333333
4.072088	 	1120.000000
4.035042	 	1126.666667
4.080321	 	1133.333333
4.102113	 	1140.000000
4.193154	 	1146.666667
4.072088	 	1153.333333
4.123178	 	1160.000000
4.038674	 	1166.666667
4.048602	 	1173.333333
4.021725	 	1180.000000
4.110345	 	1186.666667
4.070636	 	1193.333333
4.148602	 	1200.000000
4.087827	 	1206.666667
4.117851	 	1213.333333
4.116883	 	1220.000000
4.099691	 	1226.666667
4.089280	 	1233.333333
4.117851	 	1240.000000
4.076689	 	1246.666667
4.124631	 	1253.333333
4.033832	 	1260.000000
4.086132	 	1266.666667
4.093396	 	1273.333333
4.124147	 	1280.000000
4.077415	 	1286.666667
4.032863	 	1293.333333
3.989038	 	1300.000000
4.131895	 	1306.666667
4.014219	 	1313.333333
4.005745	 	1320.000000
4.058045	 	1326.666667
4.052960	 	1333.333333
3.996786	 	1340.000000
4.024389	 	1346.666667
4.086858	 	1353.333333
4.143759	 	1360.000000
4.134558	 	1366.666667
4.107440	 	1373.333333
4.117367	 	1380.000000
4.226810	 	1386.666667
4.086132	 	1393.333333
4.240611	 	1400.000000
4.142791	 	1406.666667
4.093396	 	1413.333333
4.037706	 	1420.000000
4.295333	 	1426.666667
4.069667	 	1433.333333
4.217367	 	1440.000000
4.147391	 	1446.666667
4.220030	 	1453.333333
4.262161	 	1460.000000
4.314461	 	1466.666667
4.263614	 	1473.333333
4.337706	 	1480.000000
4.231895	 	1486.666667
4.233590	 	1493.333333
4.318335	 	1500.000000
4.314703	 	1506.666667
4.267488	 	1513.333333
4.316640	 	1520.000000
4.270878	 	1526.666667
4.330200	 	1533.333333
4.314703	 	1540.000000
4.252960	 	1546.666667
4.248844	 	1553.333333
4.328747	 	1560.000000
4.267972	 	1566.666667
4.292912	 	1573.333333
4.244486	 	1580.000000
4.338190	 	1586.666667
4.318335	 	1593.333333
4.325357	 	1600.000000
4.349570	 	1606.666667
4.319788	 	1613.333333
4.149328	 	1620.000000
4.183711	 	1626.666667
4.254413	 	1633.333333
4.221483	 	1640.000000
4.189038	 	1646.666667
4.238432	 	1653.333333
4.169909	 	1660.000000
4.166277	 	1666.666667
4.214946	 	1673.333333
4.293638	 	1680.000000
4.303081	 	1686.666667
4.353929	 	1693.333333
4.205260	 	1700.000000
4.231653	 	1706.666667
4.175720	 	1713.333333
4.235042	 	1720.000000
4.085648	 	1726.666667
4.133347	 	1733.333333
4.118820	 	1740.000000
4.209134	 	1746.666667
4.144486	 	1753.333333
4.136253	 	1760.000000
4.187343	 	1766.666667
4.199449	 	1773.333333
4.120757	 	1780.000000
4.141096	 	1786.666667
4.144001	 	1793.333333
4.179837	 	1800.000000
4.121241	 	1806.666667
4.236979	 	1813.333333
4.233832	 	1820.000000
4.314703	 	1826.666667
4.137222	 	1833.333333
4.203323	 	1840.000000
4.201386	 	1846.666667
4.241822	 	1853.333333
4.199449	 	1860.000000
4.179110	 	1866.666667
4.188069	 	1873.333333
4.204776	 	1880.000000
4.220272	 	1886.666667
4.225599	 	1893.333333
4.251023	 	1900.000000
4.304776	 	1906.666667
4.212282	 	1913.333333
4.367488	 	1920.000000
4.155381	 	1926.666667
4.285890	 	1933.333333
4.171604	 	1940.000000
4.218820	 	1946.666667
4.352234	 	1953.333333
4.320757	 	1960.000000
4.367730	 	1966.666667
4.358529	 	1973.333333
4.278868	 	1980.000000
4.405018	 	1986.666667
4.285163	 	1993.333333
4.409861	 	2000.000000
4.320757	 	2006.666667
4.393880	 	2013.333333
4.191459	 	2020.000000
4.173783	 	2026.666667
4.136737	 	2033.333333
4.195333	 	2040.000000
4.089038	 	2046.666667
4.102597	 	2053.333333
4.014461	 	2060.000000
4.139401	 	2066.666667
4.109861	 	2073.333333
4.050055	 	2080.000000
4.106229	 	2086.666667
4.153202	 	2093.333333
4.051749	 	2100.000000
4.091701	 	2106.666667
4.051507	 	2113.333333
4.140127	 	2120.000000
4.188311	 	2126.666667
4.174268	 	2133.333333
4.081047	 	2140.000000
4.197028	 	2146.666667
4.047633	 	2153.333333
4.156350	 	2160.000000
4.080079	 	2166.666667
4.150055	 	2173.333333
4.077415	 	2180.000000
4.022452	 	2186.666667
4.007682	 	2193.333333
4.081289	 	2200.000000
4.136253	 	2206.666667
4.097996	 	2213.333333
4.031895	 	2220.000000
4.247633	 	2226.666667
4.187827	 	2233.333333
4.268456	 	2240.000000
4.210829	 	2246.666667
4.196059	 	2253.333333
4.233832	 	2260.000000
4.268699	 	2266.666667
4.230684	 	2273.333333
4.318820	 	2280.000000
4.240854	 	2286.666667
4.391459	 	2293.333333
4.233105	 	2300.000000
4.290490	 	2306.666667
4.218578	 	2313.333333
4.121483	 	2320.000000
4.104050	 	2326.666667
4.176689	 	2333.333333
4.101144	 	2340.000000
4.179110	 	2346.666667
4.030442	 	2353.333333
4.169425	 	2360.000000
4.227536	 	2366.666667
4.193880	 	2373.333333
4.205745	 	2380.000000
4.238432	 	2386.666667
4.238190	 	2393.333333
4.301870	 	2400.000000
4.221241	 	2406.666667
4.370878	 	2413.333333
4.378384	 	2420.000000
4.299933	 	2426.666667
4.284921	 	2433.333333
4.411556	 	2440.000000
4.198965	 	2446.666667
4.279110	 	2453.333333
4.323420	 	2460.000000
4.322452	 	2466.666667
4.408166	 	2473.333333
4.217125	 	2480.000000
4.194364	 	2486.666667
4.221241	 	2493.333333
4.258529	 	2500.000000
4.232379	 	2506.666667
4.255139	 	2513.333333
4.320515	 	2520.000000
4.325841	 	2526.666667
4.304292	 	2533.333333
4.224873	 	2540.000000
4.207682	 	2546.666667
4.296786	 	2553.333333
4.252234	 	2560.000000
4.257803	 	2566.666667
4.156350	 	2573.333333
4.256350	 	2580.000000
4.266762	 	2586.666667
4.280321	 	2593.333333
4.268456	 	2600.000000
4.157561	 	2606.666667
4.120030	 	2613.333333
4.103808	 	2620.000000
4.121241	 	2626.666667
4.075478	 	2633.333333
3.988311	 	2640.000000
4.049812	 	2646.666667
4.041822	 	2653.333333
4.059498	 	2660.000000
4.092185	 	2666.666667
3.987585	 	2673.333333
3.939643	 	2680.000000
3.903808	 	2686.666667
3.977173	 	2693.333333
3.979352	 	2700.000000
4.014219	 	2706.666667
3.994122	 	2713.333333
3.945212	 	2720.000000
3.967972	 	2726.666667
3.986132	 	2733.333333
4.018578	 	2740.000000
4.021241	 	2746.666667
3.955866	 	2753.333333
4.109377	 	2760.000000
4.102597	 	2766.666667
4.049570	 	2773.333333
4.034558	 	2780.000000
4.076931	 	2786.666667
4.103565	 	2793.333333
4.003808	 	2800.000000
4.062161	 	2806.666667
3.997996	 	2813.333333
4.014946	 	2820.000000
4.048360	 	2826.666667
4.052476	 	2833.333333
4.065067	 	2840.000000
3.907440	 	2846.666667
4.028021	 	2853.333333
4.047149	 	2860.000000
4.037464	 	2866.666667
4.048117	 	2873.333333
4.123904	 	2880.000000
4.144970	 	2886.666667
4.098481	 	2893.333333
4.063856	 	2900.000000
4.170636	 	2906.666667
4.077173	 	2913.333333
4.146423	 	2920.000000
4.161919	 	2926.666667
4.165793	 	2933.333333
4.121241	 	2940.000000
4.165067	 	2946.666667
4.095817	 	2953.333333
4.130200	 	2960.000000
4.098965	 	2966.666667
4.183711	 	2973.333333
4.108408	 	2980.000000
4.137706	 	2986.666667
4.158771	 	2993.333333
4.227778	 	3000.000000
4.151749	 	3006.666667
4.135527	 	3013.333333
4.110587	 	3020.000000
4.179352	 	3026.666667
4.131410	 	3033.333333
4.267730	 	3040.000000
4.226326	 	3046.666667
4.292185	 	3053.333333
4.262645	 	3060.000000
4.240854	 	3066.666667
4.365551	 	3073.333333
4.683226	 	3080.000000
5.356108	 	3086.666667
6.851265	 	3093.333333
9.808892	 	3100.000000
13.933105	 	3106.666667
19.775236	 	3113.333333
27.831895	 	3120.000000
39.145212	 	3126.666667
60.836011	 	3133.333333
112.625115	 	3140.000000
202.206955	 	3146.666667
312.182258	 	3153.333333
427.655139	 	3160.000000
546.828747	 	3166.666667
673.490975	 	3173.333333
808.231410	 	3180.000000
951.021241	 	3186.666667
1101.608166	 	3193.333333
1260.760708	 	3200.000000
1424.431653	 	3206.666667
1593.503808	 	3213.333333
1764.025357	 	3220.000000
1934.747875	 	3226.666667
2106.063372	 	3233.333333
2275.407197	 	3240.000000
2441.829958	 	3246.666667
2601.358287	 	3253.333333
2754.699449	 	3260.000000
2902.788069	 	3266.666667
3043.606955	 	3273.333333
3176.464340	 	3280.000000
3298.465067	 	3286.666667
3409.628989	 	3293.333333
3511.229473	 	3300.000000
3603.606955	 	3306.666667
3687.395575	 	3313.333333
3760.872331	 	3320.000000
3824.048117	 	3326.666667
3875.013009	 	3333.333333
3917.109134	 	3340.000000
3949.419304	 	3346.666667
3973.395333	 	3353.333333
3988.070393	 	3360.000000
3995.209619	 	3366.666667
3995.415672	 	3373.333333
3989.211314	 	3380.000000
3976.837948	 	3386.666667
3959.739643	 	3393.333333
3938.107440	 	3400.000000
3913.453686	 	3406.666667
3884.427294	 	3413.333333
3852.849328	 	3420.000000
3817.184437	 	3426.666667
3779.429958	 	3433.333333
3740.324631	 	3440.000000
3700.996544	 	3446.666667
3659.400660	 	3453.333333
3616.547149	 	3460.000000
3571.615914	 	3466.666667
3526.493638	 	3473.333333
3480.386616	 	3480.000000
3434.866277	 	3486.666667
3388.463130	 	3493.333333
3341.641580	 	3500.000000
3294.098723	 	3506.666667
3247.212040	 	3513.333333
3199.919304	 	3520.000000
3152.368699	 	3526.666667
3105.140611	 	3533.333333
3059.124873	 	3540.000000
3013.717609	 	3546.666667
2968.587343	 	3553.333333
2923.627052	 	3560.000000
2878.744486	 	3566.666667
2834.525357	 	3573.333333
2791.512524	 	3580.000000
2749.370393	 	3586.666667
2707.361193	 	3593.333333
2665.821483	 	3600.000000
2624.619546	 	3606.666667
2585.021967	 	3613.333333
2545.856350	 	3620.000000
2506.827536	 	3626.666667
2467.894607	 	3633.333333
2430.330926	 	3640.000000
2393.053686	 	3646.666667
2357.319062	 	3653.333333
2321.481047	 	3660.000000
2286.071846	 	3666.666667
2251.125599	 	3673.333333
2217.509377	 	3680.000000
2183.729231	 	3686.666667
2151.346907	 	3693.333333
2118.987101	 	3700.000000
2087.672088	 	3706.666667
2056.787101	 	3713.333333
2026.532379	 	3720.000000
1996.252476	 	3726.666667
1966.314461	 	3733.333333
1937.560466	 	3740.000000
1909.726810	 	3746.666667
1882.379352	 	3753.333333
1854.718335	 	3760.000000
1827.621483	 	3766.666667
1800.869425	 	3773.333333
1774.478626	 	3780.000000
1749.210103	 	3786.666667
1724.363614	 	3793.333333
1699.586616	 	3800.000000
1675.517851	 	3806.666667
1651.374268	 	3813.333333
1627.852476	 	3820.000000
1604.229231	 	3826.666667
1581.921241	 	3833.333333
1560.111798	 	3840.000000
1538.793880	 	3846.666667
1517.850539	 	3853.333333
1496.313251	 	3860.000000
1475.796301	 	3866.666667
1455.299691	 	3873.333333
1435.824631	 	3880.000000
1416.106471	 	3886.666667
1397.247149	 	3893.333333
1378.353444	 	3900.000000
1359.576205	 	3906.666667
1341.038432	 	3913.333333
1322.778868	 	3920.000000
1305.108166	 	3926.666667
1287.674268	 	3933.333333
1270.604534	 	3940.000000
1253.698239	 	3946.666667
1236.782984	 	3953.333333
1220.243759	 	3960.000000
1203.733832	 	3966.666667
1187.674510	 	3973.333333
1171.979594	 	3980.000000
1156.461435	 	3986.666667
1141.245212	 	3993.333333
1125.989280	 	4000.000000
1111.001870	 	4006.666667
1096.145696	 	4013.333333
1081.899691	 	4020.000000
1067.715914	 	4026.666667
1053.997996	 	4033.333333
1039.936011	 	4040.000000
1026.320757	 	4046.666667
1012.931168	 	4053.333333
999.715672	 	4060.000000
986.605018	 	4066.666667
973.773541	 	4073.333333
961.138432	 	4080.000000
948.787343	 	4086.666667
936.523420	 	4093.333333
924.498239	 	4100.000000
912.513977	 	4106.666667
900.932137	 	4113.333333
889.498481	 	4120.000000
878.219546	 	4126.666667
866.797996	 	4133.333333
855.707197	 	4140.000000
844.818093	 	4146.666667
834.232137	 	4153.333333
823.891701	 	4160.000000
813.488311	 	4166.666667
803.312282	 	4173.333333
793.394122	 	4180.000000
783.488795	 	4186.666667
773.732379	 	4193.333333
763.990975	 	4200.000000
754.818578	 	4206.666667
745.352476	 	4213.333333
736.189038	 	4220.000000
727.202597	 	4226.666667
718.345212	 	4233.333333
709.366035	 	4240.000000
700.761677	 	4246.666667
692.364340	 	4253.333333
684.128263	 	4260.000000
675.670636	 	4266.666667
667.440369	 	4273.333333
659.258771	 	4280.000000
651.251265	 	4286.666667
643.299691	 	4293.333333
635.444486	 	4300.000000
627.633832	 	4306.666667
620.231653	 	4313.333333
612.667004	 	4320.000000
605.180321	 	4326.666667
597.813009	 	4333.333333
590.545938	 	4340.000000
583.193396	 	4346.666667
576.067246	 	4353.333333
569.234316	 	4360.000000
562.490732	 	4366.666667
555.587827	 	4373.333333
548.631410	 	4380.000000
541.949570	 	4386.666667
535.400902	 	4393.333333
528.960224	 	4400.000000
522.553686	 	4406.666667
516.340127	 	4413.333333
510.064582	 	4420.000000
503.824873	 	4426.666667
497.526084	 	4433.333333
491.359498	 	4440.000000
485.376689	 	4446.666667
479.369183	 	4453.333333
473.821241	 	4460.000000
468.150781	 	4466.666667
462.354171	 	4473.333333
456.569425	 	4480.000000
450.986374	 	4486.666667
445.728505	 	4493.333333
440.464340	 	4500.000000
435.112282	 	4506.666667
430.392670	 	4513.333333
423.881289	 	4520.000000
419.867488	 	4526.666667
414.132863	 	4533.333333
409.491943	 	4540.000000
404.114946	 	4546.666667
399.879837	 	4553.333333
394.874025	 	4560.000000
390.424873	 	4566.666667
385.134800	 	4573.333333
381.113009	 	4580.000000
376.207440	 	4586.666667
371.827294	 	4593.333333
367.163614	 	4600.000000
363.215914	 	4606.666667
358.922209	 	4613.333333
354.351265	 	4620.000000
350.566762	 	4626.666667
345.054655	 	4633.333333
345.502355	 	4640.000000
335.928021	 	4646.666667
335.349328	 	4653.333333
331.421725	 	4660.000000
328.282258	 	4666.666667
323.301628	 	4673.333333
319.091217	 	4680.000000
317.495333	 	4686.666667
312.958771	 	4693.333333
309.150055	 	4700.000000
305.355866	 	4706.666667
302.820999	 	4713.333333
300.334800	 	4720.000000
293.564098	 	4726.666667
293.809619	 	4733.333333
286.798481	 	4740.000000
288.692912	 	4746.666667
281.502839	 	4753.333333
278.644001	 	4760.000000
276.743033	 	4766.666667
272.701628	 	4773.333333
270.934316	 	4780.000000
265.620272	 	4786.666667
264.689764	 	4793.333333
261.179837	 	4800.000000
258.251023	 	4806.666667
254.732863	 	4813.333333
251.062887	 	4820.000000
250.985163	 	4826.666667
245.173299	 	4833.333333
243.958287	 	4840.000000
241.147875	 	4846.666667
238.651265	 	4853.333333
235.068941	 	4860.000000
231.632379	 	4866.666667
232.077657	 	4873.333333
226.315430	 	4880.000000
226.036737	 	4886.666667
221.593396	 	4893.333333
220.475720	 	4900.000000
218.440127	 	4906.666667
214.357076	 	4913.333333
213.920999	 	4920.000000
210.015914	 	4926.666667
208.658771	 	4933.333333
205.629958	 	4940.000000
203.586374	 	4946.666667
201.894364	 	4953.333333
199.652960	 	4960.000000
197.325841	 	4966.666667
194.362161	 	4973.333333
194.201144	 	4980.000000
190.432621	 	4986.666667
189.522209	 	4993.333333
187.421241	 	5000.000000
184.257318	 	5006.666667
183.551749	 	5013.333333
180.707924	 	5020.000000
179.434558	 	5026.666667
177.661919	 	5033.333333
175.098239	 	5040.000000
173.276205	 	5046.666667
171.515188	 	5053.333333
170.151265	 	5060.000000
167.419304	 	5066.666667
166.134316	 	5073.333333
164.062645	 	5080.000000
162.856834	 	5086.666667
161.072331	 	5093.333333
158.815430	 	5100.000000
157.304050	 	5106.666667
155.761435	 	5113.333333
154.132379	 	5120.000000
152.407440	 	5126.666667
151.106955	 	5133.333333
148.994607	 	5140.000000
147.641338	 	5146.666667
145.924631	 	5153.333333
144.281289	 	5160.000000
143.350781	 	5166.666667
141.095575	 	5173.333333
139.771362	 	5180.000000
138.703323	 	5186.666667
136.634316	 	5193.333333
135.439401	 	5200.000000
134.006229	 	5206.666667
132.621725	 	5213.333333
131.305018	 	5220.000000
130.141338	 	5226.666667
128.338916	 	5233.333333
127.513493	 	5240.000000
125.807440	 	5246.666667
124.456834	 	5253.333333
123.387343	 	5260.000000
122.017609	 	5266.666667
120.738916	 	5273.333333
119.259255	 	5280.000000
117.850781	 	5286.666667
116.811798	 	5293.333333
115.513493	 	5300.000000
114.186616	 	5306.666667
113.082016	 	5313.333333
111.906471	 	5320.000000
110.445212	 	5326.666667
109.360950	 	5333.333333
108.194122	 	5340.000000
107.044243	 	5346.666667
105.933590	 	5353.333333
104.928505	 	5360.000000
103.713009	 	5366.666667
102.874994	 	5373.333333
101.662645	 	5380.000000
100.447149	 	5386.666667
99.793396	 	5393.333333
98.689280	 	5400.000000
97.835527	 	5406.666667
96.859013	 	5413.333333
95.629716	 	5420.000000
94.924631	 	5426.666667
93.998481	 	5433.333333
92.967972	 	5440.000000
92.186858	 	5446.666667
91.328021	 	5453.333333
90.254897	 	5460.000000
89.628989	 	5466.666667
88.726326	 	5473.333333
87.835769	 	5480.000000
87.012040	 	5486.666667
85.908650	 	5493.333333
85.325599	 	5500.000000
84.349328	 	5506.666667
83.444970	 	5513.333333
82.689522	 	5520.000000
81.665067	 	5526.666667
80.887101	 	5533.333333
80.004292	 	5540.000000
79.150781	 	5546.666667
78.151023	 	5553.333333
77.590732	 	5560.000000
76.705745	 	5566.666667
75.772573	 	5573.333333
75.087827	 	5580.000000
74.359013	 	5586.666667
73.577173	 	5593.333333
72.817851	 	5600.000000
72.164824	 	5606.666667
71.405987	 	5613.333333
70.843033	 	5620.000000
70.043517	 	5626.666667
69.207440	 	5633.333333
68.879352	 	5640.000000
68.103565	 	5646.666667
67.618820	 	5653.333333
66.774268	 	5660.000000
66.033347	 	5666.666667
65.605745	 	5673.333333
64.711798	 	5680.000000
64.266277	 	5686.666667
63.878626	 	5693.333333
62.979594	 	5700.000000
62.569425	 	5706.666667
61.917125	 	5713.333333
61.274268	 	5720.000000
60.613493	 	5726.666667
60.063372	 	5733.333333
59.353929	 	5740.000000
59.109377	 	5746.666667
58.349328	 	5753.333333
57.668941	 	5760.000000
57.042548	 	5766.666667
56.317367	 	5773.333333
55.955139	 	5780.000000
55.235769	 	5786.666667
54.698481	 	5793.333333
54.207197	 	5800.000000
53.613493	 	5806.666667
53.036737	 	5813.333333
52.595575	 	5820.000000
52.054171	 	5826.666667
51.566519	 	5833.333333
51.026084	 	5840.000000
50.553202	 	5846.666667
49.977657	 	5853.333333
49.598239	 	5860.000000
49.021483	 	5866.666667
48.533590	 	5873.333333
48.044243	 	5880.000000
47.572815	 	5886.666667
47.028263	 	5893.333333
46.560950	 	5900.000000
46.269183	 	5906.666667
45.670393	 	5913.333333
45.248360	 	5920.000000
44.741338	 	5926.666667
44.410345	 	5933.333333
43.958287	 	5940.000000
43.426326	 	5946.666667
43.107197	 	5953.333333
42.638432	 	5960.000000
42.173057	 	5966.666667
41.869183	 	5973.333333
41.420272	 	5980.000000
41.076205	 	5986.666667
40.692670	 	5993.333333
40.327536	 	6000.000000
39.915188	 	6006.666667
39.476931	 	6013.333333
39.159982	 	6020.000000
38.899691	 	6026.666667
38.585890	 	6033.333333
38.191943	 	6040.000000
37.886616	 	6046.666667
37.617851	 	6053.333333
37.149328	 	6060.000000
36.891701	 	6066.666667
36.517367	 	6073.333333
36.292670	 	6080.000000
36.060224	 	6086.666667
35.648117	 	6093.333333
35.247875	 	6100.000000
34.882016	 	6106.666667
34.649086	 	6113.333333
34.400902	 	6120.000000
34.053444	 	6126.666667
33.849570	 	6133.333333
33.387101	 	6140.000000
33.029958	 	6146.666667
32.803565	 	6153.333333
32.513009	 	6160.000000
32.296786	 	6166.666667
31.899449	 	6173.333333
31.772573	 	6180.000000
31.257803	 	6186.666667
31.016640	 	6193.333333
30.655381	 	6200.000000
30.465551	 	6206.666667
30.103323	 	6213.333333
29.848602	 	6220.000000
29.577900	 	6226.666667
29.261919	 	6233.333333
28.956108	 	6240.000000
28.666035	 	6246.666667
28.473783	 	6253.333333
28.177657	 	6260.000000
28.078626	 	6266.666667
27.774752	 	6273.333333
27.534800	 	6280.000000
27.331168	 	6286.666667
27.019788	 	6293.333333
26.893396	 	6300.000000
26.620999	 	6306.666667
26.531410	 	6313.333333
26.200176	 	6320.000000
25.968456	 	6326.666667
25.708166	 	6333.333333
25.421483	 	6340.000000
25.251265	 	6346.666667
25.029958	 	6353.333333
24.974752	 	6360.000000
24.795091	 	6366.666667
24.541822	 	6373.333333
24.444728	 	6380.000000
24.184437	 	6386.666667
24.050297	 	6393.333333
23.983711	 	6400.000000
23.850055	 	6406.666667
23.638916	 	6413.333333
23.469909	 	6420.000000
23.228505	 	6426.666667
23.015914	 	6433.333333
22.886374	 	6440.000000
22.755139	 	6446.666667
22.488069	 	6453.333333
22.424389	 	6460.000000
22.161919	 	6466.666667
21.949086	 	6473.333333
21.920030	 	6480.000000
21.740611	 	6486.666667
21.604534	 	6493.333333
21.379352	 	6500.000000
21.243759	 	6506.666667
21.120515	 	6513.333333
20.991701	 	6520.000000
20.732379	 	6526.666667
20.695091	 	6533.333333
20.574025	 	6540.000000
20.391701	 	6546.666667
20.299207	 	6553.333333
20.229958	 	6560.000000
20.122936	 	6566.666667
20.050055	 	6573.333333
19.948117	 	6580.000000
19.878868	 	6586.666667
19.738432	 	6593.333333
19.659013	 	6600.000000
19.462645	 	6606.666667
19.266762	 	6613.333333
19.161193	 	6620.000000
18.889280	 	6626.666667
18.777900	 	6633.333333
18.537706	 	6640.000000
18.437948	 	6646.666667
18.252476	 	6653.333333
18.043517	 	6660.000000
18.070151	 	6666.666667
17.793154	 	6673.333333
17.690490	 	6680.000000
17.497512	 	6686.666667
17.540369	 	6693.333333
17.350297	 	6700.000000
17.201144	 	6706.666667
17.080563	 	6713.333333
16.887343	 	6720.000000
16.755866	 	6726.666667
16.683226	 	6733.333333
16.483711	 	6740.000000
16.353202	 	6746.666667
16.265793	 	6753.333333
16.189522	 	6760.000000
15.961193	 	6766.666667
15.976447	 	6773.333333
15.813251	 	6780.000000
15.684195	 	6786.666667
15.581289	 	6793.333333
15.471846	 	6800.000000
15.333347	 	6806.666667
15.272573	 	6813.333333
15.207197	 	6820.000000
15.034074	 	6826.666667
14.960224	 	6833.333333
14.844970	 	6840.000000
14.674752	 	6846.666667
14.637706	 	6853.333333
14.485890	 	6860.000000
14.413735	 	6866.666667
14.304292	 	6873.333333
14.125841	 	6880.000000
14.125115	 	6886.666667
13.910345	 	6893.333333
13.941822	 	6900.000000
13.739885	 	6906.666667
13.714461	 	6913.333333
13.491943	 	6920.000000
13.493396	 	6926.666667
13.340854	 	6933.333333
13.306471	 	6940.000000
13.276447	 	6946.666667
13.084921	 	6953.333333
12.923420	 	6960.000000
12.847149	 	6966.666667
12.897996	 	6973.333333
12.679837	 	6980.000000
12.620515	 	6986.666667
12.475236	 	6993.333333
12.262887	 	7000.000000
12.226810	 	7006.666667
12.001628	 	7013.333333
11.930926	 	7020.000000
11.718093	 	7026.666667
11.690248	 	7033.333333
11.469183	 	7040.000000
11.369183	 	7046.666667
11.297996	 	7053.333333
11.121241	 	7060.000000
11.138916	 	7066.666667
10.840611	 	7073.333333
10.748117	 	7080.000000
10.587101	 	7086.666667
10.382742	 	7093.333333
10.241822	 	7100.000000
10.315188	 	7106.666667
10.206471	 	7113.333333
10.062161	 	7120.000000
9.952960	 	7126.666667
9.959982	 	7133.333333
9.810587	 	7140.000000
9.721241	 	7146.666667
9.617609	 	7153.333333
9.687343	 	7160.000000
9.495333	 	7166.666667
9.351992	 	7173.333333
9.414703	 	7180.000000
9.414219	 	7186.666667
9.286616	 	7193.333333
9.112040	 	7200.000000
9.054897	 	7206.666667
8.892912	 	7213.333333
8.971362	 	7220.000000
8.894364	 	7226.666667
8.681047	 	7233.333333
8.686374	 	7240.000000
8.593396	 	7246.666667
8.554413	 	7253.333333
8.442791	 	7260.000000
8.392185	 	7266.666667
8.390732	 	7273.333333
8.263372	 	7280.000000
8.274752	 	7286.666667
8.236011	 	7293.333333
8.063372	 	7300.000000
8.045454	 	7306.666667
8.048844	 	7313.333333
8.020030	 	7320.000000
7.928747	 	7326.666667
7.956592	 	7333.333333
7.861677	 	7340.000000
7.819304	 	7346.666667
7.805502	 	7353.333333
7.722452	 	7360.000000
7.713977	 	7366.666667
7.657318	 	7373.333333
7.619546	 	7380.000000
7.437948	 	7386.666667
7.443759	 	7393.333333
7.293396	 	7400.000000
7.184921	 	7406.666667
7.190975	 	7413.333333
7.166277	 	7420.000000
7.194849	 	7426.666667
7.057076	 	7433.333333
7.036737	 	7440.000000
7.150297	 	7446.666667
7.080563	 	7453.333333
7.045212	 	7460.000000
6.926568	 	7466.666667
6.886858	 	7473.333333
6.867488	 	7480.000000
6.840854	 	7486.666667
6.759498	 	7493.333333
6.670151	 	7500.000000
6.652476	 	7506.666667
6.534800	 	7513.333333
6.467004	 	7520.000000
6.372573	 	7526.666667
6.278142	 	7533.333333
6.313009	 	7540.000000
6.074510	 	7546.666667
6.113977	 	7553.333333
6.039643	 	7560.000000
6.049328	 	7566.666667
5.921967	 	7573.333333
5.873299	 	7580.000000
5.811556	 	7586.666667
5.780321	 	7593.333333
5.774025	 	7600.000000
5.666519	 	7606.666667
5.491217	 	7613.333333
5.508650	 	7620.000000
5.570636	 	7626.666667
5.431653	 	7633.333333
5.506955	 	7640.000000
5.352476	 	7646.666667
5.374025	 	7653.333333
5.327294	 	7660.000000
5.413977	 	7666.666667
5.236495	 	7673.333333
5.297996	 	7680.000000
5.298239	 	7686.666667
5.305260	 	7693.333333
5.248844	 	7700.000000
5.254171	 	7706.666667
5.197996	 	7713.333333
5.317125	 	7720.000000
5.170393	 	7726.666667
5.180321	 	7733.333333
5.120515	 	7740.000000
5.119062	 	7746.666667
5.024873	 	7753.333333
5.039401	 	7760.000000
4.976689	 	7766.666667
4.916398	 	7773.333333
4.837222	 	7780.000000
4.815430	 	7786.666667
4.769183	 	7793.333333
4.908408	 	7800.000000
4.767004	 	7806.666667
4.667246	 	7813.333333
4.683953	 	7820.000000
4.522209	 	7826.666667
4.497512	 	7833.333333
4.621241	 	7840.000000
4.605260	 	7846.666667
4.620757	 	7853.333333
4.524147	 	7860.000000
4.415430	 	7866.666667
4.558771	 	7873.333333
4.502839	 	7880.000000
4.421725	 	7886.666667
4.412282	 	7893.333333
4.386374	 	7900.000000
4.439401	 	7906.666667
4.311556	 	7913.333333
4.249086	 	7920.000000
4.193638	 	7926.666667
4.341096	 	7933.333333
4.233105	 	7940.000000
4.058771	 	7946.666667
4.053686	 	7953.333333
4.024873	 	7960.000000
3.842548	 	7966.666667
3.875478	 	7973.333333
3.869667	 	7980.000000
3.889038	 	7986.666667
3.668941	 	7993.333333
3.570878	 	8000.000000
3.606713	 	8006.666667
3.495091	 	8013.333333
3.412766	 	8020.000000
3.365551	 	8026.666667
3.255624	 	8033.333333
3.380079	 	8040.000000
3.262645	 	8046.666667
3.165067	 	8053.333333
3.156834	 	8060.000000
3.110829	 	8066.666667
3.156108	 	8073.333333
3.153202	 	8080.000000
3.039885	 	8086.666667
3.048360	 	8093.333333
2.920272	 	8100.000000
2.933832	 	8106.666667
2.977657	 	8113.333333
2.920515	 	8120.000000
2.992185	 	8126.666667
2.907440	 	8133.333333
3.109619	 	8140.000000
3.077657	 	8146.666667
3.042791	 	8153.333333
3.147633	 	8160.000000
2.902113	 	8166.666667
2.963372	 	8173.333333
2.929716	 	8180.000000
2.979594	 	8186.666667
2.929231	 	8193.333333
2.878868	 	8200.000000
2.886132	 	8206.666667
2.918578	 	8213.333333
3.060950	 	8220.000000
2.892427	 	8226.666667
2.834074	 	8233.333333
2.812524	 	8240.000000
2.870393	 	8246.666667
2.837222	 	8253.333333
2.718335	 	8260.000000
2.838916	 	8266.666667
2.869667	 	8273.333333
2.936737	 	8280.000000
2.833832	 	8286.666667
2.704534	 	8293.333333
2.780805	 	8300.000000
2.758771	 	8306.666667
2.808166	 	8313.333333
2.730442	 	8320.000000
2.662161	 	8326.666667
2.678384	 	8333.333333
2.646180	 	8340.000000
2.659255	 	8346.666667
2.611071	 	8353.333333
2.665793	 	8360.000000
2.546423	 	8366.666667
2.534800	 	8373.333333
2.432137	 	8380.000000
2.342064	 	8386.666667
2.406713	 	8393.333333
2.404534	 	8400.000000
2.388795	 	8406.666667
2.351507	 	8413.333333
2.307440	 	8420.000000
2.244486	 	8426.666667
2.188069	 	8433.333333
2.264340	 	8440.000000
2.157803	 	8446.666667
2.239885	 	8453.333333
2.141096	 	8460.000000
2.217851	 	8466.666667
2.237464	 	8473.333333
2.191217	 	8480.000000
2.328263	 	8486.666667
2.295091	 	8493.333333
2.314219	 	8500.000000
2.187585	 	8506.666667
2.176205	 	8513.333333
2.151023	 	8520.000000
2.123904	 	8526.666667
2.194122	 	8533.333333
2.127536	 	8540.000000
2.036253	 	8546.666667
2.023178	 	8553.333333
2.010587	 	8560.000000
2.069425	 	8566.666667
2.012040	 	8573.333333
2.020272	 	8580.000000
1.917367	 	8586.666667
1.950539	 	8593.333333
1.962645	 	8600.000000
1.976931	 	8606.666667
1.897512	 	8613.333333
1.958045	 	8620.000000
1.855866	 	8626.666667
1.790732	 	8633.333333
1.751992	 	8640.000000
1.825599	 	8646.666667
1.752234	 	8653.333333
1.910345	 	8660.000000
1.796544	 	8666.666667
1.724631	 	8673.333333
1.727294	 	8680.000000
1.652476	 	8686.666667
1.688311	 	8693.333333
1.694849	 	8700.000000
1.547633	 	8706.666667
1.641822	 	8713.333333
1.553929	 	8720.000000
1.553929	 	8726.666667
1.618578	 	8733.333333
1.473783	 	8740.000000
1.686132	 	8746.666667
1.563856	 	8753.333333
1.583469	 	8760.000000
1.501386	 	8766.666667
1.409619	 	8773.333333
1.535285	 	8780.000000
1.239159	 	8786.666667
1.413735	 	8793.333333
1.356350	 	8800.000000
1.280563	 	8806.666667
1.240369	 	8813.333333
1.162645	 	8820.000000
1.188311	 	8826.666667
1.384921	 	8833.333333
1.212040	 	8840.000000
1.278384	 	8846.666667
1.178868	 	8853.333333
1.243759	 	8860.000000
1.092427	 	8866.666667
1.238432	 	8873.333333
1.112282	 	8880.000000
1.251749	 	8886.666667
1.159013	 	8893.333333
1.148360	 	8900.000000
0.921725	 	8906.666667
1.122452	 	8913.333333
1.043517	 	8920.000000
1.114703	 	8926.666667
0.954655	 	8933.333333
0.977173	 	8940.000000
1.000902	 	8946.666667
1.032379	 	8953.333333
0.922209	 	8960.000000
0.878142	 	8966.666667
0.872331	 	8973.333333
0.908408	 	8980.000000
0.865793	 	8986.666667
0.876447	 	8993.333333
0.917609	 	9000.000000
0.895817	 	9006.666667
0.857076	 	9013.333333
0.913493	 	9020.000000
0.858771	 	9026.666667
1.008408	 	9033.333333
0.983953	 	9040.000000
1.062403	 	9046.666667
1.062403	 	9053.333333
1.104776	 	9060.000000
1.029231	 	9066.666667
1.122209	 	9073.333333
1.088069	 	9080.000000
1.061435	 	9086.666667
1.047633	 	9093.333333
1.151265	 	9100.000000
1.034800	 	9106.666667
1.179352	 	9113.333333
1.116883	 	9120.000000
1.112766	 	9126.666667
1.107924	 	9133.333333
1.031653	 	9140.000000
1.039885	 	9146.666667
0.928747	 	9153.333333
0.999207	 	9160.000000
0.950781	 	9166.666667
1.038432	 	9173.333333
1.040854	 	9180.000000
1.019062	 	9186.666667
1.085890	 	9193.333333
0.920515	 	9200.000000
0.984679	 	9206.666667
1.028263	 	9213.333333
0.995817	 	9220.000000
1.060224	 	9226.666667
1.082500	 	9233.333333
1.081047	 	9240.000000
1.024147	 	9246.666667
1.058045	 	9253.333333
1.030926	 	9260.000000
1.089280	 	9266.666667
1.089764	 	9273.333333
1.013735	 	9280.000000
0.991459	 	9286.666667
0.980079	 	9293.333333
0.960708	 	9300.000000
1.035042	 	9306.666667
1.002355	 	9313.333333
1.004776	 	9320.000000
0.990732	 	9326.666667
0.971362	 	9333.333333
0.842548	 	9340.000000
0.857076	 	9346.666667
0.840127	 	9353.333333
0.721483	 	9360.000000
0.699933	 	9366.666667
0.693396	 	9373.333333
0.651992	 	9380.000000
0.647633	 	9386.666667
0.621967	 	9393.333333
0.606713	 	9400.000000
0.498239	 	9406.666667
0.470151	 	9413.333333
0.451992	 	9420.000000
0.548117	 	9426.666667
0.612524	 	9433.333333
0.466519	 	9440.000000
0.565309	 	9446.666667
0.498481	 	9453.333333
0.434558	 	9460.000000
0.351265	 	9466.666667
0.373541	 	9473.333333
0.441580	 	9480.000000
0.328747	 	9486.666667
0.323662	 	9493.333333
0.316640	 	9500.000000
0.302597	 	9506.666667
0.438190	 	9513.333333
0.372331	 	9520.000000
0.349570	 	9526.666667
0.349812	 	9533.333333
0.333832	 	9540.000000
0.455624	 	9546.666667
0.357076	 	9553.333333
0.421725	 	9560.000000
0.313735	 	9566.666667
0.428021	 	9573.333333
0.416883	 	9580.000000
0.461677	 	9586.666667
0.395091	 	9593.333333
0.242306	 	9600.000000
0.314703	 	9606.666667
0.190975	 	9613.333333
0.087343	 	9620.000000
0.212040	 	9626.666667
0.104050	 	9633.333333
0.172815	 	9640.000000
0.103323	 	9646.666667
0.065067	 	9653.333333
0.172573	 	9660.000000
0.190732	 	9666.666667
0.222452	 	9673.333333
0.098723	 	9680.000000
0.244486	 	9686.666667
0.087101	 	9693.333333
0.095091	 	9700.000000
0.017125	 	9706.666667
0.092912	 	9713.333333
0.030200	 	9720.000000
0.073057	 	9726.666667
0.118820	 	9733.333333
0.181774	 	9740.000000
0.201870	 	9746.666667
0.206229	 	9753.333333
0.190732	 	9760.000000
0.182742	 	9766.666667
0.278868	 	9773.333333
0.290248	 	9780.000000
0.322452	 	9786.666667
0.332621	 	9793.333333
0.299691	 	9800.000000
0.289038	 	9806.666667
0.292670	 	9813.333333
0.295091	 	9820.000000
0.245696	 	9826.666667
0.376205	 	9833.333333
0.313735	 	9840.000000
0.322694	 	9846.666667
0.262645	 	9853.333333
0.257561	 	9860.000000
0.288311	 	9866.666667
0.258771	 	9873.333333
0.137706	 	9880.000000
0.054171	 	9886.666667
0.124631	 	9893.333333
0.138190	 	9900.000000
0.071120	 	9906.666667
-0.089413	 	9913.333333
-0.075611	 	9920.000000
-0.148977	 	9926.666667
-0.223311	 	9933.333333
-0.251156	 	9940.000000
-0.173432	 	9946.666667
-0.374885	 	9953.333333
-0.286265	 	9960.000000
-0.383844	 	9966.666667
-0.383117	 	9973.333333
-0.466895	 	9980.000000
-0.440502	 	9986.666667
-0.422343	 	9993.333333
-0.438565	 	10000.000000
-0.583360	 	10006.666667
-0.533481	 	10013.333333
-0.644619	 	10020.000000
-0.496677	 	10026.666667
-0.607815	 	10033.333333
-0.714110	 	10040.000000
-0.822585	 	10046.666667
-0.670527	 	10053.333333
-0.677791	 	10060.000000
-0.667863	 	10066.666667
-0.824522	 	10073.333333
-0.815805	 	10080.000000
-0.691834	 	10086.666667
-0.757209	 	10093.333333
-0.747524	 	10100.000000
-0.855272	 	10106.666667
-0.805636	 	10113.333333
-0.815079	 	10120.000000
-0.755272	 	10126.666667
-0.678759	 	10133.333333
-0.714110	 	10140.000000
-0.650430	 	10146.666667
-0.646071	 	10153.333333
-0.570284	 	10160.000000
-0.570042	 	10166.666667
-0.638565	 	10173.333333
-0.721616	 	10180.000000
-0.636870	 	10186.666667
-0.593045	 	10193.333333
-0.579728	 	10200.000000
-0.592560	 	10206.666667
-0.593045	 	10213.333333
-0.618226	 	10220.000000
-0.596435	 	10226.666667
-0.555757	 	10233.333333
-0.525975	 	10240.000000
-0.668832	 	10246.666667
-0.634207	 	10253.333333
-0.634207	 	10260.000000
-0.508299	 	10266.666667
-0.576580	 	10273.333333
-0.502004	 	10280.000000
-0.534691	 	10286.666667
-0.538807	 	10293.333333
-0.508057	 	10300.000000
-0.594982	 	10306.666667
-0.569800	 	10313.333333
-0.555999	 	10320.000000
-0.650672	 	10326.666667
-0.727669	 	10333.333333
-0.699824	 	10340.000000
-0.783844	 	10346.666667
-0.781665	 	10353.333333
-0.792076	 	10360.000000
-0.835176	 	10366.666667
-0.831059	 	10373.333333
-0.757209	 	10380.000000
-0.881422	 	10386.666667
-0.872222	 	10393.333333
-0.935902	 	10400.000000
-0.839534	 	10406.666667
-0.816774	 	10413.333333
-0.921374	 	10420.000000
-0.949945	 	10426.666667
-0.971737	 	10433.333333
-0.877306	 	10440.000000
-0.959146	 	10446.666667
-1.015079	 	10453.333333
-1.035176	 	10460.000000
-1.073674	 	10466.666667
-1.034691	 	10473.333333
-1.158178	 	10480.000000
-1.151883	 	10486.666667
-1.047282	 	10493.333333
-1.222343	 	10500.000000
-1.130333	 	10506.666667
-1.277306	 	10513.333333
-1.301761	 	10520.000000
-1.370284	 	10526.666667
-1.326701	 	10533.333333
-1.415321	 	10540.000000
-1.386023	 	10546.666667
-1.403941	 	10553.333333
-1.423311	 	10560.000000
-1.347524	 	10566.666667
-1.316531	 	10573.333333
-1.384328	 	10580.000000
-1.282149	 	10586.666667
-1.265926	 	10593.333333
-1.244619	 	10600.000000
-1.211689	 	10606.666667
-1.131301	 	10613.333333
-1.188202	 	10620.000000
-1.045829	 	10626.666667
-1.064715	 	10633.333333
-1.070042	 	10640.000000
-1.163747	 	10646.666667
-1.149219	 	10653.333333
-1.067863	 	10660.000000
-1.153335	 	10666.666667
-1.167863	 	10673.333333
-1.190381	 	10680.000000
-1.244134	 	10686.666667
-1.190139	 	10693.333333
-1.231301	 	10700.000000
-1.343408	 	10706.666667
-1.363505	 	10713.333333
-1.225248	 	10720.000000
-1.189413	 	10726.666667
-1.156725	 	10733.333333
-1.067379	 	10740.000000
-1.073432	 	10746.666667
-1.085539	 	10753.333333
-0.981907	 	10760.000000
-0.867379	 	10766.666667
-1.007573	 	10773.333333
-0.931301	 	10780.000000
-0.941955	 	10786.666667
-0.986265	 	10793.333333
-0.987234	 	10800.000000
-0.908299	 	10806.666667
-0.944619	 	10813.333333
-0.928638	 	10820.000000
-1.125006	 	10826.666667
-0.934449	 	10833.333333
-1.042924	 	10840.000000
-0.994740	 	10846.666667
-1.026943	 	10853.333333
-0.940260	 	10860.000000
-0.977791	 	10866.666667
-0.941229	 	10873.333333
-1.016531	 	10880.000000
-0.909752	 	10886.666667
-0.968590	 	10893.333333
-1.116531	 	10900.000000
-1.005393	 	10906.666667
-1.005878	 	10913.333333
-1.081665	 	10920.000000
-0.927669	 	10926.666667
-1.143408	 	10933.333333
-0.986507	 	10940.000000
-1.016289	 	10946.666667
-1.028638	 	10953.333333
-1.003699	 	10960.000000
-0.878517	 	10966.666667
-0.951640	 	10973.333333
-0.923311	 	10980.000000
-0.957694	 	10986.666667
-1.014110	 	10993.333333
-0.988444	 	11000.000000
-0.952851	 	11006.666667
-0.932270	 	11013.333333
-0.940018	 	11020.000000
-0.948735	 	11026.666667
-1.079001	 	11033.333333
-0.886991	 	11040.000000
-0.914594	 	11046.666667
-0.876580	 	11053.333333
-0.841471	 	11060.000000
-1.027185	 	11066.666667
-0.807815	 	11073.333333
-0.893287	 	11080.000000
-0.918711	 	11086.666667
-0.938565	 	11093.333333
-0.948008	 	11100.000000
-0.907815	 	11106.666667
-0.909752	 	11113.333333
-0.869800	 	11120.000000
-1.025732	 	11126.666667
-0.865684	 	11133.333333
-1.080696	 	11140.000000
-0.960357	 	11146.666667
-1.032996	 	11153.333333
-0.960357	 	11160.000000
-1.019921	 	11166.666667
-1.056725	 	11173.333333
-1.048735	 	11180.000000
-1.002972	 	11186.666667
-1.076580	 	11193.333333
-1.066895	 	11200.000000
-1.209025	 	11206.666667
-1.132270	 	11213.333333
-1.173674	 	11220.000000
-1.187234	 	11226.666667
-1.251640	 	11233.333333
-1.273674	 	11240.000000
-1.154788	 	11246.666667
-1.217500	 	11253.333333
-1.176580	 	11260.000000
-1.277064	 	11266.666667
-1.315563	 	11273.333333
-1.287234	 	11280.000000
-1.374643	 	11286.666667
-1.338565	 	11293.333333
-1.300309	 	11300.000000
-1.322827	 	11306.666667
-1.360841	 	11313.333333
-1.253820	 	11320.000000
-1.371737	 	11326.666667
-1.386023	 	11333.333333
-1.427427	 	11340.000000
-1.416047	 	11346.666667
-1.408057	 	11353.333333
-1.418468	 	11360.000000
-1.453093	 	11366.666667
-1.394498	 	11373.333333
-1.488929	 	11380.000000
-1.396192	 	11386.666667
-1.385781	 	11393.333333
-1.476338	 	11400.000000
-1.424280	 	11406.666667
-1.419195	 	11413.333333
-1.372948	 	11420.000000
-1.428154	 	11426.666667
-1.334933	 	11433.333333
-1.536628	 	11440.000000
-1.391834	 	11446.666667
-1.567137	 	11453.333333
-1.532512	 	11460.000000
-1.542197	 	11466.666667
-1.618953	 	11473.333333
-1.637355	 	11480.000000
-1.663021	 	11486.666667
-1.643408	 	11493.333333
-1.610720	 	11500.000000
-1.631544	 	11506.666667
-1.714352	 	11513.333333
-1.786507	 	11520.000000
-1.575369	 	11526.666667
-1.651156	 	11533.333333
-1.651398	 	11540.000000
-1.609752	 	11546.666667
-1.702972	 	11553.333333
-1.671737	 	11560.000000
-1.674401	 	11566.666667
-1.582149	 	11573.333333
-1.634691	 	11580.000000
-1.689171	 	11586.666667
-1.606362	 	11593.333333
-1.646798	 	11600.000000
-1.534933	 	11606.666667
-1.574885	 	11613.333333
-1.493529	 	11620.000000
-1.518226	 	11626.666667
-1.424522	 	11633.333333
-1.526217	 	11640.000000
-1.455757	 	11646.666667
-1.524037	 	11653.333333
-1.442682	 	11660.000000
-1.594013	 	11666.666667
-1.424280	 	11673.333333
-1.535176	 	11680.000000
-1.462536	 	11686.666667
-1.558904	 	11693.333333
-1.501519	 	11700.000000
-1.579970	 	11706.666667
-1.538565	 	11713.333333
-1.577306	 	11720.000000
-1.515563	 	11726.666667
-1.531544	 	11733.333333
-1.539534	 	11740.000000
-1.562294	 	11746.666667
-1.568832	 	11753.333333
-1.482875	 	11760.000000
-1.702972	 	11766.666667
-1.600309	 	11773.333333
-1.540745	 	11780.000000
-1.608783	 	11786.666667
-1.622100	 	11793.333333
-1.847282	 	11800.000000
-1.677791	 	11806.666667
-1.654546	 	11813.333333
-1.656967	 	11820.000000
-1.674885	 	11826.666667
-1.650188	 	11833.333333
-1.618953	 	11840.000000
-1.763505	 	11846.666667
-1.728638	 	11853.333333
-1.902488	 	11860.000000
-1.865684	 	11866.666667
-1.891592	 	11873.333333
-1.974643	 	11880.000000
-1.945587	 	11886.666667
-1.980696	 	11893.333333
-1.951883	 	11900.000000
-2.113142	 	11906.666667
-1.970284	 	11913.333333
-1.923311	 	11920.000000
-2.010478	 	11926.666667
-2.043892	 	11933.333333
-2.108783	 	11940.000000
-1.913384	 	11946.666667
-1.953093	 	11953.333333
-2.045345	 	11960.000000
-1.991108	 	11966.666667
-2.126701	 	11973.333333
-2.002488	 	11980.000000
-2.061084	 	11986.666667
-2.036144	 	11993.333333
-1.978759	 	12000.000000
-2.031301	 	12006.666667
-2.070042	 	12013.333333
-1.931301	 	12020.000000
-2.024522	 	12026.666667
-1.981665	 	12033.333333
-2.059631	 	12040.000000
-1.950672	 	12046.666667
-1.935418	 	12053.333333
-1.872464	 	12060.000000
-2.023553	 	12066.666667
-2.004667	 	12073.333333
-1.987960	 	12080.000000
-2.041955	 	12086.666667
-1.996192	 	12093.333333
-2.114594	 	12100.000000
-1.932028	 	12106.666667
-1.994982	 	12113.333333
-2.064231	 	12120.000000
-2.007330	 	12126.666667
-2.133238	 	12133.333333
-2.106604	 	12140.000000
-2.069558	 	12146.666667
-2.073674	 	12153.333333
-2.093287	 	12160.000000
-2.254304	 	12166.666667
-2.191834	 	12173.333333
-2.180212	 	12180.000000
-2.276580	 	12186.666667
-2.248493	 	12193.333333
-2.214837	 	12200.000000
-2.283844	 	12206.666667
-2.219679	 	12213.333333
-2.324764	 	12220.000000
-2.213868	 	12226.666667
-2.372948	 	12233.333333
-2.237355	 	12240.000000
-2.266895	 	12246.666667
-2.239050	 	12253.333333
-2.346556	 	12260.000000
-2.411447	 	12266.666667
-2.368347	 	12273.333333
-2.311689	 	12280.000000
-2.236144	 	12286.666667
-2.328154	 	12293.333333
-2.337355	 	12300.000000
-2.221374	 	12306.666667
-2.412899	 	12313.333333
-2.299824	 	12320.000000
-2.368347	 	12326.666667
-2.145345	 	12333.333333
-2.081422	 	12340.000000
-2.124037	 	12346.666667
-2.135902	 	12353.333333
-2.120406	 	12360.000000
-2.178759	 	12366.666667
-2.123795	 	12373.333333
-2.137355	 	12380.000000
-2.107815	 	12386.666667
-2.113142	 	12393.333333
-2.114837	 	12400.000000
-2.121616	 	12406.666667
-2.164473	 	12413.333333
-2.209268	 	12420.000000
-2.250914	 	12426.666667
-2.238081	 	12433.333333
-2.244376	 	12440.000000
-2.217258	 	12446.666667
-2.262536	 	12453.333333
-2.140502	 	12460.000000
-2.161568	 	12466.666667
-2.148251	 	12473.333333
-2.101035	 	12480.000000
-2.113384	 	12486.666667
-2.172464	 	12493.333333
-1.973916	 	12500.000000
-2.172706	 	12506.666667
-2.104909	 	12513.333333
-2.048493	 	12520.000000
-1.991592	 	12526.666667
-2.066895	 	12533.333333
-2.070042	 	12540.000000
-2.030817	 	12546.666667
-2.066410	 	12553.333333
-2.038807	 	12560.000000
-1.988202	 	12566.666667
-1.998372	 	12573.333333
-1.987476	 	12580.000000
-2.225006	 	12586.666667
-2.060599	 	12593.333333
-2.156725	 	12600.000000
-2.083360	 	12606.666667
-2.188202	 	12613.333333
-2.130333	 	12620.000000
-2.068590	 	12626.666667
-2.063263	 	12633.333333
-2.111931	 	12640.000000
-2.181907	 	12646.666667
-2.183360	 	12653.333333
-2.131786	 	12660.000000
-2.266168	 	12666.666667
-2.120163	 	12673.333333
-2.216531	 	12680.000000
-2.192318	 	12686.666667
-2.221616	 	12693.333333
-2.294740	 	12700.000000
-2.183360	 	12706.666667
-2.218711	 	12713.333333
-2.194255	 	12720.000000
-2.162778	 	12726.666667
-2.226459	 	12733.333333
-2.034207	 	12740.000000
-2.200793	 	12746.666667
-2.166895	 	12753.333333
-2.265926	 	12760.000000
-2.165926	 	12766.666667
-2.158904	 	12773.333333
-2.154546	 	12780.000000
-2.186507	 	12786.666667
-2.300793	 	12793.333333
-2.189897	 	12800.000000
-2.225732	 	12806.666667
-2.260841	 	12813.333333
-2.227912	 	12820.000000
-2.255757	 	12826.666667
-2.256725	 	12833.333333
-2.352851	 	12840.000000
-2.199824	 	12846.666667
-2.234449	 	12853.333333
-2.269316	 	12860.000000
-2.160357	 	12866.666667
-2.289413	 	12873.333333
-2.270527	 	12880.000000
-2.281422	 	12886.666667
-2.204183	 	12893.333333
-2.283844	 	12900.000000
-2.305393	 	12906.666667
-2.239534	 	12913.333333
-2.325732	 	12920.000000
-2.268832	 	12926.666667
-2.374401	 	12933.333333
-2.195708	 	12940.000000
-2.244376	 	12946.666667
-2.125975	 	12953.333333
-2.235902	 	12960.000000
-2.187476	 	12966.666667
-2.149219	 	12973.333333
-2.172464	 	12980.000000
-2.168347	 	12986.666667
-2.235418	 	12993.333333
-2.260599	 	13000.000000
-2.129607	 	13006.666667
-2.298130	 	13013.333333
-2.253335	 	13020.000000
-2.320406	 	13026.666667
-2.262052	 	13033.333333
-2.220890	 	13040.000000
-2.272464	 	13046.666667
-2.286023	 	13053.333333
-2.290381	 	13060.000000
-2.326217	 	13066.666667
-2.358904	 	13073.333333
-2.417742	 	13080.000000
-2.355272	 	13086.666667
-2.444134	 	13093.333333
-2.358904	 	13100.000000
-2.496677	 	13106.666667
-2.386023	 	13113.333333
-2.420163	 	13120.000000
-2.432996	 	13126.666667
-2.422827	 	13133.333333
-2.503456	 	13140.000000
-2.387960	 	13146.666667
-2.425248	 	13153.333333
-2.432512	 	13160.000000
-2.454304	 	13166.666667
-2.459146	 	13173.333333
-2.372706	 	13180.000000
-2.396435	 	13186.666667
-2.341229	 	13193.333333
-2.394982	 	13200.000000
-2.430333	 	13206.666667
-2.381180	 	13213.333333
-2.289897	 	13220.000000
-2.321374	 	13226.666667
-2.310720	 	13233.333333
-2.408057	 	13240.000000
-2.463505	 	13246.666667
-2.390623	 	13253.333333
-2.492560	 	13260.000000
-2.458178	 	13266.666667
-2.511931	 	13273.333333
-2.446071	 	13280.000000
-2.533238	 	13286.666667
-2.528396	 	13293.333333
-2.572706	 	13300.000000
-2.541955	 	13306.666667
-2.608057	 	13313.333333
-2.514594	 	13320.000000
-2.635660	 	13326.666667
