#peak 	 	#time 
-999.999196	 	0.000000
-999.999035	 	6.666667
-999.998998	 	13.333333
-999.999535	 	20.000000
-999.999585	 	26.666667
-999.999039	 	33.333333
-999.999836	 	40.000000
-999.999652	 	46.666667
-999.999919	 	53.333333
-999.999174	 	60.000000
-1000.000000	 	66.666667
-1000.000000	 	73.333333
-1000.000000	 	80.000000
-1000.000000	 	86.666667
33153.638150	 	93.333333
-999.998873	 	100.000000
-999.998881	 	106.666667
-999.998889	 	113.333333
-999.998874	 	120.000000
-999.998885	 	126.666667
-999.998880	 	133.333333
-999.998866	 	140.000000
-999.998871	 	146.666667
-999.998864	 	153.333333
-999.998865	 	160.000000
-999.998866	 	166.666667
-999.998864	 	173.333333
-999.998864	 	180.000000
-999.517297	 	186.666667
5409.302974	 	193.333333
-210.979443	 	200.000000
-817.715571	 	206.666667
-860.343505	 	213.333333
-655.027273	 	220.000000
21.118596	 	226.666667
202.399699	 	233.333333
313.855906	 	240.000000
139.046391	 	246.666667
-317.536457	 	253.333333
135.000048	 	260.000000
-289.193839	 	266.666667
-336.352159	 	273.333333
99.007781	 	280.000000
-416.678314	 	286.666667
464.664368	 	293.333333
4.166688	 	300.000000
-109.295477	 	306.666667
-219.176974	 	313.333333
98.035259	 	320.000000
184.739012	 	326.666667
-89.945445	 	333.333333
-394.520153	 	340.000000
78.660554	 	346.666667
-42.776521	 	353.333333
518.653075	 	360.000000
120.269080	 	366.666667
-329.917386	 	373.333333
-300.886352	 	380.000000
-171.256521	 	386.666667
-101.390583	 	393.333333
354.594217	 	400.000000
359.341919	 	406.666667
-353.195875	 	413.333333
318.605580	 	420.000000
-131.614234	 	426.666667
-401.863875	 	433.333333
136.191456	 	440.000000
-223.793306	 	446.666667
189.774436	 	453.333333
220.074746	 	460.000000
158.448655	 	466.666667
-56.152856	 	473.333333
-253.200489	 	480.000000
-111.509498	 	486.666667
114.895012	 	493.333333
162.375575	 	500.000000
327.887029	 	506.666667
-222.698693	 	513.333333
-161.536946	 	520.000000
122.725379	 	526.666667
-58.819202	 	533.333333
-247.357038	 	540.000000
265.744159	 	546.666667
149.731162	 	553.333333
-171.146922	 	560.000000
-123.433400	 	566.666667
230.071004	 	573.333333
131.584106	 	580.000000
-102.917918	 	586.666667
-418.685287	 	593.333333
295.774745	 	600.000000
49.316967	 	606.666667
125.425097	 	613.333333
-158.681668	 	620.000000
-69.928987	 	626.666667
172.678417	 	633.333333
107.373421	 	640.000000
6.207186	 	646.666667
-66.623237	 	653.333333
-309.082002	 	660.000000
-56.776559	 	666.666667
333.129285	 	673.333333
56.812646	 	680.000000
102.647302	 	686.666667
-92.722140	 	693.333333
-234.787024	 	700.000000
8.315369	 	706.666667
190.563600	 	713.333333
49.317983	 	720.000000
-133.168582	 	726.666667
60.538674	 	733.333333
-20.780362	 	740.000000
22.933885	 	746.666667
-28.902530	 	753.333333
-65.507366	 	760.000000
51.748918	 	766.666667
157.035544	 	773.333333
-114.238448	 	780.000000
16.064275	 	786.666667
90.532469	 	793.333333
-56.272088	 	800.000000
-68.047233	 	806.666667
-64.173123	 	813.333333
142.361975	 	820.000000
18.726797	 	826.666667
-107.776914	 	833.333333
33.700383	 	840.000000
93.522868	 	846.666667
-12.989582	 	853.333333
-13.403028	 	860.000000
-88.320448	 	866.666667
75.166791	 	873.333333
45.430937	 	880.000000
-79.731938	 	886.666667
2.324599	 	893.333333
53.888039	 	900.000000
32.567316	 	906.666667
-32.202503	 	913.333333
-13.132953	 	920.000000
-47.310723	 	926.666667
12.853620	 	933.333333
51.565761	 	940.000000
41.321000	 	946.666667
33.133729	 	953.333333
-30.049575	 	960.000000
-72.889563	 	966.666667
-21.140177	 	973.333333
63.441818	 	980.000000
1.206019	 	986.666667
19.781812	 	993.333333
35.284965	 	1000.000000
-7.467523	 	1006.666667
-25.082518	 	1013.333333
-15.241967	 	1020.000000
-3.399243	 	1026.666667
7.978004	 	1033.333333
7.462138	 	1040.000000
35.775186	 	1046.666667
20.950877	 	1053.333333
-6.924529	 	1060.000000
-19.872163	 	1066.666667
-22.918812	 	1073.333333
12.904193	 	1080.000000
16.523592	 	1086.666667
19.805489	 	1093.333333
10.910116	 	1100.000000
-9.042684	 	1106.666667
9.750228	 	1113.333333
-5.999630	 	1120.000000
2.359884	 	1126.666667
-7.552229	 	1133.333333
-7.124249	 	1140.000000
13.678997	 	1146.666667
37.160415	 	1153.333333
2.898108	 	1160.000000
-21.402085	 	1166.666667
8.319736	 	1173.333333
5.087959	 	1180.000000
0.732221	 	1186.666667
-5.500588	 	1193.333333
11.246434	 	1200.000000
-1.558521	 	1206.666667
24.270359	 	1213.333333
-0.623930	 	1220.000000
11.669335	 	1226.666667
-23.682648	 	1233.333333
-2.290058	 	1240.000000
16.920328	 	1246.666667
22.302907	 	1253.333333
-2.513076	 	1260.000000
-4.581944	 	1266.666667
1.258873	 	1273.333333
18.253553	 	1280.000000
-5.072621	 	1286.666667
-11.092349	 	1293.333333
5.882271	 	1300.000000
14.740885	 	1306.666667
18.538368	 	1313.333333
0.660440	 	1320.000000
-12.496232	 	1326.666667
19.790304	 	1333.333333
-12.568220	 	1340.000000
-4.259286	 	1346.666667
9.947336	 	1353.333333
8.445300	 	1360.000000
11.221034	 	1366.666667
-1.149432	 	1373.333333
-10.458652	 	1380.000000
19.622181	 	1386.666667
-3.995013	 	1393.333333
-0.300317	 	1400.000000
-1.310047	 	1406.666667
4.225897	 	1413.333333
15.444462	 	1420.000000
13.812427	 	1426.666667
-8.673058	 	1433.333333
1.215106	 	1440.000000
-6.824943	 	1446.666667
7.464587	 	1453.333333
12.249818	 	1460.000000
23.815589	 	1466.666667
-4.862503	 	1473.333333
-2.409721	 	1480.000000
-7.650154	 	1486.666667
4.191620	 	1493.333333
-6.144386	 	1500.000000
17.372758	 	1506.666667
8.956735	 	1513.333333
10.773714	 	1520.000000
3.018509	 	1526.666667
-2.332164	 	1533.333333
-9.036951	 	1540.000000
6.132313	 	1546.666667
13.667056	 	1553.333333
7.113134	 	1560.000000
-18.348450	 	1566.666667
10.795455	 	1573.333333
17.748780	 	1580.000000
4.391499	 	1586.666667
-1.034946	 	1593.333333
6.428035	 	1600.000000
-2.569105	 	1606.666667
5.849162	 	1613.333333
2.673468	 	1620.000000
1.016968	 	1626.666667
12.706665	 	1633.333333
-1.479150	 	1640.000000
-9.506710	 	1646.666667
12.084890	 	1653.333333
10.148352	 	1660.000000
-1.990695	 	1666.666667
-6.044830	 	1673.333333
10.612028	 	1680.000000
18.478928	 	1686.666667
-9.170007	 	1693.333333
2.851447	 	1700.000000
3.512261	 	1706.666667
12.027059	 	1713.333333
-3.644185	 	1720.000000
0.467179	 	1726.666667
5.369773	 	1733.333333
6.385991	 	1740.000000
10.333742	 	1746.666667
7.822392	 	1753.333333
-5.194833	 	1760.000000
-5.829369	 	1766.666667
10.901777	 	1773.333333
4.594012	 	1780.000000
8.554056	 	1786.666667
4.396639	 	1793.333333
-3.525720	 	1800.000000
4.234711	 	1806.666667
7.340100	 	1813.333333
-3.614924	 	1820.000000
0.392739	 	1826.666667
12.243436	 	1833.333333
7.209352	 	1840.000000
3.488152	 	1846.666667
6.272983	 	1853.333333
7.051832	 	1860.000000
-5.075509	 	1866.666667
8.538603	 	1873.333333
4.547476	 	1880.000000
-8.908947	 	1886.666667
6.545184	 	1893.333333
10.782615	 	1900.000000
3.497979	 	1906.666667
1.495638	 	1913.333333
6.836841	 	1920.000000
4.766973	 	1926.666667
2.694141	 	1933.333333
1.284734	 	1940.000000
2.580141	 	1946.666667
2.225128	 	1953.333333
10.156281	 	1960.000000
5.632872	 	1966.666667
1.737421	 	1973.333333
-3.994978	 	1980.000000
2.509796	 	1986.666667
-1.279177	 	1993.333333
19.910537	 	2000.000000
8.668080	 	2006.666667
-11.393345	 	2013.333333
-9.349366	 	2020.000000
14.628125	 	2026.666667
6.444363	 	2033.333333
5.826197	 	2040.000000
2.510570	 	2046.666667
2.910024	 	2053.333333
-2.689406	 	2060.000000
14.548512	 	2066.666667
4.554933	 	2073.333333
8.362143	 	2080.000000
-17.184460	 	2086.666667
5.885314	 	2093.333333
5.549590	 	2100.000000
8.890408	 	2106.666667
3.393416	 	2113.333333
7.458435	 	2120.000000
-6.706285	 	2126.666667
22.445187	 	2133.333333
-20.173998	 	2140.000000
1.892730	 	2146.666667
24.450534	 	2153.333333
6.429606	 	2160.000000
-12.144438	 	2166.666667
9.436352	 	2173.333333
4.793619	 	2180.000000
15.052695	 	2186.666667
-14.686484	 	2193.333333
-7.499984	 	2200.000000
-0.237854	 	2206.666667
30.751276	 	2213.333333
12.892589	 	2220.000000
-10.125120	 	2226.666667
-14.894430	 	2233.333333
7.714324	 	2240.000000
3.491992	 	2246.666667
5.008981	 	2253.333333
17.792845	 	2260.000000
-7.981451	 	2266.666667
-0.282594	 	2273.333333
5.247678	 	2280.000000
7.806479	 	2286.666667
5.783449	 	2293.333333
-4.085054	 	2300.000000
10.333018	 	2306.666667
10.523989	 	2313.333333
-5.986501	 	2320.000000
10.494363	 	2326.666667
-10.312920	 	2333.333333
8.315836	 	2340.000000
11.347936	 	2346.666667
0.772523	 	2353.333333
-7.938482	 	2360.000000
12.661041	 	2366.666667
5.728365	 	2373.333333
4.167572	 	2380.000000
-6.701243	 	2386.666667
7.957857	 	2393.333333
3.808805	 	2400.000000
17.387728	 	2406.666667
-7.920081	 	2413.333333
9.500598	 	2420.000000
4.869952	 	2426.666667
3.540908	 	2433.333333
-7.734098	 	2440.000000
1.411261	 	2446.666667
5.677528	 	2453.333333
14.940132	 	2460.000000
3.417319	 	2466.666667
0.579596	 	2473.333333
1.916353	 	2480.000000
14.824979	 	2486.666667
-11.408550	 	2493.333333
7.826550	 	2500.000000
-1.036188	 	2506.666667
6.597959	 	2513.333333
20.692290	 	2520.000000
0.660513	 	2526.666667
-9.055238	 	2533.333333
1.904723	 	2540.000000
1.599741	 	2546.666667
13.099887	 	2553.333333
6.956902	 	2560.000000
19.206075	 	2566.666667
-8.069296	 	2573.333333
-13.520520	 	2580.000000
-0.134580	 	2586.666667
18.085541	 	2593.333333
16.047823	 	2600.000000
1.584709	 	2606.666667
-18.246628	 	2613.333333
2.513877	 	2620.000000
16.560189	 	2626.666667
16.406568	 	2633.333333
-6.756504	 	2640.000000
9.289814	 	2646.666667
-2.032712	 	2653.333333
-0.601182	 	2660.000000
-2.071404	 	2666.666667
10.271439	 	2673.333333
20.754428	 	2680.000000
-7.811975	 	2686.666667
1.695538	 	2693.333333
10.278316	 	2700.000000
-3.788907	 	2706.666667
5.857949	 	2713.333333
-8.443865	 	2720.000000
14.238794	 	2726.666667
21.989366	 	2733.333333
-10.570256	 	2740.000000
-25.007392	 	2746.666667
15.769011	 	2753.333333
36.407055	 	2760.000000
-9.328562	 	2766.666667
-16.056392	 	2773.333333
15.089006	 	2780.000000
3.438029	 	2786.666667
18.280121	 	2793.333333
-2.863321	 	2800.000000
-22.535231	 	2806.666667
17.718516	 	2813.333333
29.779099	 	2820.000000
-2.649590	 	2826.666667
-21.076532	 	2833.333333
4.961872	 	2840.000000
15.996761	 	2846.666667
-3.021093	 	2853.333333
2.596950	 	2860.000000
25.836587	 	2866.666667
-16.816169	 	2873.333333
4.200681	 	2880.000000
-1.221538	 	2886.666667
18.772295	 	2893.333333
4.364386	 	2900.000000
-6.144329	 	2906.666667
-11.426682	 	2913.333333
35.386669	 	2920.000000
1.945935	 	2926.666667
-20.039908	 	2933.333333
7.997451	 	2940.000000
20.293729	 	2946.666667
2.245601	 	2953.333333
8.668969	 	2960.000000
-12.647791	 	2966.666667
-5.135253	 	2973.333333
-1.177429	 	2980.000000
35.811868	 	2986.666667
16.654654	 	2993.333333
-27.801329	 	3000.000000
2.320954	 	3006.666667
2.500529	 	3013.333333
-1.854563	 	3020.000000
27.090793	 	3026.666667
-3.496060	 	3033.333333
5.290956	 	3040.000000
4.844105	 	3046.666667
-6.583846	 	3053.333333
1.919449	 	3060.000000
3.253587	 	3066.666667
15.104155	 	3073.333333
1.694455	 	3080.000000
1.507485	 	3086.666667
-8.472203	 	3093.333333
18.634444	 	3100.000000
1.604158	 	3106.666667
2.222993	 	3113.333333
6.254192	 	3120.000000
-0.835100	 	3126.666667
6.708584	 	3133.333333
10.002315	 	3140.000000
47.365962	 	3146.666667
90.473087	 	3153.333333
130.032227	 	3160.000000
146.642599	 	3166.666667
117.029164	 	3173.333333
192.330902	 	3180.000000
559.014991	 	3186.666667
1363.976819	 	3193.333333
2462.026919	 	3200.000000
2620.942939	 	3206.666667
2365.723268	 	3213.333333
2591.006253	 	3220.000000
3373.196990	 	3226.666667
4279.591067	 	3233.333333
4755.664548	 	3240.000000
4726.909628	 	3246.666667
5008.475210	 	3253.333333
5374.194589	 	3260.000000
5338.638990	 	3266.666667
5043.312083	 	3273.333333
5430.105676	 	3280.000000
5832.151132	 	3286.666667
5743.716450	 	3293.333333
5164.858200	 	3300.000000
4992.946771	 	3306.666667
5085.727403	 	3313.333333
5395.686372	 	3320.000000
5336.165910	 	3326.666667
4786.312584	 	3333.333333
4446.122518	 	3340.000000
4554.120698	 	3346.666667
4484.015552	 	3353.333333
4579.691718	 	3360.000000
4213.753309	 	3366.666667
3673.050789	 	3373.333333
3628.156386	 	3380.000000
3738.539760	 	3386.666667
3640.329915	 	3393.333333
3254.239015	 	3400.000000
2992.437770	 	3406.666667
2908.871702	 	3413.333333
2950.467039	 	3420.000000
2956.176195	 	3426.666667
2833.715448	 	3433.333333
2510.970426	 	3440.000000
2358.308481	 	3446.666667
2505.898114	 	3453.333333
2539.275001	 	3460.000000
2483.809031	 	3466.666667
2309.648054	 	3473.333333
2093.848301	 	3480.000000
2100.974180	 	3486.666667
2170.493478	 	3493.333333
2112.703287	 	3500.000000
2105.995377	 	3506.666667
2031.505654	 	3513.333333
1907.933613	 	3520.000000
1950.758351	 	3526.666667
1962.013491	 	3533.333333
1891.764445	 	3540.000000
1788.186992	 	3546.666667
1816.232670	 	3553.333333
1809.976055	 	3560.000000
1834.842641	 	3566.666667
1743.397244	 	3573.333333
1655.909259	 	3580.000000
1651.137587	 	3586.666667
1677.171179	 	3593.333333
1690.999762	 	3600.000000
1640.751136	 	3606.666667
1584.784581	 	3613.333333
1619.248851	 	3620.000000
1600.541905	 	3626.666667
1578.380044	 	3633.333333
1524.115411	 	3640.000000
1432.695687	 	3646.666667
1472.793387	 	3653.333333
1559.959405	 	3660.000000
1559.227824	 	3666.666667
1448.191124	 	3673.333333
1297.825612	 	3680.000000
1306.321036	 	3686.666667
1446.108828	 	3693.333333
1456.380379	 	3700.000000
1325.842668	 	3706.666667
1270.375729	 	3713.333333
1308.506704	 	3720.000000
1372.717993	 	3726.666667
1321.180083	 	3733.333333
1211.864372	 	3740.000000
1136.789073	 	3746.666667
1213.795236	 	3753.333333
1304.875452	 	3760.000000
1293.275626	 	3766.666667
1188.413983	 	3773.333333
1067.488185	 	3780.000000
1071.292535	 	3786.666667
1123.650575	 	3793.333333
1171.433540	 	3800.000000
1134.572799	 	3806.666667
1072.744087	 	3813.333333
1044.256798	 	3820.000000
1073.548286	 	3826.666667
1038.049765	 	3833.333333
973.126151	 	3840.000000
966.170015	 	3846.666667
982.574579	 	3853.333333
1029.984718	 	3860.000000
1058.192718	 	3866.666667
966.742062	 	3873.333333
895.427265	 	3880.000000
829.128358	 	3886.666667
872.956216	 	3893.333333
945.243031	 	3900.000000
978.361912	 	3906.666667
917.691587	 	3913.333333
843.961336	 	3920.000000
832.103932	 	3926.666667
815.827756	 	3933.333333
815.684660	 	3940.000000
805.570707	 	3946.666667
800.623514	 	3953.333333
840.178293	 	3960.000000
805.814248	 	3966.666667
775.731491	 	3973.333333
718.547613	 	3980.000000
705.237959	 	3986.666667
716.620703	 	3993.333333
742.907425	 	4000.000000
756.968600	 	4006.666667
747.556785	 	4013.333333
665.614402	 	4020.000000
661.839550	 	4026.666667
679.177658	 	4033.333333
680.859237	 	4040.000000
648.855750	 	4046.666667
626.195512	 	4053.333333
627.175736	 	4060.000000
700.898617	 	4066.666667
622.383239	 	4073.333333
577.815446	 	4080.000000
578.910146	 	4086.666667
601.278847	 	4093.333333
604.523520	 	4100.000000
577.160786	 	4106.666667
579.008683	 	4113.333333
584.827185	 	4120.000000
543.564794	 	4126.666667
561.947036	 	4133.333333
546.402558	 	4140.000000
529.175762	 	4146.666667
502.445746	 	4153.333333
529.940208	 	4160.000000
509.855922	 	4166.666667
549.043205	 	4173.333333
458.064543	 	4180.000000
505.155522	 	4186.666667
466.239800	 	4193.333333
521.941064	 	4200.000000
470.259717	 	4206.666667
467.957652	 	4213.333333
448.019064	 	4220.000000
443.907780	 	4226.666667
502.481661	 	4233.333333
437.337101	 	4240.000000
397.790515	 	4246.666667
482.571006	 	4253.333333
375.142780	 	4260.000000
474.328605	 	4266.666667
399.912929	 	4273.333333
422.114804	 	4280.000000
388.869476	 	4286.666667
413.181380	 	4293.333333
372.767361	 	4300.000000
449.646531	 	4306.666667
346.511493	 	4313.333333
393.879834	 	4320.000000
419.023344	 	4326.666667
329.617775	 	4333.333333
376.293038	 	4340.000000
395.402937	 	4346.666667
297.859971	 	4353.333333
406.861508	 	4360.000000
322.633154	 	4366.666667
337.309213	 	4373.333333
405.185748	 	4380.000000
285.155167	 	4386.666667
370.014003	 	4393.333333
316.354531	 	4400.000000
250.443482	 	4406.666667
398.944798	 	4413.333333
290.635069	 	4420.000000
349.011309	 	4426.666667
265.022924	 	4433.333333
348.971925	 	4440.000000
255.807948	 	4446.666667
304.366587	 	4453.333333
269.520451	 	4460.000000
307.839175	 	4466.666667
295.621059	 	4473.333333
280.161693	 	4480.000000
348.725621	 	4486.666667
177.947652	 	4493.333333
226.922961	 	4500.000000
366.987816	 	4506.666667
194.096087	 	4513.333333
310.640918	 	4520.000000
223.261474	 	4526.666667
280.967068	 	4533.333333
259.132917	 	4540.000000
197.114329	 	4546.666667
260.822310	 	4553.333333
243.939668	 	4560.000000
235.571045	 	4566.666667
284.550361	 	4573.333333
180.992255	 	4580.000000
213.916687	 	4586.666667
287.143732	 	4593.333333
201.498825	 	4600.000000
191.904800	 	4606.666667
214.338989	 	4613.333333
284.280445	 	4620.000000
191.056962	 	4626.666667
232.387380	 	4633.333333
144.618952	 	4640.000000
285.961673	 	4646.666667
88.453014	 	4653.333333
253.124096	 	4660.000000
191.463077	 	4666.666667
288.076507	 	4673.333333
212.883230	 	4680.000000
107.798380	 	4686.666667
24.391375	 	4693.333333
493.656014	 	4700.000000
10.298508	 	4706.666667
245.738794	 	4713.333333
156.280465	 	4720.000000
200.855116	 	4726.666667
188.394555	 	4733.333333
96.131158	 	4740.000000
185.840778	 	4746.666667
289.514442	 	4753.333333
63.576118	 	4760.000000
283.885459	 	4766.666667
-38.193932	 	4773.333333
260.777822	 	4780.000000
211.135310	 	4786.666667
98.908817	 	4793.333333
127.138907	 	4800.000000
364.047467	 	4806.666667
-125.122169	 	4813.333333
298.475405	 	4820.000000
119.820929	 	4826.666667
76.313040	 	4833.333333
395.695427	 	4840.000000
-82.158232	 	4846.666667
76.277177	 	4853.333333
324.279848	 	4860.000000
-22.623031	 	4866.666667
338.953421	 	4873.333333
40.657108	 	4880.000000
24.254204	 	4886.666667
253.769631	 	4893.333333
51.837281	 	4900.000000
132.372739	 	4906.666667
356.734776	 	4913.333333
-85.069520	 	4920.000000
67.447796	 	4926.666667
252.549633	 	4933.333333
47.635820	 	4940.000000
150.601998	 	4946.666667
236.105657	 	4953.333333
14.295681	 	4960.000000
27.359258	 	4966.666667
207.869984	 	4973.333333
87.988098	 	4980.000000
174.606116	 	4986.666667
143.533410	 	4993.333333
-63.986693	 	5000.000000
186.057113	 	5006.666667
260.055224	 	5013.333333
-38.006880	 	5020.000000
143.244038	 	5026.666667
48.762377	 	5033.333333
74.916671	 	5040.000000
291.470142	 	5046.666667
-11.538273	 	5053.333333
66.816608	 	5060.000000
235.459106	 	5066.666667
-69.050471	 	5073.333333
144.993318	 	5080.000000
191.565034	 	5086.666667
-7.067453	 	5093.333333
161.324410	 	5100.000000
75.762480	 	5106.666667
-7.934104	 	5113.333333
243.736532	 	5120.000000
70.446241	 	5126.666667
25.457686	 	5133.333333
116.903005	 	5140.000000
63.767465	 	5146.666667
103.019324	 	5153.333333
121.957208	 	5160.000000
64.568438	 	5166.666667
88.020578	 	5173.333333
61.814721	 	5180.000000
41.400153	 	5186.666667
161.265550	 	5193.333333
82.460102	 	5200.000000
11.495001	 	5206.666667
124.661502	 	5213.333333
68.599764	 	5220.000000
32.982370	 	5226.666667
152.600106	 	5233.333333
44.559562	 	5240.000000
37.800996	 	5246.666667
144.015470	 	5253.333333
34.487407	 	5260.000000
42.263461	 	5266.666667
107.255188	 	5273.333333
28.331854	 	5280.000000
109.275204	 	5286.666667
78.898315	 	5293.333333
35.431259	 	5300.000000
82.458453	 	5306.666667
59.958580	 	5313.333333
55.289447	 	5320.000000
107.668649	 	5326.666667
2.741483	 	5333.333333
77.930239	 	5340.000000
132.217229	 	5346.666667
19.844413	 	5353.333333
39.662275	 	5360.000000
88.074946	 	5366.666667
11.926835	 	5373.333333
90.438581	 	5380.000000
99.676833	 	5386.666667
32.737946	 	5393.333333
80.864373	 	5400.000000
59.649728	 	5406.666667
7.921250	 	5413.333333
83.068703	 	5420.000000
53.815679	 	5426.666667
39.290939	 	5433.333333
88.999315	 	5440.000000
31.839365	 	5446.666667
71.023079	 	5453.333333
59.487590	 	5460.000000
6.697759	 	5466.666667
79.944813	 	5473.333333
61.232298	 	5480.000000
22.069955	 	5486.666667
94.993688	 	5493.333333
42.567285	 	5500.000000
36.301193	 	5506.666667
78.152010	 	5513.333333
27.081757	 	5520.000000
36.840716	 	5526.666667
78.686940	 	5533.333333
26.397259	 	5540.000000
52.581898	 	5546.666667
33.981846	 	5553.333333
46.330930	 	5560.000000
77.418824	 	5566.666667
52.961769	 	5573.333333
15.295337	 	5580.000000
65.200184	 	5586.666667
-5.775744	 	5593.333333
30.971783	 	5600.000000
97.726338	 	5606.666667
48.740432	 	5613.333333
46.065485	 	5620.000000
48.534457	 	5626.666667
-7.165600	 	5633.333333
52.267206	 	5640.000000
58.086013	 	5646.666667
15.095517	 	5653.333333
55.865325	 	5660.000000
54.845381	 	5666.666667
19.109875	 	5673.333333
55.937000	 	5680.000000
27.254025	 	5686.666667
16.514983	 	5693.333333
46.074575	 	5700.000000
37.372466	 	5706.666667
43.919719	 	5713.333333
65.522035	 	5720.000000
22.293968	 	5726.666667
22.798075	 	5733.333333
26.297673	 	5740.000000
2.663908	 	5746.666667
64.945953	 	5753.333333
65.263995	 	5760.000000
11.477609	 	5766.666667
35.235421	 	5773.333333
31.164812	 	5780.000000
12.545164	 	5786.666667
54.393150	 	5793.333333
23.902222	 	5800.000000
29.581826	 	5806.666667
39.227773	 	5813.333333
23.786084	 	5820.000000
33.900747	 	5826.666667
40.893517	 	5833.333333
12.719344	 	5840.000000
45.016153	 	5846.666667
24.142204	 	5853.333333
14.142702	 	5860.000000
54.283375	 	5866.666667
24.285133	 	5873.333333
4.570510	 	5880.000000
53.022403	 	5886.666667
36.775844	 	5893.333333
24.326911	 	5900.000000
28.574681	 	5906.666667
15.973714	 	5913.333333
23.795785	 	5920.000000
36.114849	 	5926.666667
18.983327	 	5933.333333
36.025879	 	5940.000000
27.135799	 	5946.666667
6.305769	 	5953.333333
45.029262	 	5960.000000
23.671302	 	5966.666667
21.706102	 	5973.333333
33.616910	 	5980.000000
4.949339	 	5986.666667
21.870613	 	5993.333333
56.478164	 	6000.000000
13.430014	 	6006.666667
18.135794	 	6013.333333
27.544649	 	6020.000000
26.089916	 	6026.666667
25.714854	 	6033.333333
16.556731	 	6040.000000
7.918606	 	6046.666667
25.734744	 	6053.333333
34.828378	 	6060.000000
24.119960	 	6066.666667
28.837258	 	6073.333333
5.248004	 	6080.000000
7.820965	 	6086.666667
46.021270	 	6093.333333
23.543436	 	6100.000000
23.135534	 	6106.666667
23.397093	 	6113.333333
6.317329	 	6120.000000
22.100222	 	6126.666667
33.571597	 	6133.333333
14.961934	 	6140.000000
17.748558	 	6146.666667
30.368030	 	6153.333333
-0.730438	 	6160.000000
17.989090	 	6166.666667
34.119997	 	6173.333333
25.213851	 	6180.000000
29.218542	 	6186.666667
15.411866	 	6193.333333
-5.950337	 	6200.000000
27.923022	 	6206.666667
17.937965	 	6213.333333
30.807642	 	6220.000000
34.375817	 	6226.666667
10.560531	 	6233.333333
7.255983	 	6240.000000
25.101629	 	6246.666667
0.205279	 	6253.333333
25.797196	 	6260.000000
25.649237	 	6266.666667
9.804165	 	6273.333333
32.755275	 	6280.000000
16.653179	 	6286.666667
-1.148813	 	6293.333333
23.006804	 	6300.000000
2.564733	 	6306.666667
38.691657	 	6313.333333
40.260652	 	6320.000000
5.065570	 	6326.666667
-1.518711	 	6333.333333
8.879070	 	6340.000000
24.245018	 	6346.666667
24.128438	 	6353.333333
19.257210	 	6360.000000
13.821823	 	6366.666667
-1.591641	 	6373.333333
23.667376	 	6380.000000
9.999887	 	6386.666667
32.766650	 	6393.333333
15.081898	 	6400.000000
9.856333	 	6406.666667
6.100982	 	6413.333333
17.785451	 	6420.000000
23.984059	 	6426.666667
19.453421	 	6433.333333
3.073604	 	6440.000000
15.534066	 	6446.666667
10.686961	 	6453.333333
15.227682	 	6460.000000
9.642652	 	6466.666667
17.280236	 	6473.333333
18.978519	 	6480.000000
18.702339	 	6486.666667
14.599072	 	6493.333333
-3.882344	 	6500.000000
7.988555	 	6506.666667
18.694694	 	6513.333333
25.894909	 	6520.000000
20.244486	 	6526.666667
-4.698876	 	6533.333333
8.256452	 	6540.000000
10.248172	 	6546.666667
25.574338	 	6553.333333
22.753767	 	6560.000000
1.680224	 	6566.666667
0.498060	 	6573.333333
12.795330	 	6580.000000
27.406997	 	6586.666667
3.292528	 	6593.333333
13.451254	 	6600.000000
5.497012	 	6606.666667
8.635412	 	6613.333333
27.666081	 	6620.000000
3.140644	 	6626.666667
7.285068	 	6633.333333
23.035875	 	6640.000000
-5.377207	 	6646.666667
13.544972	 	6653.333333
11.563718	 	6660.000000
19.090406	 	6666.666667
20.084124	 	6673.333333
11.697494	 	6680.000000
-9.124967	 	6686.666667
12.090721	 	6693.333333
6.941602	 	6700.000000
11.431795	 	6706.666667
13.955069	 	6713.333333
20.388022	 	6720.000000
11.137513	 	6726.666667
9.205329	 	6733.333333
-6.659560	 	6740.000000
15.517408	 	6746.666667
6.746648	 	6753.333333
17.577959	 	6760.000000
8.038426	 	6766.666667
8.155510	 	6773.333333
11.097297	 	6780.000000
9.860727	 	6786.666667
4.749923	 	6793.333333
29.480070	 	6800.000000
12.178342	 	6806.666667
10.288206	 	6813.333333
-10.800731	 	6820.000000
17.140036	 	6826.666667
12.196281	 	6833.333333
11.459470	 	6840.000000
14.362449	 	6846.666667
8.956526	 	6853.333333
-1.175621	 	6860.000000
7.463947	 	6866.666667
8.278787	 	6873.333333
18.207752	 	6880.000000
7.773123	 	6886.666667
7.681245	 	6893.333333
7.344301	 	6900.000000
5.564418	 	6906.666667
16.741936	 	6913.333333
7.780228	 	6920.000000
0.044327	 	6926.666667
10.095858	 	6933.333333
15.684927	 	6940.000000
6.798594	 	6946.666667
19.368409	 	6953.333333
1.011194	 	6960.000000
-4.321538	 	6966.666667
16.094196	 	6973.333333
15.767594	 	6980.000000
1.171445	 	6986.666667
4.099490	 	6993.333333
2.909319	 	7000.000000
10.019555	 	7006.666667
17.610869	 	7013.333333
9.728227	 	7020.000000
16.073090	 	7026.666667
12.654407	 	7033.333333
-6.134291	 	7040.000000
2.511626	 	7046.666667
2.052938	 	7053.333333
-2.355358	 	7060.000000
27.944682	 	7066.666667
9.573041	 	7073.333333
11.992948	 	7080.000000
15.304901	 	7086.666667
-12.258516	 	7093.333333
-3.320011	 	7100.000000
22.439215	 	7106.666667
8.992049	 	7113.333333
4.774864	 	7120.000000
10.006009	 	7126.666667
1.342822	 	7133.333333
-3.105836	 	7140.000000
10.678606	 	7146.666667
15.550725	 	7153.333333
1.427208	 	7160.000000
-0.198892	 	7166.666667
12.435347	 	7173.333333
8.525895	 	7180.000000
-2.543427	 	7186.666667
7.243187	 	7193.333333
9.650058	 	7200.000000
2.422014	 	7206.666667
15.279944	 	7213.333333
7.330648	 	7220.000000
1.001937	 	7226.666667
-1.240745	 	7233.333333
8.924358	 	7240.000000
8.947438	 	7246.666667
4.319432	 	7253.333333
7.155945	 	7260.000000
3.879346	 	7266.666667
-6.827412	 	7273.333333
3.908924	 	7280.000000
7.085937	 	7286.666667
7.871748	 	7293.333333
5.822198	 	7300.000000
7.294686	 	7306.666667
0.638690	 	7313.333333
3.910075	 	7320.000000
10.879507	 	7326.666667
12.825658	 	7333.333333
1.798682	 	7340.000000
6.491520	 	7346.666667
-4.764350	 	7353.333333
-4.310174	 	7360.000000
8.610130	 	7366.666667
18.014854	 	7373.333333
4.646908	 	7380.000000
7.096896	 	7386.666667
-6.036864	 	7393.333333
-9.234211	 	7400.000000
10.389761	 	7406.666667
18.739004	 	7413.333333
6.286416	 	7420.000000
-5.062839	 	7426.666667
6.736398	 	7433.333333
9.339208	 	7440.000000
1.615801	 	7446.666667
1.129945	 	7453.333333
10.601954	 	7460.000000
-0.889329	 	7466.666667
12.255464	 	7473.333333
6.518895	 	7480.000000
8.175023	 	7486.666667
-5.669342	 	7493.333333
1.151023	 	7500.000000
4.682101	 	7506.666667
13.626107	 	7513.333333
4.914864	 	7520.000000
11.435859	 	7526.666667
2.648124	 	7533.333333
0.632754	 	7540.000000
0.158326	 	7546.666667
3.577534	 	7553.333333
11.488855	 	7560.000000
6.545615	 	7566.666667
-8.005259	 	7573.333333
6.370154	 	7580.000000
1.067682	 	7586.666667
-1.694119	 	7593.333333
17.454591	 	7600.000000
1.920477	 	7606.666667
1.827172	 	7613.333333
2.455443	 	7620.000000
8.770082	 	7626.666667
11.990364	 	7633.333333
-2.099129	 	7640.000000
4.050277	 	7646.666667
15.128582	 	7653.333333
3.270476	 	7660.000000
-8.994249	 	7666.666667
-2.443451	 	7673.333333
0.400481	 	7680.000000
12.522483	 	7686.666667
13.465700	 	7693.333333
0.614220	 	7700.000000
3.431629	 	7706.666667
-1.634816	 	7713.333333
14.243250	 	7720.000000
0.914467	 	7726.666667
-1.080622	 	7733.333333
0.011514	 	7740.000000
1.145057	 	7746.666667
8.731663	 	7753.333333
9.517925	 	7760.000000
-2.596069	 	7766.666667
16.196891	 	7773.333333
-4.556617	 	7780.000000
-8.107730	 	7786.666667
4.642806	 	7793.333333
2.764929	 	7800.000000
19.410937	 	7806.666667
12.051730	 	7813.333333
-11.649365	 	7820.000000
6.186015	 	7826.666667
2.120572	 	7833.333333
-3.315009	 	7840.000000
11.435630	 	7846.666667
4.035473	 	7853.333333
3.678033	 	7860.000000
1.949258	 	7866.666667
-1.846215	 	7873.333333
11.356558	 	7880.000000
-6.390368	 	7886.666667
4.813478	 	7893.333333
10.524298	 	7900.000000
10.509064	 	7906.666667
2.102618	 	7913.333333
1.257571	 	7920.000000
-14.546610	 	7926.666667
13.902460	 	7933.333333
1.573983	 	7940.000000
2.084992	 	7946.666667
21.367866	 	7953.333333
-9.235702	 	7960.000000
-14.336666	 	7966.666667
11.074236	 	7973.333333
6.245098	 	7980.000000
13.156761	 	7986.666667
2.695369	 	7993.333333
-20.300872	 	8000.000000
9.448906	 	8006.666667
21.384950	 	8013.333333
-11.126378	 	8020.000000
7.471415	 	8026.666667
2.926022	 	8033.333333
-7.069350	 	8040.000000
-0.754540	 	8046.666667
7.825604	 	8053.333333
12.343041	 	8060.000000
16.431779	 	8066.666667
3.003176	 	8073.333333
-4.735365	 	8080.000000
-17.926808	 	8086.666667
-6.094844	 	8093.333333
31.169196	 	8100.000000
0.792000	 	8106.666667
1.217318	 	8113.333333
-3.519954	 	8120.000000
-1.265688	 	8126.666667
9.121808	 	8133.333333
4.214117	 	8140.000000
2.339440	 	8146.666667
-9.072671	 	8153.333333
0.445597	 	8160.000000
15.410703	 	8166.666667
-0.785527	 	8173.333333
-3.067989	 	8180.000000
-14.507345	 	8186.666667
15.061155	 	8193.333333
12.774792	 	8200.000000
4.040090	 	8206.666667
-11.008205	 	8213.333333
-10.714672	 	8220.000000
-2.594981	 	8226.666667
24.873293	 	8233.333333
11.863387	 	8240.000000
0.406672	 	8246.666667
1.791021	 	8253.333333
-9.032353	 	8260.000000
-11.591904	 	8266.666667
21.927251	 	8273.333333
1.830597	 	8280.000000
10.888345	 	8286.666667
5.655535	 	8293.333333
-11.784492	 	8300.000000
-1.707814	 	8306.666667
-3.279887	 	8313.333333
-1.975371	 	8320.000000
15.710433	 	8326.666667
7.496722	 	8333.333333
-3.996923	 	8340.000000
0.280333	 	8346.666667
-2.237469	 	8353.333333
-3.700991	 	8360.000000
8.700363	 	8366.666667
2.460704	 	8373.333333
9.148170	 	8380.000000
12.160370	 	8386.666667
-5.384464	 	8393.333333
-17.383504	 	8400.000000
-7.278549	 	8406.666667
17.232914	 	8413.333333
15.287467	 	8420.000000
-0.586306	 	8426.666667
-5.868228	 	8433.333333
4.769548	 	8440.000000
-11.810850	 	8446.666667
12.854517	 	8453.333333
4.174910	 	8460.000000
6.935702	 	8466.666667
-10.823328	 	8473.333333
-1.094370	 	8480.000000
1.697182	 	8486.666667
13.196189	 	8493.333333
-6.796531	 	8500.000000
-2.807765	 	8506.666667
5.137262	 	8513.333333
-5.016579	 	8520.000000
5.939192	 	8526.666667
11.710818	 	8533.333333
-1.155144	 	8540.000000
4.596526	 	8546.666667
-12.275101	 	8553.333333
3.780628	 	8560.000000
7.719720	 	8566.666667
-2.209092	 	8573.333333
-7.342910	 	8580.000000
13.059651	 	8586.666667
5.135990	 	8593.333333
3.711736	 	8600.000000
-2.388301	 	8606.666667
-4.336581	 	8613.333333
-4.671978	 	8620.000000
6.164244	 	8626.666667
-12.126120	 	8633.333333
18.100091	 	8640.000000
-5.020091	 	8646.666667
4.707531	 	8653.333333
-9.042729	 	8660.000000
4.609234	 	8666.666667
4.737978	 	8673.333333
3.415848	 	8680.000000
-13.233072	 	8686.666667
17.697140	 	8693.333333
-9.427230	 	8700.000000
7.672786	 	8706.666667
2.246128	 	8713.333333
-1.255910	 	8720.000000
-2.594313	 	8726.666667
6.219793	 	8733.333333
-11.459592	 	8740.000000
14.035517	 	8746.666667
-11.315258	 	8753.333333
15.812725	 	8760.000000
0.627063	 	8766.666667
-10.628639	 	8773.333333
4.887391	 	8780.000000
-13.565665	 	8786.666667
2.963595	 	8793.333333
22.074291	 	8800.000000
-15.423538	 	8806.666667
-7.825392	 	8813.333333
8.298684	 	8820.000000
6.521991	 	8826.666667
-11.694438	 	8833.333333
10.401564	 	8840.000000
6.975048	 	8846.666667
-8.692139	 	8853.333333
-13.279392	 	8860.000000
6.566578	 	8866.666667
2.760371	 	8873.333333
11.373225	 	8880.000000
-3.959235	 	8886.666667
-13.201007	 	8893.333333
10.959391	 	8900.000000
0.985832	 	8906.666667
2.362687	 	8913.333333
1.209066	 	8920.000000
-4.301472	 	8926.666667
7.937915	 	8933.333333
4.698174	 	8940.000000
-23.219937	 	8946.666667
-3.231931	 	8953.333333
8.047461	 	8960.000000
13.134678	 	8966.666667
4.467551	 	8973.333333
-19.314236	 	8980.000000
0.552329	 	8986.666667
0.082380	 	8993.333333
5.501434	 	9000.000000
17.195813	 	9006.666667
-5.165816	 	9013.333333
-14.094711	 	9020.000000
-2.507562	 	9026.666667
4.797813	 	9033.333333
14.911625	 	9040.000000
2.890720	 	9046.666667
-10.981124	 	9053.333333
-0.462772	 	9060.000000
-0.529451	 	9066.666667
5.659605	 	9073.333333
4.841944	 	9080.000000
-9.467294	 	9086.666667
-2.501056	 	9093.333333
21.344938	 	9100.000000
-7.292906	 	9106.666667
-6.915172	 	9113.333333
-17.690342	 	9120.000000
13.775479	 	9126.666667
12.879724	 	9133.333333
16.857811	 	9140.000000
-18.637886	 	9146.666667
-17.612934	 	9153.333333
0.777822	 	9160.000000
5.099460	 	9166.666667
16.082292	 	9173.333333
-0.318632	 	9180.000000
-15.141090	 	9186.666667
13.729388	 	9193.333333
-6.221492	 	9200.000000
-7.824122	 	9206.666667
-2.857340	 	9213.333333
5.274599	 	9220.000000
1.828976	 	9226.666667
12.783084	 	9233.333333
-13.025734	 	9240.000000
-3.590707	 	9246.666667
6.182285	 	9253.333333
-3.894415	 	9260.000000
8.136444	 	9266.666667
6.736621	 	9273.333333
-16.856155	 	9280.000000
-1.887828	 	9286.666667
-3.342512	 	9293.333333
14.001796	 	9300.000000
0.291382	 	9306.666667
-6.876810	 	9313.333333
3.779117	 	9320.000000
-3.899090	 	9326.666667
0.159978	 	9333.333333
3.688511	 	9340.000000
5.331946	 	9346.666667
-3.011963	 	9353.333333
9.127793	 	9360.000000
4.025277	 	9366.666667
-16.707818	 	9373.333333
-2.746596	 	9380.000000
0.849498	 	9386.666667
2.181918	 	9393.333333
25.200995	 	9400.000000
-14.799462	 	9406.666667
-1.055293	 	9413.333333
-8.518556	 	9420.000000
4.958696	 	9426.666667
9.739250	 	9433.333333
-6.429325	 	9440.000000
-10.845447	 	9446.666667
3.720532	 	9453.333333
-4.357865	 	9460.000000
10.580467	 	9466.666667
-9.029944	 	9473.333333
-0.791130	 	9480.000000
-8.441415	 	9486.666667
8.018826	 	9493.333333
0.152801	 	9500.000000
11.341541	 	9506.666667
-9.360555	 	9513.333333
-9.052996	 	9520.000000
-5.635912	 	9526.666667
11.993178	 	9533.333333
-1.871941	 	9540.000000
1.688845	 	9546.666667
15.580460	 	9553.333333
1.354376	 	9560.000000
-28.337383	 	9566.666667
-0.559759	 	9573.333333
-6.646585	 	9580.000000
27.223964	 	9586.666667
2.472874	 	9593.333333
-12.000397	 	9600.000000
-6.247980	 	9606.666667
-0.192570	 	9613.333333
-1.207597	 	9620.000000
11.805180	 	9626.666667
-9.269632	 	9633.333333
5.231289	 	9640.000000
-15.072905	 	9646.666667
-16.037821	 	9653.333333
10.110372	 	9660.000000
19.073552	 	9666.666667
-8.952223	 	9673.333333
4.496713	 	9680.000000
-15.146933	 	9686.666667
-6.003393	 	9693.333333
4.769717	 	9700.000000
-3.786727	 	9706.666667
10.083909	 	9713.333333
9.206734	 	9720.000000
-11.648719	 	9726.666667
-1.026262	 	9733.333333
-6.705017	 	9740.000000
12.782562	 	9746.666667
1.089436	 	9753.333333
-6.730721	 	9760.000000
1.220864	 	9766.666667
-7.627588	 	9773.333333
-12.534654	 	9780.000000
26.464832	 	9786.666667
-4.530085	 	9793.333333
-14.686289	 	9800.000000
-4.612846	 	9806.666667
7.045853	 	9813.333333
1.923233	 	9820.000000
-1.573180	 	9826.666667
4.745682	 	9833.333333
4.073086	 	9840.000000
-15.397905	 	9846.666667
0.969810	 	9853.333333
-4.596865	 	9860.000000
6.016358	 	9866.666667
25.716233	 	9873.333333
-14.832792	 	9880.000000
-15.604894	 	9886.666667
4.375062	 	9893.333333
-3.987903	 	9900.000000
7.988125	 	9906.666667
-0.316814	 	9913.333333
-4.954484	 	9920.000000
-12.142482	 	9926.666667
1.748106	 	9933.333333
24.130300	 	9940.000000
-17.315816	 	9946.666667
-10.935890	 	9953.333333
-5.482140	 	9960.000000
2.640020	 	9966.666667
7.425753	 	9973.333333
-0.114508	 	9980.000000
-2.556975	 	9986.666667
-3.720079	 	9993.333333
-0.534674	 	10000.000000
13.822734	 	10006.666667
-12.160958	 	10013.333333
-7.982222	 	10020.000000
-4.153937	 	10026.666667
0.154562	 	10033.333333
7.443897	 	10040.000000
11.765527	 	10046.666667
-16.519875	 	10053.333333
-2.650488	 	10060.000000
2.090583	 	10066.666667
5.214747	 	10073.333333
-4.993824	 	10080.000000
-6.158176	 	10086.666667
3.675034	 	10093.333333
7.039939	 	10100.000000
-19.370489	 	10106.666667
12.389739	 	10113.333333
1.810581	 	10120.000000
-10.976279	 	10126.666667
-2.549632	 	10133.333333
-0.140438	 	10140.000000
0.999431	 	10146.666667
4.703556	 	10153.333333
-4.159380	 	10160.000000
-17.042087	 	10166.666667
-2.042645	 	10173.333333
4.557460	 	10180.000000
3.263721	 	10186.666667
6.534502	 	10193.333333
-0.151300	 	10200.000000
-15.319369	 	10206.666667
7.174278	 	10213.333333
1.709629	 	10220.000000
-11.037668	 	10226.666667
-0.585581	 	10233.333333
-0.643304	 	10240.000000
8.253654	 	10246.666667
-5.640890	 	10253.333333
-11.809267	 	10260.000000
-0.552587	 	10266.666667
9.489775	 	10273.333333
-5.416420	 	10280.000000
4.581978	 	10286.666667
-4.179349	 	10293.333333
-6.431271	 	10300.000000
2.850064	 	10306.666667
-10.347171	 	10313.333333
4.563073	 	10320.000000
18.953448	 	10326.666667
-12.676745	 	10333.333333
-7.301315	 	10340.000000
-11.645826	 	10346.666667
2.159919	 	10353.333333
11.686695	 	10360.000000
3.844681	 	10366.666667
-15.193225	 	10373.333333
-4.422982	 	10380.000000
-7.759412	 	10386.666667
20.140617	 	10393.333333
-4.098897	 	10400.000000
-2.033805	 	10406.666667
-12.848255	 	10413.333333
-6.605835	 	10420.000000
9.620508	 	10426.666667
12.891948	 	10433.333333
-10.437777	 	10440.000000
-16.481032	 	10446.666667
4.024670	 	10453.333333
0.642281	 	10460.000000
2.272622	 	10466.666667
2.334842	 	10473.333333
11.234161	 	10480.000000
-9.039717	 	10486.666667
-12.235892	 	10493.333333
-5.427061	 	10500.000000
-2.928999	 	10506.666667
5.753517	 	10513.333333
-0.056334	 	10520.000000
14.657491	 	10526.666667
-3.985787	 	10533.333333
-3.917406	 	10540.000000
-8.387434	 	10546.666667
-5.886979	 	10553.333333
7.319930	 	10560.000000
13.651455	 	10566.666667
-11.219647	 	10573.333333
-11.863857	 	10580.000000
-3.105872	 	10586.666667
4.828496	 	10593.333333
7.719929	 	10600.000000
-0.593879	 	10606.666667
-5.347786	 	10613.333333
-5.372295	 	10620.000000
8.882087	 	10626.666667
6.817667	 	10633.333333
-20.177841	 	10640.000000
-2.524460	 	10646.666667
7.002558	 	10653.333333
11.085544	 	10660.000000
-13.463828	 	10666.666667
-1.247250	 	10673.333333
-2.194437	 	10680.000000
7.843128	 	10686.666667
-11.379739	 	10693.333333
0.912337	 	10700.000000
11.891304	 	10706.666667
-8.454613	 	10713.333333
-11.593565	 	10720.000000
4.158469	 	10726.666667
-3.121744	 	10733.333333
-0.300003	 	10740.000000
-0.949458	 	10746.666667
-3.263946	 	10753.333333
6.364957	 	10760.000000
-5.348555	 	10766.666667
-5.209741	 	10773.333333
0.207821	 	10780.000000
-6.611796	 	10786.666667
-1.746783	 	10793.333333
9.706928	 	10800.000000
-6.127109	 	10806.666667
-6.116528	 	10813.333333
2.346163	 	10820.000000
-5.256517	 	10826.666667
11.936302	 	10833.333333
-4.530823	 	10840.000000
-16.205004	 	10846.666667
4.810776	 	10853.333333
7.019777	 	10860.000000
-13.295302	 	10866.666667
-6.932612	 	10873.333333
4.084512	 	10880.000000
6.214574	 	10886.666667
2.209773	 	10893.333333
-2.032163	 	10900.000000
-9.671243	 	10906.666667
-7.410519	 	10913.333333
14.611808	 	10920.000000
0.392653	 	10926.666667
-3.923263	 	10933.333333
-5.614158	 	10940.000000
-0.725991	 	10946.666667
-2.419393	 	10953.333333
8.866772	 	10960.000000
8.559113	 	10966.666667
-8.991594	 	10973.333333
-20.067586	 	10980.000000
1.473108	 	10986.666667
10.531350	 	10993.333333
9.893597	 	11000.000000
-11.680998	 	11006.666667
9.647865	 	11013.333333
-15.979123	 	11020.000000
-0.241954	 	11026.666667
-11.973031	 	11033.333333
8.177450	 	11040.000000
2.221436	 	11046.666667
1.536369	 	11053.333333
-10.243525	 	11060.000000
4.452797	 	11066.666667
-10.438432	 	11073.333333
9.600199	 	11080.000000
-12.441822	 	11086.666667
17.963716	 	11093.333333
-11.539881	 	11100.000000
-4.141363	 	11106.666667
-6.946206	 	11113.333333
-0.203493	 	11120.000000
-6.618056	 	11126.666667
15.631304	 	11133.333333
0.934460	 	11140.000000
1.372758	 	11146.666667
-15.657699	 	11153.333333
12.705149	 	11160.000000
-22.462514	 	11166.666667
15.450418	 	11173.333333
-1.053782	 	11180.000000
-4.978345	 	11186.666667
-8.681831	 	11193.333333
3.307938	 	11200.000000
-0.581087	 	11206.666667
-2.134013	 	11213.333333
-9.332496	 	11220.000000
12.341349	 	11226.666667
-8.861808	 	11233.333333
9.179508	 	11240.000000
-15.653555	 	11246.666667
1.061671	 	11253.333333
-8.008250	 	11260.000000
-1.116125	 	11266.666667
-5.431111	 	11273.333333
14.030751	 	11280.000000
-3.010472	 	11286.666667
-8.251532	 	11293.333333
-6.805073	 	11300.000000
6.818760	 	11306.666667
-4.090400	 	11313.333333
6.481522	 	11320.000000
-11.969887	 	11326.666667
-5.000416	 	11333.333333
5.224571	 	11340.000000
5.305348	 	11346.666667
-10.291606	 	11353.333333
-6.489101	 	11360.000000
9.100499	 	11366.666667
2.708086	 	11373.333333
-6.314578	 	11380.000000
9.773681	 	11386.666667
-4.707730	 	11393.333333
-9.997506	 	11400.000000
-12.724747	 	11406.666667
13.491972	 	11413.333333
19.481906	 	11420.000000
-17.673344	 	11426.666667
-19.473560	 	11433.333333
-3.981270	 	11440.000000
18.825258	 	11446.666667
0.138119	 	11453.333333
-1.023532	 	11460.000000
-12.318542	 	11466.666667
-2.816805	 	11473.333333
-14.746212	 	11480.000000
12.614489	 	11486.666667
11.933673	 	11493.333333
2.597609	 	11500.000000
-20.655295	 	11506.666667
-5.361331	 	11513.333333
7.517402	 	11520.000000
-0.375264	 	11526.666667
-7.471350	 	11533.333333
4.759293	 	11540.000000
-1.369220	 	11546.666667
-8.641108	 	11553.333333
-2.984689	 	11560.000000
3.526902	 	11566.666667
3.821308	 	11573.333333
10.939236	 	11580.000000
-21.393319	 	11586.666667
10.630093	 	11593.333333
1.922100	 	11600.000000
-7.633663	 	11606.666667
-8.309812	 	11613.333333
4.822771	 	11620.000000
-2.755428	 	11626.666667
13.108465	 	11633.333333
-1.579705	 	11640.000000
-4.687789	 	11646.666667
-8.217299	 	11653.333333
-4.728375	 	11660.000000
-1.607276	 	11666.666667
-6.024810	 	11673.333333
20.330116	 	11680.000000
-9.641034	 	11686.666667
6.782288	 	11693.333333
7.593401	 	11700.000000
-17.110326	 	11706.666667
-11.388822	 	11713.333333
-1.370372	 	11720.000000
2.805366	 	11726.666667
9.295163	 	11733.333333
-8.041102	 	11740.000000
1.313926	 	11746.666667
2.659157	 	11753.333333
-15.012634	 	11760.000000
14.688615	 	11766.666667
-9.195266	 	11773.333333
-7.553338	 	11780.000000
0.082059	 	11786.666667
-1.891918	 	11793.333333
8.469811	 	11800.000000
-7.346596	 	11806.666667
-5.651845	 	11813.333333
4.909046	 	11820.000000
2.021167	 	11826.666667
-1.969477	 	11833.333333
0.128307	 	11840.000000
-4.405959	 	11846.666667
5.342077	 	11853.333333
-10.344015	 	11860.000000
-5.678748	 	11866.666667
5.188178	 	11873.333333
0.388277	 	11880.000000
-4.350798	 	11886.666667
-4.734600	 	11893.333333
0.310058	 	11900.000000
13.638291	 	11906.666667
1.581748	 	11913.333333
-35.954851	 	11920.000000
5.434724	 	11926.666667
13.477516	 	11933.333333
-10.479709	 	11940.000000
1.410083	 	11946.666667
8.764548	 	11953.333333
13.014734	 	11960.000000
-6.766204	 	11966.666667
-38.847736	 	11973.333333
-2.343197	 	11980.000000
38.437514	 	11986.666667
-8.035624	 	11993.333333
-11.871578	 	12000.000000
-2.948622	 	12006.666667
20.761268	 	12013.333333
-13.816350	 	12020.000000
-6.896197	 	12026.666667
-12.065714	 	12033.333333
4.995677	 	12040.000000
26.464726	 	12046.666667
-27.172628	 	12053.333333
-8.365709	 	12060.000000
30.625521	 	12066.666667
-20.303175	 	12073.333333
-29.863847	 	12080.000000
22.252828	 	12086.666667
31.573857	 	12093.333333
-16.856341	 	12100.000000
-52.032140	 	12106.666667
3.785493	 	12113.333333
71.724542	 	12120.000000
-34.278581	 	12126.666667
-23.210385	 	12133.333333
4.486261	 	12140.000000
18.901244	 	12146.666667
0.655842	 	12153.333333
-78.084837	 	12160.000000
17.540879	 	12166.666667
110.920200	 	12173.333333
-20.734901	 	12180.000000
-53.147947	 	12186.666667
-31.725711	 	12193.333333
6.656542	 	12200.000000
33.253613	 	12206.666667
-55.066203	 	12213.333333
27.428528	 	12220.000000
66.871558	 	12226.666667
10.940311	 	12233.333333
-90.990821	 	12240.000000
-70.886074	 	12246.666667
26.770615	 	12253.333333
103.961683	 	12260.000000
5.195112	 	12266.666667
33.758299	 	12273.333333
-106.130862	 	12280.000000
-12.802874	 	12286.666667
-6.498987	 	12293.333333
15.319283	 	12300.000000
35.637689	 	12306.666667
-98.906771	 	12313.333333
129.807667	 	12320.000000
-41.891322	 	12326.666667
144.769342	 	12333.333333
-220.677164	 	12340.000000
-54.322933	 	12346.666667
91.831628	 	12353.333333
-10.119652	 	12360.000000
69.660437	 	12366.666667
62.447534	 	12373.333333
-220.758042	 	12380.000000
139.657398	 	12386.666667
17.384764	 	12393.333333
-29.796297	 	12400.000000
-53.593596	 	12406.666667
-91.885531	 	12413.333333
97.481314	 	12420.000000
78.211539	 	12426.666667
6.308851	 	12433.333333
42.684070	 	12440.000000
-172.946575	 	12446.666667
-2.555446	 	12453.333333
88.889924	 	12460.000000
-32.859665	 	12466.666667
-155.077430	 	12473.333333
67.947893	 	12480.000000
285.988710	 	12486.666667
-110.930531	 	12493.333333
-76.636723	 	12500.000000
170.069577	 	12506.666667
-373.319980	 	12513.333333
-238.648920	 	12520.000000
316.745433	 	12526.666667
523.440357	 	12533.333333
-315.230582	 	12540.000000
-131.757778	 	12546.666667
134.475168	 	12553.333333
-354.402968	 	12560.000000
-12.961521	 	12566.666667
27.948120	 	12573.333333
786.074876	 	12580.000000
-308.400702	 	12586.666667
-537.897580	 	12593.333333
-229.094182	 	12600.000000
1144.928499	 	12606.666667
-665.748507	 	12613.333333
-875.649742	 	12620.000000
1362.099299	 	12626.666667
-453.390377	 	12633.333333
519.077409	 	12640.000000
-719.178424	 	12646.666667
-684.405745	 	12653.333333
1562.515217	 	12660.000000
-322.725346	 	12666.666667
-875.761577	 	12673.333333
-0.821163	 	12680.000000
667.927204	 	12686.666667
456.675419	 	12693.333333
-906.034855	 	12700.000000
-879.304915	 	12706.666667
2244.937028	 	12713.333333
-740.465280	 	12720.000000
-717.174129	 	12726.666667
-78.803504	 	12733.333333
889.840024	 	12740.000000
-715.191547	 	12746.666667
278.233939	 	12753.333333
-634.363117	 	12760.000000
1427.213951	 	12766.666667
-430.547327	 	12773.333333
-856.391507	 	12780.000000
-965.839486	 	12786.666667
1877.140292	 	12793.333333
423.029604	 	12800.000000
-914.664447	 	12806.666667
744.530364	 	12813.333333
-991.108599	 	12820.000000
-966.706933	 	12826.666667
907.200677	 	12833.333333
153.979349	 	12840.000000
1303.848255	 	12846.666667
-782.292353	 	12853.333333
-767.158345	 	12860.000000
-362.004553	 	12866.666667
1858.858575	 	12873.333333
-965.338453	 	12880.000000
-795.002896	 	12886.666667
-999.964636	 	12893.333333
2982.977319	 	12900.000000
-346.569490	 	12906.666667
-815.954646	 	12913.333333
-993.757659	 	12920.000000
-902.934551	 	12926.666667
3189.252815	 	12933.333333
-995.463163	 	12940.000000
-999.718334	 	12946.666667
869.039057	 	12953.333333
-183.390076	 	12960.000000
-998.953217	 	12966.666667
-972.490784	 	12973.333333
3754.795769	 	12980.000000
-997.724798	 	12986.666667
-980.642270	 	12993.333333
-562.903213	 	13000.000000
-148.596856	 	13006.666667
882.700533	 	13013.333333
479.128539	 	13020.000000
455.977335	 	13026.666667
-991.782554	 	13033.333333
-999.835903	 	13040.000000
1546.090610	 	13046.666667
-999.987975	 	13053.333333
-939.200288	 	13060.000000
2204.911786	 	13066.666667
-999.904649	 	13073.333333
1937.549843	 	13080.000000
-991.632762	 	13086.666667
-990.433100	 	13093.333333
-827.385715	 	13100.000000
-904.691148	 	13106.666667
2162.918794	 	13113.333333
1722.037555	 	13120.000000
-721.345090	 	13126.666667
-999.997691	 	13133.333333
-490.356781	 	13140.000000
-999.992966	 	13146.666667
858.857053	 	13153.333333
2125.909335	 	13160.000000
-846.236500	 	13166.666667
-999.093985	 	13173.333333
-168.649025	 	13180.000000
1461.118447	 	13186.666667
-999.951521	 	13193.333333
-999.998864	 	13200.000000
1471.960790	 	13206.666667
-999.976388	 	13213.333333
-999.992502	 	13220.000000
810.498828	 	13226.666667
-983.064088	 	13233.333333
5433.599448	 	13240.000000
-999.998864	 	13246.666667
-999.998865	 	13253.333333
-999.998864	 	13260.000000
-999.998866	 	13266.666667
-999.998872	 	13273.333333
-999.998885	 	13280.000000
-999.998876	 	13286.666667
-999.998878	 	13293.333333
-999.998902	 	13300.000000
-999.998885	 	13306.666667
-999.998997	 	13313.333333
-999.999086	 	13320.000000
-999.998874	 	13326.666667
