#peak 	 	#time 
-999.999010	 	0.000000
-999.999293	 	6.666667
-999.999451	 	13.333333
-999.999057	 	20.000000
-999.999557	 	26.666667
-999.999669	 	33.333333
-999.999515	 	40.000000
-999.999882	 	46.666667
-999.999981	 	53.333333
-1000.000000	 	60.000000
-1000.000000	 	66.666667
-1000.000000	 	73.333333
-1000.000000	 	80.000000
-1000.000000	 	86.666667
32896.888745	 	93.333333
-999.998858	 	100.000000
-999.998864	 	106.666667
-999.998865	 	113.333333
-999.998858	 	120.000000
-999.998875	 	126.666667
-999.998866	 	133.333333
-999.998870	 	140.000000
-999.998861	 	146.666667
-999.998857	 	153.333333
-999.998858	 	160.000000
-999.998855	 	166.666667
-999.998851	 	173.333333
-999.998852	 	180.000000
-999.998851	 	186.666667
-999.988647	 	193.333333
3117.769638	 	200.000000
2817.544899	 	206.666667
-788.693871	 	213.333333
-908.380340	 	220.000000
-776.263382	 	226.666667
-148.348170	 	233.333333
601.120640	 	240.000000
352.536425	 	246.666667
-115.650763	 	253.333333
-421.462475	 	260.000000
-13.927471	 	266.666667
316.327066	 	273.333333
-156.742797	 	280.000000
-193.943394	 	286.666667
81.235561	 	293.333333
-379.283671	 	300.000000
270.309310	 	306.666667
150.299427	 	313.333333
-229.138221	 	320.000000
-15.790988	 	326.666667
-160.026084	 	333.333333
321.729683	 	340.000000
288.722408	 	346.666667
-271.536084	 	353.333333
-26.930325	 	360.000000
-242.522998	 	366.666667
-146.134176	 	373.333333
273.666423	 	380.000000
-143.103544	 	386.666667
60.964684	 	393.333333
74.147945	 	400.000000
-263.129119	 	406.666667
319.108402	 	413.333333
136.455076	 	420.000000
-105.182941	 	426.666667
-74.652707	 	433.333333
-139.587710	 	440.000000
23.705933	 	446.666667
-75.683433	 	453.333333
165.129617	 	460.000000
227.786218	 	466.666667
-171.770360	 	473.333333
-171.897567	 	480.000000
43.108985	 	486.666667
-0.344656	 	493.333333
-32.560100	 	500.000000
91.637855	 	506.666667
142.469395	 	513.333333
211.185943	 	520.000000
-223.647506	 	526.666667
-172.833391	 	533.333333
99.746325	 	540.000000
118.939172	 	546.666667
-125.280475	 	553.333333
-37.634302	 	560.000000
178.785705	 	566.666667
-23.955922	 	573.333333
-225.302853	 	580.000000
144.905525	 	586.666667
170.913693	 	593.333333
44.947823	 	600.000000
-170.120351	 	606.666667
-84.938270	 	613.333333
-35.388365	 	620.000000
-27.772349	 	626.666667
106.093214	 	633.333333
250.432511	 	640.000000
-114.121075	 	646.666667
-24.071564	 	653.333333
-106.228386	 	660.000000
1.378224	 	666.666667
212.447283	 	673.333333
-166.975039	 	680.000000
-3.025100	 	686.666667
13.538100	 	693.333333
-43.793504	 	700.000000
70.071572	 	706.666667
-5.017784	 	713.333333
-81.449892	 	720.000000
61.458989	 	726.666667
79.252051	 	733.333333
99.396562	 	740.000000
-169.236376	 	746.666667
-22.272960	 	753.333333
-8.695406	 	760.000000
-34.823948	 	766.666667
123.518282	 	773.333333
45.627983	 	780.000000
-8.080924	 	786.666667
-13.807580	 	793.333333
-100.653708	 	800.000000
0.955496	 	806.666667
75.110523	 	813.333333
8.800652	 	820.000000
-48.908737	 	826.666667
51.518217	 	833.333333
-14.191723	 	840.000000
86.162593	 	846.666667
30.466525	 	853.333333
-96.875521	 	860.000000
-113.846745	 	866.666667
7.941670	 	873.333333
119.609562	 	880.000000
155.182534	 	886.666667
-54.494202	 	893.333333
-122.345295	 	900.000000
-87.435967	 	906.666667
53.179541	 	913.333333
119.133372	 	920.000000
-3.220506	 	926.666667
-32.946434	 	933.333333
43.221606	 	940.000000
-45.898912	 	946.666667
-44.059663	 	953.333333
11.305158	 	960.000000
46.243007	 	966.666667
26.873571	 	973.333333
-15.537754	 	980.000000
-45.059604	 	986.666667
61.314547	 	993.333333
7.421106	 	1000.000000
5.156585	 	1006.666667
27.131395	 	1013.333333
-44.148170	 	1020.000000
-9.575607	 	1026.666667
-9.183767	 	1033.333333
37.028833	 	1040.000000
32.920198	 	1046.666667
-21.345417	 	1053.333333
-8.242062	 	1060.000000
14.914529	 	1066.666667
-20.113129	 	1073.333333
-18.360261	 	1080.000000
-6.536509	 	1086.666667
67.329972	 	1093.333333
28.145265	 	1100.000000
-20.021635	 	1106.666667
-25.617607	 	1113.333333
-21.390813	 	1120.000000
24.267327	 	1126.666667
29.104948	 	1133.333333
-1.874209	 	1140.000000
13.120426	 	1146.666667
-4.302835	 	1153.333333
-17.535003	 	1160.000000
-10.706101	 	1166.666667
20.526565	 	1173.333333
19.063721	 	1180.000000
3.649667	 	1186.666667
-3.609469	 	1193.333333
-10.681722	 	1200.000000
7.408596	 	1206.666667
29.574839	 	1213.333333
-9.652698	 	1220.000000
-11.878662	 	1226.666667
-1.125842	 	1233.333333
15.032240	 	1240.000000
8.612247	 	1246.666667
12.907790	 	1253.333333
1.030293	 	1260.000000
-8.884787	 	1266.666667
-2.055092	 	1273.333333
-0.917302	 	1280.000000
4.320187	 	1286.666667
23.409574	 	1293.333333
-4.661890	 	1300.000000
-4.683546	 	1306.666667
5.817677	 	1313.333333
7.273182	 	1320.000000
0.347822	 	1326.666667
10.739232	 	1333.333333
2.529274	 	1340.000000
2.396125	 	1346.666667
-3.611259	 	1353.333333
6.680449	 	1360.000000
-0.027921	 	1366.666667
11.242501	 	1373.333333
-2.131088	 	1380.000000
8.967613	 	1386.666667
-0.604765	 	1393.333333
-1.056297	 	1400.000000
-2.496792	 	1406.666667
4.811128	 	1413.333333
13.802291	 	1420.000000
13.988940	 	1426.666667
-1.986651	 	1433.333333
4.658157	 	1440.000000
-17.119940	 	1446.666667
7.290382	 	1453.333333
12.080267	 	1460.000000
13.892102	 	1466.666667
2.077728	 	1473.333333
-3.521236	 	1480.000000
-10.201204	 	1486.666667
6.628532	 	1493.333333
4.039532	 	1500.000000
18.650877	 	1506.666667
6.704927	 	1513.333333
1.549893	 	1520.000000
-3.020703	 	1526.666667
6.918751	 	1533.333333
5.757234	 	1540.000000
-3.237698	 	1546.666667
-7.156385	 	1553.333333
15.114939	 	1560.000000
13.220350	 	1566.666667
10.414723	 	1573.333333
-11.060971	 	1580.000000
-6.064846	 	1586.666667
3.011276	 	1593.333333
10.676804	 	1600.000000
0.215165	 	1606.666667
8.908521	 	1613.333333
-2.966726	 	1620.000000
3.472866	 	1626.666667
1.871109	 	1633.333333
2.953761	 	1640.000000
2.397511	 	1646.666667
10.137948	 	1653.333333
10.515378	 	1660.000000
-3.369614	 	1666.666667
0.793512	 	1673.333333
1.494819	 	1680.000000
1.202155	 	1686.666667
10.204030	 	1693.333333
7.107391	 	1700.000000
-8.121587	 	1706.666667
5.909758	 	1713.333333
3.434513	 	1720.000000
6.209907	 	1726.666667
4.088534	 	1733.333333
-6.211407	 	1740.000000
4.738754	 	1746.666667
10.383548	 	1753.333333
8.168950	 	1760.000000
-2.450914	 	1766.666667
-7.022567	 	1773.333333
10.595299	 	1780.000000
7.149196	 	1786.666667
4.568324	 	1793.333333
4.575744	 	1800.000000
1.424467	 	1806.666667
-2.411238	 	1813.333333
10.681941	 	1820.000000
6.076656	 	1826.666667
7.636850	 	1833.333333
-4.746571	 	1840.000000
3.051494	 	1846.666667
-0.788132	 	1853.333333
6.450980	 	1860.000000
3.551987	 	1866.666667
-0.611448	 	1873.333333
2.552176	 	1880.000000
17.771193	 	1886.666667
6.636849	 	1893.333333
0.248074	 	1900.000000
-7.181998	 	1906.666667
-6.766149	 	1913.333333
12.205391	 	1920.000000
16.480563	 	1926.666667
-4.415331	 	1933.333333
-1.145971	 	1940.000000
1.278249	 	1946.666667
13.804323	 	1953.333333
9.839564	 	1960.000000
-10.536135	 	1966.666667
-0.139786	 	1973.333333
3.897414	 	1980.000000
5.083423	 	1986.666667
12.876478	 	1993.333333
-1.179357	 	2000.000000
2.574987	 	2006.666667
8.562681	 	2013.333333
-4.744042	 	2020.000000
7.843486	 	2026.666667
11.184750	 	2033.333333
-2.641394	 	2040.000000
-0.128332	 	2046.666667
3.153786	 	2053.333333
11.363650	 	2060.000000
1.892509	 	2066.666667
0.187108	 	2073.333333
3.548914	 	2080.000000
10.395856	 	2086.666667
4.980906	 	2093.333333
-1.206962	 	2100.000000
-4.968433	 	2106.666667
9.426077	 	2113.333333
7.098463	 	2120.000000
1.272364	 	2126.666667
4.583058	 	2133.333333
-1.443767	 	2140.000000
6.679045	 	2146.666667
11.052204	 	2153.333333
-4.469942	 	2160.000000
-4.311492	 	2166.666667
3.462755	 	2173.333333
15.969576	 	2180.000000
9.641783	 	2186.666667
-16.251797	 	2193.333333
1.005768	 	2200.000000
14.838534	 	2206.666667
9.903597	 	2213.333333
-1.325961	 	2220.000000
-6.144105	 	2226.666667
3.033511	 	2233.333333
17.371679	 	2240.000000
2.969874	 	2246.666667
-1.072887	 	2253.333333
-7.703139	 	2260.000000
6.253157	 	2266.666667
4.824085	 	2273.333333
1.906866	 	2280.000000
7.648429	 	2286.666667
0.274013	 	2293.333333
6.795695	 	2300.000000
10.128040	 	2306.666667
5.164999	 	2313.333333
5.463368	 	2320.000000
-8.854797	 	2326.666667
4.993319	 	2333.333333
7.744427	 	2340.000000
-2.045682	 	2346.666667
-1.535108	 	2353.333333
3.176615	 	2360.000000
3.729871	 	2366.666667
13.563629	 	2373.333333
3.814257	 	2380.000000
8.396115	 	2386.666667
-5.597995	 	2393.333333
-9.089257	 	2400.000000
8.359630	 	2406.666667
16.181728	 	2413.333333
1.121899	 	2420.000000
-5.680156	 	2426.666667
10.058451	 	2433.333333
8.489086	 	2440.000000
-2.152373	 	2446.666667
-2.645924	 	2453.333333
6.877690	 	2460.000000
8.231633	 	2466.666667
2.492223	 	2473.333333
-6.617041	 	2480.000000
9.996351	 	2486.666667
11.763528	 	2493.333333
-14.978375	 	2500.000000
4.316064	 	2506.666667
18.177603	 	2513.333333
7.855974	 	2520.000000
-2.237734	 	2526.666667
-6.769660	 	2533.333333
14.112288	 	2540.000000
6.494571	 	2546.666667
-11.420320	 	2553.333333
-11.842829	 	2560.000000
7.147269	 	2566.666667
27.681034	 	2573.333333
13.890001	 	2580.000000
-19.642640	 	2586.666667
6.495451	 	2593.333333
-0.166666	 	2600.000000
-3.544584	 	2606.666667
14.256977	 	2613.333333
9.825293	 	2620.000000
0.678839	 	2626.666667
-8.386911	 	2633.333333
0.525846	 	2640.000000
12.637324	 	2646.666667
3.170130	 	2653.333333
3.793116	 	2660.000000
4.787344	 	2666.666667
7.545247	 	2673.333333
-5.957381	 	2680.000000
8.915793	 	2686.666667
7.123257	 	2693.333333
-1.355199	 	2700.000000
-3.039960	 	2706.666667
12.427960	 	2713.333333
14.598672	 	2720.000000
-14.149671	 	2726.666667
-2.990540	 	2733.333333
21.707721	 	2740.000000
-8.832383	 	2746.666667
-9.150026	 	2753.333333
17.824806	 	2760.000000
18.621110	 	2766.666667
-3.930224	 	2773.333333
-9.623282	 	2780.000000
2.087583	 	2786.666667
20.343259	 	2793.333333
-6.712767	 	2800.000000
-9.674207	 	2806.666667
17.663387	 	2813.333333
14.693033	 	2820.000000
-11.239778	 	2826.666667
1.871160	 	2833.333333
7.685046	 	2840.000000
10.023557	 	2846.666667
-13.660228	 	2853.333333
4.727973	 	2860.000000
19.993754	 	2866.666667
6.074869	 	2873.333333
-13.681634	 	2880.000000
13.513551	 	2886.666667
6.980293	 	2893.333333
-1.908243	 	2900.000000
0.725922	 	2906.666667
-0.789016	 	2913.333333
13.098404	 	2920.000000
-0.556787	 	2926.666667
6.007133	 	2933.333333
4.295338	 	2940.000000
-4.152634	 	2946.666667
-0.262939	 	2953.333333
6.078202	 	2960.000000
16.221617	 	2966.666667
0.829420	 	2973.333333
-6.437072	 	2980.000000
-10.849783	 	2986.666667
18.646774	 	2993.333333
10.704667	 	3000.000000
-5.250155	 	3006.666667
14.572137	 	3013.333333
0.929303	 	3020.000000
-1.773194	 	3026.666667
-2.665305	 	3033.333333
10.975459	 	3040.000000
-1.666110	 	3046.666667
-4.177286	 	3053.333333
6.299275	 	3060.000000
15.665162	 	3066.666667
15.608286	 	3073.333333
-6.741971	 	3080.000000
-14.503830	 	3086.666667
-1.272525	 	3093.333333
13.242949	 	3100.000000
4.953235	 	3106.666667
9.180263	 	3113.333333
23.929567	 	3120.000000
-9.239923	 	3126.666667
-35.811531	 	3133.333333
15.255794	 	3140.000000
89.145029	 	3146.666667
86.725880	 	3153.333333
108.680872	 	3160.000000
115.350277	 	3166.666667
72.353156	 	3173.333333
99.899786	 	3180.000000
390.394893	 	3186.666667
1233.372513	 	3193.333333
2340.559468	 	3200.000000
2482.336937	 	3206.666667
2186.544952	 	3213.333333
2559.259727	 	3220.000000
3456.395642	 	3226.666667
4266.402295	 	3233.333333
4813.019113	 	3240.000000
5134.069068	 	3246.666667
5247.824678	 	3253.333333
5205.512765	 	3260.000000
5300.039505	 	3266.666667
5674.481457	 	3273.333333
5733.278375	 	3280.000000
5416.285935	 	3286.666667
5485.024101	 	3293.333333
5658.850795	 	3300.000000
5547.840204	 	3306.666667
5269.088299	 	3313.333333
5120.015652	 	3320.000000
5108.048422	 	3326.666667
4934.747730	 	3333.333333
4757.038438	 	3340.000000
4665.867687	 	3346.666667
4529.117665	 	3353.333333
4268.621500	 	3360.000000
4070.159868	 	3366.666667
4089.305187	 	3373.333333
3869.396895	 	3380.000000
3545.278054	 	3386.666667
3427.981842	 	3393.333333
3332.494986	 	3400.000000
3262.292716	 	3406.666667
3158.513319	 	3413.333333
2955.945159	 	3420.000000
2855.465717	 	3426.666667
2840.121785	 	3433.333333
2701.892269	 	3440.000000
2691.733417	 	3446.666667
2611.230337	 	3453.333333
2482.522978	 	3460.000000
2446.768274	 	3466.666667
2417.666865	 	3473.333333
2317.336339	 	3480.000000
2238.345451	 	3486.666667
2170.849676	 	3493.333333
2151.862613	 	3500.000000
2181.788188	 	3506.666667
2082.134001	 	3513.333333
1976.732309	 	3520.000000
1930.290904	 	3526.666667
1919.847200	 	3533.333333
1919.206198	 	3540.000000
1883.996291	 	3546.666667
1818.442845	 	3553.333333
1777.681681	 	3560.000000
1763.658472	 	3566.666667
1778.532817	 	3573.333333
1751.736981	 	3580.000000
1684.152453	 	3586.666667
1652.017874	 	3593.333333
1617.569733	 	3600.000000
1593.577581	 	3606.666667
1633.437795	 	3613.333333
1586.420626	 	3620.000000
1512.907681	 	3626.666667
1502.120255	 	3633.333333
1507.852473	 	3640.000000
1495.222236	 	3646.666667
1449.780721	 	3653.333333
1399.993885	 	3660.000000
1405.257601	 	3666.666667
1417.862723	 	3673.333333
1418.611517	 	3680.000000
1349.086749	 	3686.666667
1307.067226	 	3693.333333
1306.790790	 	3700.000000
1325.002307	 	3706.666667
1321.278698	 	3713.333333
1259.681373	 	3720.000000
1226.964906	 	3726.666667
1223.831913	 	3733.333333
1258.013939	 	3740.000000
1246.957848	 	3746.666667
1164.411008	 	3753.333333
1111.691339	 	3760.000000
1131.942359	 	3766.666667
1153.005230	 	3773.333333
1163.227806	 	3780.000000
1111.730486	 	3786.666667
1055.569603	 	3793.333333
1039.061046	 	3800.000000
1058.705163	 	3806.666667
1087.566210	 	3813.333333
1024.859681	 	3820.000000
990.654775	 	3826.666667
1005.460756	 	3833.333333
1028.115622	 	3840.000000
1006.243646	 	3846.666667
925.607488	 	3853.333333
880.394592	 	3860.000000
926.926959	 	3866.666667
938.952794	 	3873.333333
922.346849	 	3880.000000
919.419861	 	3886.666667
882.345229	 	3893.333333
835.440066	 	3900.000000
857.660754	 	3906.666667
844.067466	 	3913.333333
857.578555	 	3920.000000
794.408236	 	3926.666667
781.138409	 	3933.333333
811.745434	 	3940.000000
823.723487	 	3946.666667
792.367930	 	3953.333333
768.364303	 	3960.000000
733.628534	 	3966.666667
744.762615	 	3973.333333
726.373108	 	3980.000000
752.764917	 	3986.666667
736.519665	 	3993.333333
700.221212	 	4000.000000
663.777679	 	4006.666667
684.541003	 	4013.333333
716.391018	 	4020.000000
685.152692	 	4026.666667
644.574718	 	4033.333333
639.206853	 	4040.000000
657.062699	 	4046.666667
676.983217	 	4053.333333
602.886967	 	4060.000000
586.103081	 	4066.666667
614.630381	 	4073.333333
629.500742	 	4080.000000
608.498649	 	4086.666667
576.915041	 	4093.333333
561.347119	 	4100.000000
569.138590	 	4106.666667
562.612837	 	4113.333333
584.954935	 	4120.000000
542.476320	 	4126.666667
520.925823	 	4133.333333
542.075879	 	4140.000000
551.280086	 	4146.666667
540.735372	 	4153.333333
510.011439	 	4160.000000
479.372577	 	4166.666667
518.191411	 	4173.333333
510.657676	 	4180.000000
480.423440	 	4186.666667
491.618844	 	4193.333333
466.918240	 	4200.000000
483.068578	 	4206.666667
478.828638	 	4213.333333
469.632856	 	4220.000000
485.012191	 	4226.666667
435.053995	 	4233.333333
429.009040	 	4240.000000
456.986612	 	4246.666667
441.512953	 	4253.333333
418.753519	 	4260.000000
420.843043	 	4266.666667
423.065080	 	4273.333333
419.837409	 	4280.000000
439.908992	 	4286.666667
393.244027	 	4293.333333
403.277110	 	4300.000000
398.223476	 	4306.666667
389.806027	 	4313.333333
388.685526	 	4320.000000
391.954488	 	4326.666667
382.277679	 	4333.333333
358.372129	 	4340.000000
379.881997	 	4346.666667
348.765360	 	4353.333333
351.289400	 	4360.000000
362.553894	 	4366.666667
341.506085	 	4373.333333
373.160227	 	4380.000000
345.444067	 	4386.666667
345.447176	 	4393.333333
307.608826	 	4400.000000
327.901907	 	4406.666667
355.866218	 	4413.333333
309.367905	 	4420.000000
321.298279	 	4426.666667
330.796140	 	4433.333333
281.070247	 	4440.000000
296.390921	 	4446.666667
327.539671	 	4453.333333
298.823360	 	4460.000000
303.248987	 	4466.666667
281.028955	 	4473.333333
261.359614	 	4480.000000
316.359523	 	4486.666667
272.059702	 	4493.333333
309.859564	 	4500.000000
260.526161	 	4506.666667
263.113109	 	4513.333333
273.403583	 	4520.000000
235.640474	 	4526.666667
273.364506	 	4533.333333
314.426284	 	4540.000000
185.654998	 	4546.666667
262.316656	 	4553.333333
301.653415	 	4560.000000
200.935113	 	4566.666667
248.645739	 	4573.333333
254.359182	 	4580.000000
232.727835	 	4586.666667
249.334516	 	4593.333333
201.511848	 	4600.000000
233.960504	 	4606.666667
265.542619	 	4613.333333
224.956099	 	4620.000000
195.616954	 	4626.666667
225.063760	 	4633.333333
216.488454	 	4640.000000
216.630012	 	4646.666667
265.139848	 	4653.333333
164.177934	 	4660.000000
235.020727	 	4666.666667
195.013455	 	4673.333333
141.189928	 	4680.000000
258.439483	 	4686.666667
243.113498	 	4693.333333
66.456241	 	4700.000000
406.525547	 	4706.666667
97.485849	 	4713.333333
88.584514	 	4720.000000
308.235876	 	4726.666667
158.320703	 	4733.333333
138.909735	 	4740.000000
300.445027	 	4746.666667
25.066570	 	4753.333333
239.739848	 	4760.000000
197.692610	 	4766.666667
113.356153	 	4773.333333
255.074395	 	4780.000000
181.989889	 	4786.666667
111.400889	 	4793.333333
212.496196	 	4800.000000
29.397684	 	4806.666667
276.378970	 	4813.333333
178.366142	 	4820.000000
93.312843	 	4826.666667
184.303459	 	4833.333333
164.514855	 	4840.000000
132.757005	 	4846.666667
216.744856	 	4853.333333
103.986288	 	4860.000000
97.638943	 	4866.666667
197.238533	 	4873.333333
193.540762	 	4880.000000
73.877017	 	4886.666667
160.067626	 	4893.333333
189.310773	 	4900.000000
70.374307	 	4906.666667
173.486973	 	4913.333333
177.830134	 	4920.000000
61.726893	 	4926.666667
165.654647	 	4933.333333
156.740362	 	4940.000000
63.565806	 	4946.666667
177.984815	 	4953.333333
149.710805	 	4960.000000
133.603830	 	4966.666667
104.464148	 	4973.333333
96.755976	 	4980.000000
140.052358	 	4986.666667
157.854125	 	4993.333333
119.925068	 	5000.000000
110.670939	 	5006.666667
79.100919	 	5013.333333
130.417816	 	5020.000000
150.958358	 	5026.666667
116.197322	 	5033.333333
81.531843	 	5040.000000
129.409514	 	5046.666667
101.256814	 	5053.333333
97.899810	 	5060.000000
166.571128	 	5066.666667
97.872116	 	5073.333333
51.235506	 	5080.000000
138.718884	 	5086.666667
109.004320	 	5093.333333
108.255470	 	5100.000000
132.037404	 	5106.666667
45.857671	 	5113.333333
94.673876	 	5120.000000
132.452779	 	5126.666667
103.498982	 	5133.333333
93.242108	 	5140.000000
86.929374	 	5146.666667
79.104607	 	5153.333333
129.426682	 	5160.000000
81.385698	 	5166.666667
94.466516	 	5173.333333
98.504848	 	5180.000000
79.162534	 	5186.666667
85.760311	 	5193.333333
109.572490	 	5200.000000
67.404025	 	5206.666667
99.668941	 	5213.333333
101.318908	 	5220.000000
68.190250	 	5226.666667
81.831522	 	5233.333333
100.223139	 	5240.000000
65.852117	 	5246.666667
88.434938	 	5253.333333
92.889023	 	5260.000000
89.780813	 	5266.666667
67.683953	 	5273.333333
66.475110	 	5280.000000
90.351704	 	5286.666667
90.736899	 	5293.333333
55.937445	 	5300.000000
95.234511	 	5306.666667
70.551646	 	5313.333333
61.040157	 	5320.000000
93.621806	 	5326.666667
60.108291	 	5333.333333
58.817502	 	5340.000000
95.824511	 	5346.666667
61.038109	 	5353.333333
73.438445	 	5360.000000
75.744160	 	5366.666667
63.366422	 	5373.333333
71.294165	 	5380.000000
67.678645	 	5386.666667
57.222889	 	5393.333333
67.462376	 	5400.000000
63.311523	 	5406.666667
73.589939	 	5413.333333
75.324204	 	5420.000000
57.372362	 	5426.666667
67.821848	 	5433.333333
49.598294	 	5440.000000
51.052729	 	5446.666667
77.905790	 	5453.333333
65.037094	 	5460.000000
55.349765	 	5466.666667
56.155664	 	5473.333333
48.338464	 	5480.000000
56.925731	 	5486.666667
69.337669	 	5493.333333
67.042355	 	5500.000000
44.271028	 	5506.666667
43.135432	 	5513.333333
57.102622	 	5520.000000
68.415144	 	5526.666667
62.222037	 	5533.333333
47.853604	 	5540.000000
51.083743	 	5546.666667
54.101264	 	5553.333333
32.269835	 	5560.000000
53.871827	 	5566.666667
71.524575	 	5573.333333
53.181761	 	5580.000000
49.412552	 	5586.666667
46.922565	 	5593.333333
43.260763	 	5600.000000
66.271667	 	5606.666667
39.383354	 	5613.333333
27.012735	 	5620.000000
61.687730	 	5626.666667
53.596380	 	5633.333333
47.071259	 	5640.000000
49.988438	 	5646.666667
45.770395	 	5653.333333
44.384813	 	5660.000000
43.401944	 	5666.666667
43.258741	 	5673.333333
54.785924	 	5680.000000
37.937794	 	5686.666667
43.886652	 	5693.333333
42.086873	 	5700.000000
44.644855	 	5706.666667
53.643040	 	5713.333333
39.875205	 	5720.000000
36.022377	 	5726.666667
52.107694	 	5733.333333
44.021499	 	5740.000000
37.555267	 	5746.666667
39.264878	 	5753.333333
41.049007	 	5760.000000
36.735299	 	5766.666667
46.918245	 	5773.333333
41.745795	 	5780.000000
39.236066	 	5786.666667
43.310656	 	5793.333333
42.252502	 	5800.000000
28.128018	 	5806.666667
33.579540	 	5813.333333
35.039362	 	5820.000000
44.142430	 	5826.666667
45.777706	 	5833.333333
31.618096	 	5840.000000
17.844494	 	5846.666667
35.334849	 	5853.333333
39.247759	 	5860.000000
44.837295	 	5866.666667
34.164277	 	5873.333333
29.234157	 	5880.000000
34.178745	 	5886.666667
25.864156	 	5893.333333
35.537233	 	5900.000000
33.952404	 	5906.666667
31.845115	 	5913.333333
35.700929	 	5920.000000
28.928810	 	5926.666667
19.884724	 	5933.333333
34.694552	 	5940.000000
32.169098	 	5946.666667
23.498451	 	5953.333333
33.229060	 	5960.000000
28.776236	 	5966.666667
30.627910	 	5973.333333
36.123741	 	5980.000000
29.061607	 	5986.666667
23.039543	 	5993.333333
38.713231	 	6000.000000
31.135093	 	6006.666667
17.742043	 	6013.333333
28.726663	 	6020.000000
20.708808	 	6026.666667
34.374950	 	6033.333333
31.378131	 	6040.000000
32.817059	 	6046.666667
22.350674	 	6053.333333
25.378181	 	6060.000000
22.584908	 	6066.666667
39.440206	 	6073.333333
30.844337	 	6080.000000
14.981035	 	6086.666667
24.553901	 	6093.333333
21.867104	 	6100.000000
27.012673	 	6106.666667
32.774475	 	6113.333333
32.723888	 	6120.000000
18.928350	 	6126.666667
17.101694	 	6133.333333
24.720360	 	6140.000000
32.256029	 	6146.666667
24.622990	 	6153.333333
15.623200	 	6160.000000
24.625659	 	6166.666667
39.681792	 	6173.333333
19.823307	 	6180.000000
15.353865	 	6186.666667
23.627786	 	6193.333333
30.237464	 	6200.000000
23.418017	 	6206.666667
21.122371	 	6213.333333
13.701705	 	6220.000000
25.745985	 	6226.666667
29.784549	 	6233.333333
27.291731	 	6240.000000
17.400857	 	6246.666667
11.347497	 	6253.333333
15.557683	 	6260.000000
31.259315	 	6266.666667
25.150631	 	6273.333333
18.143732	 	6280.000000
15.022979	 	6286.666667
14.186465	 	6293.333333
20.840032	 	6300.000000
23.926080	 	6306.666667
18.610869	 	6313.333333
24.298006	 	6320.000000
16.079817	 	6326.666667
10.843060	 	6333.333333
19.350149	 	6340.000000
33.487623	 	6346.666667
24.218387	 	6353.333333
13.436211	 	6360.000000
10.169073	 	6366.666667
16.196977	 	6373.333333
30.315169	 	6380.000000
14.938276	 	6386.666667
10.057523	 	6393.333333
19.923603	 	6400.000000
21.594245	 	6406.666667
23.483499	 	6413.333333
19.852209	 	6420.000000
5.684509	 	6426.666667
12.300188	 	6433.333333
28.521465	 	6440.000000
25.437531	 	6446.666667
18.160082	 	6453.333333
6.488980	 	6460.000000
10.457094	 	6466.666667
27.302485	 	6473.333333
12.534083	 	6480.000000
24.146779	 	6486.666667
20.227443	 	6493.333333
11.922273	 	6500.000000
16.654449	 	6506.666667
17.676258	 	6513.333333
15.737689	 	6520.000000
15.153435	 	6526.666667
4.800370	 	6533.333333
11.723130	 	6540.000000
27.365266	 	6546.666667
25.111075	 	6553.333333
11.027969	 	6560.000000
8.090569	 	6566.666667
16.740613	 	6573.333333
20.080165	 	6580.000000
13.603342	 	6586.666667
10.380214	 	6593.333333
12.169503	 	6600.000000
15.035260	 	6606.666667
25.834593	 	6613.333333
14.190900	 	6620.000000
1.232344	 	6626.666667
11.611216	 	6633.333333
20.518570	 	6640.000000
10.524591	 	6646.666667
23.447032	 	6653.333333
3.277124	 	6660.000000
11.605464	 	6666.666667
26.661233	 	6673.333333
13.936824	 	6680.000000
4.659412	 	6686.666667
8.934888	 	6693.333333
13.275369	 	6700.000000
10.831147	 	6706.666667
13.101678	 	6713.333333
18.143463	 	6720.000000
6.064268	 	6726.666667
11.642521	 	6733.333333
12.869194	 	6740.000000
15.883248	 	6746.666667
16.870348	 	6753.333333
16.689391	 	6760.000000
0.064307	 	6766.666667
10.782765	 	6773.333333
13.474660	 	6780.000000
14.347248	 	6786.666667
7.740766	 	6793.333333
13.552591	 	6800.000000
8.199437	 	6806.666667
20.013174	 	6813.333333
16.895560	 	6820.000000
9.094981	 	6826.666667
8.335526	 	6833.333333
4.687454	 	6840.000000
11.935788	 	6846.666667
19.993266	 	6853.333333
10.534748	 	6860.000000
12.287011	 	6866.666667
-3.983853	 	6873.333333
13.252588	 	6880.000000
22.953056	 	6886.666667
14.310884	 	6893.333333
-0.169799	 	6900.000000
7.545483	 	6906.666667
-0.490243	 	6913.333333
19.182494	 	6920.000000
14.548303	 	6926.666667
9.951676	 	6933.333333
14.334611	 	6940.000000
13.681417	 	6946.666667
11.851427	 	6953.333333
7.176734	 	6960.000000
-0.096280	 	6966.666667
18.574736	 	6973.333333
20.721047	 	6980.000000
6.829270	 	6986.666667
7.104482	 	6993.333333
8.144345	 	7000.000000
16.461663	 	7006.666667
5.412275	 	7013.333333
-2.193146	 	7020.000000
8.619647	 	7026.666667
27.952754	 	7033.333333
21.346172	 	7040.000000
-0.816895	 	7046.666667
-0.683372	 	7053.333333
13.200744	 	7060.000000
6.136126	 	7066.666667
6.972069	 	7073.333333
2.269603	 	7080.000000
8.115005	 	7086.666667
13.616468	 	7093.333333
14.440000	 	7100.000000
14.740623	 	7106.666667
11.357375	 	7113.333333
4.521115	 	7120.000000
-4.105725	 	7126.666667
1.019294	 	7133.333333
18.816616	 	7140.000000
21.398180	 	7146.666667
7.833222	 	7153.333333
2.665802	 	7160.000000
-2.434929	 	7166.666667
5.386526	 	7173.333333
19.263419	 	7180.000000
11.811200	 	7186.666667
11.840765	 	7193.333333
-1.266353	 	7200.000000
3.676299	 	7206.666667
9.549608	 	7213.333333
12.472077	 	7220.000000
13.138735	 	7226.666667
11.636545	 	7233.333333
-1.333176	 	7240.000000
-3.944383	 	7246.666667
13.254576	 	7253.333333
12.311215	 	7260.000000
10.691257	 	7266.666667
-1.577908	 	7273.333333
6.335745	 	7280.000000
6.029459	 	7286.666667
16.074826	 	7293.333333
1.606355	 	7300.000000
1.539725	 	7306.666667
10.789769	 	7313.333333
15.361399	 	7320.000000
3.467608	 	7326.666667
-0.553685	 	7333.333333
5.342583	 	7340.000000
15.884363	 	7346.666667
7.731404	 	7353.333333
-1.437767	 	7360.000000
-0.173276	 	7366.666667
16.754653	 	7373.333333
13.814893	 	7380.000000
-6.162240	 	7386.666667
6.704071	 	7393.333333
7.573887	 	7400.000000
8.189084	 	7406.666667
8.068766	 	7413.333333
5.727494	 	7420.000000
2.704746	 	7426.666667
3.891395	 	7433.333333
4.678243	 	7440.000000
12.098778	 	7446.666667
2.961065	 	7453.333333
3.100213	 	7460.000000
4.124861	 	7466.666667
10.692319	 	7473.333333
1.369613	 	7480.000000
4.106012	 	7486.666667
6.580647	 	7493.333333
15.110305	 	7500.000000
6.142700	 	7506.666667
-2.157353	 	7513.333333
-8.739343	 	7520.000000
6.459608	 	7526.666667
9.447689	 	7533.333333
15.736160	 	7540.000000
4.231921	 	7546.666667
2.582304	 	7553.333333
2.648308	 	7560.000000
5.210909	 	7566.666667
8.958702	 	7573.333333
8.373451	 	7580.000000
6.193194	 	7586.666667
2.958913	 	7593.333333
-5.816586	 	7600.000000
4.914035	 	7606.666667
19.892955	 	7613.333333
-0.989939	 	7620.000000
3.867874	 	7626.666667
-1.975400	 	7633.333333
-2.352442	 	7640.000000
14.230915	 	7646.666667
6.963940	 	7653.333333
-3.555213	 	7660.000000
17.358986	 	7666.666667
7.826276	 	7673.333333
-0.474229	 	7680.000000
-2.478176	 	7686.666667
-8.310360	 	7693.333333
7.331478	 	7700.000000
3.332100	 	7706.666667
6.814948	 	7713.333333
10.462559	 	7720.000000
5.521479	 	7726.666667
12.452801	 	7733.333333
0.292652	 	7740.000000
1.267944	 	7746.666667
8.257558	 	7753.333333
-2.971889	 	7760.000000
1.202543	 	7766.666667
8.505942	 	7773.333333
1.605362	 	7780.000000
14.326077	 	7786.666667
-1.257686	 	7793.333333
-7.309079	 	7800.000000
13.343349	 	7806.666667
7.049956	 	7813.333333
17.797173	 	7820.000000
-10.839970	 	7826.666667
-3.628641	 	7833.333333
1.745238	 	7840.000000
9.333099	 	7846.666667
12.096317	 	7853.333333
-3.270923	 	7860.000000
-4.156668	 	7866.666667
9.682647	 	7873.333333
2.992234	 	7880.000000
5.872797	 	7886.666667
2.264904	 	7893.333333
-0.358716	 	7900.000000
14.465353	 	7906.666667
1.636858	 	7913.333333
3.995752	 	7920.000000
0.995311	 	7926.666667
-3.077830	 	7933.333333
16.334348	 	7940.000000
11.883133	 	7946.666667
-18.228008	 	7953.333333
-10.018934	 	7960.000000
20.137670	 	7966.666667
32.897086	 	7973.333333
-1.903121	 	7980.000000
-24.791601	 	7986.666667
-8.068639	 	7993.333333
24.769681	 	8000.000000
-0.546501	 	8006.666667
3.122351	 	8013.333333
2.853480	 	8020.000000
7.839600	 	8026.666667
-3.780129	 	8033.333333
-3.727086	 	8040.000000
7.100081	 	8046.666667
12.473332	 	8053.333333
-14.008073	 	8060.000000
-1.422902	 	8066.666667
9.334112	 	8073.333333
7.410396	 	8080.000000
-0.110735	 	8086.666667
-1.528345	 	8093.333333
10.412093	 	8100.000000
0.101363	 	8106.666667
-4.322010	 	8113.333333
13.200652	 	8120.000000
-6.099407	 	8126.666667
1.212364	 	8133.333333
5.562810	 	8140.000000
1.502788	 	8146.666667
-4.239852	 	8153.333333
6.051137	 	8160.000000
1.976999	 	8166.666667
8.111806	 	8173.333333
0.162818	 	8180.000000
-9.039622	 	8186.666667
1.908580	 	8193.333333
6.568173	 	8200.000000
3.269490	 	8206.666667
8.542793	 	8213.333333
-1.252586	 	8220.000000
-1.403238	 	8226.666667
0.742595	 	8233.333333
9.494509	 	8240.000000
-0.705442	 	8246.666667
-0.725752	 	8253.333333
-3.895444	 	8260.000000
3.018176	 	8266.666667
11.428162	 	8273.333333
5.758376	 	8280.000000
0.168555	 	8286.666667
11.321909	 	8293.333333
-3.361577	 	8300.000000
3.412484	 	8306.666667
10.516519	 	8313.333333
-4.125945	 	8320.000000
4.504489	 	8326.666667
-1.014186	 	8333.333333
-3.673252	 	8340.000000
5.408300	 	8346.666667
4.890001	 	8353.333333
1.926291	 	8360.000000
-1.827820	 	8366.666667
-5.410391	 	8373.333333
19.069664	 	8380.000000
-2.332212	 	8386.666667
-0.758453	 	8393.333333
-2.798981	 	8400.000000
-2.050575	 	8406.666667
1.470528	 	8413.333333
11.486113	 	8420.000000
-2.652426	 	8426.666667
9.591540	 	8433.333333
-11.556738	 	8440.000000
-5.931175	 	8446.666667
12.929182	 	8453.333333
20.632887	 	8460.000000
-15.170185	 	8466.666667
-5.091921	 	8473.333333
1.767114	 	8480.000000
5.820248	 	8486.666667
5.470478	 	8493.333333
-1.578372	 	8500.000000
-3.301505	 	8506.666667
-1.915082	 	8513.333333
3.651837	 	8520.000000
12.922701	 	8526.666667
14.699198	 	8533.333333
-5.912055	 	8540.000000
-2.926196	 	8546.666667
-0.896567	 	8553.333333
6.007627	 	8560.000000
1.460198	 	8566.666667
-8.757077	 	8573.333333
2.400827	 	8580.000000
3.430519	 	8586.666667
-2.056672	 	8593.333333
9.296367	 	8600.000000
2.145870	 	8606.666667
-17.909140	 	8613.333333
14.651928	 	8620.000000
14.016336	 	8626.666667
-4.737031	 	8633.333333
-4.666932	 	8640.000000
-5.859894	 	8646.666667
1.503319	 	8653.333333
12.311985	 	8660.000000
-8.526749	 	8666.666667
-2.778302	 	8673.333333
7.394615	 	8680.000000
6.322388	 	8686.666667
-2.773151	 	8693.333333
5.610361	 	8700.000000
-11.401862	 	8706.666667
-4.931268	 	8713.333333
10.680978	 	8720.000000
12.950027	 	8726.666667
6.061429	 	8733.333333
-15.287625	 	8740.000000
-9.060323	 	8746.666667
8.425665	 	8753.333333
9.246066	 	8760.000000
1.780514	 	8766.666667
-5.942925	 	8773.333333
5.772402	 	8780.000000
13.081658	 	8786.666667
-7.914662	 	8793.333333
-11.913854	 	8800.000000
-3.096954	 	8806.666667
11.825068	 	8813.333333
13.039869	 	8820.000000
0.869320	 	8826.666667
-12.866224	 	8833.333333
-0.651840	 	8840.000000
-1.379912	 	8846.666667
14.551978	 	8853.333333
1.359349	 	8860.000000
-7.052801	 	8866.666667
-4.894486	 	8873.333333
11.004257	 	8880.000000
1.900476	 	8886.666667
-5.099047	 	8893.333333
-7.203278	 	8900.000000
11.933558	 	8906.666667
8.773452	 	8913.333333
-8.446515	 	8920.000000
-15.465848	 	8926.666667
-0.993902	 	8933.333333
17.591181	 	8940.000000
13.376255	 	8946.666667
-9.115458	 	8953.333333
-0.411350	 	8960.000000
-10.524138	 	8966.666667
0.462775	 	8973.333333
9.932690	 	8980.000000
8.660320	 	8986.666667
-4.698898	 	8993.333333
-11.395788	 	9000.000000
-3.523178	 	9006.666667
9.355227	 	9013.333333
1.132362	 	9020.000000
-3.791043	 	9026.666667
-2.405079	 	9033.333333
-1.988033	 	9040.000000
7.306524	 	9046.666667
1.940890	 	9053.333333
-0.804193	 	9060.000000
3.573581	 	9066.666667
-16.040479	 	9073.333333
0.588440	 	9080.000000
16.804857	 	9086.666667
8.678035	 	9093.333333
-10.738811	 	9100.000000
-7.484112	 	9106.666667
-0.409204	 	9113.333333
10.929396	 	9120.000000
-5.791507	 	9126.666667
7.663473	 	9133.333333
5.519318	 	9140.000000
-12.443804	 	9146.666667
2.836244	 	9153.333333
-2.952936	 	9160.000000
5.446911	 	9166.666667
6.265436	 	9173.333333
-7.822684	 	9180.000000
-4.065848	 	9186.666667
14.401748	 	9193.333333
7.940393	 	9200.000000
-16.168178	 	9206.666667
2.089246	 	9213.333333
9.133664	 	9220.000000
-4.291247	 	9226.666667
2.582817	 	9233.333333
-7.928181	 	9240.000000
3.801284	 	9246.666667
9.418906	 	9253.333333
7.754668	 	9260.000000
-19.958208	 	9266.666667
4.852523	 	9273.333333
4.129829	 	9280.000000
0.261810	 	9286.666667
6.021398	 	9293.333333
-0.236294	 	9300.000000
-4.160056	 	9306.666667
0.399433	 	9313.333333
13.441151	 	9320.000000
4.526834	 	9326.666667
-10.703722	 	9333.333333
-7.900724	 	9340.000000
1.105405	 	9346.666667
7.674758	 	9353.333333
8.329806	 	9360.000000
-8.330597	 	9366.666667
-16.530438	 	9373.333333
3.517734	 	9380.000000
8.921587	 	9386.666667
17.360579	 	9393.333333
-5.537636	 	9400.000000
-10.700495	 	9406.666667
-8.717621	 	9413.333333
6.602529	 	9420.000000
1.360432	 	9426.666667
6.011815	 	9433.333333
-0.061033	 	9440.000000
0.675635	 	9446.666667
-8.486433	 	9453.333333
-2.912035	 	9460.000000
-0.640850	 	9466.666667
7.363436	 	9473.333333
-5.165884	 	9480.000000
1.494482	 	9486.666667
7.085287	 	9493.333333
-1.937158	 	9500.000000
-2.723774	 	9506.666667
9.779410	 	9513.333333
-10.486416	 	9520.000000
5.697218	 	9526.666667
-5.264239	 	9533.333333
-2.600903	 	9540.000000
3.193349	 	9546.666667
7.407192	 	9553.333333
9.720522	 	9560.000000
-5.960352	 	9566.666667
-17.750006	 	9573.333333
1.822838	 	9580.000000
-4.946154	 	9586.666667
10.506070	 	9593.333333
15.432899	 	9600.000000
-3.724684	 	9606.666667
-7.517763	 	9613.333333
-4.641980	 	9620.000000
-7.606433	 	9626.666667
4.534630	 	9633.333333
6.550975	 	9640.000000
-2.359968	 	9646.666667
4.179746	 	9653.333333
4.406646	 	9660.000000
-14.056348	 	9666.666667
-3.565225	 	9673.333333
2.700156	 	9680.000000
1.514598	 	9686.666667
4.024758	 	9693.333333
-1.161353	 	9700.000000
-9.055520	 	9706.666667
7.608931	 	9713.333333
6.519461	 	9720.000000
-6.713347	 	9726.666667
-4.785251	 	9733.333333
-2.908370	 	9740.000000
4.752024	 	9746.666667
2.248999	 	9753.333333
0.080320	 	9760.000000
-11.241744	 	9766.666667
7.687656	 	9773.333333
-4.167437	 	9780.000000
3.505095	 	9786.666667
-6.805127	 	9793.333333
-2.964209	 	9800.000000
1.233955	 	9806.666667
6.193917	 	9813.333333
3.923994	 	9820.000000
-6.271194	 	9826.666667
-10.028665	 	9833.333333
-0.236923	 	9840.000000
9.629933	 	9846.666667
4.878067	 	9853.333333
-5.747554	 	9860.000000
-7.838484	 	9866.666667
-1.679872	 	9873.333333
16.869087	 	9880.000000
-4.833468	 	9886.666667
-5.509800	 	9893.333333
-1.152349	 	9900.000000
-2.757220	 	9906.666667
-4.967198	 	9913.333333
7.544364	 	9920.000000
3.635351	 	9926.666667
7.092390	 	9933.333333
-12.903491	 	9940.000000
-11.027513	 	9946.666667
4.335002	 	9953.333333
5.749541	 	9960.000000
-0.155037	 	9966.666667
3.133239	 	9973.333333
-5.578831	 	9980.000000
-6.299916	 	9986.666667
-3.032695	 	9993.333333
0.387222	 	10000.000000
8.432258	 	10006.666667
8.940062	 	10013.333333
-16.597152	 	10020.000000
0.680720	 	10026.666667
-6.737002	 	10033.333333
-4.722805	 	10040.000000
3.372530	 	10046.666667
9.828850	 	10053.333333
-2.649846	 	10060.000000
-0.704616	 	10066.666667
-12.260425	 	10073.333333
2.757842	 	10080.000000
0.814770	 	10086.666667
-4.293945	 	10093.333333
-9.000892	 	10100.000000
10.201097	 	10106.666667
4.825843	 	10113.333333
-6.042942	 	10120.000000
-11.417946	 	10126.666667
-1.362432	 	10133.333333
15.922095	 	10140.000000
-6.771137	 	10146.666667
-9.694872	 	10153.333333
6.595341	 	10160.000000
-2.163645	 	10166.666667
4.047219	 	10173.333333
-1.199171	 	10180.000000
-10.775474	 	10186.666667
6.673282	 	10193.333333
-1.720181	 	10200.000000
-1.075270	 	10206.666667
1.541803	 	10213.333333
0.662814	 	10220.000000
-4.961673	 	10226.666667
-2.075263	 	10233.333333
-3.424004	 	10240.000000
-0.288043	 	10246.666667
-3.230772	 	10253.333333
10.322616	 	10260.000000
-2.374156	 	10266.666667
-0.101189	 	10273.333333
-1.545980	 	10280.000000
-2.560842	 	10286.666667
-5.635852	 	10293.333333
2.719802	 	10300.000000
5.113839	 	10306.666667
-4.733147	 	10313.333333
-12.037165	 	10320.000000
4.696413	 	10326.666667
17.647902	 	10333.333333
-3.866091	 	10340.000000
-17.725657	 	10346.666667
-8.963696	 	10353.333333
5.421001	 	10360.000000
12.028900	 	10366.666667
-3.000554	 	10373.333333
-8.962058	 	10380.000000
5.595331	 	10386.666667
-1.129816	 	10393.333333
-0.522249	 	10400.000000
-3.708568	 	10406.666667
-8.109796	 	10413.333333
-2.299137	 	10420.000000
1.635447	 	10426.666667
3.256671	 	10433.333333
-2.878126	 	10440.000000
0.246813	 	10446.666667
2.047815	 	10453.333333
-6.340580	 	10460.000000
4.712701	 	10466.666667
5.758571	 	10473.333333
-6.318278	 	10480.000000
-9.768076	 	10486.666667
-6.474650	 	10493.333333
11.014031	 	10500.000000
11.893077	 	10506.666667
-4.326594	 	10513.333333
-12.717118	 	10520.000000
-4.698793	 	10526.666667
6.950354	 	10533.333333
-4.310327	 	10540.000000
1.122539	 	10546.666667
2.653508	 	10553.333333
-9.731825	 	10560.000000
-4.878616	 	10566.666667
2.284775	 	10573.333333
-3.004397	 	10580.000000
6.484394	 	10586.666667
1.154622	 	10593.333333
-4.448615	 	10600.000000
4.307244	 	10606.666667
-2.193742	 	10613.333333
-15.221070	 	10620.000000
-1.054575	 	10626.666667
2.849586	 	10633.333333
8.764990	 	10640.000000
-3.205076	 	10646.666667
-3.969140	 	10653.333333
0.361489	 	10660.000000
6.055859	 	10666.666667
-5.247480	 	10673.333333
-8.793503	 	10680.000000
-8.794975	 	10686.666667
1.581019	 	10693.333333
-2.024004	 	10700.000000
-0.062624	 	10706.666667
20.369987	 	10713.333333
-2.591257	 	10720.000000
-19.428187	 	10726.666667
-11.281420	 	10733.333333
6.878487	 	10740.000000
4.017683	 	10746.666667
0.262662	 	10753.333333
-4.797029	 	10760.000000
1.934667	 	10766.666667
-2.911674	 	10773.333333
-6.886481	 	10780.000000
-0.686401	 	10786.666667
16.872414	 	10793.333333
-14.306838	 	10800.000000
-11.937605	 	10806.666667
8.118340	 	10813.333333
-4.161565	 	10820.000000
-0.381306	 	10826.666667
4.815812	 	10833.333333
-7.221180	 	10840.000000
1.262421	 	10846.666667
-8.466304	 	10853.333333
-8.171063	 	10860.000000
6.746287	 	10866.666667
0.569062	 	10873.333333
-2.785708	 	10880.000000
4.470387	 	10886.666667
-0.697624	 	10893.333333
-8.578493	 	10900.000000
-7.644415	 	10906.666667
-0.184269	 	10913.333333
14.404164	 	10920.000000
-0.418797	 	10926.666667
-10.236001	 	10933.333333
-0.067335	 	10940.000000
-5.345673	 	10946.666667
-0.952717	 	10953.333333
-3.576962	 	10960.000000
-1.146497	 	10966.666667
14.894652	 	10973.333333
-1.489318	 	10980.000000
-17.709891	 	10986.666667
-11.924235	 	10993.333333
9.852458	 	11000.000000
13.767165	 	11006.666667
2.552866	 	11013.333333
2.630290	 	11020.000000
-9.887144	 	11026.666667
-4.949197	 	11033.333333
-3.435619	 	11040.000000
-7.897557	 	11046.666667
4.955696	 	11053.333333
10.389952	 	11060.000000
-0.078824	 	11066.666667
-6.690668	 	11073.333333
-10.143518	 	11080.000000
-2.602092	 	11086.666667
-2.262905	 	11093.333333
7.499228	 	11100.000000
1.705508	 	11106.666667
-5.372264	 	11113.333333
-7.899497	 	11120.000000
-7.912845	 	11126.666667
6.836398	 	11133.333333
-0.468790	 	11140.000000
2.266598	 	11146.666667
-3.992400	 	11153.333333
-6.983063	 	11160.000000
2.618834	 	11166.666667
2.344257	 	11173.333333
-7.794153	 	11180.000000
0.217428	 	11186.666667
-7.127924	 	11193.333333
6.176552	 	11200.000000
-7.324758	 	11206.666667
-10.068173	 	11213.333333
-7.488921	 	11220.000000
11.338949	 	11226.666667
6.455867	 	11233.333333
-3.895901	 	11240.000000
-15.205140	 	11246.666667
1.610017	 	11253.333333
1.422383	 	11260.000000
3.516915	 	11266.666667
-11.638069	 	11273.333333
0.569951	 	11280.000000
2.276352	 	11286.666667
-0.545304	 	11293.333333
-4.078736	 	11300.000000
-3.102828	 	11306.666667
7.620096	 	11313.333333
6.463516	 	11320.000000
-9.125586	 	11326.666667
-10.734128	 	11333.333333
-6.125656	 	11340.000000
0.153218	 	11346.666667
8.504767	 	11353.333333
-0.226298	 	11360.000000
-2.729848	 	11366.666667
0.786712	 	11373.333333
-3.496200	 	11380.000000
-2.479357	 	11386.666667
-8.783383	 	11393.333333
-5.549863	 	11400.000000
7.160099	 	11406.666667
0.351354	 	11413.333333
3.857653	 	11420.000000
-5.999420	 	11426.666667
-13.216330	 	11433.333333
-2.829251	 	11440.000000
10.012823	 	11446.666667
15.166727	 	11453.333333
-17.041049	 	11460.000000
-15.777340	 	11466.666667
5.657800	 	11473.333333
2.355463	 	11480.000000
2.395940	 	11486.666667
-5.038989	 	11493.333333
-14.073613	 	11500.000000
13.707441	 	11506.666667
-2.888797	 	11513.333333
-4.770505	 	11520.000000
-2.716975	 	11526.666667
-8.803466	 	11533.333333
0.524027	 	11540.000000
3.524827	 	11546.666667
3.808373	 	11553.333333
3.295800	 	11560.000000
-15.470039	 	11566.666667
-4.776682	 	11573.333333
-4.722962	 	11580.000000
3.388287	 	11586.666667
8.814646	 	11593.333333
-4.373560	 	11600.000000
-14.491073	 	11606.666667
-0.943463	 	11613.333333
-9.238785	 	11620.000000
3.827331	 	11626.666667
10.119215	 	11633.333333
1.863849	 	11640.000000
-15.438669	 	11646.666667
-2.819842	 	11653.333333
7.709432	 	11660.000000
-10.815432	 	11666.666667
4.415276	 	11673.333333
-10.699014	 	11680.000000
3.351700	 	11686.666667
10.124327	 	11693.333333
-15.087825	 	11700.000000
-10.656321	 	11706.666667
12.124936	 	11713.333333
0.158618	 	11720.000000
3.681502	 	11726.666667
-13.504361	 	11733.333333
-7.466162	 	11740.000000
6.345547	 	11746.666667
0.427714	 	11753.333333
-8.578365	 	11760.000000
2.997954	 	11766.666667
18.247983	 	11773.333333
-6.988222	 	11780.000000
-23.276158	 	11786.666667
-6.255041	 	11793.333333
2.742641	 	11800.000000
29.445718	 	11806.666667
6.084225	 	11813.333333
-29.424172	 	11820.000000
-15.494256	 	11826.666667
-4.970778	 	11833.333333
17.236286	 	11840.000000
26.724536	 	11846.666667
-23.990070	 	11853.333333
-20.389896	 	11860.000000
-3.725648	 	11866.666667
17.830189	 	11873.333333
8.661733	 	11880.000000
-5.427140	 	11886.666667
-14.270050	 	11893.333333
-8.073450	 	11900.000000
-8.006879	 	11906.666667
10.000515	 	11913.333333
1.389798	 	11920.000000
9.855098	 	11926.666667
12.589055	 	11933.333333
-18.138389	 	11940.000000
-45.713091	 	11946.666667
1.513082	 	11953.333333
35.208852	 	11960.000000
33.960742	 	11966.666667
-29.335132	 	11973.333333
-23.885434	 	11980.000000
7.029752	 	11986.666667
2.366798	 	11993.333333
-23.784143	 	12000.000000
3.422817	 	12006.666667
21.366025	 	12013.333333
22.129997	 	12020.000000
-47.111801	 	12026.666667
63.839189	 	12033.333333
-93.899201	 	12040.000000
-35.916928	 	12046.666667
92.246428	 	12053.333333
52.125776	 	12060.000000
-35.702026	 	12066.666667
-83.309719	 	12073.333333
-5.802995	 	12080.000000
87.781431	 	12086.666667
-35.753158	 	12093.333333
-22.642636	 	12100.000000
19.187887	 	12106.666667
38.110365	 	12113.333333
-51.507052	 	12120.000000
-48.776370	 	12126.666667
47.784200	 	12133.333333
74.399437	 	12140.000000
-62.460850	 	12146.666667
9.938944	 	12153.333333
-83.943672	 	12160.000000
25.866209	 	12166.666667
106.438424	 	12173.333333
-67.990250	 	12180.000000
-0.101932	 	12186.666667
-29.965929	 	12193.333333
24.634103	 	12200.000000
-12.287157	 	12206.666667
-15.771645	 	12213.333333
30.372864	 	12220.000000
-28.328540	 	12226.666667
70.408333	 	12233.333333
-29.741198	 	12240.000000
-76.415194	 	12246.666667
18.135673	 	12253.333333
27.037755	 	12260.000000
-47.094553	 	12266.666667
216.967208	 	12273.333333
-208.842059	 	12280.000000
-124.907852	 	12286.666667
187.326771	 	12293.333333
13.847160	 	12300.000000
60.884973	 	12306.666667
-159.095645	 	12313.333333
21.061639	 	12320.000000
-80.359234	 	12326.666667
34.466333	 	12333.333333
204.280065	 	12340.000000
-169.063549	 	12346.666667
210.712634	 	12353.333333
-185.331147	 	12360.000000
-240.179991	 	12366.666667
117.316706	 	12373.333333
53.379384	 	12380.000000
416.469927	 	12386.666667
-111.024683	 	12393.333333
-521.994260	 	12400.000000
107.510688	 	12406.666667
44.543591	 	12413.333333
405.139646	 	12420.000000
-441.313712	 	12426.666667
40.758042	 	12433.333333
367.298080	 	12440.000000
-171.268468	 	12446.666667
-280.387324	 	12453.333333
6.750190	 	12460.000000
-2.900285	 	12466.666667
529.203985	 	12473.333333
-354.908072	 	12480.000000
130.360749	 	12486.666667
-170.781834	 	12493.333333
-648.465804	 	12500.000000
1091.305039	 	12506.666667
-12.101011	 	12513.333333
-233.290764	 	12520.000000
-635.022676	 	12526.666667
344.194991	 	12533.333333
99.487312	 	12540.000000
82.608051	 	12546.666667
-272.658124	 	12553.333333
340.242448	 	12560.000000
558.132497	 	12566.666667
-707.055664	 	12573.333333
-641.775789	 	12580.000000
138.497347	 	12586.666667
287.990705	 	12593.333333
1279.669901	 	12600.000000
-645.880460	 	12606.666667
-622.823668	 	12613.333333
-716.857488	 	12620.000000
701.300021	 	12626.666667
935.794898	 	12633.333333
-605.336383	 	12640.000000
-642.627697	 	12646.666667
969.691492	 	12653.333333
-573.673272	 	12660.000000
-20.835847	 	12666.666667
654.926587	 	12673.333333
-749.466301	 	12680.000000
-863.985794	 	12686.666667
1787.908937	 	12693.333333
-404.178077	 	12700.000000
-600.869059	 	12706.666667
976.771604	 	12713.333333
-711.694975	 	12720.000000
106.677915	 	12726.666667
-823.494181	 	12733.333333
-618.144254	 	12740.000000
2755.514928	 	12746.666667
-955.397543	 	12753.333333
-262.792010	 	12760.000000
-930.683070	 	12766.666667
1464.865565	 	12773.333333
-771.746362	 	12780.000000
-889.574078	 	12786.666667
1716.165254	 	12793.333333
-988.046338	 	12800.000000
-941.691936	 	12806.666667
2391.842615	 	12813.333333
-991.900895	 	12820.000000
-947.931574	 	12826.666667
-186.467862	 	12833.333333
1624.173241	 	12840.000000
38.346318	 	12846.666667
-980.430055	 	12853.333333
608.937568	 	12860.000000
-883.475673	 	12866.666667
-297.790539	 	12873.333333
-804.287608	 	12880.000000
3288.208475	 	12886.666667
-954.466748	 	12893.333333
-984.856198	 	12900.000000
-958.917951	 	12906.666667
1606.144446	 	12913.333333
-70.072974	 	12920.000000
-951.150989	 	12926.666667
448.020662	 	12933.333333
988.368060	 	12940.000000
-982.638404	 	12946.666667
-992.293547	 	12953.333333
90.180539	 	12960.000000
2486.785041	 	12966.666667
-996.906570	 	12973.333333
-324.194436	 	12980.000000
166.695888	 	12986.666667
-818.634004	 	12993.333333
-251.469715	 	13000.000000
-217.683820	 	13006.666667
2342.341463	 	13013.333333
-734.489589	 	13020.000000
-163.912798	 	13026.666667
-884.894258	 	13033.333333
-107.408179	 	13040.000000
-748.094158	 	13046.666667
1920.059027	 	13053.333333
-233.573605	 	13060.000000
165.751717	 	13066.666667
-589.292741	 	13073.333333
-999.922886	 	13080.000000
2264.011073	 	13086.666667
-997.644038	 	13093.333333
-989.311084	 	13100.000000
1602.256434	 	13106.666667
-995.365671	 	13113.333333
-237.269915	 	13120.000000
-677.801202	 	13126.666667
-191.808426	 	13133.333333
3314.834084	 	13140.000000
-997.393507	 	13146.666667
-947.070772	 	13153.333333
-624.623514	 	13160.000000
-948.949635	 	13166.666667
2434.499562	 	13173.333333
-991.365523	 	13180.000000
-999.998851	 	13186.666667
2024.873335	 	13193.333333
-989.279882	 	13200.000000
-612.357812	 	13206.666667
-592.832893	 	13213.333333
-969.764270	 	13220.000000
-995.883310	 	13226.666667
8063.832782	 	13233.333333
-999.998760	 	13240.000000
-999.998851	 	13246.666667
-999.998853	 	13253.333333
-999.998854	 	13260.000000
-999.998856	 	13266.666667
-999.998853	 	13273.333333
-999.998883	 	13280.000000
-999.998903	 	13286.666667
-999.998884	 	13293.333333
-999.998957	 	13300.000000
-999.999001	 	13306.666667
-999.999060	 	13313.333333
-999.999111	 	13320.000000
-999.999189	 	13326.666667
