#peak 	 	#time 
-999.999218	 	0.000000
-999.998761	 	6.666667
-999.999143	 	13.333333
-999.998749	 	20.000000
-999.998906	 	26.666667
-999.999732	 	33.333333
-999.999189	 	40.000000
-999.999621	 	46.666667
-999.999869	 	53.333333
-1000.000000	 	60.000000
-1000.000000	 	66.666667
-1000.000000	 	73.333333
-1000.000000	 	80.000000
36915.481147	 	86.666667
-999.998740	 	93.333333
-999.998736	 	100.000000
-999.998734	 	106.666667
-999.998745	 	113.333333
-999.998737	 	120.000000
-999.998734	 	126.666667
-999.998743	 	133.333333
-999.998732	 	140.000000
-999.998735	 	146.666667
-999.998734	 	153.333333
-999.998731	 	160.000000
-999.998730	 	166.666667
-999.998730	 	173.333333
-999.998730	 	180.000000
2088.634724	 	186.666667
3297.675780	 	193.333333
-653.079305	 	200.000000
-931.258265	 	206.666667
-803.937014	 	213.333333
-712.138338	 	220.000000
51.670094	 	226.666667
632.377372	 	233.333333
488.385980	 	240.000000
-314.071712	 	246.666667
-388.540880	 	253.333333
-578.050946	 	260.000000
164.532662	 	266.666667
230.104074	 	273.333333
-138.284660	 	280.000000
-217.994940	 	286.666667
75.087927	 	293.333333
94.490484	 	300.000000
-160.359420	 	306.666667
-474.226698	 	313.333333
-177.281780	 	320.000000
243.311005	 	326.666667
158.778091	 	333.333333
293.948827	 	340.000000
58.667642	 	346.666667
-474.598844	 	353.333333
-513.882170	 	360.000000
-80.114850	 	366.666667
196.676023	 	373.333333
519.994846	 	380.000000
137.619300	 	386.666667
-369.234307	 	393.333333
-251.006341	 	400.000000
-23.092165	 	406.666667
-66.528757	 	413.333333
268.953194	 	420.000000
211.494712	 	426.666667
-206.519821	 	433.333333
-127.695330	 	440.000000
206.903343	 	446.666667
129.682681	 	453.333333
-76.174639	 	460.000000
-338.132907	 	466.666667
36.146614	 	473.333333
443.340510	 	480.000000
144.597670	 	486.666667
-216.191758	 	493.333333
-69.466490	 	500.000000
-189.275296	 	506.666667
323.581866	 	513.333333
380.660660	 	520.000000
-286.098635	 	526.666667
-262.837718	 	533.333333
51.416490	 	540.000000
-19.832728	 	546.666667
407.960781	 	553.333333
208.451675	 	560.000000
-352.818191	 	566.666667
-183.222671	 	573.333333
198.961614	 	580.000000
328.383259	 	586.666667
16.826687	 	593.333333
-192.007722	 	600.000000
-266.285979	 	606.666667
160.936972	 	613.333333
369.114030	 	620.000000
140.227676	 	626.666667
-265.681677	 	633.333333
-82.726629	 	640.000000
-3.342021	 	646.666667
224.328750	 	653.333333
-15.762907	 	660.000000
-169.148915	 	666.666667
-34.081940	 	673.333333
133.110384	 	680.000000
-9.000783	 	686.666667
187.932234	 	693.333333
111.809332	 	700.000000
-210.477516	 	706.666667
-280.683982	 	713.333333
87.365308	 	720.000000
404.141431	 	726.666667
32.680022	 	733.333333
-115.905763	 	740.000000
-50.041480	 	746.666667
-113.672380	 	753.333333
143.183877	 	760.000000
11.629033	 	766.666667
-43.053562	 	773.333333
15.047563	 	780.000000
117.623961	 	786.666667
-97.612061	 	793.333333
-26.407295	 	800.000000
192.096310	 	806.666667
-53.955867	 	813.333333
-26.728295	 	820.000000
-177.432661	 	826.666667
102.332411	 	833.333333
44.874300	 	840.000000
84.330046	 	846.666667
-17.196673	 	853.333333
34.146395	 	860.000000
-134.771101	 	866.666667
180.589869	 	873.333333
-63.899251	 	880.000000
-59.012119	 	886.666667
70.345057	 	893.333333
19.737049	 	900.000000
-292.239626	 	906.666667
285.624855	 	913.333333
230.236857	 	920.000000
-106.694585	 	926.666667
-299.314929	 	933.333333
117.841780	 	940.000000
132.737003	 	946.666667
211.417113	 	953.333333
-171.765128	 	960.000000
-193.359026	 	966.666667
-112.367169	 	973.333333
206.466099	 	980.000000
146.215612	 	986.666667
173.973802	 	993.333333
-49.476236	 	1000.000000
-116.651698	 	1006.666667
-222.290934	 	1013.333333
8.440366	 	1020.000000
51.913979	 	1026.666667
77.513202	 	1033.333333
190.338315	 	1040.000000
168.380592	 	1046.666667
-255.386567	 	1053.333333
-348.224262	 	1060.000000
16.897312	 	1066.666667
370.543245	 	1073.333333
226.514162	 	1080.000000
-61.683674	 	1086.666667
-222.577036	 	1093.333333
-128.511194	 	1100.000000
-38.655269	 	1106.666667
108.569384	 	1113.333333
215.131701	 	1120.000000
122.275019	 	1126.666667
-7.294345	 	1133.333333
-196.083803	 	1140.000000
-267.679174	 	1146.666667
-17.621370	 	1153.333333
141.840258	 	1160.000000
314.006361	 	1166.666667
71.770077	 	1173.333333
6.299535	 	1180.000000
-104.833337	 	1186.666667
-81.508195	 	1193.333333
-26.773464	 	1200.000000
-117.803257	 	1206.666667
28.867688	 	1213.333333
328.639677	 	1220.000000
176.109102	 	1226.666667
-291.623218	 	1233.333333
-230.617411	 	1240.000000
161.033174	 	1246.666667
68.963805	 	1253.333333
130.454763	 	1260.000000
-149.726063	 	1266.666667
-28.556092	 	1273.333333
58.408434	 	1280.000000
102.525555	 	1286.666667
-83.073772	 	1293.333333
39.173322	 	1300.000000
-108.325300	 	1306.666667
-45.348291	 	1313.333333
51.536630	 	1320.000000
118.150158	 	1326.666667
96.671818	 	1333.333333
-33.529213	 	1340.000000
-141.403218	 	1346.666667
20.019174	 	1353.333333
12.546484	 	1360.000000
137.965075	 	1366.666667
84.510192	 	1373.333333
-189.422200	 	1380.000000
-241.056707	 	1386.666667
221.068954	 	1393.333333
189.180355	 	1400.000000
5.591433	 	1406.666667
-214.549894	 	1413.333333
19.218686	 	1420.000000
28.958961	 	1426.666667
47.820059	 	1433.333333
-85.405645	 	1440.000000
77.032456	 	1446.666667
-8.724642	 	1453.333333
2.784012	 	1460.000000
-24.863195	 	1466.666667
28.756935	 	1473.333333
31.987044	 	1480.000000
123.330607	 	1486.666667
-6.754781	 	1493.333333
-64.451801	 	1500.000000
-138.077393	 	1506.666667
-91.899746	 	1513.333333
66.965835	 	1520.000000
291.464748	 	1526.666667
-50.324205	 	1533.333333
-120.361612	 	1540.000000
25.764744	 	1546.666667
3.846256	 	1553.333333
-50.000604	 	1560.000000
82.410030	 	1566.666667
2.565372	 	1573.333333
-46.831536	 	1580.000000
105.327774	 	1586.666667
49.246622	 	1593.333333
-126.245155	 	1600.000000
-18.247655	 	1606.666667
-67.095391	 	1613.333333
117.707482	 	1620.000000
141.415608	 	1626.666667
-66.234687	 	1633.333333
-118.677283	 	1640.000000
-7.714752	 	1646.666667
25.312920	 	1653.333333
48.165527	 	1660.000000
193.431837	 	1666.666667
-61.736238	 	1673.333333
-166.944024	 	1680.000000
-12.419496	 	1686.666667
-26.973600	 	1693.333333
28.604117	 	1700.000000
127.908813	 	1706.666667
-34.242708	 	1713.333333
-37.763941	 	1720.000000
-43.454926	 	1726.666667
135.174389	 	1733.333333
-80.015252	 	1740.000000
99.354060	 	1746.666667
-91.915756	 	1753.333333
20.206131	 	1760.000000
-9.439542	 	1766.666667
98.332463	 	1773.333333
-90.548363	 	1780.000000
-46.070421	 	1786.666667
-57.865542	 	1793.333333
235.233935	 	1800.000000
79.116880	 	1806.666667
80.353064	 	1813.333333
-206.813022	 	1820.000000
-174.207620	 	1826.666667
16.112605	 	1833.333333
328.904442	 	1840.000000
76.329174	 	1846.666667
-93.383460	 	1853.333333
-349.632772	 	1860.000000
31.173694	 	1866.666667
245.004844	 	1873.333333
303.718214	 	1880.000000
-253.016388	 	1886.666667
-236.254100	 	1893.333333
-186.903376	 	1900.000000
377.451003	 	1906.666667
144.787969	 	1913.333333
9.202741	 	1920.000000
-275.526946	 	1926.666667
-2.269236	 	1933.333333
124.467791	 	1940.000000
141.269235	 	1946.666667
-187.784125	 	1953.333333
21.664616	 	1960.000000
-18.910161	 	1966.666667
120.358805	 	1973.333333
110.218016	 	1980.000000
71.522173	 	1986.666667
-245.255511	 	1993.333333
-92.797136	 	2000.000000
3.436511	 	2006.666667
99.890525	 	2013.333333
152.015623	 	2020.000000
98.003246	 	2026.666667
-227.254315	 	2033.333333
-87.338681	 	2040.000000
119.485086	 	2046.666667
204.862267	 	2053.333333
24.377028	 	2060.000000
-123.600032	 	2066.666667
-110.646884	 	2073.333333
63.098085	 	2080.000000
9.562194	 	2086.666667
68.345931	 	2093.333333
116.277600	 	2100.000000
-80.870813	 	2106.666667
15.996557	 	2113.333333
5.470792	 	2120.000000
-150.241330	 	2126.666667
-107.074376	 	2133.333333
183.818831	 	2140.000000
136.420332	 	2146.666667
54.607030	 	2153.333333
-41.503211	 	2160.000000
-137.347065	 	2166.666667
2.138044	 	2173.333333
-68.992755	 	2180.000000
0.135277	 	2186.666667
209.445507	 	2193.333333
117.337901	 	2200.000000
-176.714441	 	2206.666667
-126.760918	 	2213.333333
-59.446837	 	2220.000000
263.727207	 	2226.666667
36.891767	 	2233.333333
-27.000678	 	2240.000000
-167.402459	 	2246.666667
9.661427	 	2253.333333
-48.916438	 	2260.000000
173.859550	 	2266.666667
-11.216415	 	2273.333333
39.052006	 	2280.000000
-67.801146	 	2286.666667
169.320316	 	2293.333333
-104.213662	 	2300.000000
-126.990122	 	2306.666667
-95.486760	 	2313.333333
228.249262	 	2320.000000
116.189353	 	2326.666667
-49.103682	 	2333.333333
-200.466297	 	2340.000000
143.171041	 	2346.666667
74.079508	 	2353.333333
-17.582927	 	2360.000000
111.788860	 	2366.666667
31.634284	 	2373.333333
-298.933417	 	2380.000000
0.421073	 	2386.666667
88.202582	 	2393.333333
194.922222	 	2400.000000
-261.866411	 	2406.666667
-50.065748	 	2413.333333
217.170685	 	2420.000000
201.025287	 	2426.666667
-215.872913	 	2433.333333
77.070811	 	2440.000000
37.657025	 	2446.666667
-150.261952	 	2453.333333
-229.622372	 	2460.000000
117.871123	 	2466.666667
147.480166	 	2473.333333
127.236248	 	2480.000000
-29.282019	 	2486.666667
71.763820	 	2493.333333
-165.051038	 	2500.000000
-119.376368	 	2506.666667
-16.365959	 	2513.333333
150.202048	 	2520.000000
116.995166	 	2526.666667
33.705381	 	2533.333333
-56.981231	 	2540.000000
55.423577	 	2546.666667
-204.209679	 	2553.333333
-133.599997	 	2560.000000
340.740768	 	2566.666667
62.958896	 	2573.333333
-230.862994	 	2580.000000
36.939998	 	2586.666667
110.247071	 	2593.333333
-83.749094	 	2600.000000
-84.492764	 	2606.666667
155.387094	 	2613.333333
22.549910	 	2620.000000
-278.818202	 	2626.666667
-17.103645	 	2633.333333
413.097778	 	2640.000000
58.627124	 	2646.666667
-203.826581	 	2653.333333
-74.717294	 	2660.000000
15.305792	 	2666.666667
117.708582	 	2673.333333
-111.759213	 	2680.000000
-59.418607	 	2686.666667
219.072944	 	2693.333333
118.004428	 	2700.000000
-173.496414	 	2706.666667
71.086928	 	2713.333333
164.376167	 	2720.000000
-200.603910	 	2726.666667
-53.387107	 	2733.333333
194.709335	 	2740.000000
-136.295266	 	2746.666667
-103.606045	 	2753.333333
279.727589	 	2760.000000
-59.684854	 	2766.666667
-95.966695	 	2773.333333
-16.727066	 	2780.000000
80.938692	 	2786.666667
104.255802	 	2793.333333
-177.177180	 	2800.000000
-214.923586	 	2806.666667
527.925055	 	2813.333333
-25.281858	 	2820.000000
-417.619747	 	2826.666667
57.179472	 	2833.333333
238.488823	 	2840.000000
141.375307	 	2846.666667
-213.649194	 	2853.333333
-16.396970	 	2860.000000
146.572616	 	2866.666667
-232.513809	 	2873.333333
-180.327845	 	2880.000000
572.592906	 	2886.666667
-30.578659	 	2893.333333
-348.721590	 	2900.000000
-67.741359	 	2906.666667
301.554695	 	2913.333333
-66.706288	 	2920.000000
-75.666390	 	2926.666667
69.962463	 	2933.333333
71.532921	 	2940.000000
-162.636866	 	2946.666667
-86.201734	 	2953.333333
59.286639	 	2960.000000
328.774927	 	2966.666667
30.179745	 	2973.333333
-270.557490	 	2980.000000
-113.863610	 	2986.666667
150.222762	 	2993.333333
-51.187083	 	3000.000000
-14.917159	 	3006.666667
122.160081	 	3013.333333
129.459663	 	3020.000000
-167.359035	 	3026.666667
-32.297072	 	3033.333333
58.848467	 	3040.000000
20.837334	 	3046.666667
-23.205450	 	3053.333333
222.657518	 	3060.000000
-77.531913	 	3066.666667
-221.231761	 	3073.333333
-68.426780	 	3080.000000
275.617598	 	3086.666667
192.966089	 	3093.333333
-35.663689	 	3100.000000
-196.575312	 	3106.666667
-280.336870	 	3113.333333
-97.013056	 	3120.000000
242.806611	 	3126.666667
629.320442	 	3133.333333
173.169613	 	3140.000000
-307.009744	 	3146.666667
-408.413455	 	3153.333333
-282.497255	 	3160.000000
-286.075270	 	3166.666667
61.506613	 	3173.333333
2597.903154	 	3180.000000
16734.716818	 	3186.666667
39009.985954	 	3193.333333
12675.110153	 	3200.000000
0.093198	 	3206.666667
-792.694520	 	3213.333333
-682.445352	 	3220.000000
160.077592	 	3226.666667
4299.779689	 	3233.333333
13175.451831	 	3240.000000
8455.122724	 	3246.666667
5015.036304	 	3253.333333
4824.936821	 	3260.000000
5753.381334	 	3266.666667
8054.645620	 	3273.333333
9880.943367	 	3280.000000
7689.750120	 	3286.666667
7106.826313	 	3293.333333
6673.611949	 	3300.000000
8371.372933	 	3306.666667
9256.557583	 	3313.333333
10415.646107	 	3320.000000
10131.276203	 	3326.666667
8723.395452	 	3333.333333
8028.616085	 	3340.000000
8544.328091	 	3346.666667
7968.165515	 	3353.333333
10181.181032	 	3360.000000
12521.789513	 	3366.666667
10665.657265	 	3373.333333
7695.168392	 	3380.000000
6997.448583	 	3386.666667
9701.548682	 	3393.333333
12543.530778	 	3400.000000
10187.944698	 	3406.666667
9871.186627	 	3413.333333
8997.738710	 	3420.000000
7407.129150	 	3426.666667
8388.210280	 	3433.333333
10766.516956	 	3440.000000
8298.114743	 	3446.666667
6396.017891	 	3453.333333
6162.034209	 	3460.000000
8036.947627	 	3466.666667
8565.638480	 	3473.333333
8287.956849	 	3480.000000
8165.462788	 	3486.666667
8048.299527	 	3493.333333
7674.332697	 	3500.000000
6884.652663	 	3506.666667
5912.178234	 	3513.333333
5968.931099	 	3520.000000
8245.702483	 	3526.666667
9759.075987	 	3533.333333
7706.805593	 	3540.000000
5746.427843	 	3546.666667
4794.654113	 	3553.333333
5160.760572	 	3560.000000
6600.075748	 	3566.666667
8174.129580	 	3573.333333
8146.663217	 	3580.000000
6631.562072	 	3586.666667
4385.784372	 	3593.333333
4753.096250	 	3600.000000
6427.724762	 	3606.666667
7936.986817	 	3613.333333
7073.809725	 	3620.000000
5523.714439	 	3626.666667
4286.570064	 	3633.333333
5658.396370	 	3640.000000
6256.697525	 	3646.666667
6226.219734	 	3653.333333
5956.903629	 	3660.000000
6423.412088	 	3666.666667
4691.221205	 	3673.333333
4286.392038	 	3680.000000
5940.341702	 	3686.666667
7456.376090	 	3693.333333
5658.866249	 	3700.000000
4601.287340	 	3706.666667
3683.529094	 	3713.333333
4021.477230	 	3720.000000
6069.892428	 	3726.666667
7375.040214	 	3733.333333
5052.311416	 	3740.000000
4272.014196	 	3746.666667
3923.926101	 	3753.333333
4436.023782	 	3760.000000
4265.557976	 	3766.666667
4744.660852	 	3773.333333
4870.833446	 	3780.000000
4815.963242	 	3786.666667
3505.441185	 	3793.333333
3910.497951	 	3800.000000
4482.495402	 	3806.666667
4919.372032	 	3813.333333
3806.989866	 	3820.000000
3557.798060	 	3826.666667
3815.467938	 	3833.333333
4421.675054	 	3840.000000
4358.569396	 	3846.666667
4657.703854	 	3853.333333
3714.307104	 	3860.000000
3775.545174	 	3866.666667
4210.241382	 	3873.333333
5169.866781	 	3880.000000
4087.485238	 	3886.666667
3110.526507	 	3893.333333
2715.623499	 	3900.000000
3362.953451	 	3906.666667
3595.663179	 	3913.333333
4159.866454	 	3920.000000
3320.375452	 	3926.666667
3637.786534	 	3933.333333
3675.783519	 	3940.000000
3200.327653	 	3946.666667
2672.170925	 	3953.333333
3481.457447	 	3960.000000
3537.583122	 	3966.666667
3154.482882	 	3973.333333
2794.347349	 	3980.000000
3287.429840	 	3986.666667
3296.675967	 	3993.333333
2993.805704	 	4000.000000
3422.544582	 	4006.666667
3031.584666	 	4013.333333
2403.061065	 	4020.000000
2828.113104	 	4026.666667
3047.836274	 	4033.333333
3072.100900	 	4040.000000
3029.111124	 	4046.666667
2133.237317	 	4053.333333
1947.887748	 	4060.000000
2518.540134	 	4066.666667
2762.651462	 	4073.333333
2671.021380	 	4080.000000
2951.114906	 	4086.666667
2618.032197	 	4093.333333
2942.642166	 	4100.000000
2803.214603	 	4106.666667
1984.012299	 	4113.333333
1944.194960	 	4120.000000
2270.343342	 	4126.666667
2246.292662	 	4133.333333
2427.764248	 	4140.000000
2472.684065	 	4146.666667
2322.424800	 	4153.333333
2124.858414	 	4160.000000
2132.173953	 	4166.666667
2240.777125	 	4173.333333
2182.440732	 	4180.000000
2060.687053	 	4186.666667
2112.123150	 	4193.333333
2008.196497	 	4200.000000
2032.959326	 	4206.666667
1957.780517	 	4213.333333
1860.868056	 	4220.000000
1773.514803	 	4226.666667
2145.843054	 	4233.333333
1954.283988	 	4240.000000
1690.460632	 	4246.666667
1547.174247	 	4253.333333
1956.921506	 	4260.000000
2172.529566	 	4266.666667
2135.643368	 	4273.333333
1576.839810	 	4280.000000
1244.507589	 	4286.666667
1184.491870	 	4293.333333
1979.523009	 	4300.000000
1939.557391	 	4306.666667
1874.401229	 	4313.333333
1304.857882	 	4320.000000
1234.044560	 	4326.666667
1470.461117	 	4333.333333
1828.272888	 	4340.000000
1801.139212	 	4346.666667
2072.190351	 	4353.333333
1837.641475	 	4360.000000
1016.976409	 	4366.666667
1130.152990	 	4373.333333
1464.826244	 	4380.000000
1408.347098	 	4386.666667
1495.236974	 	4393.333333
1290.519604	 	4400.000000
1056.883246	 	4406.666667
1310.040443	 	4413.333333
1723.683573	 	4420.000000
1418.425658	 	4426.666667
1108.739832	 	4433.333333
1092.340972	 	4440.000000
1072.386104	 	4446.666667
1424.985962	 	4453.333333
1279.800838	 	4460.000000
1194.641577	 	4466.666667
1019.684174	 	4473.333333
1428.320463	 	4480.000000
1025.880130	 	4486.666667
1179.965722	 	4493.333333
952.919637	 	4500.000000
1239.262355	 	4506.666667
964.729874	 	4513.333333
1355.075109	 	4520.000000
1120.356523	 	4526.666667
1130.756119	 	4533.333333
996.091736	 	4540.000000
1193.228147	 	4546.666667
765.029285	 	4553.333333
876.176018	 	4560.000000
992.465514	 	4566.666667
1082.616961	 	4573.333333
973.115956	 	4580.000000
989.434596	 	4586.666667
793.524934	 	4593.333333
941.516749	 	4600.000000
861.298499	 	4606.666667
1205.768116	 	4613.333333
858.543892	 	4620.000000
974.616302	 	4626.666667
1127.057533	 	4633.333333
1026.729354	 	4640.000000
434.549724	 	4646.666667
699.771452	 	4653.333333
921.389825	 	4660.000000
1048.879990	 	4666.666667
665.845057	 	4673.333333
708.982776	 	4680.000000
651.495441	 	4686.666667
930.789371	 	4693.333333
796.099373	 	4700.000000
1008.095392	 	4706.666667
652.109857	 	4713.333333
306.442818	 	4720.000000
537.996892	 	4726.666667
943.315040	 	4733.333333
1056.842762	 	4740.000000
824.874717	 	4746.666667
690.411311	 	4753.333333
340.175272	 	4760.000000
415.040364	 	4766.666667
684.108539	 	4773.333333
878.646930	 	4780.000000
1037.872964	 	4786.666667
596.476600	 	4793.333333
227.640701	 	4800.000000
142.233376	 	4806.666667
825.024353	 	4813.333333
1065.163119	 	4820.000000
464.459287	 	4826.666667
472.300623	 	4833.333333
406.852700	 	4840.000000
915.453973	 	4846.666667
879.965254	 	4853.333333
661.623835	 	4860.000000
245.351242	 	4866.666667
604.732801	 	4873.333333
537.026848	 	4880.000000
514.145134	 	4886.666667
454.166109	 	4893.333333
575.787113	 	4900.000000
362.682036	 	4906.666667
309.424093	 	4913.333333
735.255444	 	4920.000000
508.460936	 	4926.666667
417.673949	 	4933.333333
663.211369	 	4940.000000
269.782093	 	4946.666667
409.534295	 	4953.333333
473.324178	 	4960.000000
313.720723	 	4966.666667
342.691084	 	4973.333333
507.299460	 	4980.000000
422.556643	 	4986.666667
634.909379	 	4993.333333
587.160973	 	5000.000000
533.683112	 	5006.666667
141.153817	 	5013.333333
8.242663	 	5020.000000
513.893639	 	5026.666667
678.567290	 	5033.333333
631.173713	 	5040.000000
370.281043	 	5046.666667
268.378531	 	5053.333333
260.202843	 	5060.000000
454.344183	 	5066.666667
339.785769	 	5073.333333
437.360949	 	5080.000000
320.791641	 	5086.666667
409.594127	 	5093.333333
563.975894	 	5100.000000
371.837210	 	5106.666667
195.446860	 	5113.333333
146.064369	 	5120.000000
234.777465	 	5126.666667
391.705384	 	5133.333333
558.045078	 	5140.000000
574.871524	 	5146.666667
213.915810	 	5153.333333
127.033566	 	5160.000000
98.780317	 	5166.666667
246.306788	 	5173.333333
722.626664	 	5180.000000
501.246898	 	5186.666667
269.728514	 	5193.333333
179.935089	 	5200.000000
186.674565	 	5206.666667
72.333985	 	5213.333333
468.619344	 	5220.000000
310.187859	 	5226.666667
348.070466	 	5233.333333
235.785006	 	5240.000000
153.757255	 	5246.666667
247.266480	 	5253.333333
474.580406	 	5260.000000
276.098753	 	5266.666667
239.760958	 	5273.333333
133.525972	 	5280.000000
46.006844	 	5286.666667
317.565124	 	5293.333333
407.074561	 	5300.000000
474.424828	 	5306.666667
68.475942	 	5313.333333
188.098478	 	5320.000000
29.713408	 	5326.666667
205.175523	 	5333.333333
73.724650	 	5340.000000
438.142349	 	5346.666667
242.340543	 	5353.333333
320.827459	 	5360.000000
63.459367	 	5366.666667
201.406651	 	5373.333333
90.772305	 	5380.000000
358.545932	 	5386.666667
147.773317	 	5393.333333
119.859838	 	5400.000000
126.754734	 	5406.666667
282.187719	 	5413.333333
25.815794	 	5420.000000
227.240582	 	5426.666667
312.639055	 	5433.333333
313.409598	 	5440.000000
62.255185	 	5446.666667
174.031926	 	5453.333333
21.070375	 	5460.000000
150.279979	 	5466.666667
194.178432	 	5473.333333
414.561460	 	5480.000000
262.870760	 	5486.666667
19.678282	 	5493.333333
41.159845	 	5500.000000
57.782020	 	5506.666667
311.504769	 	5513.333333
160.374880	 	5520.000000
77.283863	 	5526.666667
-75.730334	 	5533.333333
334.607334	 	5540.000000
318.161567	 	5546.666667
207.562674	 	5553.333333
-154.949043	 	5560.000000
174.121631	 	5566.666667
303.864265	 	5573.333333
149.546655	 	5580.000000
71.523394	 	5586.666667
118.758758	 	5593.333333
-38.422495	 	5600.000000
349.160867	 	5606.666667
312.466778	 	5613.333333
233.700360	 	5620.000000
268.408961	 	5626.666667
141.979549	 	5633.333333
3.076290	 	5640.000000
109.398881	 	5646.666667
44.192926	 	5653.333333
-9.958817	 	5660.000000
171.475668	 	5666.666667
564.136153	 	5673.333333
181.575929	 	5680.000000
-18.526180	 	5686.666667
-117.200054	 	5693.333333
151.253684	 	5700.000000
246.229015	 	5706.666667
320.115427	 	5713.333333
-115.644838	 	5720.000000
99.365458	 	5726.666667
59.239600	 	5733.333333
155.209354	 	5740.000000
54.478199	 	5746.666667
55.256157	 	5753.333333
0.605057	 	5760.000000
174.688391	 	5766.666667
41.480155	 	5773.333333
193.084974	 	5780.000000
432.222094	 	5786.666667
71.983735	 	5793.333333
-197.526353	 	5800.000000
31.779109	 	5806.666667
8.726739	 	5813.333333
130.460505	 	5820.000000
283.206495	 	5826.666667
12.767827	 	5833.333333
-7.109635	 	5840.000000
205.309824	 	5846.666667
184.976187	 	5853.333333
-107.708978	 	5860.000000
55.523965	 	5866.666667
9.603345	 	5873.333333
164.620064	 	5880.000000
195.155963	 	5886.666667
297.944439	 	5893.333333
-154.053779	 	5900.000000
-2.385760	 	5906.666667
-59.355927	 	5913.333333
400.685762	 	5920.000000
312.417657	 	5926.666667
61.469411	 	5933.333333
-282.119314	 	5940.000000
-36.114347	 	5946.666667
267.842079	 	5953.333333
403.811288	 	5960.000000
82.843309	 	5966.666667
36.771860	 	5973.333333
95.446817	 	5980.000000
28.131113	 	5986.666667
16.165513	 	5993.333333
192.833208	 	6000.000000
126.496635	 	6006.666667
144.315131	 	6013.333333
38.526760	 	6020.000000
-138.716583	 	6026.666667
92.172208	 	6033.333333
323.280044	 	6040.000000
39.546446	 	6046.666667
-57.019730	 	6053.333333
120.196275	 	6060.000000
169.198099	 	6066.666667
170.855219	 	6073.333333
-53.368169	 	6080.000000
-167.925302	 	6086.666667
161.453372	 	6093.333333
131.412529	 	6100.000000
28.121633	 	6106.666667
100.982243	 	6113.333333
175.803818	 	6120.000000
-46.946606	 	6126.666667
46.056638	 	6133.333333
-45.544455	 	6140.000000
88.135461	 	6146.666667
167.769998	 	6153.333333
-44.276487	 	6160.000000
80.410973	 	6166.666667
264.519111	 	6173.333333
-5.884519	 	6180.000000
-194.882485	 	6186.666667
-42.884285	 	6193.333333
164.751664	 	6200.000000
543.838275	 	6206.666667
119.585513	 	6213.333333
-79.262880	 	6220.000000
-239.707270	 	6226.666667
-111.431896	 	6233.333333
122.245068	 	6240.000000
395.650571	 	6246.666667
-14.717589	 	6253.333333
-90.284408	 	6260.000000
-37.272539	 	6266.666667
217.905465	 	6273.333333
96.767127	 	6280.000000
172.534556	 	6286.666667
-76.113350	 	6293.333333
10.912302	 	6300.000000
57.071011	 	6306.666667
13.559374	 	6313.333333
-248.820110	 	6320.000000
224.932357	 	6326.666667
147.069855	 	6333.333333
253.016367	 	6340.000000
-26.169494	 	6346.666667
-56.344950	 	6353.333333
-196.948503	 	6360.000000
274.040399	 	6366.666667
239.987066	 	6373.333333
144.980726	 	6380.000000
-178.522873	 	6386.666667
-52.279929	 	6393.333333
-3.817475	 	6400.000000
174.872385	 	6406.666667
99.507618	 	6413.333333
-61.023071	 	6420.000000
83.073482	 	6426.666667
-38.050643	 	6433.333333
-11.252338	 	6440.000000
125.906476	 	6446.666667
214.633246	 	6453.333333
-121.214901	 	6460.000000
-72.413664	 	6466.666667
-12.099739	 	6473.333333
-8.730166	 	6480.000000
267.656252	 	6486.666667
179.675440	 	6493.333333
-150.063953	 	6500.000000
-158.571108	 	6506.666667
-74.636655	 	6513.333333
195.247091	 	6520.000000
250.316310	 	6526.666667
-29.205299	 	6533.333333
-216.599495	 	6540.000000
31.497878	 	6546.666667
119.785162	 	6553.333333
78.187239	 	6560.000000
52.378108	 	6566.666667
-107.701861	 	6573.333333
-132.017537	 	6580.000000
132.211601	 	6586.666667
86.354138	 	6593.333333
-88.287705	 	6600.000000
22.218947	 	6606.666667
72.164319	 	6613.333333
93.013948	 	6620.000000
110.846600	 	6626.666667
-196.331783	 	6633.333333
-19.328698	 	6640.000000
109.689192	 	6646.666667
101.012461	 	6653.333333
-60.185308	 	6660.000000
76.885671	 	6666.666667
-111.701818	 	6673.333333
60.295633	 	6680.000000
-48.977579	 	6686.666667
89.712337	 	6693.333333
66.013709	 	6700.000000
63.378579	 	6706.666667
-79.395678	 	6713.333333
-25.734930	 	6720.000000
-32.904866	 	6726.666667
-78.127394	 	6733.333333
135.415055	 	6740.000000
80.189197	 	6746.666667
100.566763	 	6753.333333
-60.133398	 	6760.000000
-50.072835	 	6766.666667
-17.697549	 	6773.333333
131.936920	 	6780.000000
-37.091989	 	6786.666667
-106.250308	 	6793.333333
10.409052	 	6800.000000
71.697274	 	6806.666667
95.461981	 	6813.333333
54.200603	 	6820.000000
-80.256536	 	6826.666667
-93.676861	 	6833.333333
75.404446	 	6840.000000
186.641412	 	6846.666667
-92.430976	 	6853.333333
-125.254780	 	6860.000000
77.969151	 	6866.666667
107.691904	 	6873.333333
49.187682	 	6880.000000
13.273530	 	6886.666667
-125.338485	 	6893.333333
-2.530548	 	6900.000000
-150.639002	 	6906.666667
178.324888	 	6913.333333
203.510207	 	6920.000000
-78.019041	 	6926.666667
-212.689515	 	6933.333333
14.234276	 	6940.000000
21.546199	 	6946.666667
321.313386	 	6953.333333
110.757274	 	6960.000000
-219.856751	 	6966.666667
-132.289417	 	6973.333333
46.021455	 	6980.000000
52.992383	 	6986.666667
143.055290	 	6993.333333
125.452914	 	7000.000000
-142.336609	 	7006.666667
-193.610405	 	7013.333333
254.704039	 	7020.000000
45.625916	 	7026.666667
67.344935	 	7033.333333
-199.970642	 	7040.000000
-88.413306	 	7046.666667
-0.914762	 	7053.333333
278.666406	 	7060.000000
-26.487265	 	7066.666667
12.235398	 	7073.333333
-203.957318	 	7080.000000
20.596058	 	7086.666667
-24.669602	 	7093.333333
100.970652	 	7100.000000
-77.789967	 	7106.666667
127.653528	 	7113.333333
-84.789786	 	7120.000000
121.790158	 	7126.666667
-149.775599	 	7133.333333
52.452314	 	7140.000000
-40.331649	 	7146.666667
204.738430	 	7153.333333
-40.337837	 	7160.000000
-55.897909	 	7166.666667
-53.807748	 	7173.333333
49.706661	 	7180.000000
-133.964368	 	7186.666667
103.611928	 	7193.333333
-138.394827	 	7200.000000
98.902193	 	7206.666667
132.430104	 	7213.333333
14.386456	 	7220.000000
-153.814837	 	7226.666667
9.491836	 	7233.333333
-108.969986	 	7240.000000
360.475860	 	7246.666667
-90.078931	 	7253.333333
-108.999276	 	7260.000000
-255.278247	 	7266.666667
134.504495	 	7273.333333
-2.866612	 	7280.000000
372.592200	 	7286.666667
-110.465636	 	7293.333333
119.945152	 	7300.000000
-91.851085	 	7306.666667
-35.015310	 	7313.333333
-274.709217	 	7320.000000
101.705718	 	7326.666667
101.095899	 	7333.333333
208.224226	 	7340.000000
-148.613135	 	7346.666667
7.086621	 	7353.333333
-200.807112	 	7360.000000
125.998286	 	7366.666667
40.020175	 	7373.333333
-12.655433	 	7380.000000
-164.530267	 	7386.666667
266.175576	 	7393.333333
122.473641	 	7400.000000
-62.488493	 	7406.666667
-261.676315	 	7413.333333
-105.532447	 	7420.000000
92.963290	 	7426.666667
176.297476	 	7433.333333
-74.089918	 	7440.000000
-8.543494	 	7446.666667
-170.685548	 	7453.333333
175.982253	 	7460.000000
84.183623	 	7466.666667
54.026776	 	7473.333333
-208.618392	 	7480.000000
4.272557	 	7486.666667
5.728334	 	7493.333333
174.292227	 	7500.000000
-61.481299	 	7506.666667
28.314199	 	7513.333333
-101.446617	 	7520.000000
164.220440	 	7526.666667
104.250178	 	7533.333333
-29.839500	 	7540.000000
-161.743002	 	7546.666667
87.302355	 	7553.333333
199.185808	 	7560.000000
145.430001	 	7566.666667
-205.104249	 	7573.333333
-87.355826	 	7580.000000
-75.521693	 	7586.666667
-60.295388	 	7593.333333
-57.475391	 	7600.000000
302.715669	 	7606.666667
150.762040	 	7613.333333
37.868904	 	7620.000000
-318.925371	 	7626.666667
-271.154947	 	7633.333333
40.350815	 	7640.000000
234.881866	 	7646.666667
59.544241	 	7653.333333
-22.838597	 	7660.000000
-82.638917	 	7666.666667
-31.267090	 	7673.333333
-23.328156	 	7680.000000
-0.509608	 	7686.666667
34.424197	 	7693.333333
-54.963162	 	7700.000000
44.130512	 	7706.666667
47.947158	 	7713.333333
16.278952	 	7720.000000
-23.239556	 	7726.666667
5.563819	 	7733.333333
-24.182555	 	7740.000000
-15.585925	 	7746.666667
-153.580519	 	7753.333333
46.231157	 	7760.000000
205.552481	 	7766.666667
59.581461	 	7773.333333
71.206715	 	7780.000000
-134.694599	 	7786.666667
-10.918532	 	7793.333333
-43.974387	 	7800.000000
-79.408105	 	7806.666667
-10.144896	 	7813.333333
87.371842	 	7820.000000
-41.123013	 	7826.666667
41.149328	 	7833.333333
-31.875082	 	7840.000000
-187.056460	 	7846.666667
95.675393	 	7853.333333
105.366506	 	7860.000000
127.769049	 	7866.666667
-10.509217	 	7873.333333
-74.879133	 	7880.000000
-87.157712	 	7886.666667
89.935801	 	7893.333333
28.398276	 	7900.000000
-65.774203	 	7906.666667
9.995045	 	7913.333333
145.748936	 	7920.000000
-72.412842	 	7926.666667
-0.049004	 	7933.333333
-13.071049	 	7940.000000
24.953181	 	7946.666667
-11.209885	 	7953.333333
17.429291	 	7960.000000
-85.216835	 	7966.666667
57.178047	 	7973.333333
46.890359	 	7980.000000
-1.289341	 	7986.666667
20.725132	 	7993.333333
76.680600	 	8000.000000
-9.569927	 	8006.666667
87.859298	 	8013.333333
88.893591	 	8020.000000
84.228102	 	8026.666667
38.361906	 	8033.333333
-89.073525	 	8040.000000
-194.574209	 	8046.666667
97.146038	 	8053.333333
94.314114	 	8060.000000
153.389736	 	8066.666667
89.621724	 	8073.333333
-143.384516	 	8080.000000
-101.630698	 	8086.666667
-18.200270	 	8093.333333
-51.320186	 	8100.000000
23.636582	 	8106.666667
41.673173	 	8113.333333
296.871317	 	8120.000000
223.185306	 	8126.666667
-166.820996	 	8133.333333
-423.045872	 	8140.000000
-190.379529	 	8146.666667
139.308505	 	8153.333333
534.590985	 	8160.000000
78.792418	 	8166.666667
-146.180553	 	8173.333333
-134.612762	 	8180.000000
-69.061402	 	8186.666667
-6.149517	 	8193.333333
261.528405	 	8200.000000
98.430274	 	8206.666667
-149.369124	 	8213.333333
-135.754241	 	8220.000000
5.477231	 	8226.666667
-33.830560	 	8233.333333
205.292121	 	8240.000000
49.452557	 	8246.666667
-75.501089	 	8253.333333
64.254211	 	8260.000000
23.078026	 	8266.666667
-190.712503	 	8273.333333
6.791248	 	8280.000000
16.633053	 	8286.666667
-23.873928	 	8293.333333
59.339319	 	8300.000000
112.898092	 	8306.666667
62.758472	 	8313.333333
-87.685807	 	8320.000000
-209.543570	 	8326.666667
-73.265727	 	8333.333333
119.514398	 	8340.000000
106.098576	 	8346.666667
-10.289041	 	8353.333333
51.599739	 	8360.000000
130.777463	 	8366.666667
-18.518287	 	8373.333333
-198.399417	 	8380.000000
-179.683458	 	8386.666667
13.578387	 	8393.333333
422.755949	 	8400.000000
219.706519	 	8406.666667
-104.020830	 	8413.333333
-279.103630	 	8420.000000
-179.579264	 	8426.666667
41.207683	 	8433.333333
124.269231	 	8440.000000
92.340473	 	8446.666667
87.271226	 	8453.333333
33.693400	 	8460.000000
-144.792946	 	8466.666667
-26.455933	 	8473.333333
-6.845439	 	8480.000000
147.046721	 	8486.666667
14.938804	 	8493.333333
-125.994166	 	8500.000000
-90.820651	 	8506.666667
311.305344	 	8513.333333
-242.406421	 	8520.000000
-79.444095	 	8526.666667
67.169839	 	8533.333333
172.248505	 	8540.000000
-81.004447	 	8546.666667
85.602784	 	8553.333333
-181.339528	 	8560.000000
-131.084458	 	8566.666667
54.254164	 	8573.333333
146.926441	 	8580.000000
82.072501	 	8586.666667
10.264783	 	8593.333333
-104.658601	 	8600.000000
-147.631678	 	8606.666667
-90.247010	 	8613.333333
97.058923	 	8620.000000
61.726789	 	8626.666667
92.558149	 	8633.333333
6.441266	 	8640.000000
-48.275951	 	8646.666667
-186.161179	 	8653.333333
-39.905302	 	8660.000000
181.376943	 	8666.666667
-68.163832	 	8673.333333
139.684452	 	8680.000000
52.980907	 	8686.666667
-156.546298	 	8693.333333
-128.264555	 	8700.000000
-8.533572	 	8706.666667
-75.201481	 	8713.333333
348.695008	 	8720.000000
-84.129598	 	8726.666667
-201.662371	 	8733.333333
-149.331163	 	8740.000000
132.596847	 	8746.666667
80.646306	 	8753.333333
238.750503	 	8760.000000
-36.592708	 	8766.666667
-112.900549	 	8773.333333
-157.970617	 	8780.000000
71.608547	 	8786.666667
-113.870143	 	8793.333333
32.644401	 	8800.000000
106.322197	 	8806.666667
-13.892148	 	8813.333333
-88.773214	 	8820.000000
86.808886	 	8826.666667
-130.978253	 	8833.333333
211.455437	 	8840.000000
-60.779599	 	8846.666667
-67.389734	 	8853.333333
-117.409009	 	8860.000000
-9.839926	 	8866.666667
-85.491766	 	8873.333333
261.020204	 	8880.000000
-124.163684	 	8886.666667
96.356627	 	8893.333333
-69.933768	 	8900.000000
-17.746460	 	8906.666667
-161.612670	 	8913.333333
99.371319	 	8920.000000
-39.326400	 	8926.666667
180.902109	 	8933.333333
-32.460687	 	8940.000000
-98.252251	 	8946.666667
74.677179	 	8953.333333
-13.353172	 	8960.000000
16.062379	 	8966.666667
-18.354452	 	8973.333333
72.590625	 	8980.000000
-167.957363	 	8986.666667
91.917823	 	8993.333333
-18.676649	 	9000.000000
23.950941	 	9006.666667
-62.664474	 	9013.333333
224.621107	 	9020.000000
-179.596523	 	9026.666667
-97.639033	 	9033.333333
-204.072190	 	9040.000000
268.050053	 	9046.666667
45.038423	 	9053.333333
211.451374	 	9060.000000
-272.832890	 	9066.666667
-75.318561	 	9073.333333
-90.865303	 	9080.000000
228.647738	 	9086.666667
-87.625851	 	9093.333333
25.269127	 	9100.000000
-80.572928	 	9106.666667
137.431429	 	9113.333333
-17.835924	 	9120.000000
9.510728	 	9126.666667
-201.017326	 	9133.333333
116.614804	 	9140.000000
-69.360438	 	9146.666667
82.020179	 	9153.333333
-20.826313	 	9160.000000
-11.747610	 	9166.666667
-138.424544	 	9173.333333
222.627720	 	9180.000000
-6.478738	 	9186.666667
58.409139	 	9193.333333
-89.523960	 	9200.000000
96.196173	 	9206.666667
-183.370787	 	9213.333333
-26.508253	 	9220.000000
-13.389595	 	9226.666667
200.473213	 	9233.333333
-175.054918	 	9240.000000
55.224638	 	9246.666667
-0.325485	 	9253.333333
147.550785	 	9260.000000
-200.997963	 	9266.666667
-232.282850	 	9273.333333
-92.954697	 	9280.000000
411.870130	 	9286.666667
63.421626	 	9293.333333
-66.042660	 	9300.000000
-277.654572	 	9306.666667
40.605981	 	9313.333333
172.232490	 	9320.000000
44.917328	 	9326.666667
-220.243515	 	9333.333333
19.248223	 	9340.000000
20.570865	 	9346.666667
163.730398	 	9353.333333
-107.132087	 	9360.000000
18.057768	 	9366.666667
-46.845986	 	9373.333333
77.200307	 	9380.000000
-17.383609	 	9386.666667
-30.166137	 	9393.333333
-55.952605	 	9400.000000
109.409477	 	9406.666667
141.377641	 	9413.333333
-126.433436	 	9420.000000
-113.679583	 	9426.666667
91.175111	 	9433.333333
11.750220	 	9440.000000
-93.276380	 	9446.666667
149.511511	 	9453.333333
53.849671	 	9460.000000
-104.449604	 	9466.666667
-84.083617	 	9473.333333
33.192887	 	9480.000000
47.932000	 	9486.666667
147.061774	 	9493.333333
75.097848	 	9500.000000
-251.310074	 	9506.666667
-145.674514	 	9513.333333
-38.576062	 	9520.000000
105.763999	 	9526.666667
177.929601	 	9533.333333
6.842505	 	9540.000000
-214.863207	 	9546.666667
-129.113461	 	9553.333333
76.590876	 	9560.000000
156.610697	 	9566.666667
30.624077	 	9573.333333
-47.512975	 	9580.000000
83.339781	 	9586.666667
59.627852	 	9593.333333
-186.780513	 	9600.000000
-217.670262	 	9606.666667
195.028085	 	9613.333333
154.945886	 	9620.000000
-3.180629	 	9626.666667
-193.437088	 	9633.333333
-92.200888	 	9640.000000
-60.502452	 	9646.666667
133.800583	 	9653.333333
76.659315	 	9660.000000
123.641902	 	9666.666667
-184.616389	 	9673.333333
-25.715698	 	9680.000000
19.523480	 	9686.666667
-11.153965	 	9693.333333
-138.006057	 	9700.000000
359.406980	 	9706.666667
-10.403666	 	9713.333333
-74.832396	 	9720.000000
-195.451650	 	9726.666667
-87.783441	 	9733.333333
-182.823988	 	9740.000000
546.266702	 	9746.666667
-18.171150	 	9753.333333
-81.825216	 	9760.000000
-154.385938	 	9766.666667
85.576398	 	9773.333333
-115.272122	 	9780.000000
192.578451	 	9786.666667
-145.199535	 	9793.333333
77.685092	 	9800.000000
-44.543383	 	9806.666667
46.186479	 	9813.333333
-155.861169	 	9820.000000
211.192376	 	9826.666667
-77.656765	 	9833.333333
134.851919	 	9840.000000
-206.944192	 	9846.666667
-74.107268	 	9853.333333
-125.259917	 	9860.000000
328.559541	 	9866.666667
38.450452	 	9873.333333
-28.083218	 	9880.000000
-142.376100	 	9886.666667
62.522855	 	9893.333333
-87.239635	 	9900.000000
-96.314302	 	9906.666667
10.978483	 	9913.333333
19.323131	 	9920.000000
-55.128943	 	9926.666667
94.102383	 	9933.333333
113.590410	 	9940.000000
-79.587062	 	9946.666667
49.452384	 	9953.333333
-159.758291	 	9960.000000
-34.529308	 	9966.666667
114.698623	 	9973.333333
82.182017	 	9980.000000
-229.531491	 	9986.666667
259.435559	 	9993.333333
-195.233422	 	10000.000000
67.311154	 	10006.666667
-39.398360	 	10013.333333
161.250044	 	10020.000000
-343.252444	 	10026.666667
254.907183	 	10033.333333
-211.216508	 	10040.000000
7.364008	 	10046.666667
-92.422858	 	10053.333333
476.244960	 	10060.000000
-270.210440	 	10066.666667
72.635230	 	10073.333333
-330.496990	 	10080.000000
107.123083	 	10086.666667
-27.736892	 	10093.333333
320.887156	 	10100.000000
-270.075712	 	10106.666667
133.737629	 	10113.333333
-295.698278	 	10120.000000
174.891718	 	10126.666667
-0.847676	 	10133.333333
189.210091	 	10140.000000
-183.065126	 	10146.666667
169.492428	 	10153.333333
-169.022256	 	10160.000000
177.001131	 	10166.666667
-153.784655	 	10173.333333
-34.433513	 	10180.000000
-99.386151	 	10186.666667
294.955851	 	10193.333333
-97.946780	 	10200.000000
-103.649391	 	10206.666667
-134.707623	 	10213.333333
125.673227	 	10220.000000
-154.298742	 	10226.666667
-24.840060	 	10233.333333
171.617832	 	10240.000000
209.293115	 	10246.666667
-212.476293	 	10253.333333
-177.118192	 	10260.000000
-156.046764	 	10266.666667
270.749941	 	10273.333333
152.427460	 	10280.000000
-18.978231	 	10286.666667
-307.452215	 	10293.333333
-14.561148	 	10300.000000
-31.329163	 	10306.666667
322.724194	 	10313.333333
-156.591398	 	10320.000000
3.213645	 	10326.666667
-149.290244	 	10333.333333
73.405332	 	10340.000000
-141.082826	 	10346.666667
146.389650	 	10353.333333
-43.608259	 	10360.000000
228.114798	 	10366.666667
-126.192184	 	10373.333333
69.914639	 	10380.000000
-178.214936	 	10386.666667
-42.838835	 	10393.333333
-67.047897	 	10400.000000
145.387024	 	10406.666667
-48.184851	 	10413.333333
211.585529	 	10420.000000
-255.121714	 	10426.666667
-100.626086	 	10433.333333
127.076311	 	10440.000000
234.517822	 	10446.666667
-404.626541	 	10453.333333
18.604781	 	10460.000000
-48.412278	 	10466.666667
289.552105	 	10473.333333
-133.952228	 	10480.000000
-87.825635	 	10486.666667
-82.728124	 	10493.333333
308.583339	 	10500.000000
-165.533455	 	10506.666667
-132.709872	 	10513.333333
-63.849884	 	10520.000000
177.553282	 	10526.666667
-25.631701	 	10533.333333
-115.195455	 	10540.000000
-20.956950	 	10546.666667
269.344232	 	10553.333333
35.075876	 	10560.000000
-108.204987	 	10566.666667
-169.963837	 	10573.333333
-27.766107	 	10580.000000
-9.058868	 	10586.666667
69.537022	 	10593.333333
-32.472665	 	10600.000000
1.708497	 	10606.666667
136.472380	 	10613.333333
18.862310	 	10620.000000
-265.790060	 	10626.666667
-14.193246	 	10633.333333
25.104742	 	10640.000000
160.221231	 	10646.666667
-102.407578	 	10653.333333
42.250390	 	10660.000000
-28.681148	 	10666.666667
-51.976805	 	10673.333333
-175.644884	 	10680.000000
262.495543	 	10686.666667
-11.330612	 	10693.333333
-149.214112	 	10700.000000
1.479751	 	10706.666667
-15.214194	 	10713.333333
-92.632941	 	10720.000000
-5.412051	 	10726.666667
25.686884	 	10733.333333
-35.895425	 	10740.000000
200.363185	 	10746.666667
-67.771403	 	10753.333333
-56.083248	 	10760.000000
70.888650	 	10766.666667
-116.088722	 	10773.333333
-176.838194	 	10780.000000
187.742837	 	10786.666667
63.644618	 	10793.333333
1.915389	 	10800.000000
-21.229096	 	10806.666667
-142.516668	 	10813.333333
78.792747	 	10820.000000
165.752277	 	10826.666667
-192.672742	 	10833.333333
-18.932077	 	10840.000000
162.257731	 	10846.666667
-25.877549	 	10853.333333
35.131820	 	10860.000000
70.778958	 	10866.666667
-321.444425	 	10873.333333
110.699327	 	10880.000000
195.285481	 	10886.666667
-199.014713	 	10893.333333
-13.642781	 	10900.000000
27.740960	 	10906.666667
-99.690317	 	10913.333333
145.912167	 	10920.000000
-6.758916	 	10926.666667
-16.894978	 	10933.333333
126.560511	 	10940.000000
-40.527190	 	10946.666667
-184.410111	 	10953.333333
-84.017744	 	10960.000000
33.376189	 	10966.666667
196.077885	 	10973.333333
26.478638	 	10980.000000
-85.951700	 	10986.666667
-83.714985	 	10993.333333
-222.002011	 	11000.000000
-48.345366	 	11006.666667
144.143418	 	11013.333333
241.977529	 	11020.000000
-17.761311	 	11026.666667
-117.477304	 	11033.333333
-89.131996	 	11040.000000
-147.774361	 	11046.666667
-85.466353	 	11053.333333
136.201412	 	11060.000000
106.548505	 	11066.666667
97.832839	 	11073.333333
-143.431615	 	11080.000000
-202.075033	 	11086.666667
169.391619	 	11093.333333
33.234691	 	11100.000000
-205.915793	 	11106.666667
71.757020	 	11113.333333
44.703655	 	11120.000000
-8.981153	 	11126.666667
-56.499568	 	11133.333333
-103.704288	 	11140.000000
19.571032	 	11146.666667
110.427835	 	11153.333333
-69.713291	 	11160.000000
30.680685	 	11166.666667
-25.828214	 	11173.333333
32.538322	 	11180.000000
-108.696745	 	11186.666667
87.979629	 	11193.333333
-141.962154	 	11200.000000
-82.188346	 	11206.666667
-32.801939	 	11213.333333
243.714944	 	11220.000000
-60.767162	 	11226.666667
-7.944218	 	11233.333333
-263.980908	 	11240.000000
105.680269	 	11246.666667
105.771510	 	11253.333333
-106.400733	 	11260.000000
-81.312169	 	11266.666667
177.326899	 	11273.333333
-104.101806	 	11280.000000
-48.570415	 	11286.666667
-109.841711	 	11293.333333
-21.101635	 	11300.000000
299.238510	 	11306.666667
-44.188437	 	11313.333333
-273.363319	 	11320.000000
-52.537153	 	11326.666667
-194.418084	 	11333.333333
401.130365	 	11340.000000
114.764384	 	11346.666667
-174.163672	 	11353.333333
-313.555281	 	11360.000000
210.152557	 	11366.666667
-123.209408	 	11373.333333
189.865696	 	11380.000000
-107.371472	 	11386.666667
-41.220067	 	11393.333333
-153.339802	 	11400.000000
132.161543	 	11406.666667
-59.175433	 	11413.333333
114.016821	 	11420.000000
-41.227134	 	11426.666667
-9.805498	 	11433.333333
-144.678995	 	11440.000000
64.887182	 	11446.666667
-125.580280	 	11453.333333
11.352810	 	11460.000000
67.290592	 	11466.666667
61.390289	 	11473.333333
-137.774020	 	11480.000000
-120.168002	 	11486.666667
-122.931119	 	11493.333333
272.270337	 	11500.000000
116.211177	 	11506.666667
-88.698084	 	11513.333333
-138.790541	 	11520.000000
14.221291	 	11526.666667
-131.615432	 	11533.333333
-87.802538	 	11540.000000
-19.698874	 	11546.666667
231.790246	 	11553.333333
180.792285	 	11560.000000
-65.474418	 	11566.666667
-78.152011	 	11573.333333
-156.317343	 	11580.000000
-32.220855	 	11586.666667
-113.642236	 	11593.333333
92.105617	 	11600.000000
-5.471647	 	11606.666667
162.958727	 	11613.333333
-22.234604	 	11620.000000
-189.167517	 	11626.666667
-82.295479	 	11633.333333
266.433034	 	11640.000000
30.429250	 	11646.666667
-131.389913	 	11653.333333
-151.721340	 	11660.000000
-225.269698	 	11666.666667
239.091785	 	11673.333333
152.302046	 	11680.000000
21.366734	 	11686.666667
102.855670	 	11693.333333
30.330994	 	11700.000000
-231.184938	 	11706.666667
54.853188	 	11713.333333
-120.606097	 	11720.000000
-21.303636	 	11726.666667
181.456735	 	11733.333333
-9.365315	 	11740.000000
-126.031372	 	11746.666667
36.188717	 	11753.333333
-75.958070	 	11760.000000
-108.082596	 	11766.666667
75.781842	 	11773.333333
118.899246	 	11780.000000
-45.144373	 	11786.666667
-78.799607	 	11793.333333
-71.535074	 	11800.000000
6.519310	 	11806.666667
38.135207	 	11813.333333
-94.804447	 	11820.000000
-95.161791	 	11826.666667
99.848230	 	11833.333333
99.477010	 	11840.000000
-84.701510	 	11846.666667
-49.517911	 	11853.333333
-18.609137	 	11860.000000
156.842559	 	11866.666667
-8.392891	 	11873.333333
-114.820105	 	11880.000000
-149.290337	 	11886.666667
40.398005	 	11893.333333
-80.060453	 	11900.000000
217.586585	 	11906.666667
40.182664	 	11913.333333
-101.052974	 	11920.000000
-118.996606	 	11926.666667
120.844699	 	11933.333333
-11.100898	 	11940.000000
-40.406218	 	11946.666667
-166.199897	 	11953.333333
11.166475	 	11960.000000
111.997066	 	11966.666667
120.534361	 	11973.333333
-97.177624	 	11980.000000
-117.328298	 	11986.666667
-154.876851	 	11993.333333
186.153358	 	12000.000000
21.089431	 	12006.666667
124.872606	 	12013.333333
-267.187952	 	12020.000000
-25.957334	 	12026.666667
-59.222276	 	12033.333333
118.648104	 	12040.000000
-84.741786	 	12046.666667
248.752150	 	12053.333333
-325.520601	 	12060.000000
-10.194987	 	12066.666667
-94.459616	 	12073.333333
277.871594	 	12080.000000
-166.274036	 	12086.666667
-24.221122	 	12093.333333
77.179939	 	12100.000000
64.491913	 	12106.666667
-285.097031	 	12113.333333
-12.582192	 	12120.000000
-16.260151	 	12126.666667
391.244697	 	12133.333333
-173.144334	 	12140.000000
-235.081857	 	12146.666667
-99.832816	 	12153.333333
202.229114	 	12160.000000
-49.373617	 	12166.666667
-59.369874	 	12173.333333
182.156782	 	12180.000000
-41.039482	 	12186.666667
-76.336496	 	12193.333333
-232.431491	 	12200.000000
186.018638	 	12206.666667
106.702466	 	12213.333333
-91.875574	 	12220.000000
-228.854959	 	12226.666667
102.578323	 	12233.333333
-95.124452	 	12240.000000
179.916479	 	12246.666667
225.713538	 	12253.333333
-187.969360	 	12260.000000
-446.301585	 	12266.666667
-62.814848	 	12273.333333
246.095840	 	12280.000000
68.438989	 	12286.666667
231.869983	 	12293.333333
41.263683	 	12300.000000
-597.845360	 	12306.666667
-62.008633	 	12313.333333
256.836471	 	12320.000000
211.717677	 	12326.666667
-474.290764	 	12333.333333
-14.633354	 	12340.000000
310.411915	 	12346.666667
617.626583	 	12353.333333
-485.343862	 	12360.000000
-620.876470	 	12366.666667
-296.308188	 	12373.333333
1219.997847	 	12380.000000
-556.336448	 	12386.666667
444.249083	 	12393.333333
343.195824	 	12400.000000
-559.481477	 	12406.666667
-928.185617	 	12413.333333
-224.944946	 	12420.000000
1342.640449	 	12426.666667
23.904119	 	12433.333333
-276.691156	 	12440.000000
217.420272	 	12446.666667
-181.160725	 	12453.333333
-511.349111	 	12460.000000
-645.611299	 	12466.666667
1008.166599	 	12473.333333
737.429972	 	12480.000000
-768.868305	 	12486.666667
-102.787573	 	12493.333333
296.048792	 	12500.000000
-78.592769	 	12506.666667
-511.844754	 	12513.333333
-637.465249	 	12520.000000
1039.109703	 	12526.666667
298.616710	 	12533.333333
-768.344082	 	12540.000000
873.440000	 	12546.666667
-672.670410	 	12553.333333
219.001545	 	12560.000000
-560.378754	 	12566.666667
637.950001	 	12573.333333
-365.879375	 	12580.000000
-849.986728	 	12586.666667
1511.059628	 	12593.333333
-328.259692	 	12600.000000
-2.644045	 	12606.666667
-623.010763	 	12613.333333
16.980437	 	12620.000000
324.197053	 	12626.666667
-104.503938	 	12633.333333
-134.687198	 	12640.000000
492.007837	 	12646.666667
-755.178883	 	12653.333333
552.789762	 	12660.000000
-286.055381	 	12666.666667
244.774563	 	12673.333333
-749.794830	 	12680.000000
1101.823426	 	12686.666667
-722.425727	 	12693.333333
624.320954	 	12700.000000
-354.674664	 	12706.666667
534.333269	 	12713.333333
-762.696043	 	12720.000000
-292.077564	 	12726.666667
-239.008244	 	12733.333333
843.872183	 	12740.000000
623.059211	 	12746.666667
-626.685324	 	12753.333333
-784.577134	 	12760.000000
1107.248490	 	12766.666667
-285.366422	 	12773.333333
-922.063914	 	12780.000000
-999.663284	 	12786.666667
2932.591285	 	12793.333333
-885.735834	 	12800.000000
-695.380759	 	12806.666667
-383.768406	 	12813.333333
1572.630127	 	12820.000000
-997.676750	 	12826.666667
-966.752346	 	12833.333333
-673.702594	 	12840.000000
3660.352808	 	12846.666667
-969.919954	 	12853.333333
-965.853424	 	12860.000000
-998.877232	 	12866.666667
-960.564266	 	12873.333333
2461.745298	 	12880.000000
-917.804499	 	12886.666667
1651.227954	 	12893.333333
-977.990550	 	12900.000000
-999.577047	 	12906.666667
-333.310091	 	12913.333333
921.990666	 	12920.000000
-998.935632	 	12926.666667
2405.963183	 	12933.333333
-923.936768	 	12940.000000
-982.579132	 	12946.666667
-576.717023	 	12953.333333
1432.473991	 	12960.000000
-917.236807	 	12966.666667
1063.103501	 	12973.333333
-993.893779	 	12980.000000
618.481957	 	12986.666667
643.274735	 	12993.333333
-995.641442	 	13000.000000
-932.690942	 	13006.666667
-800.578407	 	13013.333333
3687.009847	 	13020.000000
-999.759295	 	13026.666667
-987.848743	 	13033.333333
-999.929517	 	13040.000000
2545.766659	 	13046.666667
-997.060536	 	13053.333333
-993.735682	 	13060.000000
1042.023185	 	13066.666667
-984.039642	 	13073.333333
-999.991767	 	13080.000000
2604.148484	 	13086.666667
765.194455	 	13093.333333
-999.640328	 	13100.000000
-999.950461	 	13106.666667
-998.927924	 	13113.333333
-945.726631	 	13120.000000
2507.565748	 	13126.666667
1479.881669	 	13133.333333
-991.517711	 	13140.000000
-550.437551	 	13146.666667
-999.883486	 	13153.333333
-999.998730	 	13160.000000
2523.922001	 	13166.666667
-426.850101	 	13173.333333
1145.758086	 	13180.000000
-999.998730	 	13186.666667
-926.416995	 	13193.333333
-999.939299	 	13200.000000
-999.998730	 	13206.666667
-999.998730	 	13213.333333
7103.544663	 	13220.000000
-999.998730	 	13226.666667
-999.998730	 	13233.333333
-999.998732	 	13240.000000
-999.998731	 	13246.666667
-999.998736	 	13253.333333
-999.998742	 	13260.000000
-999.998737	 	13266.666667
-999.998735	 	13273.333333
-999.998753	 	13280.000000
-999.998780	 	13286.666667
-999.998733	 	13293.333333
-999.998780	 	13300.000000
-999.998890	 	13306.666667
-999.998943	 	13313.333333
-999.998830	 	13320.000000
-999.998922	 	13326.666667
