#peak 	 	#time 
-999.999021	 	0.000000
-999.999220	 	6.666667
-999.998883	 	13.333333
-999.999325	 	20.000000
-999.999149	 	26.666667
-999.998940	 	33.333333
-999.999231	 	40.000000
-999.998876	 	46.666667
-999.999665	 	53.333333
-999.999911	 	60.000000
-999.999997	 	66.666667
-1000.000000	 	73.333333
-1000.000000	 	80.000000
-1000.000000	 	86.666667
-1000.000000	 	93.333333
32689.374319	 	100.000000
-999.998859	 	106.666667
-999.998865	 	113.333333
-999.998867	 	120.000000
-999.998872	 	126.666667
-999.998848	 	133.333333
-999.998863	 	140.000000
-999.998852	 	146.666667
-999.998849	 	153.333333
-999.998855	 	160.000000
-999.998848	 	166.666667
-999.998850	 	173.333333
-999.998848	 	180.000000
-999.998848	 	186.666667
-999.998848	 	193.333333
1840.603859	 	200.000000
4075.083682	 	206.666667
-847.594606	 	213.333333
-964.187728	 	220.000000
-820.276228	 	226.666667
-380.697199	 	233.333333
200.167178	 	240.000000
235.990150	 	246.666667
226.668599	 	253.333333
-32.233435	 	260.000000
-328.617075	 	266.666667
-144.705965	 	273.333333
345.641700	 	280.000000
43.303929	 	286.666667
-318.835729	 	293.333333
13.866821	 	300.000000
319.590399	 	306.666667
57.558180	 	313.333333
-328.552316	 	320.000000
-145.807739	 	326.666667
14.936037	 	333.333333
207.115051	 	340.000000
-65.418044	 	346.666667
-106.952018	 	353.333333
151.641881	 	360.000000
35.226045	 	366.666667
-55.206404	 	373.333333
63.540931	 	380.000000
-338.918773	 	386.666667
80.285834	 	393.333333
-94.553311	 	400.000000
-3.158837	 	406.666667
195.133273	 	413.333333
349.905940	 	420.000000
-323.080048	 	426.666667
-270.471089	 	433.333333
-273.557841	 	440.000000
767.476159	 	446.666667
-59.561515	 	453.333333
53.131963	 	460.000000
-284.750456	 	466.666667
-177.317110	 	473.333333
-17.201463	 	480.000000
433.367170	 	486.666667
-328.163202	 	493.333333
176.128090	 	500.000000
-18.205095	 	506.666667
138.732310	 	513.333333
-224.854315	 	520.000000
-12.477042	 	526.666667
-122.427717	 	533.333333
301.363349	 	540.000000
68.646445	 	546.666667
137.127253	 	553.333333
-264.234470	 	560.000000
59.211029	 	566.666667
-159.641136	 	573.333333
-20.134386	 	580.000000
103.257845	 	586.666667
157.420703	 	593.333333
97.483773	 	600.000000
-72.672834	 	606.666667
-164.125712	 	613.333333
-47.371511	 	620.000000
80.358978	 	626.666667
161.801711	 	633.333333
274.617487	 	640.000000
-207.897099	 	646.666667
-164.532392	 	653.333333
-25.739780	 	660.000000
-124.798813	 	666.666667
235.958001	 	673.333333
120.586231	 	680.000000
-117.928573	 	686.666667
-82.167487	 	693.333333
96.130716	 	700.000000
-11.185248	 	706.666667
-0.228268	 	713.333333
-35.250388	 	720.000000
81.661708	 	726.666667
69.537595	 	733.333333
-76.821060	 	740.000000
-214.634513	 	746.666667
-15.520507	 	753.333333
166.483227	 	760.000000
223.796281	 	766.666667
-118.333946	 	773.333333
-90.117510	 	780.000000
31.130390	 	786.666667
-3.478663	 	793.333333
-82.999692	 	800.000000
11.148276	 	806.666667
174.157411	 	813.333333
43.449776	 	820.000000
-2.167246	 	826.666667
-120.767510	 	833.333333
-34.308170	 	840.000000
-23.790112	 	846.666667
-7.334491	 	853.333333
193.533523	 	860.000000
170.782701	 	866.666667
-211.802555	 	873.333333
-48.900095	 	880.000000
-22.079953	 	886.666667
66.818420	 	893.333333
73.180640	 	900.000000
69.914807	 	906.666667
-191.374422	 	913.333333
-45.068957	 	920.000000
143.572721	 	926.666667
47.374759	 	933.333333
-26.147991	 	940.000000
-25.908130	 	946.666667
-55.811497	 	953.333333
26.724287	 	960.000000
37.378606	 	966.666667
57.946686	 	973.333333
57.823875	 	980.000000
-111.625971	 	986.666667
-109.089494	 	993.333333
142.231949	 	1000.000000
-8.038346	 	1006.666667
15.486783	 	1013.333333
23.808031	 	1020.000000
-60.478102	 	1026.666667
-7.577315	 	1033.333333
-12.169353	 	1040.000000
67.420308	 	1046.666667
173.153761	 	1053.333333
-128.418729	 	1060.000000
-57.169041	 	1066.666667
-74.333473	 	1073.333333
27.762331	 	1080.000000
79.856388	 	1086.666667
68.497740	 	1093.333333
-13.306858	 	1100.000000
18.230228	 	1106.666667
-90.735865	 	1113.333333
125.154781	 	1120.000000
48.812158	 	1126.666667
-19.901571	 	1133.333333
-136.743411	 	1140.000000
17.932193	 	1146.666667
267.554406	 	1153.333333
-50.247849	 	1160.000000
-18.799220	 	1166.666667
-145.572895	 	1173.333333
2.830832	 	1180.000000
27.125177	 	1186.666667
60.937636	 	1193.333333
7.431474	 	1200.000000
-68.458792	 	1206.666667
64.109268	 	1213.333333
16.928473	 	1220.000000
-9.888638	 	1226.666667
108.381845	 	1233.333333
-8.991011	 	1240.000000
-135.520613	 	1246.666667
-73.587882	 	1253.333333
61.837688	 	1260.000000
109.784544	 	1266.666667
34.569909	 	1273.333333
-74.509928	 	1280.000000
-38.432774	 	1286.666667
-20.317972	 	1293.333333
134.667360	 	1300.000000
-83.791310	 	1306.666667
11.355924	 	1313.333333
57.830870	 	1320.000000
14.863077	 	1326.666667
109.196539	 	1333.333333
-8.274390	 	1340.000000
-142.719252	 	1346.666667
-52.606112	 	1353.333333
68.962516	 	1360.000000
98.907800	 	1366.666667
70.251874	 	1373.333333
-109.574940	 	1380.000000
-71.382618	 	1386.666667
133.623218	 	1393.333333
28.472852	 	1400.000000
-41.457788	 	1406.666667
-103.089669	 	1413.333333
33.863604	 	1420.000000
90.736545	 	1426.666667
194.858334	 	1433.333333
-49.486347	 	1440.000000
-96.307522	 	1446.666667
-117.134737	 	1453.333333
75.316650	 	1460.000000
29.769083	 	1466.666667
85.615242	 	1473.333333
-150.627950	 	1480.000000
57.911694	 	1486.666667
-55.757025	 	1493.333333
77.772299	 	1500.000000
59.888153	 	1506.666667
18.303830	 	1513.333333
-101.599812	 	1520.000000
35.690187	 	1526.666667
-71.119338	 	1533.333333
79.597556	 	1540.000000
93.216025	 	1546.666667
52.465838	 	1553.333333
-234.569386	 	1560.000000
-32.151495	 	1566.666667
102.634196	 	1573.333333
115.352982	 	1580.000000
-20.351824	 	1586.666667
-58.321862	 	1593.333333
-25.754941	 	1600.000000
72.312564	 	1606.666667
74.119908	 	1613.333333
-49.616532	 	1620.000000
-121.008595	 	1626.666667
45.538936	 	1633.333333
18.919753	 	1640.000000
31.703563	 	1646.666667
115.310429	 	1653.333333
-102.118987	 	1660.000000
-93.857606	 	1666.666667
74.289300	 	1673.333333
41.964583	 	1680.000000
-20.428164	 	1686.666667
-30.702051	 	1693.333333
52.126891	 	1700.000000
53.510476	 	1706.666667
-1.856830	 	1713.333333
-28.208595	 	1720.000000
-131.626358	 	1726.666667
4.195413	 	1733.333333
140.674584	 	1740.000000
146.730587	 	1746.666667
-102.680695	 	1753.333333
-79.461172	 	1760.000000
-15.198822	 	1766.666667
-45.163964	 	1773.333333
85.392728	 	1780.000000
6.149914	 	1786.666667
-15.857894	 	1793.333333
93.072955	 	1800.000000
-63.521934	 	1806.666667
22.191445	 	1813.333333
-2.561303	 	1820.000000
-97.295661	 	1826.666667
33.633745	 	1833.333333
166.355479	 	1840.000000
-40.737862	 	1846.666667
-69.196142	 	1853.333333
-58.960588	 	1860.000000
-24.256169	 	1866.666667
128.914874	 	1873.333333
107.864125	 	1880.000000
-21.550356	 	1886.666667
-158.358098	 	1893.333333
-8.989243	 	1900.000000
7.076005	 	1906.666667
6.711767	 	1913.333333
103.764336	 	1920.000000
3.390061	 	1926.666667
24.597516	 	1933.333333
-67.030655	 	1940.000000
-58.699046	 	1946.666667
7.168792	 	1953.333333
136.156912	 	1960.000000
87.960000	 	1966.666667
-52.557650	 	1973.333333
-110.466802	 	1980.000000
-134.258048	 	1986.666667
35.901323	 	1993.333333
69.683516	 	2000.000000
168.025504	 	2006.666667
2.477878	 	2013.333333
-137.470616	 	2020.000000
-66.224689	 	2026.666667
137.238749	 	2033.333333
-14.391645	 	2040.000000
-28.661472	 	2046.666667
-34.383498	 	2053.333333
32.232547	 	2060.000000
96.197025	 	2066.666667
-74.076536	 	2073.333333
-75.278055	 	2080.000000
-2.810436	 	2086.666667
215.778817	 	2093.333333
30.632659	 	2100.000000
-156.980162	 	2106.666667
-133.316827	 	2113.333333
73.048051	 	2120.000000
110.856701	 	2126.666667
-2.888209	 	2133.333333
-62.752949	 	2140.000000
42.339686	 	2146.666667
-15.457690	 	2153.333333
54.763145	 	2160.000000
-77.123863	 	2166.666667
-17.828351	 	2173.333333
23.584737	 	2180.000000
32.626302	 	2186.666667
30.854571	 	2193.333333
2.648226	 	2200.000000
-23.967591	 	2206.666667
10.103628	 	2213.333333
11.546583	 	2220.000000
2.363328	 	2226.666667
-124.356714	 	2233.333333
86.806854	 	2240.000000
39.670621	 	2246.666667
-9.426747	 	2253.333333
85.794938	 	2260.000000
-94.081775	 	2266.666667
29.134313	 	2273.333333
-22.122559	 	2280.000000
-49.913447	 	2286.666667
83.452456	 	2293.333333
111.076747	 	2300.000000
-77.365344	 	2306.666667
-63.748225	 	2313.333333
-95.490801	 	2320.000000
152.285841	 	2326.666667
13.982808	 	2333.333333
-13.355134	 	2340.000000
51.460197	 	2346.666667
-17.099846	 	2353.333333
-169.459121	 	2360.000000
20.996775	 	2366.666667
149.709704	 	2373.333333
15.493225	 	2380.000000
65.287135	 	2386.666667
-132.760117	 	2393.333333
98.166503	 	2400.000000
-4.623214	 	2406.666667
-169.552880	 	2413.333333
-123.405588	 	2420.000000
191.542964	 	2426.666667
238.240693	 	2433.333333
-0.864986	 	2440.000000
-265.129423	 	2446.666667
28.171307	 	2453.333333
59.724825	 	2460.000000
100.115579	 	2466.666667
12.452615	 	2473.333333
-11.831854	 	2480.000000
-41.053548	 	2486.666667
-68.421652	 	2493.333333
-37.498279	 	2500.000000
127.414432	 	2506.666667
153.851351	 	2513.333333
-85.476404	 	2520.000000
-194.266654	 	2526.666667
92.547666	 	2533.333333
153.067413	 	2540.000000
-99.697461	 	2546.666667
-68.873907	 	2553.333333
39.448448	 	2560.000000
242.374016	 	2566.666667
-104.489890	 	2573.333333
-144.663983	 	2580.000000
-93.812811	 	2586.666667
170.750719	 	2593.333333
82.464585	 	2600.000000
-76.341484	 	2606.666667
-39.206595	 	2613.333333
56.541656	 	2620.000000
41.750633	 	2626.666667
-69.088051	 	2633.333333
-39.659980	 	2640.000000
27.686763	 	2646.666667
102.947860	 	2653.333333
-62.759657	 	2660.000000
-3.970977	 	2666.666667
27.404426	 	2673.333333
-19.274856	 	2680.000000
-91.836211	 	2686.666667
84.585169	 	2693.333333
127.796611	 	2700.000000
-61.077556	 	2706.666667
-131.034703	 	2713.333333
36.281792	 	2720.000000
154.563837	 	2726.666667
-8.192213	 	2733.333333
-78.172914	 	2740.000000
-47.293887	 	2746.666667
-5.351743	 	2753.333333
151.934660	 	2760.000000
37.431830	 	2766.666667
-111.811109	 	2773.333333
-47.242812	 	2780.000000
30.868353	 	2786.666667
95.248280	 	2793.333333
-85.684529	 	2800.000000
19.009666	 	2806.666667
78.312789	 	2813.333333
74.582323	 	2820.000000
-114.663940	 	2826.666667
-55.425935	 	2833.333333
-18.050869	 	2840.000000
108.931762	 	2846.666667
17.429368	 	2853.333333
49.235391	 	2860.000000
-111.245274	 	2866.666667
16.919075	 	2873.333333
22.825322	 	2880.000000
-18.831795	 	2886.666667
-19.687076	 	2893.333333
-25.721580	 	2900.000000
132.115047	 	2906.666667
26.637830	 	2913.333333
-106.538339	 	2920.000000
-12.697692	 	2926.666667
39.550705	 	2933.333333
32.757363	 	2940.000000
-74.164438	 	2946.666667
-0.792105	 	2953.333333
52.893270	 	2960.000000
18.044063	 	2966.666667
-2.463589	 	2973.333333
20.693006	 	2980.000000
-66.545216	 	2986.666667
56.322016	 	2993.333333
-25.386890	 	3000.000000
18.637817	 	3006.666667
-133.293043	 	3013.333333
248.863553	 	3020.000000
-33.287208	 	3026.666667
-88.866027	 	3033.333333
-47.885092	 	3040.000000
105.325132	 	3046.666667
-56.691415	 	3053.333333
27.625564	 	3060.000000
-27.758212	 	3066.666667
163.785179	 	3073.333333
-59.039040	 	3080.000000
-62.717737	 	3086.666667
-42.865936	 	3093.333333
36.569510	 	3100.000000
24.302069	 	3106.666667
105.284414	 	3113.333333
22.467075	 	3120.000000
5.861599	 	3126.666667
-103.503896	 	3133.333333
-109.780047	 	3140.000000
-5.960421	 	3146.666667
213.687931	 	3153.333333
96.869244	 	3160.000000
-98.624720	 	3166.666667
-50.927324	 	3173.333333
-77.292242	 	3180.000000
-26.820115	 	3186.666667
771.413923	 	3193.333333
4727.283096	 	3200.000000
14284.469146	 	3206.666667
13552.351842	 	3213.333333
1761.464712	 	3220.000000
-378.605001	 	3226.666667
-241.594935	 	3233.333333
1169.827771	 	3240.000000
3896.106535	 	3246.666667
4984.348879	 	3253.333333
4180.798531	 	3260.000000
3227.734305	 	3266.666667
3868.558131	 	3273.333333
4178.354260	 	3280.000000
5204.315022	 	3286.666667
5737.067787	 	3293.333333
5598.476249	 	3300.000000
4565.527059	 	3306.666667
5230.624786	 	3313.333333
5298.636200	 	3320.000000
4968.316328	 	3326.666667
5722.590112	 	3333.333333
5816.181464	 	3340.000000
5446.002237	 	3346.666667
5049.709400	 	3353.333333
5224.208840	 	3360.000000
5809.316963	 	3366.666667
6908.153917	 	3373.333333
5832.833533	 	3380.000000
5381.191145	 	3386.666667
6018.200110	 	3393.333333
7344.663711	 	3400.000000
5690.887166	 	3406.666667
5140.242891	 	3413.333333
6647.682712	 	3420.000000
6918.512970	 	3426.666667
4865.926446	 	3433.333333
4754.840148	 	3440.000000
4477.753389	 	3446.666667
5535.999540	 	3453.333333
5891.515889	 	3460.000000
5261.764721	 	3466.666667
4144.336887	 	3473.333333
4361.336812	 	3480.000000
4293.266706	 	3486.666667
4696.543574	 	3493.333333
5030.816593	 	3500.000000
5528.063894	 	3506.666667
4294.990758	 	3513.333333
3902.172376	 	3520.000000
3891.462139	 	3526.666667
4109.188874	 	3533.333333
4679.379083	 	3540.000000
4427.845404	 	3546.666667
4274.378770	 	3553.333333
3716.533789	 	3560.000000
4044.222152	 	3566.666667
3760.253949	 	3573.333333
3433.637147	 	3580.000000
3798.593342	 	3586.666667
3601.992673	 	3593.333333
3448.459184	 	3600.000000
4441.611938	 	3606.666667
3876.593366	 	3613.333333
3165.005244	 	3620.000000
2866.224737	 	3626.666667
3376.026824	 	3633.333333
3902.214522	 	3640.000000
3924.994488	 	3646.666667
3345.893106	 	3653.333333
2979.176616	 	3660.000000
2762.080337	 	3666.666667
3106.984619	 	3673.333333
3641.481412	 	3680.000000
3620.975531	 	3686.666667
3087.194468	 	3693.333333
2790.515599	 	3700.000000
2733.423438	 	3706.666667
2409.458088	 	3713.333333
3189.592057	 	3720.000000
3149.831173	 	3726.666667
2788.568159	 	3733.333333
2482.032834	 	3740.000000
2966.886011	 	3746.666667
2954.616964	 	3753.333333
2518.550728	 	3760.000000
2326.184114	 	3766.666667
2425.791521	 	3773.333333
2941.468714	 	3780.000000
2666.551799	 	3786.666667
2289.479768	 	3793.333333
2453.956912	 	3800.000000
2883.871709	 	3806.666667
2704.608609	 	3813.333333
2356.398999	 	3820.000000
1812.668198	 	3826.666667
2241.885404	 	3833.333333
2655.077713	 	3840.000000
2420.163666	 	3846.666667
2175.103449	 	3853.333333
1925.235968	 	3860.000000
1993.567495	 	3866.666667
2218.980415	 	3873.333333
2287.647794	 	3880.000000
1986.227241	 	3886.666667
1617.866192	 	3893.333333
2072.544028	 	3900.000000
2437.129868	 	3906.666667
2295.280135	 	3913.333333
1817.825050	 	3920.000000
1516.215402	 	3926.666667
1577.062315	 	3933.333333
2138.800526	 	3940.000000
2205.890850	 	3946.666667
1747.480141	 	3953.333333
1468.214326	 	3960.000000
1969.243498	 	3966.666667
1856.377084	 	3973.333333
1718.609895	 	3980.000000
1607.650631	 	3986.666667
1605.028130	 	3993.333333
1550.717774	 	4000.000000
1677.879991	 	4006.666667
1460.563569	 	4013.333333
1516.477303	 	4020.000000
1544.033257	 	4026.666667
1779.273948	 	4033.333333
1523.306629	 	4040.000000
1680.398252	 	4046.666667
1464.791671	 	4053.333333
1317.095835	 	4060.000000
1267.908791	 	4066.666667
1481.427701	 	4073.333333
1425.364417	 	4080.000000
1554.404902	 	4086.666667
1360.420353	 	4093.333333
1245.097189	 	4100.000000
1391.361223	 	4106.666667
1322.701292	 	4113.333333
1287.742440	 	4120.000000
1165.639472	 	4126.666667
1490.932102	 	4133.333333
1444.218843	 	4140.000000
1053.790929	 	4146.666667
984.973978	 	4153.333333
1227.327543	 	4160.000000
1137.376833	 	4166.666667
1458.044982	 	4173.333333
1327.258962	 	4180.000000
1152.445023	 	4186.666667
916.484000	 	4193.333333
1065.177789	 	4200.000000
977.701763	 	4206.666667
1188.708635	 	4213.333333
1138.930783	 	4220.000000
1124.310071	 	4226.666667
946.651087	 	4233.333333
994.424744	 	4240.000000
891.511531	 	4246.666667
1177.427542	 	4253.333333
1162.741096	 	4260.000000
1001.361075	 	4266.666667
816.981533	 	4273.333333
1040.928619	 	4280.000000
829.471248	 	4286.666667
975.020811	 	4293.333333
835.095922	 	4300.000000
1056.541908	 	4306.666667
987.555806	 	4313.333333
812.152519	 	4320.000000
819.678095	 	4326.666667
741.238750	 	4333.333333
826.087949	 	4340.000000
998.114009	 	4346.666667
919.665968	 	4353.333333
736.915347	 	4360.000000
836.270114	 	4366.666667
772.031873	 	4373.333333
702.313849	 	4380.000000
817.486720	 	4386.666667
812.861886	 	4393.333333
746.224572	 	4400.000000
708.821341	 	4406.666667
705.356849	 	4413.333333
706.582739	 	4420.000000
808.519083	 	4426.666667
804.191689	 	4433.333333
714.817741	 	4440.000000
785.986246	 	4446.666667
541.091376	 	4453.333333
533.050857	 	4460.000000
663.359059	 	4466.666667
671.124557	 	4473.333333
710.182143	 	4480.000000
742.587245	 	4486.666667
741.649173	 	4493.333333
457.869524	 	4500.000000
596.740915	 	4506.666667
911.427667	 	4513.333333
413.911117	 	4520.000000
546.163787	 	4526.666667
598.823599	 	4533.333333
567.209794	 	4540.000000
584.387345	 	4546.666667
776.389849	 	4553.333333
535.562985	 	4560.000000
348.403782	 	4566.666667
600.155059	 	4573.333333
571.021356	 	4580.000000
573.860015	 	4586.666667
538.565964	 	4593.333333
333.902468	 	4600.000000
588.032143	 	4606.666667
667.731612	 	4613.333333
731.106403	 	4620.000000
290.632864	 	4626.666667
365.610888	 	4633.333333
405.180111	 	4640.000000
679.108431	 	4646.666667
582.149498	 	4653.333333
363.909587	 	4660.000000
574.227676	 	4666.666667
315.595210	 	4673.333333
624.275538	 	4680.000000
418.304934	 	4686.666667
366.886861	 	4693.333333
445.525416	 	4700.000000
515.568698	 	4706.666667
159.743810	 	4713.333333
742.938363	 	4720.000000
418.729538	 	4726.666667
91.824791	 	4733.333333
191.960340	 	4740.000000
498.287995	 	4746.666667
671.088699	 	4753.333333
422.362635	 	4760.000000
216.380159	 	4766.666667
439.107359	 	4773.333333
275.316016	 	4780.000000
357.922225	 	4786.666667
370.369917	 	4793.333333
531.904433	 	4800.000000
271.483144	 	4806.666667
463.011065	 	4813.333333
74.192856	 	4820.000000
470.745326	 	4826.666667
511.189073	 	4833.333333
303.581629	 	4840.000000
360.385364	 	4846.666667
392.946939	 	4853.333333
456.734517	 	4860.000000
259.318362	 	4866.666667
230.281870	 	4873.333333
241.378446	 	4880.000000
475.154112	 	4886.666667
398.681876	 	4893.333333
279.964175	 	4900.000000
209.843815	 	4906.666667
253.305882	 	4913.333333
240.723905	 	4920.000000
188.620318	 	4926.666667
560.151876	 	4933.333333
313.370008	 	4940.000000
76.933158	 	4946.666667
272.630715	 	4953.333333
355.310344	 	4960.000000
472.374616	 	4966.666667
207.949939	 	4973.333333
340.275807	 	4980.000000
220.970889	 	4986.666667
141.452658	 	4993.333333
313.944785	 	5000.000000
321.015639	 	5006.666667
321.572781	 	5013.333333
101.536688	 	5020.000000
277.073503	 	5026.666667
284.204890	 	5033.333333
464.575869	 	5040.000000
163.811171	 	5046.666667
114.641028	 	5053.333333
187.944140	 	5060.000000
244.386548	 	5066.666667
192.597260	 	5073.333333
414.318023	 	5080.000000
172.956451	 	5086.666667
365.680170	 	5093.333333
146.049028	 	5100.000000
401.184337	 	5106.666667
191.308228	 	5113.333333
104.422341	 	5120.000000
143.410458	 	5126.666667
382.001787	 	5133.333333
176.245788	 	5140.000000
74.263401	 	5146.666667
102.868498	 	5153.333333
306.358702	 	5160.000000
229.506387	 	5166.666667
381.294995	 	5173.333333
54.320184	 	5180.000000
247.011286	 	5186.666667
104.911112	 	5193.333333
177.794840	 	5200.000000
226.857993	 	5206.666667
234.550658	 	5213.333333
71.957155	 	5220.000000
289.908947	 	5226.666667
319.121778	 	5233.333333
273.257056	 	5240.000000
171.161775	 	5246.666667
103.642388	 	5253.333333
107.747900	 	5260.000000
247.073765	 	5266.666667
49.170296	 	5273.333333
98.996455	 	5280.000000
304.174219	 	5286.666667
172.868602	 	5293.333333
155.989332	 	5300.000000
-7.983666	 	5306.666667
241.171010	 	5313.333333
221.077223	 	5320.000000
313.165966	 	5326.666667
9.956817	 	5333.333333
153.568879	 	5340.000000
58.815877	 	5346.666667
288.230012	 	5353.333333
16.536443	 	5360.000000
286.328903	 	5366.666667
32.604130	 	5373.333333
87.356997	 	5380.000000
140.783575	 	5386.666667
105.632135	 	5393.333333
267.085032	 	5400.000000
257.597375	 	5406.666667
64.871485	 	5413.333333
62.210799	 	5420.000000
16.989155	 	5426.666667
191.737931	 	5433.333333
181.745298	 	5440.000000
169.398879	 	5446.666667
77.576750	 	5453.333333
179.356809	 	5460.000000
42.716258	 	5466.666667
201.473695	 	5473.333333
95.555756	 	5480.000000
36.716568	 	5486.666667
113.010881	 	5493.333333
77.489546	 	5500.000000
128.541580	 	5506.666667
267.033096	 	5513.333333
154.809938	 	5520.000000
94.192122	 	5526.666667
89.492237	 	5533.333333
30.384766	 	5540.000000
112.044897	 	5546.666667
79.442319	 	5553.333333
69.842275	 	5560.000000
409.007815	 	5566.666667
124.994662	 	5573.333333
146.114700	 	5580.000000
110.880884	 	5586.666667
59.121328	 	5593.333333
33.641357	 	5600.000000
144.600910	 	5606.666667
58.705833	 	5613.333333
200.639866	 	5620.000000
119.742417	 	5626.666667
43.181716	 	5633.333333
6.438522	 	5640.000000
86.021321	 	5646.666667
97.146521	 	5653.333333
203.823767	 	5660.000000
41.281453	 	5666.666667
198.753624	 	5673.333333
20.218627	 	5680.000000
164.579087	 	5686.666667
-48.040132	 	5693.333333
17.439073	 	5700.000000
127.448318	 	5706.666667
343.315137	 	5713.333333
73.937841	 	5720.000000
47.903614	 	5726.666667
-114.142045	 	5733.333333
71.293835	 	5740.000000
272.468501	 	5746.666667
113.198273	 	5753.333333
-39.485214	 	5760.000000
176.756094	 	5766.666667
105.408739	 	5773.333333
32.106058	 	5780.000000
75.547034	 	5786.666667
172.493664	 	5793.333333
47.743574	 	5800.000000
115.881881	 	5806.666667
-45.818087	 	5813.333333
167.302163	 	5820.000000
-32.318228	 	5826.666667
74.220045	 	5833.333333
140.721650	 	5840.000000
259.369505	 	5846.666667
68.823613	 	5853.333333
78.552841	 	5860.000000
-51.998019	 	5866.666667
83.004302	 	5873.333333
200.479141	 	5880.000000
90.052714	 	5886.666667
-183.900089	 	5893.333333
115.554652	 	5900.000000
124.363902	 	5906.666667
30.973759	 	5913.333333
102.254823	 	5920.000000
7.949274	 	5926.666667
130.394682	 	5933.333333
116.439745	 	5940.000000
-18.283439	 	5946.666667
52.688886	 	5953.333333
137.484594	 	5960.000000
141.554385	 	5966.666667
-56.356608	 	5973.333333
-99.591610	 	5980.000000
124.181949	 	5986.666667
176.839974	 	5993.333333
92.172409	 	6000.000000
-74.672880	 	6006.666667
60.471307	 	6013.333333
68.328500	 	6020.000000
106.158249	 	6026.666667
98.338397	 	6033.333333
100.190636	 	6040.000000
-125.885062	 	6046.666667
52.102185	 	6053.333333
216.718070	 	6060.000000
122.742682	 	6066.666667
-10.077329	 	6073.333333
-44.612867	 	6080.000000
-63.814637	 	6086.666667
143.338157	 	6093.333333
145.194107	 	6100.000000
14.046270	 	6106.666667
-51.498418	 	6113.333333
74.681061	 	6120.000000
74.888286	 	6126.666667
87.166311	 	6133.333333
-91.850687	 	6140.000000
-20.723037	 	6146.666667
25.042775	 	6153.333333
291.208447	 	6160.000000
206.298568	 	6166.666667
-26.524731	 	6173.333333
67.715689	 	6180.000000
41.435266	 	6186.666667
-25.469534	 	6193.333333
143.256390	 	6200.000000
-8.103518	 	6206.666667
-44.640213	 	6213.333333
151.506114	 	6220.000000
48.011991	 	6226.666667
58.712091	 	6233.333333
-32.072766	 	6240.000000
-25.632293	 	6246.666667
167.855539	 	6253.333333
257.164358	 	6260.000000
-7.612315	 	6266.666667
-97.525521	 	6273.333333
-41.223627	 	6280.000000
145.018230	 	6286.666667
-43.098123	 	6293.333333
102.144324	 	6300.000000
58.726248	 	6306.666667
85.387154	 	6313.333333
33.653503	 	6320.000000
27.601355	 	6326.666667
-127.644244	 	6333.333333
-11.275940	 	6340.000000
188.613000	 	6346.666667
43.411935	 	6353.333333
25.078604	 	6360.000000
137.809571	 	6366.666667
-132.740685	 	6373.333333
62.675050	 	6380.000000
50.608304	 	6386.666667
-77.854633	 	6393.333333
172.913844	 	6400.000000
261.565353	 	6406.666667
-105.065331	 	6413.333333
-102.710267	 	6420.000000
17.777919	 	6426.666667
155.758714	 	6433.333333
115.216699	 	6440.000000
-18.602713	 	6446.666667
80.066689	 	6453.333333
-153.791222	 	6460.000000
-102.524400	 	6466.666667
216.068379	 	6473.333333
103.269377	 	6480.000000
-49.526780	 	6486.666667
125.161280	 	6493.333333
-0.186359	 	6500.000000
50.817076	 	6506.666667
-6.369181	 	6513.333333
64.854590	 	6520.000000
-31.400873	 	6526.666667
61.528160	 	6533.333333
0.584816	 	6540.000000
24.125835	 	6546.666667
171.018535	 	6553.333333
80.451685	 	6560.000000
-71.289586	 	6566.666667
-87.702799	 	6573.333333
-54.434373	 	6580.000000
111.579137	 	6586.666667
235.703256	 	6593.333333
78.908481	 	6600.000000
-94.662839	 	6606.666667
-92.712438	 	6613.333333
-55.065847	 	6620.000000
23.373060	 	6626.666667
206.057341	 	6633.333333
125.864435	 	6640.000000
-58.005344	 	6646.666667
-26.276813	 	6653.333333
-37.067344	 	6660.000000
107.785301	 	6666.666667
-70.639381	 	6673.333333
63.771585	 	6680.000000
-1.256959	 	6686.666667
76.207955	 	6693.333333
116.251649	 	6700.000000
45.894532	 	6706.666667
-51.816146	 	6713.333333
-6.344528	 	6720.000000
-25.012409	 	6726.666667
71.382467	 	6733.333333
60.182184	 	6740.000000
143.803929	 	6746.666667
-91.325585	 	6753.333333
-10.791414	 	6760.000000
-43.977153	 	6766.666667
141.910031	 	6773.333333
-39.595025	 	6780.000000
77.132560	 	6786.666667
-56.423543	 	6793.333333
5.108357	 	6800.000000
62.894833	 	6806.666667
-20.641058	 	6813.333333
-103.082440	 	6820.000000
112.421303	 	6826.666667
83.185282	 	6833.333333
-8.251088	 	6840.000000
-14.089653	 	6846.666667
170.391800	 	6853.333333
-33.103440	 	6860.000000
-148.859397	 	6866.666667
-141.541654	 	6873.333333
211.672746	 	6880.000000
269.630143	 	6886.666667
6.423138	 	6893.333333
-169.582344	 	6900.000000
-153.516839	 	6906.666667
15.104128	 	6913.333333
231.460673	 	6920.000000
-98.534449	 	6926.666667
79.089788	 	6933.333333
-42.039733	 	6940.000000
37.825607	 	6946.666667
8.572299	 	6953.333333
77.871207	 	6960.000000
-90.372595	 	6966.666667
43.586950	 	6973.333333
126.303097	 	6980.000000
134.391287	 	6986.666667
-134.095702	 	6993.333333
-12.678846	 	7000.000000
-191.233785	 	7006.666667
124.427182	 	7013.333333
133.772378	 	7020.000000
68.915891	 	7026.666667
1.886474	 	7033.333333
17.451294	 	7040.000000
-178.560794	 	7046.666667
12.830877	 	7053.333333
65.136918	 	7060.000000
23.297465	 	7066.666667
-46.988926	 	7073.333333
104.242204	 	7080.000000
54.334310	 	7086.666667
24.696821	 	7093.333333
-100.649759	 	7100.000000
23.083159	 	7106.666667
-105.088883	 	7113.333333
93.989938	 	7120.000000
275.835993	 	7126.666667
-32.323960	 	7133.333333
-17.288575	 	7140.000000
-139.388257	 	7146.666667
-80.129284	 	7153.333333
165.725676	 	7160.000000
-3.977865	 	7166.666667
6.547055	 	7173.333333
112.837511	 	7180.000000
-66.961680	 	7186.666667
-129.862645	 	7193.333333
51.947777	 	7200.000000
6.953589	 	7206.666667
56.820572	 	7213.333333
121.751152	 	7220.000000
-28.347761	 	7226.666667
-47.549214	 	7233.333333
-41.460540	 	7240.000000
-45.950793	 	7246.666667
122.197796	 	7253.333333
17.839816	 	7260.000000
-39.304081	 	7266.666667
-6.237212	 	7273.333333
-11.094095	 	7280.000000
58.658833	 	7286.666667
99.444335	 	7293.333333
18.515148	 	7300.000000
35.634363	 	7306.666667
-46.545170	 	7313.333333
48.120460	 	7320.000000
62.356147	 	7326.666667
41.903039	 	7333.333333
-88.198858	 	7340.000000
1.290182	 	7346.666667
90.035600	 	7353.333333
12.794956	 	7360.000000
10.007887	 	7366.666667
39.793584	 	7373.333333
-100.520523	 	7380.000000
-9.222276	 	7386.666667
158.946625	 	7393.333333
51.385011	 	7400.000000
-28.870913	 	7406.666667
-44.872306	 	7413.333333
-155.560013	 	7420.000000
96.688351	 	7426.666667
265.189692	 	7433.333333
-6.298050	 	7440.000000
-243.994370	 	7446.666667
54.086331	 	7453.333333
-52.505381	 	7460.000000
107.680514	 	7466.666667
-40.025742	 	7473.333333
106.290026	 	7480.000000
-103.143582	 	7486.666667
66.549574	 	7493.333333
-71.653452	 	7500.000000
64.437466	 	7506.666667
-11.729108	 	7513.333333
31.931799	 	7520.000000
-147.059198	 	7526.666667
186.924261	 	7533.333333
26.861591	 	7540.000000
76.509146	 	7546.666667
-254.486440	 	7553.333333
4.706260	 	7560.000000
39.873954	 	7566.666667
156.107144	 	7573.333333
-18.979123	 	7580.000000
1.775300	 	7586.666667
-227.131147	 	7593.333333
137.924789	 	7600.000000
-46.043044	 	7606.666667
126.860627	 	7613.333333
-16.247038	 	7620.000000
17.060986	 	7626.666667
-70.870203	 	7633.333333
67.008455	 	7640.000000
28.751221	 	7646.666667
107.887545	 	7653.333333
-57.264005	 	7660.000000
-97.483360	 	7666.666667
-89.490071	 	7673.333333
265.607618	 	7680.000000
-24.666328	 	7686.666667
-7.463201	 	7693.333333
-159.080553	 	7700.000000
62.007234	 	7706.666667
20.878311	 	7713.333333
107.403862	 	7720.000000
-136.152580	 	7726.666667
24.429208	 	7733.333333
86.264812	 	7740.000000
45.146538	 	7746.666667
-70.551387	 	7753.333333
64.033824	 	7760.000000
-81.242000	 	7766.666667
0.906762	 	7773.333333
-20.594690	 	7780.000000
29.538686	 	7786.666667
-32.421239	 	7793.333333
65.851670	 	7800.000000
61.351614	 	7806.666667
23.704258	 	7813.333333
-31.868810	 	7820.000000
-27.857583	 	7826.666667
9.221743	 	7833.333333
-58.779006	 	7840.000000
83.513378	 	7846.666667
81.675553	 	7853.333333
1.310869	 	7860.000000
-96.872443	 	7866.666667
-0.066198	 	7873.333333
34.365189	 	7880.000000
110.353601	 	7886.666667
-65.946189	 	7893.333333
-16.010081	 	7900.000000
-51.299080	 	7906.666667
69.616049	 	7913.333333
32.706878	 	7920.000000
52.425051	 	7926.666667
-38.931134	 	7933.333333
74.086166	 	7940.000000
-93.052967	 	7946.666667
48.663491	 	7953.333333
-49.578005	 	7960.000000
74.262147	 	7966.666667
-113.257835	 	7973.333333
1.444943	 	7980.000000
33.384004	 	7986.666667
165.292929	 	7993.333333
92.550189	 	8000.000000
-94.387762	 	8006.666667
-144.921645	 	8013.333333
98.655393	 	8020.000000
96.044431	 	8026.666667
-114.838037	 	8033.333333
-66.495651	 	8040.000000
106.302870	 	8046.666667
87.318705	 	8053.333333
-102.429402	 	8060.000000
-69.317028	 	8066.666667
-12.158729	 	8073.333333
110.215202	 	8080.000000
79.742737	 	8086.666667
-138.836680	 	8093.333333
-103.690763	 	8100.000000
105.167110	 	8106.666667
48.926991	 	8113.333333
-44.775075	 	8120.000000
-1.001217	 	8126.666667
77.220531	 	8133.333333
40.365342	 	8140.000000
-57.455279	 	8146.666667
-48.418178	 	8153.333333
58.353993	 	8160.000000
44.642122	 	8166.666667
-149.388335	 	8173.333333
-51.863155	 	8180.000000
-1.014966	 	8186.666667
102.099746	 	8193.333333
212.461369	 	8200.000000
26.906978	 	8206.666667
-146.383703	 	8213.333333
-191.453921	 	8220.000000
-22.310144	 	8226.666667
78.600634	 	8233.333333
203.892055	 	8240.000000
-28.443183	 	8246.666667
-25.806655	 	8253.333333
-140.014179	 	8260.000000
133.953447	 	8266.666667
-30.984111	 	8273.333333
-115.013526	 	8280.000000
75.523167	 	8286.666667
159.354744	 	8293.333333
-48.486849	 	8300.000000
-65.348847	 	8306.666667
-168.398517	 	8313.333333
89.063254	 	8320.000000
-91.983311	 	8326.666667
147.551375	 	8333.333333
90.949635	 	8340.000000
3.179963	 	8346.666667
-140.677908	 	8353.333333
39.178701	 	8360.000000
13.257531	 	8366.666667
-15.772134	 	8373.333333
46.782271	 	8380.000000
-90.052665	 	8386.666667
56.881606	 	8393.333333
72.215701	 	8400.000000
-109.538204	 	8406.666667
-46.823995	 	8413.333333
93.680462	 	8420.000000
8.224583	 	8426.666667
-66.653183	 	8433.333333
-15.692054	 	8440.000000
-34.327157	 	8446.666667
67.712986	 	8453.333333
72.785923	 	8460.000000
-27.646994	 	8466.666667
-11.466335	 	8473.333333
-53.966376	 	8480.000000
-30.839329	 	8486.666667
4.823995	 	8493.333333
-13.278020	 	8500.000000
90.962827	 	8506.666667
103.745173	 	8513.333333
-183.182765	 	8520.000000
43.973844	 	8526.666667
15.522999	 	8533.333333
-27.867665	 	8540.000000
-61.787616	 	8546.666667
21.104497	 	8553.333333
97.585925	 	8560.000000
60.204699	 	8566.666667
-72.560064	 	8573.333333
-121.635673	 	8580.000000
28.067540	 	8586.666667
128.997715	 	8593.333333
-21.385334	 	8600.000000
-100.164040	 	8606.666667
-83.268303	 	8613.333333
130.896979	 	8620.000000
-109.832155	 	8626.666667
112.379095	 	8633.333333
109.321787	 	8640.000000
-56.092278	 	8646.666667
-56.652659	 	8653.333333
1.709796	 	8660.000000
3.198887	 	8666.666667
23.274706	 	8673.333333
-48.849876	 	8680.000000
11.304719	 	8686.666667
-19.320195	 	8693.333333
-8.411176	 	8700.000000
-44.500078	 	8706.666667
152.317633	 	8713.333333
-82.946857	 	8720.000000
28.802932	 	8726.666667
7.710468	 	8733.333333
22.106044	 	8740.000000
-72.229969	 	8746.666667
-5.715888	 	8753.333333
4.650445	 	8760.000000
169.306792	 	8766.666667
-73.196463	 	8773.333333
-51.272521	 	8780.000000
-40.456253	 	8786.666667
49.981237	 	8793.333333
3.167329	 	8800.000000
97.361836	 	8806.666667
-114.481088	 	8813.333333
39.061706	 	8820.000000
6.639886	 	8826.666667
131.094873	 	8833.333333
7.726555	 	8840.000000
-115.058115	 	8846.666667
-75.873920	 	8853.333333
191.733689	 	8860.000000
-19.219835	 	8866.666667
-80.022322	 	8873.333333
-49.039494	 	8880.000000
16.095637	 	8886.666667
-17.795254	 	8893.333333
139.272907	 	8900.000000
-135.312043	 	8906.666667
-14.008228	 	8913.333333
-31.230256	 	8920.000000
29.491233	 	8926.666667
118.185371	 	8933.333333
-15.458961	 	8940.000000
-90.285747	 	8946.666667
55.121772	 	8953.333333
50.560162	 	8960.000000
60.478021	 	8966.666667
-83.640395	 	8973.333333
-71.179000	 	8980.000000
-41.119637	 	8986.666667
194.898298	 	8993.333333
-98.915274	 	9000.000000
49.688963	 	9006.666667
17.707575	 	9013.333333
-7.935069	 	9020.000000
6.470928	 	9026.666667
105.155564	 	9033.333333
-79.101676	 	9040.000000
30.353739	 	9046.666667
-101.373303	 	9053.333333
74.471559	 	9060.000000
-66.736270	 	9066.666667
218.025825	 	9073.333333
-43.788449	 	9080.000000
-64.982250	 	9086.666667
-162.469998	 	9093.333333
162.154290	 	9100.000000
-146.393028	 	9106.666667
115.104006	 	9113.333333
22.897289	 	9120.000000
81.701564	 	9126.666667
-222.430360	 	9133.333333
135.165679	 	9140.000000
-54.512949	 	9146.666667
222.010555	 	9153.333333
11.401781	 	9160.000000
-149.047602	 	9166.666667
-232.132832	 	9173.333333
288.051619	 	9180.000000
3.252563	 	9186.666667
68.806507	 	9193.333333
-193.964509	 	9200.000000
-73.794102	 	9206.666667
100.408875	 	9213.333333
217.724667	 	9220.000000
-134.977089	 	9226.666667
12.197866	 	9233.333333
-139.562251	 	9240.000000
54.627502	 	9246.666667
-26.400666	 	9253.333333
135.176006	 	9260.000000
19.276944	 	9266.666667
-32.181389	 	9273.333333
-124.218374	 	9280.000000
-66.191836	 	9286.666667
80.319382	 	9293.333333
151.038477	 	9300.000000
-119.970666	 	9306.666667
-24.181441	 	9313.333333
-28.459080	 	9320.000000
45.162581	 	9326.666667
35.190271	 	9333.333333
-33.212815	 	9340.000000
-6.074563	 	9346.666667
-40.819356	 	9353.333333
99.223808	 	9360.000000
50.867897	 	9366.666667
-117.573231	 	9373.333333
-31.028334	 	9380.000000
-37.661311	 	9386.666667
145.243562	 	9393.333333
74.223799	 	9400.000000
14.730320	 	9406.666667
-84.375371	 	9413.333333
49.366388	 	9420.000000
-21.659289	 	9426.666667
-6.919325	 	9433.333333
3.613570	 	9440.000000
-46.982583	 	9446.666667
83.270329	 	9453.333333
-34.943873	 	9460.000000
42.970261	 	9466.666667
-50.935527	 	9473.333333
28.924660	 	9480.000000
-127.642882	 	9486.666667
-39.024605	 	9493.333333
146.602263	 	9500.000000
79.555808	 	9506.666667
-6.999805	 	9513.333333
-98.459316	 	9520.000000
-172.423735	 	9526.666667
114.816042	 	9533.333333
80.376282	 	9540.000000
20.948277	 	9546.666667
-112.209645	 	9553.333333
-18.105991	 	9560.000000
-49.057093	 	9566.666667
175.626722	 	9573.333333
1.425743	 	9580.000000
-70.425277	 	9586.666667
-7.866312	 	9593.333333
50.281363	 	9600.000000
-34.922104	 	9606.666667
18.993258	 	9613.333333
-115.189756	 	9620.000000
19.698545	 	9626.666667
109.879838	 	9633.333333
-144.654824	 	9640.000000
3.186562	 	9646.666667
113.741748	 	9653.333333
-15.538253	 	9660.000000
-48.484686	 	9666.666667
13.302348	 	9673.333333
25.133398	 	9680.000000
-104.313796	 	9686.666667
-38.632596	 	9693.333333
43.438021	 	9700.000000
78.918850	 	9706.666667
-16.153805	 	9713.333333
-33.607844	 	9720.000000
-29.226645	 	9726.666667
-2.677760	 	9733.333333
56.482045	 	9740.000000
-78.996351	 	9746.666667
6.048380	 	9753.333333
78.488553	 	9760.000000
-101.540475	 	9766.666667
2.563959	 	9773.333333
117.736892	 	9780.000000
-16.383255	 	9786.666667
-128.530299	 	9793.333333
18.449298	 	9800.000000
32.828479	 	9806.666667
4.704798	 	9813.333333
-3.245199	 	9820.000000
-16.463100	 	9826.666667
-42.303983	 	9833.333333
33.707650	 	9840.000000
-56.350397	 	9846.666667
71.755424	 	9853.333333
34.759349	 	9860.000000
93.883323	 	9866.666667
-38.390359	 	9873.333333
-173.225467	 	9880.000000
-30.549260	 	9886.666667
121.190465	 	9893.333333
-53.457200	 	9900.000000
83.920311	 	9906.666667
-63.023117	 	9913.333333
53.727318	 	9920.000000
-3.064921	 	9926.666667
-110.877369	 	9933.333333
-62.311743	 	9940.000000
177.844840	 	9946.666667
-4.818099	 	9953.333333
-28.219127	 	9960.000000
-42.687200	 	9966.666667
17.883276	 	9973.333333
51.201335	 	9980.000000
-20.588826	 	9986.666667
-85.904487	 	9993.333333
25.165687	 	10000.000000
-116.910815	 	10006.666667
125.203334	 	10013.333333
80.693713	 	10020.000000
-22.562850	 	10026.666667
-131.297095	 	10033.333333
-48.599599	 	10040.000000
-18.543746	 	10046.666667
238.670923	 	10053.333333
-79.931236	 	10060.000000
-22.927344	 	10066.666667
-16.660054	 	10073.333333
-67.996967	 	10080.000000
-27.390024	 	10086.666667
116.247128	 	10093.333333
-30.735802	 	10100.000000
7.641683	 	10106.666667
-84.691456	 	10113.333333
-116.460120	 	10120.000000
96.093827	 	10126.666667
81.006476	 	10133.333333
107.161442	 	10140.000000
-40.954082	 	10146.666667
-205.940135	 	10153.333333
-14.014967	 	10160.000000
62.103793	 	10166.666667
48.277655	 	10173.333333
-74.829735	 	10180.000000
-9.612747	 	10186.666667
88.028123	 	10193.333333
-23.928116	 	10200.000000
79.510061	 	10206.666667
-101.783229	 	10213.333333
-66.756788	 	10220.000000
39.122451	 	10226.666667
64.658570	 	10233.333333
72.568051	 	10240.000000
-44.665898	 	10246.666667
-84.108955	 	10253.333333
-23.194578	 	10260.000000
5.090270	 	10266.666667
92.875212	 	10273.333333
-36.629042	 	10280.000000
7.588732	 	10286.666667
-56.163044	 	10293.333333
-159.649190	 	10300.000000
62.637871	 	10306.666667
177.405102	 	10313.333333
-47.798477	 	10320.000000
-125.719888	 	10326.666667
-1.562420	 	10333.333333
70.654220	 	10340.000000
30.629329	 	10346.666667
-82.786307	 	10353.333333
-43.972226	 	10360.000000
8.824493	 	10366.666667
18.152847	 	10373.333333
-18.896988	 	10380.000000
-21.185595	 	10386.666667
0.270037	 	10393.333333
71.154238	 	10400.000000
-140.227215	 	10406.666667
87.528385	 	10413.333333
-25.863208	 	10420.000000
71.457982	 	10426.666667
-31.076126	 	10433.333333
6.697427	 	10440.000000
-86.580161	 	10446.666667
-24.434463	 	10453.333333
32.557706	 	10460.000000
-37.896492	 	10466.666667
55.847977	 	10473.333333
112.484974	 	10480.000000
-29.230866	 	10486.666667
-62.655487	 	10493.333333
-155.961256	 	10500.000000
-15.251043	 	10506.666667
145.336612	 	10513.333333
64.227152	 	10520.000000
-35.472282	 	10526.666667
18.770054	 	10533.333333
-164.270717	 	10540.000000
23.425860	 	10546.666667
32.519345	 	10553.333333
17.051756	 	10560.000000
8.506469	 	10566.666667
-55.230131	 	10573.333333
-19.070836	 	10580.000000
63.081649	 	10586.666667
-12.874190	 	10593.333333
-24.227455	 	10600.000000
-21.124149	 	10606.666667
-48.653742	 	10613.333333
-0.940121	 	10620.000000
54.205573	 	10626.666667
-6.636727	 	10633.333333
-74.914338	 	10640.000000
-10.332453	 	10646.666667
51.439260	 	10653.333333
-20.877053	 	10660.000000
5.510478	 	10666.666667
5.704412	 	10673.333333
-56.673768	 	10680.000000
-14.822435	 	10686.666667
-89.385991	 	10693.333333
140.858539	 	10700.000000
-36.656629	 	10706.666667
-47.206603	 	10713.333333
-11.290437	 	10720.000000
31.352677	 	10726.666667
-67.692249	 	10733.333333
80.632450	 	10740.000000
-100.444342	 	10746.666667
-3.236274	 	10753.333333
61.789808	 	10760.000000
54.323574	 	10766.666667
-91.112057	 	10773.333333
-10.705978	 	10780.000000
-48.254293	 	10786.666667
21.297455	 	10793.333333
37.819222	 	10800.000000
57.222337	 	10806.666667
-138.890550	 	10813.333333
8.897994	 	10820.000000
29.395721	 	10826.666667
-49.902629	 	10833.333333
-28.662141	 	10840.000000
-0.204296	 	10846.666667
101.965945	 	10853.333333
-134.318223	 	10860.000000
87.660446	 	10866.666667
-53.282510	 	10873.333333
-49.758160	 	10880.000000
2.904920	 	10886.666667
43.362609	 	10893.333333
-43.068835	 	10900.000000
59.808124	 	10906.666667
102.407206	 	10913.333333
-20.384901	 	10920.000000
-156.339795	 	10926.666667
-53.184371	 	10933.333333
-46.720074	 	10940.000000
171.804209	 	10946.666667
4.122252	 	10953.333333
43.158895	 	10960.000000
-122.981972	 	10966.666667
-33.710276	 	10973.333333
-0.530433	 	10980.000000
105.011950	 	10986.666667
-6.615558	 	10993.333333
72.337693	 	11000.000000
-87.696447	 	11006.666667
120.617905	 	11013.333333
-48.697819	 	11020.000000
-53.924921	 	11026.666667
-74.316774	 	11033.333333
117.512274	 	11040.000000
-86.036027	 	11046.666667
34.683309	 	11053.333333
37.569427	 	11060.000000
81.963211	 	11066.666667
-149.852993	 	11073.333333
47.226727	 	11080.000000
-63.499307	 	11086.666667
18.085027	 	11093.333333
-6.024286	 	11100.000000
78.979829	 	11106.666667
-31.556437	 	11113.333333
99.825681	 	11120.000000
-153.180096	 	11126.666667
16.421210	 	11133.333333
-84.277633	 	11140.000000
21.796159	 	11146.666667
11.598728	 	11153.333333
94.550739	 	11160.000000
-20.572428	 	11166.666667
-16.390122	 	11173.333333
-72.402480	 	11180.000000
4.808750	 	11186.666667
-85.048119	 	11193.333333
161.498540	 	11200.000000
-52.748906	 	11206.666667
99.290006	 	11213.333333
-61.988347	 	11220.000000
-205.466365	 	11226.666667
-9.540018	 	11233.333333
173.891638	 	11240.000000
134.242138	 	11246.666667
-42.017589	 	11253.333333
-162.511970	 	11260.000000
-168.436871	 	11266.666667
165.073369	 	11273.333333
47.392572	 	11280.000000
121.800970	 	11286.666667
-170.601277	 	11293.333333
29.429939	 	11300.000000
23.243793	 	11306.666667
-92.711568	 	11313.333333
-10.338950	 	11320.000000
127.569261	 	11326.666667
-52.214601	 	11333.333333
76.899314	 	11340.000000
-132.697906	 	11346.666667
-6.157710	 	11353.333333
-49.666782	 	11360.000000
44.939737	 	11366.666667
-36.947889	 	11373.333333
181.451535	 	11380.000000
-167.698310	 	11386.666667
13.491229	 	11393.333333
-79.203915	 	11400.000000
123.265979	 	11406.666667
-81.659137	 	11413.333333
89.369753	 	11420.000000
-148.405301	 	11426.666667
56.071635	 	11433.333333
70.743587	 	11440.000000
-1.854752	 	11446.666667
-105.757649	 	11453.333333
114.915958	 	11460.000000
-19.180373	 	11466.666667
-27.622550	 	11473.333333
-110.932222	 	11480.000000
84.812376	 	11486.666667
25.404242	 	11493.333333
58.368211	 	11500.000000
-134.174021	 	11506.666667
94.451829	 	11513.333333
-73.574145	 	11520.000000
28.515308	 	11526.666667
-75.219478	 	11533.333333
106.571960	 	11540.000000
-5.855746	 	11546.666667
53.042887	 	11553.333333
-166.761476	 	11560.000000
-20.755360	 	11566.666667
-9.421958	 	11573.333333
80.392245	 	11580.000000
76.515334	 	11586.666667
57.954363	 	11593.333333
-134.383510	 	11600.000000
31.115643	 	11606.666667
-94.639569	 	11613.333333
60.999886	 	11620.000000
94.439830	 	11626.666667
19.310769	 	11633.333333
28.143925	 	11640.000000
-66.186662	 	11646.666667
-86.439983	 	11653.333333
-38.720469	 	11660.000000
89.806274	 	11666.666667
-29.676924	 	11673.333333
28.537514	 	11680.000000
-8.406679	 	11686.666667
-38.097540	 	11693.333333
24.631227	 	11700.000000
160.105919	 	11706.666667
-121.016409	 	11713.333333
-61.500849	 	11720.000000
40.814551	 	11726.666667
121.900533	 	11733.333333
-47.595669	 	11740.000000
21.397707	 	11746.666667
-91.196974	 	11753.333333
116.011529	 	11760.000000
30.530732	 	11766.666667
-85.981176	 	11773.333333
-98.558834	 	11780.000000
-52.504613	 	11786.666667
162.542966	 	11793.333333
117.474839	 	11800.000000
47.334968	 	11806.666667
18.841548	 	11813.333333
-136.676065	 	11820.000000
-97.373061	 	11826.666667
-41.247737	 	11833.333333
265.540069	 	11840.000000
-130.848173	 	11846.666667
0.243063	 	11853.333333
-114.412552	 	11860.000000
4.197696	 	11866.666667
108.644751	 	11873.333333
-9.023283	 	11880.000000
28.036430	 	11886.666667
-68.079599	 	11893.333333
-75.379778	 	11900.000000
26.175620	 	11906.666667
34.059675	 	11913.333333
-8.290322	 	11920.000000
-83.023901	 	11926.666667
44.488413	 	11933.333333
157.936708	 	11940.000000
-93.120300	 	11946.666667
-116.044367	 	11953.333333
23.414536	 	11960.000000
-38.444158	 	11966.666667
201.739272	 	11973.333333
-6.701929	 	11980.000000
-70.368212	 	11986.666667
55.146440	 	11993.333333
18.660649	 	12000.000000
-155.817294	 	12006.666667
10.503717	 	12013.333333
-8.608645	 	12020.000000
104.742061	 	12026.666667
170.051072	 	12033.333333
-160.360649	 	12040.000000
-150.979295	 	12046.666667
87.321716	 	12053.333333
-35.520501	 	12060.000000
126.763357	 	12066.666667
-8.753310	 	12073.333333
4.891992	 	12080.000000
1.820609	 	12086.666667
-67.977925	 	12093.333333
-195.302613	 	12100.000000
145.857867	 	12106.666667
64.158832	 	12113.333333
117.070757	 	12120.000000
-8.421764	 	12126.666667
-168.375439	 	12133.333333
-162.687320	 	12140.000000
140.970926	 	12146.666667
133.748015	 	12153.333333
-1.358644	 	12160.000000
-66.858624	 	12166.666667
-50.610750	 	12173.333333
-134.009249	 	12180.000000
12.961773	 	12186.666667
-31.966950	 	12193.333333
341.903287	 	12200.000000
-161.837744	 	12206.666667
-11.157088	 	12213.333333
-90.850493	 	12220.000000
-38.428565	 	12226.666667
24.385776	 	12233.333333
29.836380	 	12240.000000
29.056674	 	12246.666667
15.453867	 	12253.333333
-184.591819	 	12260.000000
283.039678	 	12266.666667
-68.909222	 	12273.333333
-132.829156	 	12280.000000
-41.883375	 	12286.666667
42.873301	 	12293.333333
-17.448356	 	12300.000000
201.103192	 	12306.666667
-119.520867	 	12313.333333
-120.519526	 	12320.000000
-105.927564	 	12326.666667
267.478295	 	12333.333333
-27.416974	 	12340.000000
-80.788036	 	12346.666667
-40.170975	 	12353.333333
-64.057595	 	12360.000000
333.608614	 	12366.666667
-250.969468	 	12373.333333
-68.045975	 	12380.000000
104.254887	 	12386.666667
269.778607	 	12393.333333
-513.054821	 	12400.000000
124.128610	 	12406.666667
170.595491	 	12413.333333
-120.819351	 	12420.000000
-102.499824	 	12426.666667
26.464883	 	12433.333333
180.929593	 	12440.000000
153.997636	 	12446.666667
-417.642344	 	12453.333333
-86.256318	 	12460.000000
431.735012	 	12466.666667
-88.689637	 	12473.333333
19.052937	 	12480.000000
-157.313586	 	12486.666667
87.473471	 	12493.333333
-269.706566	 	12500.000000
186.776034	 	12506.666667
311.306364	 	12513.333333
520.178332	 	12520.000000
-717.325448	 	12526.666667
-381.652414	 	12533.333333
-493.962820	 	12540.000000
1072.163775	 	12546.666667
-233.007052	 	12553.333333
554.797317	 	12560.000000
-380.719340	 	12566.666667
-288.919816	 	12573.333333
-177.117553	 	12580.000000
-268.495095	 	12586.666667
1109.665598	 	12593.333333
-348.617834	 	12600.000000
-85.910999	 	12606.666667
-325.959935	 	12613.333333
-360.925829	 	12620.000000
169.240737	 	12626.666667
864.794968	 	12633.333333
82.605469	 	12640.000000
-934.961335	 	12646.666667
-49.107092	 	12653.333333
910.447519	 	12660.000000
-821.083693	 	12666.666667
-541.112165	 	12673.333333
1271.173326	 	12680.000000
238.989671	 	12686.666667
-722.502645	 	12693.333333
-869.074756	 	12700.000000
1413.620630	 	12706.666667
-596.729110	 	12713.333333
-840.503892	 	12720.000000
1005.059805	 	12726.666667
859.127651	 	12733.333333
-716.376620	 	12740.000000
-906.287766	 	12746.666667
-483.730168	 	12753.333333
1556.162046	 	12760.000000
-557.299741	 	12766.666667
102.944832	 	12773.333333
512.797067	 	12780.000000
-575.441110	 	12786.666667
-398.045406	 	12793.333333
442.765784	 	12800.000000
-408.853224	 	12806.666667
-596.111863	 	12813.333333
2129.039405	 	12820.000000
-692.453248	 	12826.666667
-992.261350	 	12833.333333
254.368529	 	12840.000000
-197.079113	 	12846.666667
-935.067320	 	12853.333333
2811.709024	 	12860.000000
-965.877347	 	12866.666667
-291.628569	 	12873.333333
-925.289075	 	12880.000000
-846.975670	 	12886.666667
2246.154461	 	12893.333333
-840.978719	 	12900.000000
1102.051625	 	12906.666667
-660.394493	 	12913.333333
-167.193189	 	12920.000000
-977.029186	 	12926.666667
192.869969	 	12933.333333
-997.648531	 	12940.000000
3238.714155	 	12946.666667
-990.665005	 	12953.333333
86.614386	 	12960.000000
-991.683881	 	12966.666667
-891.927370	 	12973.333333
-942.701070	 	12980.000000
3795.583652	 	12986.666667
-830.571515	 	12993.333333
-914.005796	 	13000.000000
-999.534529	 	13006.666667
2218.848141	 	13013.333333
-999.399345	 	13020.000000
-980.333811	 	13026.666667
-967.643742	 	13033.333333
3304.673376	 	13040.000000
-780.863085	 	13046.666667
-241.684308	 	13053.333333
-999.747785	 	13060.000000
-957.804896	 	13066.666667
385.979232	 	13073.333333
2988.642927	 	13080.000000
-870.521661	 	13086.666667
-998.272805	 	13093.333333
-581.143015	 	13100.000000
-215.538824	 	13106.666667
-999.886219	 	13113.333333
2691.548335	 	13120.000000
-872.569613	 	13126.666667
705.799643	 	13133.333333
-583.411265	 	13140.000000
-985.897265	 	13146.666667
1349.485099	 	13153.333333
-791.729876	 	13160.000000
467.720658	 	13166.666667
-998.181734	 	13173.333333
-974.007804	 	13180.000000
3433.735893	 	13186.666667
-855.143222	 	13193.333333
-996.819826	 	13200.000000
-999.978479	 	13206.666667
1625.750985	 	13213.333333
-998.690263	 	13220.000000
-999.998848	 	13226.666667
-999.997492	 	13233.333333
1791.057955	 	13240.000000
4773.816363	 	13246.666667
-999.998848	 	13253.333333
-999.998848	 	13260.000000
-999.998848	 	13266.666667
-999.998852	 	13273.333333
-999.998862	 	13280.000000
-999.998876	 	13286.666667
-999.998848	 	13293.333333
-999.998867	 	13300.000000
-999.998914	 	13306.666667
-999.998991	 	13313.333333
-999.999032	 	13320.000000
-999.999042	 	13326.666667
