#peak 	 	#time 
-999.999033	 	0.000000
-999.999252	 	6.666667
-999.999007	 	13.333333
-999.998875	 	20.000000
-999.999426	 	26.666667
-999.999438	 	33.333333
-999.999696	 	40.000000
-999.999735	 	46.666667
-999.999464	 	53.333333
-999.999878	 	60.000000
-999.999356	 	66.666667
-1000.000000	 	73.333333
-1000.000000	 	80.000000
-1000.000000	 	86.666667
-1000.000000	 	93.333333
32175.138064	 	100.000000
-999.998885	 	106.666667
-999.998886	 	113.333333
-999.998873	 	120.000000
-999.998882	 	126.666667
-999.998894	 	133.333333
-999.998878	 	140.000000
-999.998878	 	146.666667
-999.998881	 	153.333333
-999.998878	 	160.000000
-999.998871	 	166.666667
-999.998871	 	173.333333
-999.998872	 	180.000000
-999.998871	 	186.666667
-999.998871	 	193.333333
-999.998871	 	200.000000
-999.980294	 	206.666667
3400.452672	 	213.333333
1377.673398	 	220.000000
-471.428837	 	226.666667
-569.307070	 	233.333333
-93.482454	 	240.000000
282.351718	 	246.666667
-111.628112	 	253.333333
39.515809	 	260.000000
-83.856823	 	266.666667
-267.624862	 	273.333333
149.485844	 	280.000000
81.517338	 	286.666667
109.819929	 	293.333333
-23.925332	 	300.000000
-243.546661	 	306.666667
-122.043812	 	313.333333
136.583097	 	320.000000
-99.499386	 	326.666667
15.772212	 	333.333333
-29.250803	 	340.000000
164.192587	 	346.666667
3.943476	 	353.333333
-128.401068	 	360.000000
-89.877586	 	366.666667
149.844053	 	373.333333
118.898042	 	380.000000
-69.815901	 	386.666667
30.271707	 	393.333333
196.493866	 	400.000000
-91.433971	 	406.666667
-184.275329	 	413.333333
-203.955684	 	420.000000
179.163799	 	426.666667
248.603110	 	433.333333
-88.505339	 	440.000000
29.085042	 	446.666667
-115.629232	 	453.333333
220.650256	 	460.000000
-132.656862	 	466.666667
-85.857511	 	473.333333
-19.124058	 	480.000000
235.914164	 	486.666667
-44.698456	 	493.333333
14.633443	 	500.000000
-173.822225	 	506.666667
54.012612	 	513.333333
52.891614	 	520.000000
92.726973	 	526.666667
56.251831	 	533.333333
-14.542215	 	540.000000
-100.797669	 	546.666667
-176.160697	 	553.333333
305.915738	 	560.000000
-41.999024	 	566.666667
-11.598199	 	573.333333
-130.389285	 	580.000000
50.366126	 	586.666667
166.912493	 	593.333333
-19.744361	 	600.000000
-82.137831	 	606.666667
-76.133370	 	613.333333
5.146898	 	620.000000
127.793079	 	626.666667
77.585312	 	633.333333
-107.609787	 	640.000000
-9.012128	 	646.666667
10.431043	 	653.333333
88.075833	 	660.000000
-92.541004	 	666.666667
-32.442631	 	673.333333
11.485268	 	680.000000
5.577286	 	686.666667
17.044549	 	693.333333
77.085998	 	700.000000
-38.582232	 	706.666667
-14.585468	 	713.333333
-14.199492	 	720.000000
-43.136904	 	726.666667
79.330050	 	733.333333
96.230332	 	740.000000
-66.799181	 	746.666667
-64.948840	 	753.333333
-16.724012	 	760.000000
101.086728	 	766.666667
-23.878624	 	773.333333
-38.169658	 	780.000000
8.290975	 	786.666667
21.187283	 	793.333333
35.647800	 	800.000000
-40.148405	 	806.666667
69.798112	 	813.333333
-32.357078	 	820.000000
4.139531	 	826.666667
-73.809449	 	833.333333
-10.742624	 	840.000000
104.099502	 	846.666667
62.231764	 	853.333333
-43.588424	 	860.000000
-74.314192	 	866.666667
4.000469	 	873.333333
70.783336	 	880.000000
46.271742	 	886.666667
-77.412642	 	893.333333
33.330754	 	900.000000
-52.784872	 	906.666667
-21.273233	 	913.333333
91.602471	 	920.000000
63.407975	 	926.666667
-17.503862	 	933.333333
-106.256476	 	940.000000
-39.310426	 	946.666667
81.711903	 	953.333333
51.898083	 	960.000000
-28.600278	 	966.666667
-65.996676	 	973.333333
101.189122	 	980.000000
128.385503	 	986.666667
-68.755169	 	993.333333
-105.228907	 	1000.000000
-30.619419	 	1006.666667
-6.199357	 	1013.333333
109.701134	 	1020.000000
28.429781	 	1026.666667
-22.300856	 	1033.333333
46.956185	 	1040.000000
-39.346694	 	1046.666667
-92.388866	 	1053.333333
15.820154	 	1060.000000
47.667165	 	1066.666667
84.194226	 	1073.333333
10.328839	 	1080.000000
-77.739321	 	1086.666667
-66.963432	 	1093.333333
52.595715	 	1100.000000
27.992525	 	1106.666667
26.778417	 	1113.333333
39.212159	 	1120.000000
-46.551374	 	1126.666667
-19.147641	 	1133.333333
20.498749	 	1140.000000
-1.912823	 	1146.666667
45.044563	 	1153.333333
57.090538	 	1160.000000
-98.294277	 	1166.666667
-4.376892	 	1173.333333
-22.209001	 	1180.000000
10.661933	 	1186.666667
115.137753	 	1193.333333
-27.192170	 	1200.000000
-40.285599	 	1206.666667
45.894546	 	1213.333333
-16.203751	 	1220.000000
-38.603900	 	1226.666667
-2.258413	 	1233.333333
81.244689	 	1240.000000
-55.595853	 	1246.666667
5.467786	 	1253.333333
-22.162484	 	1260.000000
128.690932	 	1266.666667
-21.311500	 	1273.333333
-40.352111	 	1280.000000
-80.199882	 	1286.666667
52.984537	 	1293.333333
60.303708	 	1300.000000
-67.061644	 	1306.666667
33.348776	 	1313.333333
26.336978	 	1320.000000
-4.533594	 	1326.666667
-13.045373	 	1333.333333
-57.863679	 	1340.000000
41.277065	 	1346.666667
68.938938	 	1353.333333
71.526235	 	1360.000000
-83.985528	 	1366.666667
-33.632478	 	1373.333333
22.241846	 	1380.000000
14.386796	 	1386.666667
-26.765626	 	1393.333333
7.299297	 	1400.000000
65.800470	 	1406.666667
75.690318	 	1413.333333
-56.649230	 	1420.000000
-93.724792	 	1426.666667
34.332599	 	1433.333333
49.477559	 	1440.000000
14.461005	 	1446.666667
20.849293	 	1453.333333
15.929908	 	1460.000000
-74.939903	 	1466.666667
43.723090	 	1473.333333
-42.640848	 	1480.000000
15.937214	 	1486.666667
5.219802	 	1493.333333
-10.376658	 	1500.000000
67.530392	 	1506.666667
40.907631	 	1513.333333
-108.126184	 	1520.000000
35.424808	 	1526.666667
30.186725	 	1533.333333
-10.386435	 	1540.000000
-5.127206	 	1546.666667
-8.093905	 	1553.333333
11.130459	 	1560.000000
-18.030896	 	1566.666667
71.504531	 	1573.333333
-22.444345	 	1580.000000
22.593512	 	1586.666667
-72.996392	 	1593.333333
33.917120	 	1600.000000
21.726768	 	1606.666667
18.270212	 	1613.333333
-22.925394	 	1620.000000
-29.431683	 	1626.666667
45.912278	 	1633.333333
-25.879958	 	1640.000000
6.596027	 	1646.666667
56.310148	 	1653.333333
-46.183981	 	1660.000000
-0.564286	 	1666.666667
7.811197	 	1673.333333
8.594845	 	1680.000000
35.117540	 	1686.666667
33.950753	 	1693.333333
-29.938145	 	1700.000000
-65.432449	 	1706.666667
48.253338	 	1713.333333
24.409935	 	1720.000000
-54.164223	 	1726.666667
31.779649	 	1733.333333
-9.882284	 	1740.000000
3.060873	 	1746.666667
133.274579	 	1753.333333
-45.113045	 	1760.000000
-26.698366	 	1766.666667
-45.154572	 	1773.333333
33.466124	 	1780.000000
9.154066	 	1786.666667
-12.880001	 	1793.333333
-14.647039	 	1800.000000
14.229778	 	1806.666667
112.236894	 	1813.333333
-37.445268	 	1820.000000
-85.319397	 	1826.666667
-23.783631	 	1833.333333
129.170797	 	1840.000000
106.669886	 	1846.666667
-50.871573	 	1853.333333
-46.709260	 	1860.000000
-17.233302	 	1866.666667
-37.564401	 	1873.333333
55.634340	 	1880.000000
51.580890	 	1886.666667
-36.153779	 	1893.333333
55.544547	 	1900.000000
19.345639	 	1906.666667
-66.257187	 	1913.333333
-22.854338	 	1920.000000
57.051271	 	1926.666667
43.083567	 	1933.333333
-6.024514	 	1940.000000
-20.608552	 	1946.666667
-7.728599	 	1953.333333
9.828879	 	1960.000000
40.969760	 	1966.666667
11.402026	 	1973.333333
53.042515	 	1980.000000
5.244384	 	1986.666667
-116.687644	 	1993.333333
-21.205712	 	2000.000000
39.974432	 	2006.666667
104.649370	 	2013.333333
-11.491564	 	2020.000000
-21.873407	 	2026.666667
50.546950	 	2033.333333
-15.673385	 	2040.000000
-77.320935	 	2046.666667
10.524281	 	2053.333333
71.146523	 	2060.000000
25.437515	 	2066.666667
26.663188	 	2073.333333
-42.713562	 	2080.000000
1.167667	 	2086.666667
2.924320	 	2093.333333
-12.254639	 	2100.000000
7.535526	 	2106.666667
54.752974	 	2113.333333
37.323782	 	2120.000000
-55.676876	 	2126.666667
-1.259054	 	2133.333333
96.071501	 	2140.000000
-26.484680	 	2146.666667
-1.643030	 	2153.333333
-73.431146	 	2160.000000
97.699109	 	2166.666667
34.859235	 	2173.333333
-21.202798	 	2180.000000
-35.853444	 	2186.666667
-25.157458	 	2193.333333
47.760763	 	2200.000000
62.412902	 	2206.666667
-68.840604	 	2213.333333
2.490102	 	2220.000000
-18.125644	 	2226.666667
2.390892	 	2233.333333
75.386266	 	2240.000000
-7.486262	 	2246.666667
-13.704756	 	2253.333333
-5.734784	 	2260.000000
20.246974	 	2266.666667
5.397839	 	2273.333333
68.767850	 	2280.000000
-94.579060	 	2286.666667
17.487215	 	2293.333333
110.682400	 	2300.000000
4.235019	 	2306.666667
-2.628956	 	2313.333333
-94.762619	 	2320.000000
23.134412	 	2326.666667
102.522584	 	2333.333333
29.138898	 	2340.000000
-76.086374	 	2346.666667
-15.362682	 	2353.333333
-7.497833	 	2360.000000
-22.015760	 	2366.666667
7.000578	 	2373.333333
44.645382	 	2380.000000
79.093140	 	2386.666667
46.917241	 	2393.333333
-102.705181	 	2400.000000
-91.726894	 	2406.666667
38.483684	 	2413.333333
45.648323	 	2420.000000
82.213825	 	2426.666667
11.268033	 	2433.333333
-49.416510	 	2440.000000
-37.516628	 	2446.666667
-76.759186	 	2453.333333
134.827905	 	2460.000000
67.192185	 	2466.666667
-25.668962	 	2473.333333
20.440914	 	2480.000000
-1.511880	 	2486.666667
6.281121	 	2493.333333
-25.248286	 	2500.000000
-77.537622	 	2506.666667
-32.869553	 	2513.333333
152.611901	 	2520.000000
87.277969	 	2526.666667
-4.869467	 	2533.333333
-82.314320	 	2540.000000
-68.029871	 	2546.666667
92.095130	 	2553.333333
25.652964	 	2560.000000
-16.324025	 	2566.666667
-21.312727	 	2573.333333
-38.766909	 	2580.000000
27.214959	 	2586.666667
56.393255	 	2593.333333
8.271620	 	2600.000000
2.345868	 	2606.666667
-60.050625	 	2613.333333
20.448718	 	2620.000000
127.761665	 	2626.666667
11.167482	 	2633.333333
-163.782736	 	2640.000000
29.849831	 	2646.666667
-16.189307	 	2653.333333
145.390185	 	2660.000000
67.557104	 	2666.666667
-124.501035	 	2673.333333
-52.563812	 	2680.000000
64.336468	 	2686.666667
75.148125	 	2693.333333
-25.420214	 	2700.000000
-47.574102	 	2706.666667
-83.947526	 	2713.333333
111.993228	 	2720.000000
10.300568	 	2726.666667
61.584605	 	2733.333333
-45.730057	 	2740.000000
-41.980717	 	2746.666667
75.677176	 	2753.333333
8.954716	 	2760.000000
-50.677152	 	2766.666667
-67.146836	 	2773.333333
58.339485	 	2780.000000
87.919390	 	2786.666667
-107.670577	 	2793.333333
33.005705	 	2800.000000
54.669373	 	2806.666667
18.294800	 	2813.333333
8.591985	 	2820.000000
-46.889314	 	2826.666667
-23.453315	 	2833.333333
62.124728	 	2840.000000
-40.329248	 	2846.666667
21.674316	 	2853.333333
11.478074	 	2860.000000
16.223637	 	2866.666667
17.788475	 	2873.333333
-38.779450	 	2880.000000
28.086744	 	2886.666667
-21.070135	 	2893.333333
46.396337	 	2900.000000
2.485256	 	2906.666667
-87.168638	 	2913.333333
-15.783718	 	2920.000000
94.322536	 	2926.666667
75.661202	 	2933.333333
-56.375062	 	2940.000000
-83.815547	 	2946.666667
28.720464	 	2953.333333
91.924117	 	2960.000000
-11.735675	 	2966.666667
-72.008771	 	2973.333333
34.977425	 	2980.000000
41.902625	 	2986.666667
8.619100	 	2993.333333
-63.366840	 	3000.000000
-28.789940	 	3006.666667
111.316922	 	3013.333333
54.512832	 	3020.000000
-43.199682	 	3026.666667
-45.156996	 	3033.333333
-19.556668	 	3040.000000
18.603972	 	3046.666667
2.230273	 	3053.333333
74.933581	 	3060.000000
9.779545	 	3066.666667
-36.699183	 	3073.333333
-11.300934	 	3080.000000
-48.478975	 	3086.666667
42.787047	 	3093.333333
26.884756	 	3100.000000
58.742602	 	3106.666667
41.949329	 	3113.333333
-19.950429	 	3120.000000
-45.861736	 	3126.666667
-51.722240	 	3133.333333
-33.993722	 	3140.000000
73.476516	 	3146.666667
126.549670	 	3153.333333
-11.965157	 	3160.000000
58.356490	 	3166.666667
10.539686	 	3173.333333
-329.817041	 	3180.000000
-375.371636	 	3186.666667
548.613439	 	3193.333333
7142.905460	 	3200.000000
22497.938833	 	3206.666667
10120.940077	 	3213.333333
685.252364	 	3220.000000
-212.420098	 	3226.666667
571.414175	 	3233.333333
3407.803728	 	3240.000000
4813.043732	 	3246.666667
5059.852822	 	3253.333333
3788.414758	 	3260.000000
3717.453636	 	3266.666667
4752.508078	 	3273.333333
5804.381965	 	3280.000000
5125.508170	 	3286.666667
5548.269640	 	3293.333333
5803.644194	 	3300.000000
5686.265967	 	3306.666667
5547.607943	 	3313.333333
6595.748621	 	3320.000000
5890.919428	 	3326.666667
5920.231574	 	3333.333333
5465.727488	 	3340.000000
6095.356712	 	3346.666667
7365.841168	 	3353.333333
7494.008703	 	3360.000000
5546.433638	 	3366.666667
5465.757139	 	3373.333333
6309.961507	 	3380.000000
7093.103809	 	3386.666667
6681.408727	 	3393.333333
6135.282004	 	3400.000000
6464.565475	 	3406.666667
6562.902504	 	3413.333333
5295.465023	 	3420.000000
6204.273507	 	3426.666667
5865.427723	 	3433.333333
4685.112227	 	3440.000000
5967.283130	 	3446.666667
6313.516225	 	3453.333333
5843.661960	 	3460.000000
5145.059143	 	3466.666667
4622.987672	 	3473.333333
5094.820124	 	3480.000000
5063.211880	 	3486.666667
3996.381100	 	3493.333333
5274.549520	 	3500.000000
5681.628124	 	3506.666667
3627.585342	 	3513.333333
3617.303962	 	3520.000000
5365.726112	 	3526.666667
5234.844018	 	3533.333333
3738.301378	 	3540.000000
3988.108579	 	3546.666667
4779.828737	 	3553.333333
5150.511099	 	3560.000000
4168.606756	 	3566.666667
3761.848984	 	3573.333333
3587.714461	 	3580.000000
4470.270811	 	3586.666667
4049.671979	 	3593.333333
3542.459303	 	3600.000000
4188.727707	 	3606.666667
3952.359485	 	3613.333333
3313.141434	 	3620.000000
3459.026541	 	3626.666667
3679.995061	 	3633.333333
3709.526555	 	3640.000000
3640.115039	 	3646.666667
3553.798395	 	3653.333333
3091.585806	 	3660.000000
2916.678674	 	3666.666667
2822.505021	 	3673.333333
3334.864078	 	3680.000000
3254.520164	 	3686.666667
3119.830189	 	3693.333333
3094.323380	 	3700.000000
2551.548595	 	3706.666667
2919.502374	 	3713.333333
3301.983644	 	3720.000000
2728.042947	 	3726.666667
2675.691278	 	3733.333333
2875.257179	 	3740.000000
2643.523221	 	3746.666667
2674.931571	 	3753.333333
2226.141589	 	3760.000000
2710.599535	 	3766.666667
2915.845163	 	3773.333333
2475.042157	 	3780.000000
2210.057548	 	3786.666667
2153.228001	 	3793.333333
2367.250654	 	3800.000000
2574.606650	 	3806.666667
2307.911671	 	3813.333333
2158.429179	 	3820.000000
2345.978459	 	3826.666667
1983.196361	 	3833.333333
2003.393976	 	3840.000000
2102.139148	 	3846.666667
1906.242544	 	3853.333333
1759.224035	 	3860.000000
2038.792843	 	3866.666667
2038.769445	 	3873.333333
2027.721575	 	3880.000000
1944.625306	 	3886.666667
1635.003959	 	3893.333333
1443.362236	 	3900.000000
1911.835369	 	3906.666667
1873.011740	 	3913.333333
1660.554112	 	3920.000000
1514.563492	 	3926.666667
1730.837918	 	3933.333333
1777.228862	 	3940.000000
1668.942611	 	3946.666667
1467.365137	 	3953.333333
1395.014232	 	3960.000000
1675.340767	 	3966.666667
1538.569057	 	3973.333333
1417.205570	 	3980.000000
1485.302062	 	3986.666667
1441.110948	 	3993.333333
1291.967991	 	4000.000000
1436.597155	 	4006.666667
1372.381551	 	4013.333333
1247.498732	 	4020.000000
1289.094177	 	4026.666667
1178.755776	 	4033.333333
1405.788747	 	4040.000000
1150.458144	 	4046.666667
1171.302917	 	4053.333333
1244.485964	 	4060.000000
1287.587989	 	4066.666667
1069.097668	 	4073.333333
1146.487755	 	4080.000000
1132.186675	 	4086.666667
1351.518433	 	4093.333333
1110.994991	 	4100.000000
941.731410	 	4106.666667
959.533545	 	4113.333333
1117.962191	 	4120.000000
1150.022611	 	4126.666667
1003.934492	 	4133.333333
829.426286	 	4140.000000
975.930043	 	4146.666667
1050.552178	 	4153.333333
1176.258788	 	4160.000000
1003.812334	 	4166.666667
789.823791	 	4173.333333
838.393674	 	4180.000000
1098.428926	 	4186.666667
1073.550820	 	4193.333333
857.099610	 	4200.000000
643.102854	 	4206.666667
815.904495	 	4213.333333
953.463598	 	4220.000000
914.943195	 	4226.666667
872.640158	 	4233.333333
719.092490	 	4240.000000
742.092778	 	4246.666667
954.388398	 	4253.333333
762.646380	 	4260.000000
698.959725	 	4266.666667
731.577352	 	4273.333333
777.415529	 	4280.000000
808.012317	 	4286.666667
813.804731	 	4293.333333
621.731585	 	4300.000000
653.501705	 	4306.666667
805.521300	 	4313.333333
713.296324	 	4320.000000
597.955096	 	4326.666667
679.293634	 	4333.333333
642.768272	 	4340.000000
671.381746	 	4346.666667
765.205012	 	4353.333333
697.158346	 	4360.000000
506.368996	 	4366.666667
598.873923	 	4373.333333
583.435218	 	4380.000000
591.134413	 	4386.666667
669.128167	 	4393.333333
623.278692	 	4400.000000
402.796094	 	4406.666667
442.779629	 	4413.333333
596.149483	 	4420.000000
785.571951	 	4426.666667
562.782936	 	4433.333333
441.394271	 	4440.000000
417.190717	 	4446.666667
593.915978	 	4453.333333
537.098470	 	4460.000000
421.026088	 	4466.666667
447.028002	 	4473.333333
594.535359	 	4480.000000
553.913555	 	4486.666667
474.909691	 	4493.333333
511.695074	 	4500.000000
403.288115	 	4506.666667
493.833120	 	4513.333333
450.471453	 	4520.000000
496.039407	 	4526.666667
489.311547	 	4533.333333
271.987881	 	4540.000000
420.890017	 	4546.666667
485.998343	 	4553.333333
492.196331	 	4560.000000
379.381101	 	4566.666667
366.122313	 	4573.333333
508.897584	 	4580.000000
353.766844	 	4586.666667
342.373183	 	4593.333333
497.687009	 	4600.000000
513.108936	 	4606.666667
314.116161	 	4613.333333
433.306948	 	4620.000000
345.166487	 	4626.666667
399.819639	 	4633.333333
371.062151	 	4640.000000
307.851752	 	4646.666667
372.891318	 	4653.333333
433.405389	 	4660.000000
386.631606	 	4666.666667
251.951992	 	4673.333333
293.333601	 	4680.000000
417.057709	 	4686.666667
231.705860	 	4693.333333
311.427985	 	4700.000000
384.204872	 	4706.666667
324.257270	 	4713.333333
361.798021	 	4720.000000
206.537541	 	4726.666667
209.993716	 	4733.333333
363.424823	 	4740.000000
264.998129	 	4746.666667
454.898474	 	4753.333333
119.847424	 	4760.000000
257.623528	 	4766.666667
476.041690	 	4773.333333
152.976644	 	4780.000000
347.112231	 	4786.666667
264.281324	 	4793.333333
205.837589	 	4800.000000
290.969542	 	4806.666667
329.702040	 	4813.333333
215.132937	 	4820.000000
332.939202	 	4826.666667
145.646669	 	4833.333333
220.909320	 	4840.000000
390.757430	 	4846.666667
222.318333	 	4853.333333
313.383041	 	4860.000000
86.772350	 	4866.666667
160.085102	 	4873.333333
494.827243	 	4880.000000
114.422173	 	4886.666667
291.036384	 	4893.333333
210.548157	 	4900.000000
154.298717	 	4906.666667
227.868198	 	4913.333333
240.175817	 	4920.000000
119.629739	 	4926.666667
271.399482	 	4933.333333
322.166163	 	4940.000000
159.264186	 	4946.666667
243.398643	 	4953.333333
137.229946	 	4960.000000
173.867729	 	4966.666667
285.449918	 	4973.333333
231.612681	 	4980.000000
207.446790	 	4986.666667
37.262831	 	4993.333333
360.187999	 	5000.000000
197.451349	 	5006.666667
103.584823	 	5013.333333
145.376760	 	5020.000000
218.129849	 	5026.666667
276.849611	 	5033.333333
170.715834	 	5040.000000
124.101862	 	5046.666667
168.634672	 	5053.333333
301.686953	 	5060.000000
166.062272	 	5066.666667
152.608290	 	5073.333333
173.716521	 	5080.000000
232.074687	 	5086.666667
174.989952	 	5093.333333
85.511405	 	5100.000000
176.829317	 	5106.666667
192.380397	 	5113.333333
118.068863	 	5120.000000
195.317252	 	5126.666667
179.277853	 	5133.333333
206.951335	 	5140.000000
120.870174	 	5146.666667
80.175772	 	5153.333333
132.449799	 	5160.000000
107.447720	 	5166.666667
300.458860	 	5173.333333
144.884934	 	5180.000000
47.722559	 	5186.666667
197.416640	 	5193.333333
193.286896	 	5200.000000
144.800641	 	5206.666667
217.049776	 	5213.333333
107.609677	 	5220.000000
182.995760	 	5226.666667
106.711096	 	5233.333333
106.158044	 	5240.000000
110.411503	 	5246.666667
272.099909	 	5253.333333
157.697189	 	5260.000000
58.517718	 	5266.666667
36.438988	 	5273.333333
155.704131	 	5280.000000
148.319136	 	5286.666667
209.660809	 	5293.333333
63.705708	 	5300.000000
23.052930	 	5306.666667
165.195623	 	5313.333333
185.716906	 	5320.000000
58.807710	 	5326.666667
184.543684	 	5333.333333
73.174009	 	5340.000000
116.138669	 	5346.666667
240.979889	 	5353.333333
56.015767	 	5360.000000
93.599544	 	5366.666667
58.154505	 	5373.333333
157.258068	 	5380.000000
85.546348	 	5386.666667
66.407953	 	5393.333333
120.760820	 	5400.000000
78.857654	 	5406.666667
64.716277	 	5413.333333
248.743654	 	5420.000000
51.130470	 	5426.666667
62.595091	 	5433.333333
104.053932	 	5440.000000
50.004613	 	5446.666667
143.100164	 	5453.333333
133.713901	 	5460.000000
59.991445	 	5466.666667
46.083610	 	5473.333333
123.524795	 	5480.000000
79.103126	 	5486.666667
195.962151	 	5493.333333
125.321883	 	5500.000000
97.203126	 	5506.666667
59.205020	 	5513.333333
-1.440663	 	5520.000000
88.304478	 	5526.666667
94.286634	 	5533.333333
82.332226	 	5540.000000
200.626573	 	5546.666667
86.618851	 	5553.333333
-62.458998	 	5560.000000
84.335178	 	5566.666667
93.455136	 	5573.333333
196.311717	 	5580.000000
45.449137	 	5586.666667
-7.408568	 	5593.333333
53.201532	 	5600.000000
194.387236	 	5606.666667
113.472881	 	5613.333333
55.152786	 	5620.000000
7.077560	 	5626.666667
72.662272	 	5633.333333
71.142811	 	5640.000000
147.422161	 	5646.666667
-1.445026	 	5653.333333
15.820510	 	5660.000000
86.750167	 	5666.666667
123.166294	 	5673.333333
42.481490	 	5680.000000
91.702090	 	5686.666667
62.799750	 	5693.333333
61.457065	 	5700.000000
102.755055	 	5706.666667
44.734465	 	5713.333333
46.835004	 	5720.000000
-23.807845	 	5726.666667
13.008813	 	5733.333333
105.550624	 	5740.000000
208.749153	 	5746.666667
22.463083	 	5753.333333
29.346001	 	5760.000000
40.028644	 	5766.666667
69.209612	 	5773.333333
0.346314	 	5780.000000
55.158435	 	5786.666667
76.997450	 	5793.333333
108.974991	 	5800.000000
131.615406	 	5806.666667
-52.939813	 	5813.333333
38.047064	 	5820.000000
33.731171	 	5826.666667
153.010724	 	5833.333333
83.896273	 	5840.000000
56.283477	 	5846.666667
-3.209926	 	5853.333333
67.423465	 	5860.000000
40.149278	 	5866.666667
50.128370	 	5873.333333
59.624998	 	5880.000000
72.727264	 	5886.666667
149.241103	 	5893.333333
22.770355	 	5900.000000
-78.641090	 	5906.666667
55.611796	 	5913.333333
61.171488	 	5920.000000
102.811525	 	5926.666667
122.021483	 	5933.333333
-17.730266	 	5940.000000
-16.394836	 	5946.666667
15.612628	 	5953.333333
23.593394	 	5960.000000
108.897792	 	5966.666667
131.467388	 	5973.333333
-0.478246	 	5980.000000
19.158255	 	5986.666667
47.432902	 	5993.333333
47.360515	 	6000.000000
33.130268	 	6006.666667
-5.894071	 	6013.333333
46.089920	 	6020.000000
107.885206	 	6026.666667
-18.998958	 	6033.333333
-8.074776	 	6040.000000
69.564748	 	6046.666667
35.865610	 	6053.333333
106.313227	 	6060.000000
-5.988757	 	6066.666667
-15.121915	 	6073.333333
60.283892	 	6080.000000
75.949785	 	6086.666667
-2.769057	 	6093.333333
98.911680	 	6100.000000
-30.957245	 	6106.666667
5.773890	 	6113.333333
49.127342	 	6120.000000
82.181262	 	6126.666667
-52.999943	 	6133.333333
172.722473	 	6140.000000
37.809834	 	6146.666667
-31.179600	 	6153.333333
51.211090	 	6160.000000
5.350148	 	6166.666667
56.298851	 	6173.333333
83.254484	 	6180.000000
37.382781	 	6186.666667
70.635574	 	6193.333333
61.302806	 	6200.000000
-31.337781	 	6206.666667
83.734900	 	6213.333333
86.341806	 	6220.000000
-38.196587	 	6226.666667
163.969849	 	6233.333333
5.232417	 	6240.000000
-73.151096	 	6246.666667
89.138211	 	6253.333333
88.345423	 	6260.000000
-18.519854	 	6266.666667
98.742202	 	6273.333333
13.688628	 	6280.000000
-17.307173	 	6286.666667
58.319795	 	6293.333333
38.084063	 	6300.000000
3.947602	 	6306.666667
179.310586	 	6313.333333
-60.381999	 	6320.000000
-151.127977	 	6326.666667
69.737674	 	6333.333333
150.868076	 	6340.000000
51.915059	 	6346.666667
7.620170	 	6353.333333
12.657355	 	6360.000000
96.045274	 	6366.666667
12.093714	 	6373.333333
-7.241478	 	6380.000000
-51.888968	 	6386.666667
115.160007	 	6393.333333
137.595693	 	6400.000000
62.587431	 	6406.666667
-82.163417	 	6413.333333
29.428009	 	6420.000000
17.269766	 	6426.666667
14.489320	 	6433.333333
-42.853798	 	6440.000000
58.076167	 	6446.666667
38.539397	 	6453.333333
6.980543	 	6460.000000
128.317334	 	6466.666667
4.582641	 	6473.333333
26.450818	 	6480.000000
-0.898128	 	6486.666667
41.200586	 	6493.333333
89.176802	 	6500.000000
65.187877	 	6506.666667
-99.723864	 	6513.333333
9.595309	 	6520.000000
90.896287	 	6526.666667
66.616534	 	6533.333333
1.805376	 	6540.000000
-62.769559	 	6546.666667
16.728061	 	6553.333333
161.599828	 	6560.000000
61.370024	 	6566.666667
8.694668	 	6573.333333
-77.236595	 	6580.000000
155.041660	 	6586.666667
3.072258	 	6593.333333
-46.176509	 	6600.000000
57.762271	 	6606.666667
50.293043	 	6613.333333
-36.991156	 	6620.000000
51.237266	 	6626.666667
40.898452	 	6633.333333
49.658652	 	6640.000000
10.846979	 	6646.666667
50.058128	 	6653.333333
17.367102	 	6660.000000
-11.637417	 	6666.666667
-65.714420	 	6673.333333
81.409547	 	6680.000000
87.884714	 	6686.666667
-29.410524	 	6693.333333
-15.616532	 	6700.000000
-3.928299	 	6706.666667
70.374578	 	6713.333333
40.737506	 	6720.000000
-26.302224	 	6726.666667
46.290683	 	6733.333333
22.740949	 	6740.000000
-13.289848	 	6746.666667
109.435205	 	6753.333333
-14.678942	 	6760.000000
23.645444	 	6766.666667
-63.356703	 	6773.333333
44.407014	 	6780.000000
85.196359	 	6786.666667
1.341910	 	6793.333333
-72.828847	 	6800.000000
-6.335712	 	6806.666667
120.439605	 	6813.333333
45.813072	 	6820.000000
3.264868	 	6826.666667
-89.187219	 	6833.333333
-29.942051	 	6840.000000
114.888433	 	6846.666667
49.856928	 	6853.333333
-29.667923	 	6860.000000
-92.874381	 	6866.666667
119.568956	 	6873.333333
188.828080	 	6880.000000
30.340876	 	6886.666667
-79.235747	 	6893.333333
-63.493429	 	6900.000000
76.167297	 	6906.666667
19.000777	 	6913.333333
7.149521	 	6920.000000
-45.271051	 	6926.666667
3.213246	 	6933.333333
22.026017	 	6940.000000
43.446295	 	6946.666667
14.533919	 	6953.333333
61.999576	 	6960.000000
17.609362	 	6966.666667
-5.748509	 	6973.333333
-35.936063	 	6980.000000
-24.726011	 	6986.666667
63.817671	 	6993.333333
72.581638	 	7000.000000
25.028994	 	7006.666667
-75.050420	 	7013.333333
58.462129	 	7020.000000
39.898045	 	7026.666667
60.832441	 	7033.333333
-68.880426	 	7040.000000
-11.166616	 	7046.666667
40.011883	 	7053.333333
49.432651	 	7060.000000
-22.868422	 	7066.666667
-23.636184	 	7073.333333
20.276441	 	7080.000000
56.738220	 	7086.666667
15.353846	 	7093.333333
-6.653218	 	7100.000000
34.306127	 	7106.666667
-21.050063	 	7113.333333
-7.738767	 	7120.000000
63.824861	 	7126.666667
59.851189	 	7133.333333
52.696221	 	7140.000000
-93.945784	 	7146.666667
33.654371	 	7153.333333
86.976815	 	7160.000000
75.645131	 	7166.666667
-36.464768	 	7173.333333
-20.125460	 	7180.000000
-2.102613	 	7186.666667
116.723006	 	7193.333333
24.239523	 	7200.000000
-84.119032	 	7206.666667
14.135653	 	7213.333333
55.413155	 	7220.000000
-34.446968	 	7226.666667
-15.909310	 	7233.333333
0.890182	 	7240.000000
27.896505	 	7246.666667
33.394914	 	7253.333333
-4.699479	 	7260.000000
26.427657	 	7266.666667
-70.689321	 	7273.333333
54.165225	 	7280.000000
-54.454484	 	7286.666667
58.441871	 	7293.333333
39.624031	 	7300.000000
-43.158278	 	7306.666667
49.503156	 	7313.333333
44.755735	 	7320.000000
1.516694	 	7326.666667
-2.310407	 	7333.333333
-20.971898	 	7340.000000
7.805741	 	7346.666667
47.482766	 	7353.333333
-68.179865	 	7360.000000
17.588253	 	7366.666667
130.821662	 	7373.333333
27.596371	 	7380.000000
-95.886568	 	7386.666667
-96.098860	 	7393.333333
102.933385	 	7400.000000
85.057777	 	7406.666667
55.606429	 	7413.333333
-94.684598	 	7420.000000
-31.800326	 	7426.666667
64.158593	 	7433.333333
-14.703165	 	7440.000000
-11.820807	 	7446.666667
71.650488	 	7453.333333
-45.661037	 	7460.000000
10.165088	 	7466.666667
-4.415114	 	7473.333333
70.798660	 	7480.000000
6.438260	 	7486.666667
-37.091443	 	7493.333333
-70.029058	 	7500.000000
131.394280	 	7506.666667
46.262991	 	7513.333333
3.983518	 	7520.000000
4.030213	 	7526.666667
-50.617767	 	7533.333333
-35.657727	 	7540.000000
41.822743	 	7546.666667
71.910081	 	7553.333333
23.382232	 	7560.000000
-19.776098	 	7566.666667
-39.941737	 	7573.333333
-24.743534	 	7580.000000
50.416736	 	7586.666667
-12.751819	 	7593.333333
86.671325	 	7600.000000
7.653652	 	7606.666667
-32.472311	 	7613.333333
-40.690563	 	7620.000000
-3.414080	 	7626.666667
7.400707	 	7633.333333
28.934736	 	7640.000000
55.933716	 	7646.666667
72.027039	 	7653.333333
-125.700107	 	7660.000000
-43.227315	 	7666.666667
26.037186	 	7673.333333
103.546136	 	7680.000000
45.675769	 	7686.666667
-4.888014	 	7693.333333
-145.202931	 	7700.000000
134.990159	 	7706.666667
-19.647197	 	7713.333333
-47.197508	 	7720.000000
-23.881374	 	7726.666667
82.924685	 	7733.333333
-26.986785	 	7740.000000
56.228340	 	7746.666667
-12.102768	 	7753.333333
30.972249	 	7760.000000
-8.835182	 	7766.666667
-6.985192	 	7773.333333
-115.701736	 	7780.000000
52.493769	 	7786.666667
60.197063	 	7793.333333
63.320874	 	7800.000000
28.791966	 	7806.666667
-61.876119	 	7813.333333
-87.299924	 	7820.000000
101.207784	 	7826.666667
106.570379	 	7833.333333
-51.228021	 	7840.000000
-106.394214	 	7846.666667
5.361303	 	7853.333333
116.713860	 	7860.000000
2.964068	 	7866.666667
-97.510315	 	7873.333333
-47.573973	 	7880.000000
79.670921	 	7886.666667
68.942601	 	7893.333333
14.597118	 	7900.000000
16.697736	 	7906.666667
22.321661	 	7913.333333
-43.838152	 	7920.000000
-96.055499	 	7926.666667
12.489913	 	7933.333333
95.330498	 	7940.000000
27.399694	 	7946.666667
0.127326	 	7953.333333
-29.555305	 	7960.000000
-55.903874	 	7966.666667
32.870047	 	7973.333333
-27.851675	 	7980.000000
21.562000	 	7986.666667
59.983039	 	7993.333333
11.489523	 	8000.000000
-73.093069	 	8006.666667
20.616418	 	8013.333333
45.035297	 	8020.000000
65.308788	 	8026.666667
-69.170282	 	8033.333333
-71.138338	 	8040.000000
-9.986532	 	8046.666667
82.810852	 	8053.333333
18.888788	 	8060.000000
11.651005	 	8066.666667
-39.993704	 	8073.333333
-7.208314	 	8080.000000
52.662008	 	8086.666667
46.956792	 	8093.333333
-45.476460	 	8100.000000
-6.051024	 	8106.666667
-15.523637	 	8113.333333
-13.943911	 	8120.000000
44.053915	 	8126.666667
24.208105	 	8133.333333
-58.465507	 	8140.000000
36.743667	 	8146.666667
22.584793	 	8153.333333
31.750172	 	8160.000000
-13.928342	 	8166.666667
-1.256732	 	8173.333333
-16.384404	 	8180.000000
52.901124	 	8186.666667
-63.971600	 	8193.333333
-41.162221	 	8200.000000
-12.775095	 	8206.666667
31.524025	 	8213.333333
82.381455	 	8220.000000
81.397758	 	8226.666667
-30.226444	 	8233.333333
-78.319201	 	8240.000000
-48.238134	 	8246.666667
-24.606587	 	8253.333333
76.580920	 	8260.000000
22.528495	 	8266.666667
-6.812703	 	8273.333333
20.117044	 	8280.000000
87.784616	 	8286.666667
-30.180251	 	8293.333333
-165.234150	 	8300.000000
67.679414	 	8306.666667
94.543321	 	8313.333333
-43.288960	 	8320.000000
-47.165149	 	8326.666667
-26.085876	 	8333.333333
43.498365	 	8340.000000
18.178643	 	8346.666667
-76.553649	 	8353.333333
1.921446	 	8360.000000
126.954623	 	8366.666667
-69.595634	 	8373.333333
-70.763620	 	8380.000000
-25.632544	 	8386.666667
75.334510	 	8393.333333
23.539023	 	8400.000000
4.743315	 	8406.666667
-23.587029	 	8413.333333
62.666207	 	8420.000000
4.123669	 	8426.666667
-69.404391	 	8433.333333
11.467011	 	8440.000000
-22.035454	 	8446.666667
42.384453	 	8453.333333
31.964405	 	8460.000000
-18.686703	 	8466.666667
-9.621345	 	8473.333333
-56.498294	 	8480.000000
-16.560527	 	8486.666667
53.416786	 	8493.333333
-18.921666	 	8500.000000
31.129046	 	8506.666667
15.486714	 	8513.333333
-54.797624	 	8520.000000
29.541113	 	8526.666667
-16.210927	 	8533.333333
-9.846399	 	8540.000000
66.162754	 	8546.666667
29.439008	 	8553.333333
-68.197560	 	8560.000000
-17.251005	 	8566.666667
44.013941	 	8573.333333
24.557956	 	8580.000000
-59.096493	 	8586.666667
-61.307466	 	8593.333333
49.428367	 	8600.000000
46.835657	 	8606.666667
-76.037472	 	8613.333333
47.671385	 	8620.000000
10.849867	 	8626.666667
2.839403	 	8633.333333
66.934912	 	8640.000000
-70.841591	 	8646.666667
-16.589341	 	8653.333333
61.912001	 	8660.000000
-60.900600	 	8666.666667
-32.527662	 	8673.333333
54.186262	 	8680.000000
-13.777430	 	8686.666667
-61.417377	 	8693.333333
63.645865	 	8700.000000
84.223032	 	8706.666667
-5.902362	 	8713.333333
-73.418590	 	8720.000000
21.293886	 	8726.666667
-26.193497	 	8733.333333
94.360525	 	8740.000000
12.908433	 	8746.666667
-24.678529	 	8753.333333
-13.312138	 	8760.000000
15.245755	 	8766.666667
-5.542763	 	8773.333333
-16.040409	 	8780.000000
10.130634	 	8786.666667
-65.086900	 	8793.333333
-1.025231	 	8800.000000
84.954174	 	8806.666667
12.398059	 	8813.333333
-62.881495	 	8820.000000
-99.022796	 	8826.666667
37.005975	 	8833.333333
62.677461	 	8840.000000
-20.082916	 	8846.666667
50.749659	 	8853.333333
-56.477987	 	8860.000000
47.365388	 	8866.666667
-53.340656	 	8873.333333
-14.286835	 	8880.000000
27.101201	 	8886.666667
65.682339	 	8893.333333
-42.826916	 	8900.000000
28.014262	 	8906.666667
-58.912043	 	8913.333333
-41.671613	 	8920.000000
34.222562	 	8926.666667
-1.854421	 	8933.333333
37.206560	 	8940.000000
47.667886	 	8946.666667
-0.417641	 	8953.333333
-16.715666	 	8960.000000
-64.389925	 	8966.666667
-104.815410	 	8973.333333
61.412219	 	8980.000000
72.217436	 	8986.666667
-13.520347	 	8993.333333
-29.070896	 	9000.000000
-35.410005	 	9006.666667
29.874230	 	9013.333333
27.486967	 	9020.000000
17.305301	 	9026.666667
-10.025261	 	9033.333333
-33.515857	 	9040.000000
-33.142157	 	9046.666667
11.421636	 	9053.333333
12.199568	 	9060.000000
-2.511999	 	9066.666667
0.305774	 	9073.333333
-40.976424	 	9080.000000
94.817935	 	9086.666667
-7.856659	 	9093.333333
-15.170432	 	9100.000000
-4.267499	 	9106.666667
-30.478644	 	9113.333333
40.849396	 	9120.000000
40.888723	 	9126.666667
-41.088970	 	9133.333333
-61.231777	 	9140.000000
75.693801	 	9146.666667
5.286302	 	9153.333333
-67.237186	 	9160.000000
77.002055	 	9166.666667
32.576430	 	9173.333333
-48.897652	 	9180.000000
-33.861633	 	9186.666667
-45.580665	 	9193.333333
74.779677	 	9200.000000
-5.846462	 	9206.666667
-9.951281	 	9213.333333
-24.040252	 	9220.000000
78.659605	 	9226.666667
-39.664173	 	9233.333333
-14.877480	 	9240.000000
-15.001963	 	9246.666667
-35.321508	 	9253.333333
83.073403	 	9260.000000
-21.005148	 	9266.666667
-60.335867	 	9273.333333
54.534573	 	9280.000000
19.189234	 	9286.666667
-62.492260	 	9293.333333
34.256392	 	9300.000000
-30.882512	 	9306.666667
82.964089	 	9313.333333
0.486809	 	9320.000000
-46.784099	 	9326.666667
-39.999788	 	9333.333333
-12.333814	 	9340.000000
41.767035	 	9346.666667
-22.340905	 	9353.333333
-10.529942	 	9360.000000
43.984955	 	9366.666667
-8.552081	 	9373.333333
23.240487	 	9380.000000
-17.021250	 	9386.666667
-163.428183	 	9393.333333
39.201177	 	9400.000000
114.943228	 	9406.666667
13.664028	 	9413.333333
12.903636	 	9420.000000
-114.783693	 	9426.666667
-61.141920	 	9433.333333
126.511718	 	9440.000000
72.079445	 	9446.666667
-45.486868	 	9453.333333
-39.874090	 	9460.000000
-59.420826	 	9466.666667
-14.610999	 	9473.333333
75.152258	 	9480.000000
8.295941	 	9486.666667
-6.659132	 	9493.333333
53.442448	 	9500.000000
-28.091845	 	9506.666667
-58.391562	 	9513.333333
-47.421784	 	9520.000000
-6.234385	 	9526.666667
81.730747	 	9533.333333
43.883287	 	9540.000000
-25.745554	 	9546.666667
-61.507848	 	9553.333333
35.224802	 	9560.000000
-41.846593	 	9566.666667
30.084297	 	9573.333333
-32.856760	 	9580.000000
-28.133903	 	9586.666667
-67.745006	 	9593.333333
90.802072	 	9600.000000
-16.885179	 	9606.666667
50.817665	 	9613.333333
22.515831	 	9620.000000
-73.235671	 	9626.666667
35.803755	 	9633.333333
-47.298953	 	9640.000000
-26.044504	 	9646.666667
76.891627	 	9653.333333
-26.662522	 	9660.000000
-27.443842	 	9666.666667
65.718823	 	9673.333333
-54.798862	 	9680.000000
14.915027	 	9686.666667
27.011690	 	9693.333333
-36.568001	 	9700.000000
-5.770619	 	9706.666667
44.377495	 	9713.333333
-13.841424	 	9720.000000
-33.516512	 	9726.666667
43.619600	 	9733.333333
44.837106	 	9740.000000
-69.947003	 	9746.666667
5.080255	 	9753.333333
0.421014	 	9760.000000
56.918469	 	9766.666667
-36.795637	 	9773.333333
-55.184960	 	9780.000000
14.148645	 	9786.666667
79.890238	 	9793.333333
-38.273426	 	9800.000000
-58.030817	 	9806.666667
12.986575	 	9813.333333
17.879413	 	9820.000000
18.970317	 	9826.666667
32.995560	 	9833.333333
-21.678566	 	9840.000000
-2.889181	 	9846.666667
-33.873935	 	9853.333333
-111.790820	 	9860.000000
-11.185927	 	9866.666667
18.522363	 	9873.333333
46.658848	 	9880.000000
31.049559	 	9886.666667
21.180742	 	9893.333333
-5.965932	 	9900.000000
-40.484875	 	9906.666667
-17.034264	 	9913.333333
10.246040	 	9920.000000
-19.410431	 	9926.666667
37.246386	 	9933.333333
4.209748	 	9940.000000
-4.055792	 	9946.666667
-44.710192	 	9953.333333
-22.745324	 	9960.000000
-30.755945	 	9966.666667
103.884516	 	9973.333333
-31.524418	 	9980.000000
-17.007855	 	9986.666667
-35.860165	 	9993.333333
-58.088522	 	10000.000000
-33.516329	 	10006.666667
136.323504	 	10013.333333
-35.396877	 	10020.000000
37.781273	 	10026.666667
-38.721425	 	10033.333333
-46.091613	 	10040.000000
-14.093230	 	10046.666667
4.055770	 	10053.333333
49.808999	 	10060.000000
50.506264	 	10066.666667
-58.430215	 	10073.333333
-26.070349	 	10080.000000
-15.056076	 	10086.666667
-0.483350	 	10093.333333
34.202185	 	10100.000000
-44.494143	 	10106.666667
-8.571110	 	10113.333333
-30.517320	 	10120.000000
-6.067435	 	10126.666667
-19.880439	 	10133.333333
11.757602	 	10140.000000
6.972582	 	10146.666667
37.115921	 	10153.333333
-11.213967	 	10160.000000
-104.984578	 	10166.666667
0.738626	 	10173.333333
79.627510	 	10180.000000
77.008080	 	10186.666667
-92.951436	 	10193.333333
-41.598859	 	10200.000000
43.590837	 	10206.666667
31.079790	 	10213.333333
-33.644926	 	10220.000000
-24.612772	 	10226.666667
-52.300810	 	10233.333333
31.346895	 	10240.000000
21.018873	 	10246.666667
47.649451	 	10253.333333
-82.870775	 	10260.000000
-18.043183	 	10266.666667
-30.039825	 	10273.333333
-8.175559	 	10280.000000
24.555499	 	10286.666667
-2.026510	 	10293.333333
-31.421532	 	10300.000000
11.072449	 	10306.666667
-29.178489	 	10313.333333
57.575443	 	10320.000000
-97.694032	 	10326.666667
27.187229	 	10333.333333
71.078502	 	10340.000000
-21.152830	 	10346.666667
-93.123960	 	10353.333333
35.637940	 	10360.000000
81.927676	 	10366.666667
7.133421	 	10373.333333
-147.564628	 	10380.000000
46.524345	 	10386.666667
89.530694	 	10393.333333
45.482072	 	10400.000000
-94.030069	 	10406.666667
-129.621865	 	10413.333333
76.343541	 	10420.000000
35.430299	 	10426.666667
36.050121	 	10433.333333
-44.714831	 	10440.000000
37.923448	 	10446.666667
-19.224008	 	10453.333333
-30.099783	 	10460.000000
-35.546856	 	10466.666667
-0.907476	 	10473.333333
21.977680	 	10480.000000
-16.069955	 	10486.666667
-12.349784	 	10493.333333
75.100068	 	10500.000000
-43.751405	 	10506.666667
32.569808	 	10513.333333
-19.131432	 	10520.000000
-27.665357	 	10526.666667
-48.874375	 	10533.333333
49.102916	 	10540.000000
11.321888	 	10546.666667
5.202197	 	10553.333333
21.469779	 	10560.000000
-55.479738	 	10566.666667
-9.095653	 	10573.333333
-8.874135	 	10580.000000
-13.593637	 	10586.666667
-1.284421	 	10593.333333
34.528388	 	10600.000000
-9.350754	 	10606.666667
-1.852887	 	10613.333333
-35.719543	 	10620.000000
55.354620	 	10626.666667
-59.476842	 	10633.333333
-12.805449	 	10640.000000
-24.723207	 	10646.666667
89.388812	 	10653.333333
-12.808833	 	10660.000000
-72.226215	 	10666.666667
-27.272336	 	10673.333333
35.021373	 	10680.000000
-71.358375	 	10686.666667
62.799098	 	10693.333333
15.820908	 	10700.000000
18.792451	 	10706.666667
45.869659	 	10713.333333
-18.915607	 	10720.000000
-20.241335	 	10726.666667
-14.451768	 	10733.333333
-84.955186	 	10740.000000
31.283091	 	10746.666667
47.068680	 	10753.333333
-23.520638	 	10760.000000
-11.323638	 	10766.666667
-21.072562	 	10773.333333
-59.611440	 	10780.000000
74.688419	 	10786.666667
36.272843	 	10793.333333
-32.256522	 	10800.000000
-81.831363	 	10806.666667
57.722722	 	10813.333333
0.591847	 	10820.000000
83.457885	 	10826.666667
-4.824147	 	10833.333333
-188.548472	 	10840.000000
12.360149	 	10846.666667
157.043788	 	10853.333333
17.265925	 	10860.000000
-109.029535	 	10866.666667
-55.011677	 	10873.333333
-4.965618	 	10880.000000
67.964041	 	10886.666667
-46.163307	 	10893.333333
29.985355	 	10900.000000
3.514467	 	10906.666667
-20.401542	 	10913.333333
-31.399207	 	10920.000000
-4.134431	 	10926.666667
13.436868	 	10933.333333
-21.493850	 	10940.000000
-51.052206	 	10946.666667
44.258719	 	10953.333333
57.339669	 	10960.000000
-18.152389	 	10966.666667
-10.356674	 	10973.333333
-30.301063	 	10980.000000
10.703730	 	10986.666667
-114.751454	 	10993.333333
144.839695	 	11000.000000
10.050930	 	11006.666667
-3.273870	 	11013.333333
-110.210281	 	11020.000000
-67.605637	 	11026.666667
96.305764	 	11033.333333
88.749770	 	11040.000000
-88.519529	 	11046.666667
-9.714495	 	11053.333333
-65.606675	 	11060.000000
11.322585	 	11066.666667
64.049102	 	11073.333333
-16.379665	 	11080.000000
-79.539422	 	11086.666667
-10.115876	 	11093.333333
19.502136	 	11100.000000
59.760623	 	11106.666667
38.461081	 	11113.333333
-33.813911	 	11120.000000
-35.641699	 	11126.666667
-58.529540	 	11133.333333
8.642545	 	11140.000000
-2.772908	 	11146.666667
-9.180617	 	11153.333333
28.729327	 	11160.000000
38.028784	 	11166.666667
-74.404039	 	11173.333333
-76.407253	 	11180.000000
12.464722	 	11186.666667
44.601554	 	11193.333333
30.289949	 	11200.000000
-54.581720	 	11206.666667
-52.464906	 	11213.333333
-1.743155	 	11220.000000
75.092048	 	11226.666667
-42.675804	 	11233.333333
20.276960	 	11240.000000
-31.404530	 	11246.666667
-17.316088	 	11253.333333
-22.672037	 	11260.000000
71.858884	 	11266.666667
-19.335704	 	11273.333333
-18.118020	 	11280.000000
-58.120156	 	11286.666667
-17.375608	 	11293.333333
47.130825	 	11300.000000
-1.117238	 	11306.666667
-49.791684	 	11313.333333
39.000071	 	11320.000000
58.865474	 	11326.666667
14.571640	 	11333.333333
-55.717209	 	11340.000000
-69.655385	 	11346.666667
31.813464	 	11353.333333
47.126545	 	11360.000000
5.386488	 	11366.666667
26.641107	 	11373.333333
-59.688546	 	11380.000000
13.917800	 	11386.666667
-6.082346	 	11393.333333
-30.342750	 	11400.000000
-46.282411	 	11406.666667
9.586101	 	11413.333333
43.626711	 	11420.000000
-16.598774	 	11426.666667
40.251578	 	11433.333333
48.244713	 	11440.000000
-139.031156	 	11446.666667
-38.262258	 	11453.333333
15.155816	 	11460.000000
103.163899	 	11466.666667
-24.739265	 	11473.333333
-51.349159	 	11480.000000
-56.917688	 	11486.666667
29.848277	 	11493.333333
56.291705	 	11500.000000
-48.395197	 	11506.666667
49.356910	 	11513.333333
94.566366	 	11520.000000
-79.390164	 	11526.666667
-97.233795	 	11533.333333
9.572755	 	11540.000000
-29.411089	 	11546.666667
10.432292	 	11553.333333
41.656627	 	11560.000000
13.960141	 	11566.666667
70.869423	 	11573.333333
-104.089315	 	11580.000000
-127.852152	 	11586.666667
89.211385	 	11593.333333
-17.497198	 	11600.000000
-13.311556	 	11606.666667
44.399696	 	11613.333333
42.649736	 	11620.000000
-65.913777	 	11626.666667
-15.369508	 	11633.333333
-54.876526	 	11640.000000
26.603021	 	11646.666667
102.409434	 	11653.333333
7.793640	 	11660.000000
-131.045189	 	11666.666667
-57.439080	 	11673.333333
57.524441	 	11680.000000
70.728165	 	11686.666667
-23.883815	 	11693.333333
-56.365514	 	11700.000000
21.622547	 	11706.666667
0.965704	 	11713.333333
-53.071586	 	11720.000000
36.422066	 	11726.666667
8.852370	 	11733.333333
109.860234	 	11740.000000
-124.437644	 	11746.666667
-115.969353	 	11753.333333
19.491993	 	11760.000000
17.770832	 	11766.666667
66.102159	 	11773.333333
-8.875912	 	11780.000000
-56.730491	 	11786.666667
0.517557	 	11793.333333
-12.063025	 	11800.000000
15.883511	 	11806.666667
-56.262244	 	11813.333333
33.808829	 	11820.000000
-31.676540	 	11826.666667
-17.639812	 	11833.333333
-17.299897	 	11840.000000
18.999045	 	11846.666667
-5.329333	 	11853.333333
-26.024914	 	11860.000000
-0.330003	 	11866.666667
-9.781409	 	11873.333333
15.176254	 	11880.000000
101.229391	 	11886.666667
-66.012420	 	11893.333333
4.430896	 	11900.000000
-28.940015	 	11906.666667
0.833879	 	11913.333333
-3.165952	 	11920.000000
20.726966	 	11926.666667
-64.061409	 	11933.333333
-49.256025	 	11940.000000
69.841330	 	11946.666667
-12.757452	 	11953.333333
34.881379	 	11960.000000
-83.368732	 	11966.666667
-41.524818	 	11973.333333
166.716078	 	11980.000000
-81.570235	 	11986.666667
-26.936868	 	11993.333333
3.639674	 	12000.000000
55.369249	 	12006.666667
-30.991859	 	12013.333333
32.705317	 	12020.000000
-110.512014	 	12026.666667
7.900992	 	12033.333333
47.952392	 	12040.000000
42.430789	 	12046.666667
-68.284361	 	12053.333333
14.134923	 	12060.000000
-23.005317	 	12066.666667
-110.374980	 	12073.333333
-36.647986	 	12080.000000
163.797893	 	12086.666667
-8.711092	 	12093.333333
-14.060368	 	12100.000000
-41.655176	 	12106.666667
-14.871934	 	12113.333333
17.184470	 	12120.000000
-74.914120	 	12126.666667
21.703628	 	12133.333333
10.393847	 	12140.000000
57.381188	 	12146.666667
-15.155603	 	12153.333333
-18.280232	 	12160.000000
15.216541	 	12166.666667
42.549725	 	12173.333333
-47.638925	 	12180.000000
-46.691921	 	12186.666667
11.501647	 	12193.333333
73.609280	 	12200.000000
-52.401093	 	12206.666667
47.992830	 	12213.333333
-4.197403	 	12220.000000
-13.891664	 	12226.666667
-19.869682	 	12233.333333
-27.199472	 	12240.000000
83.549697	 	12246.666667
-42.903330	 	12253.333333
-118.462329	 	12260.000000
100.947008	 	12266.666667
113.422425	 	12273.333333
-114.118608	 	12280.000000
-58.216696	 	12286.666667
-22.073438	 	12293.333333
110.243614	 	12300.000000
-51.847099	 	12306.666667
-21.671884	 	12313.333333
36.164530	 	12320.000000
10.547138	 	12326.666667
-67.183251	 	12333.333333
-38.354746	 	12340.000000
67.759878	 	12346.666667
31.186818	 	12353.333333
-87.731913	 	12360.000000
1.918371	 	12366.666667
85.402847	 	12373.333333
-101.929533	 	12380.000000
-21.472289	 	12386.666667
236.847904	 	12393.333333
-183.224084	 	12400.000000
23.883235	 	12406.666667
-83.200758	 	12413.333333
-93.621403	 	12420.000000
163.729151	 	12426.666667
30.488277	 	12433.333333
-65.955137	 	12440.000000
107.931937	 	12446.666667
-230.073971	 	12453.333333
188.999086	 	12460.000000
-149.742336	 	12466.666667
113.270947	 	12473.333333
-66.828655	 	12480.000000
-126.807900	 	12486.666667
175.210369	 	12493.333333
-131.325209	 	12500.000000
113.001782	 	12506.666667
55.414325	 	12513.333333
103.491699	 	12520.000000
-285.490389	 	12526.666667
-268.505601	 	12533.333333
713.741917	 	12540.000000
-356.735761	 	12546.666667
-297.841641	 	12553.333333
261.719135	 	12560.000000
-6.409889	 	12566.666667
157.146424	 	12573.333333
-299.193238	 	12580.000000
-14.325950	 	12586.666667
536.764646	 	12593.333333
-517.198680	 	12600.000000
-240.321461	 	12606.666667
340.236365	 	12613.333333
64.857749	 	12620.000000
90.838466	 	12626.666667
-143.563128	 	12633.333333
-247.246371	 	12640.000000
271.006581	 	12646.666667
-166.221635	 	12653.333333
238.645578	 	12660.000000
-141.844430	 	12666.666667
-2.366824	 	12673.333333
-299.409029	 	12680.000000
348.050659	 	12686.666667
302.902044	 	12693.333333
-290.442071	 	12700.000000
13.184790	 	12706.666667
-490.226751	 	12713.333333
259.419089	 	12720.000000
-44.120999	 	12726.666667
911.691376	 	12733.333333
-720.839176	 	12740.000000
-458.686857	 	12746.666667
159.838770	 	12753.333333
1064.360093	 	12760.000000
-512.144608	 	12766.666667
-768.105266	 	12773.333333
398.304779	 	12780.000000
137.346341	 	12786.666667
-422.663934	 	12793.333333
1022.245200	 	12800.000000
-649.090114	 	12806.666667
-153.758590	 	12813.333333
230.962426	 	12820.000000
-414.661068	 	12826.666667
544.006956	 	12833.333333
120.293881	 	12840.000000
-715.812087	 	12846.666667
98.313436	 	12853.333333
117.873644	 	12860.000000
876.771876	 	12866.666667
-470.159094	 	12873.333333
-396.926731	 	12880.000000
-285.059110	 	12886.666667
342.065436	 	12893.333333
-174.738951	 	12900.000000
600.753230	 	12906.666667
-33.113015	 	12913.333333
-382.110007	 	12920.000000
81.834367	 	12926.666667
-761.361148	 	12933.333333
1597.654326	 	12940.000000
-996.679263	 	12946.666667
-658.976120	 	12953.333333
698.909582	 	12960.000000
323.374187	 	12966.666667
104.041529	 	12973.333333
-169.559615	 	12980.000000
-178.938838	 	12986.666667
-924.498005	 	12993.333333
1138.977327	 	13000.000000
-968.889562	 	13006.666667
1746.288899	 	13013.333333
-879.487388	 	13020.000000
-343.867775	 	13026.666667
-461.410046	 	13033.333333
835.263201	 	13040.000000
-896.606364	 	13046.666667
1177.995797	 	13053.333333
-316.172371	 	13060.000000
-12.755257	 	13066.666667
422.834098	 	13073.333333
-989.214244	 	13080.000000
-167.445077	 	13086.666667
-882.564141	 	13093.333333
2572.773109	 	13100.000000
-978.653989	 	13106.666667
-338.226336	 	13113.333333
1119.364461	 	13120.000000
-516.559437	 	13126.666667
-753.310708	 	13133.333333
-788.175024	 	13140.000000
915.950509	 	13146.666667
1274.982375	 	13153.333333
-846.787605	 	13160.000000
-158.962528	 	13166.666667
-487.571736	 	13173.333333
751.606602	 	13180.000000
-976.793910	 	13186.666667
-670.359180	 	13193.333333
2274.479097	 	13200.000000
-333.783205	 	13206.666667
-520.660618	 	13213.333333
-955.621435	 	13220.000000
-999.988251	 	13226.666667
-980.226577	 	13233.333333
6864.132424	 	13240.000000
770.294199	 	13246.666667
-999.998871	 	13253.333333
-999.998872	 	13260.000000
-999.998873	 	13266.666667
-999.998871	 	13273.333333
-999.998877	 	13280.000000
-999.998876	 	13286.666667
-999.998910	 	13293.333333
-999.998898	 	13300.000000
-999.998887	 	13306.666667
-999.998975	 	13313.333333
-999.998972	 	13320.000000
-999.999084	 	13326.666667
