#peak 	 	#time 
-999.998820	 	0.000000
-999.998917	 	6.666667
-999.998888	 	13.333333
-999.999024	 	20.000000
-999.999474	 	26.666667
-999.999533	 	33.333333
-999.999125	 	40.000000
-999.999671	 	46.666667
-999.999874	 	53.333333
-999.999984	 	60.000000
-1000.000000	 	66.666667
-1000.000000	 	73.333333
-1000.000000	 	80.000000
-1000.000000	 	86.666667
35200.096393	 	93.333333
-999.998730	 	100.000000
-999.998733	 	106.666667
-999.998744	 	113.333333
-999.998733	 	120.000000
-999.998730	 	126.666667
-999.998733	 	133.333333
-999.998729	 	140.000000
-999.998733	 	146.666667
-999.998729	 	153.333333
-999.998725	 	160.000000
-999.998720	 	166.666667
-999.998722	 	173.333333
-999.998720	 	180.000000
-999.998720	 	186.666667
-999.996474	 	193.333333
4472.849112	 	200.000000
2155.009876	 	206.666667
-888.709868	 	213.333333
-972.633557	 	220.000000
-940.022386	 	226.666667
-649.245207	 	233.333333
30.632753	 	240.000000
415.015442	 	246.666667
502.644628	 	253.333333
-70.257505	 	260.000000
-346.109237	 	266.666667
-228.693118	 	273.333333
-4.768545	 	280.000000
157.486079	 	286.666667
311.128973	 	293.333333
112.004518	 	300.000000
-338.832921	 	306.666667
-309.568828	 	313.333333
-52.955092	 	320.000000
229.620075	 	326.666667
106.388180	 	333.333333
-215.236563	 	340.000000
78.591924	 	346.666667
157.184857	 	353.333333
-152.423225	 	360.000000
51.825096	 	366.666667
-180.150570	 	373.333333
131.424484	 	380.000000
47.894967	 	386.666667
-225.162428	 	393.333333
-54.235798	 	400.000000
339.302193	 	406.666667
-114.837137	 	413.333333
-122.794464	 	420.000000
-68.302353	 	426.666667
94.883647	 	433.333333
273.007505	 	440.000000
-68.975250	 	446.666667
-92.506964	 	453.333333
-193.961804	 	460.000000
-141.527789	 	466.666667
267.853794	 	473.333333
170.974463	 	480.000000
50.303634	 	486.666667
-114.163562	 	493.333333
-41.595027	 	500.000000
-111.374555	 	506.666667
227.574407	 	513.333333
-125.369012	 	520.000000
22.737761	 	526.666667
125.064212	 	533.333333
-55.541468	 	540.000000
52.558077	 	546.666667
-13.590084	 	553.333333
8.471322	 	560.000000
105.995822	 	566.666667
-9.434473	 	573.333333
-103.724579	 	580.000000
18.178735	 	586.666667
26.943513	 	593.333333
11.056191	 	600.000000
-31.427428	 	606.666667
-28.714246	 	613.333333
148.967364	 	620.000000
-21.615705	 	626.666667
-22.300965	 	633.333333
-132.124757	 	640.000000
104.544248	 	646.666667
190.603241	 	653.333333
-41.553216	 	660.000000
-57.324294	 	666.666667
-51.579402	 	673.333333
-82.934788	 	680.000000
172.206001	 	686.666667
-64.833949	 	693.333333
-37.020701	 	700.000000
86.464931	 	706.666667
-54.808541	 	713.333333
19.020531	 	720.000000
49.816926	 	726.666667
30.314657	 	733.333333
25.265337	 	740.000000
-131.760878	 	746.666667
11.788026	 	753.333333
105.134960	 	760.000000
57.795153	 	766.666667
-62.346791	 	773.333333
-51.643612	 	780.000000
-72.748171	 	786.666667
42.138359	 	793.333333
-2.170372	 	800.000000
100.964667	 	806.666667
-57.267061	 	813.333333
50.148699	 	820.000000
23.089601	 	826.666667
95.121987	 	833.333333
-36.363764	 	840.000000
-137.820766	 	846.666667
-88.060102	 	853.333333
69.013155	 	860.000000
126.169433	 	866.666667
-15.929827	 	873.333333
65.099535	 	880.000000
56.636392	 	886.666667
-87.548373	 	893.333333
-91.666946	 	900.000000
-19.071361	 	906.666667
15.252292	 	913.333333
129.897423	 	920.000000
-25.498796	 	926.666667
-67.098423	 	933.333333
122.444540	 	940.000000
-36.135462	 	946.666667
-65.375451	 	953.333333
-34.052096	 	960.000000
-17.038829	 	966.666667
52.771505	 	973.333333
111.214130	 	980.000000
121.419537	 	986.666667
-113.838634	 	993.333333
30.403775	 	1000.000000
8.085528	 	1006.666667
-74.148421	 	1013.333333
-4.366773	 	1020.000000
95.618418	 	1026.666667
-94.888142	 	1033.333333
60.125643	 	1040.000000
34.450109	 	1046.666667
-13.625193	 	1053.333333
61.932106	 	1060.000000
-105.720218	 	1066.666667
-108.076644	 	1073.333333
101.628634	 	1080.000000
140.259044	 	1086.666667
-42.613653	 	1093.333333
7.659267	 	1100.000000
-88.947261	 	1106.666667
40.023834	 	1113.333333
33.738185	 	1120.000000
25.444609	 	1126.666667
-21.501421	 	1133.333333
-58.976249	 	1140.000000
38.175780	 	1146.666667
74.125837	 	1153.333333
-51.079409	 	1160.000000
-64.178397	 	1166.666667
-77.112637	 	1173.333333
94.878710	 	1180.000000
173.625384	 	1186.666667
33.588839	 	1193.333333
-123.755114	 	1200.000000
-76.023076	 	1206.666667
-53.559839	 	1213.333333
90.852885	 	1220.000000
24.623140	 	1226.666667
53.884356	 	1233.333333
39.747648	 	1240.000000
14.932270	 	1246.666667
-63.448951	 	1253.333333
-65.974971	 	1260.000000
80.599290	 	1266.666667
17.568042	 	1273.333333
8.988884	 	1280.000000
-32.069638	 	1286.666667
40.689087	 	1293.333333
96.233309	 	1300.000000
6.532336	 	1306.666667
-106.458715	 	1313.333333
-26.841176	 	1320.000000
69.567352	 	1326.666667
29.811137	 	1333.333333
19.895415	 	1340.000000
-21.852715	 	1346.666667
30.064968	 	1353.333333
36.573263	 	1360.000000
-11.962315	 	1366.666667
-21.188955	 	1373.333333
90.772161	 	1380.000000
-16.972705	 	1386.666667
-116.620661	 	1393.333333
4.480066	 	1400.000000
-6.135555	 	1406.666667
135.496127	 	1413.333333
35.918301	 	1420.000000
-59.582466	 	1426.666667
6.959672	 	1433.333333
-73.629008	 	1440.000000
-122.910569	 	1446.666667
158.221926	 	1453.333333
99.980671	 	1460.000000
48.462147	 	1466.666667
-16.777476	 	1473.333333
-66.292175	 	1480.000000
-50.657055	 	1486.666667
-12.522648	 	1493.333333
-0.277755	 	1500.000000
34.795063	 	1506.666667
-56.213716	 	1513.333333
118.440106	 	1520.000000
84.756372	 	1526.666667
-47.484462	 	1533.333333
-24.553130	 	1540.000000
-114.656701	 	1546.666667
-2.281019	 	1553.333333
149.691114	 	1560.000000
12.583910	 	1566.666667
23.926282	 	1573.333333
-18.019881	 	1580.000000
-77.236133	 	1586.666667
-68.737170	 	1593.333333
60.810386	 	1600.000000
83.954952	 	1606.666667
61.271345	 	1613.333333
-39.575400	 	1620.000000
-107.059306	 	1626.666667
121.728087	 	1633.333333
13.546618	 	1640.000000
-86.805300	 	1646.666667
-51.394971	 	1653.333333
55.167461	 	1660.000000
128.817670	 	1666.666667
19.639326	 	1673.333333
-61.577955	 	1680.000000
-85.179378	 	1686.666667
31.076539	 	1693.333333
88.228524	 	1700.000000
44.109121	 	1706.666667
-77.367086	 	1713.333333
-120.333591	 	1720.000000
-85.268899	 	1726.666667
104.914516	 	1733.333333
194.024845	 	1740.000000
105.326657	 	1746.666667
-104.417833	 	1753.333333
-127.076771	 	1760.000000
-43.127713	 	1766.666667
4.885504	 	1773.333333
89.234530	 	1780.000000
128.812214	 	1786.666667
-65.460806	 	1793.333333
-21.078047	 	1800.000000
16.981906	 	1806.666667
-8.888942	 	1813.333333
30.393858	 	1820.000000
-3.727185	 	1826.666667
-24.570724	 	1833.333333
32.111148	 	1840.000000
-16.322369	 	1846.666667
38.388021	 	1853.333333
38.602496	 	1860.000000
-57.833198	 	1866.666667
-15.621192	 	1873.333333
47.734088	 	1880.000000
50.110471	 	1886.666667
-68.159705	 	1893.333333
-2.934729	 	1900.000000
30.422512	 	1906.666667
24.994553	 	1913.333333
27.971735	 	1920.000000
-35.171510	 	1926.666667
-42.328563	 	1933.333333
26.157598	 	1940.000000
-17.411678	 	1946.666667
68.557039	 	1953.333333
28.478148	 	1960.000000
-8.857649	 	1966.666667
-87.681910	 	1973.333333
-19.712874	 	1980.000000
35.876873	 	1986.666667
30.133273	 	1993.333333
-6.803325	 	2000.000000
113.221023	 	2006.666667
57.545999	 	2013.333333
-95.790230	 	2020.000000
-114.774410	 	2026.666667
58.676785	 	2033.333333
116.864649	 	2040.000000
22.113580	 	2046.666667
-70.060401	 	2053.333333
-33.100333	 	2060.000000
-0.763188	 	2066.666667
58.580538	 	2073.333333
41.969242	 	2080.000000
16.653054	 	2086.666667
17.776316	 	2093.333333
-49.830332	 	2100.000000
-144.564689	 	2106.666667
-38.805038	 	2113.333333
189.170378	 	2120.000000
92.194672	 	2126.666667
-96.081161	 	2133.333333
-59.989749	 	2140.000000
123.087065	 	2146.666667
20.855329	 	2153.333333
-91.604891	 	2160.000000
-65.770007	 	2166.666667
150.677642	 	2173.333333
18.872222	 	2180.000000
-6.295517	 	2186.666667
-175.517366	 	2193.333333
41.851229	 	2200.000000
150.726161	 	2206.666667
118.844741	 	2213.333333
-92.131060	 	2220.000000
35.587779	 	2226.666667
-57.544449	 	2233.333333
-80.641055	 	2240.000000
89.710968	 	2246.666667
155.080408	 	2253.333333
-43.346224	 	2260.000000
-69.922226	 	2266.666667
4.945585	 	2273.333333
46.831543	 	2280.000000
50.289394	 	2286.666667
-98.035221	 	2293.333333
81.224853	 	2300.000000
89.706563	 	2306.666667
-6.621410	 	2313.333333
-168.658303	 	2320.000000
-16.578522	 	2326.666667
103.245522	 	2333.333333
74.475833	 	2340.000000
-62.471174	 	2346.666667
71.301458	 	2353.333333
-110.924214	 	2360.000000
-55.018882	 	2366.666667
88.744074	 	2373.333333
103.864923	 	2380.000000
-37.554109	 	2386.666667
29.780590	 	2393.333333
-57.800208	 	2400.000000
-99.793121	 	2406.666667
64.890273	 	2413.333333
61.302322	 	2420.000000
31.824049	 	2426.666667
-30.606341	 	2433.333333
7.636058	 	2440.000000
-52.696772	 	2446.666667
125.174837	 	2453.333333
16.518083	 	2460.000000
-115.423433	 	2466.666667
-65.370792	 	2473.333333
227.250023	 	2480.000000
96.561557	 	2486.666667
-112.583797	 	2493.333333
-213.717749	 	2500.000000
40.275220	 	2506.666667
129.980070	 	2513.333333
96.065762	 	2520.000000
-135.584824	 	2526.666667
-30.353478	 	2533.333333
75.158344	 	2540.000000
17.777860	 	2546.666667
21.752235	 	2553.333333
28.283957	 	2560.000000
-40.216602	 	2566.666667
-16.192151	 	2573.333333
-94.856298	 	2580.000000
78.881660	 	2586.666667
90.296935	 	2593.333333
57.039725	 	2600.000000
-99.922531	 	2606.666667
-61.183309	 	2613.333333
-29.600722	 	2620.000000
133.708529	 	2626.666667
14.993384	 	2633.333333
67.030076	 	2640.000000
-154.573340	 	2646.666667
83.143862	 	2653.333333
48.583063	 	2660.000000
-104.638500	 	2666.666667
-28.715427	 	2673.333333
129.847481	 	2680.000000
34.770811	 	2686.666667
54.972348	 	2693.333333
-162.587766	 	2700.000000
65.708755	 	2706.666667
32.744464	 	2713.333333
15.291878	 	2720.000000
-122.140903	 	2726.666667
29.544819	 	2733.333333
96.426120	 	2740.000000
34.934484	 	2746.666667
-59.175330	 	2753.333333
26.066877	 	2760.000000
-77.799702	 	2766.666667
32.367556	 	2773.333333
30.460290	 	2780.000000
110.291884	 	2786.666667
-87.859245	 	2793.333333
-103.147535	 	2800.000000
207.459408	 	2806.666667
134.070478	 	2813.333333
-162.614173	 	2820.000000
-50.028352	 	2826.666667
-36.540947	 	2833.333333
141.850932	 	2840.000000
25.515345	 	2846.666667
-58.767100	 	2853.333333
-69.642831	 	2860.000000
18.743012	 	2866.666667
40.616304	 	2873.333333
271.144003	 	2880.000000
-85.903403	 	2886.666667
-241.250641	 	2893.333333
-52.790876	 	2900.000000
117.117366	 	2906.666667
77.058511	 	2913.333333
64.053883	 	2920.000000
13.462389	 	2926.666667
-128.162772	 	2933.333333
-11.766768	 	2940.000000
25.156070	 	2946.666667
65.729209	 	2953.333333
38.611196	 	2960.000000
-49.859340	 	2966.666667
29.596167	 	2973.333333
-41.066427	 	2980.000000
13.700873	 	2986.666667
147.649743	 	2993.333333
-87.257347	 	3000.000000
-8.671320	 	3006.666667
76.661987	 	3013.333333
-8.368100	 	3020.000000
-52.777983	 	3026.666667
56.931571	 	3033.333333
-22.630730	 	3040.000000
98.844583	 	3046.666667
-28.218618	 	3053.333333
-32.834807	 	3060.000000
-79.901227	 	3066.666667
-41.435308	 	3073.333333
32.646983	 	3080.000000
120.340144	 	3086.666667
111.747830	 	3093.333333
90.891662	 	3100.000000
-57.661505	 	3106.666667
-99.051305	 	3113.333333
-175.227895	 	3120.000000
-29.778922	 	3126.666667
1.249392	 	3133.333333
206.623556	 	3140.000000
410.312445	 	3146.666667
96.813148	 	3153.333333
-209.708016	 	3160.000000
-287.981892	 	3166.666667
-430.106832	 	3173.333333
-494.432759	 	3180.000000
-103.745987	 	3186.666667
3157.391399	 	3193.333333
26533.409216	 	3200.000000
20475.388110	 	3206.666667
0.682997	 	3213.333333
-934.327195	 	3220.000000
-927.942190	 	3226.666667
-348.709924	 	3233.333333
3080.536626	 	3240.000000
7359.609395	 	3246.666667
7078.602336	 	3253.333333
4247.021809	 	3260.000000
3536.132498	 	3266.666667
4766.702817	 	3273.333333
4530.009853	 	3280.000000
6113.295567	 	3286.666667
8040.618462	 	3293.333333
6082.930229	 	3300.000000
4802.138770	 	3306.666667
4985.855554	 	3313.333333
5016.412353	 	3320.000000
8963.889277	 	3326.666667
7733.352431	 	3333.333333
6465.836036	 	3340.000000
5264.261860	 	3346.666667
5380.294814	 	3353.333333
5981.719233	 	3360.000000
7755.710610	 	3366.666667
7684.615787	 	3373.333333
7214.362245	 	3380.000000
6303.619648	 	3386.666667
6236.315198	 	3393.333333
6729.181231	 	3400.000000
8096.289372	 	3406.666667
6602.097516	 	3413.333333
5543.127418	 	3420.000000
5895.180730	 	3426.666667
6929.543158	 	3433.333333
6013.131903	 	3440.000000
5009.627171	 	3446.666667
4108.903454	 	3453.333333
5565.482652	 	3460.000000
6928.058998	 	3466.666667
5604.504572	 	3473.333333
4946.288366	 	3480.000000
5481.515602	 	3486.666667
5222.481531	 	3493.333333
4345.130668	 	3500.000000
5104.988542	 	3506.666667
5509.571773	 	3513.333333
4254.963949	 	3520.000000
3930.572323	 	3526.666667
4910.873038	 	3533.333333
5574.483077	 	3540.000000
4960.262335	 	3546.666667
3942.288106	 	3553.333333
3723.167662	 	3560.000000
4172.083954	 	3566.666667
4333.028013	 	3573.333333
3821.279926	 	3580.000000
4094.070247	 	3586.666667
4181.240380	 	3593.333333
4454.041978	 	3600.000000
4474.408088	 	3606.666667
4528.816188	 	3613.333333
4000.791756	 	3620.000000
3171.701781	 	3626.666667
3361.412639	 	3633.333333
3861.591468	 	3640.000000
3641.208295	 	3646.666667
3720.436556	 	3653.333333
3509.308326	 	3660.000000
3458.322451	 	3666.666667
4078.274926	 	3673.333333
3394.878030	 	3680.000000
2752.851278	 	3686.666667
3290.683463	 	3693.333333
3236.878386	 	3700.000000
2803.783438	 	3706.666667
3185.990982	 	3713.333333
3228.925270	 	3720.000000
3280.905838	 	3726.666667
3120.840636	 	3733.333333
3321.401072	 	3740.000000
2977.608675	 	3746.666667
2543.189500	 	3753.333333
3068.069677	 	3760.000000
3679.961255	 	3766.666667
2865.516148	 	3773.333333
2281.291058	 	3780.000000
2682.974567	 	3786.666667
2972.688561	 	3793.333333
2755.375549	 	3800.000000
2496.009434	 	3806.666667
2568.009213	 	3813.333333
2499.945100	 	3820.000000
2501.597769	 	3826.666667
2001.462360	 	3833.333333
2343.173544	 	3840.000000
2967.411454	 	3846.666667
2433.754183	 	3853.333333
2110.887991	 	3860.000000
2659.310927	 	3866.666667
2199.096217	 	3873.333333
1971.394637	 	3880.000000
2116.944873	 	3886.666667
2625.027470	 	3893.333333
2391.045418	 	3900.000000
1810.326040	 	3906.666667
1520.736480	 	3913.333333
1871.142969	 	3920.000000
2061.787676	 	3926.666667
2307.665448	 	3933.333333
2096.883784	 	3940.000000
1698.855758	 	3946.666667
1659.726474	 	3953.333333
2228.358947	 	3960.000000
2114.993991	 	3966.666667
1736.172415	 	3973.333333
1730.783863	 	3980.000000
1860.377439	 	3986.666667
2025.665636	 	3993.333333
1870.015280	 	4000.000000
1486.912261	 	4006.666667
1440.241639	 	4013.333333
1576.804324	 	4020.000000
1686.228490	 	4026.666667
1732.142724	 	4033.333333
1509.510142	 	4040.000000
1490.142017	 	4046.666667
1505.321643	 	4053.333333
1673.157682	 	4060.000000
1489.856189	 	4066.666667
1424.334113	 	4073.333333
1469.709491	 	4080.000000
1538.029679	 	4086.666667
1470.880265	 	4093.333333
1386.630239	 	4100.000000
1317.506122	 	4106.666667
1441.511743	 	4113.333333
1255.755174	 	4120.000000
1121.758875	 	4126.666667
1108.794393	 	4133.333333
1318.947385	 	4140.000000
1480.736970	 	4146.666667
1427.493657	 	4153.333333
1175.044740	 	4160.000000
1129.987388	 	4166.666667
1212.337076	 	4173.333333
1248.466030	 	4180.000000
1207.886847	 	4186.666667
1268.001242	 	4193.333333
1051.728491	 	4200.000000
1116.322447	 	4206.666667
1140.144094	 	4213.333333
1029.352155	 	4220.000000
1077.993238	 	4226.666667
1236.452323	 	4233.333333
1004.091862	 	4240.000000
1018.221707	 	4246.666667
977.122248	 	4253.333333
896.587389	 	4260.000000
1179.756194	 	4266.666667
1121.901940	 	4273.333333
921.140792	 	4280.000000
883.734114	 	4286.666667
1038.104814	 	4293.333333
1245.462122	 	4300.000000
1037.451632	 	4306.666667
907.296907	 	4313.333333
887.363848	 	4320.000000
901.736038	 	4326.666667
812.369324	 	4333.333333
828.958347	 	4340.000000
738.068751	 	4346.666667
882.866396	 	4353.333333
981.451805	 	4360.000000
903.828793	 	4366.666667
911.120672	 	4373.333333
928.272019	 	4380.000000
831.166249	 	4386.666667
798.673090	 	4393.333333
480.346646	 	4400.000000
690.384766	 	4406.666667
935.734507	 	4413.333333
927.303524	 	4420.000000
820.897313	 	4426.666667
794.114368	 	4433.333333
552.230256	 	4440.000000
740.626656	 	4446.666667
794.037447	 	4453.333333
747.419925	 	4460.000000
681.615371	 	4466.666667
798.764764	 	4473.333333
709.687306	 	4480.000000
539.622941	 	4486.666667
640.998678	 	4493.333333
738.124272	 	4500.000000
622.812988	 	4506.666667
605.139269	 	4513.333333
450.354566	 	4520.000000
657.261972	 	4526.666667
647.360863	 	4533.333333
767.080880	 	4540.000000
548.197859	 	4546.666667
484.682132	 	4553.333333
690.863542	 	4560.000000
554.192311	 	4566.666667
641.720717	 	4573.333333
591.505087	 	4580.000000
382.877903	 	4586.666667
331.144515	 	4593.333333
646.047485	 	4600.000000
698.097347	 	4606.666667
469.599315	 	4613.333333
444.488778	 	4620.000000
439.143609	 	4626.666667
535.719434	 	4633.333333
469.233353	 	4640.000000
553.935722	 	4646.666667
543.273411	 	4653.333333
540.001027	 	4660.000000
412.970136	 	4666.666667
566.456109	 	4673.333333
609.495712	 	4680.000000
308.928996	 	4686.666667
357.682216	 	4693.333333
514.338528	 	4700.000000
368.190611	 	4706.666667
712.746162	 	4713.333333
412.280322	 	4720.000000
327.376206	 	4726.666667
552.325825	 	4733.333333
456.475064	 	4740.000000
237.965560	 	4746.666667
505.296992	 	4753.333333
337.982615	 	4760.000000
466.510838	 	4766.666667
516.113279	 	4773.333333
185.615088	 	4780.000000
582.064402	 	4786.666667
390.998148	 	4793.333333
301.831587	 	4800.000000
240.359389	 	4806.666667
338.601411	 	4813.333333
590.423411	 	4820.000000
508.895078	 	4826.666667
264.293233	 	4833.333333
338.556424	 	4840.000000
255.604231	 	4846.666667
195.895420	 	4853.333333
344.791748	 	4860.000000
423.676849	 	4866.666667
396.815754	 	4873.333333
544.325854	 	4880.000000
192.154402	 	4886.666667
192.749511	 	4893.333333
138.486685	 	4900.000000
527.028888	 	4906.666667
248.089276	 	4913.333333
239.204451	 	4920.000000
550.455087	 	4926.666667
178.258012	 	4933.333333
375.813741	 	4940.000000
516.005185	 	4946.666667
17.328401	 	4953.333333
353.723337	 	4960.000000
357.849011	 	4966.666667
235.678529	 	4973.333333
260.954371	 	4980.000000
180.423870	 	4986.666667
187.042232	 	4993.333333
428.303666	 	5000.000000
133.617226	 	5006.666667
443.977049	 	5013.333333
122.943361	 	5020.000000
47.741279	 	5026.666667
526.907795	 	5033.333333
248.386810	 	5040.000000
145.145241	 	5046.666667
475.236670	 	5053.333333
56.225145	 	5060.000000
180.527060	 	5066.666667
422.090942	 	5073.333333
196.287526	 	5080.000000
114.904088	 	5086.666667
141.645001	 	5093.333333
202.604827	 	5100.000000
326.648379	 	5106.666667
305.261873	 	5113.333333
312.603725	 	5120.000000
100.985227	 	5126.666667
199.866432	 	5133.333333
311.404175	 	5140.000000
156.050960	 	5146.666667
134.888520	 	5153.333333
117.011042	 	5160.000000
258.981208	 	5166.666667
154.440016	 	5173.333333
169.744867	 	5180.000000
225.811103	 	5186.666667
143.376008	 	5193.333333
70.821069	 	5200.000000
237.846707	 	5206.666667
93.820941	 	5213.333333
143.590379	 	5220.000000
383.882680	 	5226.666667
218.312439	 	5233.333333
209.511637	 	5240.000000
48.205708	 	5246.666667
-30.217174	 	5253.333333
229.374673	 	5260.000000
301.296210	 	5266.666667
308.402647	 	5273.333333
126.923478	 	5280.000000
52.505925	 	5286.666667
113.989605	 	5293.333333
155.165600	 	5300.000000
160.412463	 	5306.666667
339.898043	 	5313.333333
146.457417	 	5320.000000
10.037224	 	5326.666667
169.272702	 	5333.333333
116.653744	 	5340.000000
167.747409	 	5346.666667
222.472981	 	5353.333333
34.534587	 	5360.000000
68.970396	 	5366.666667
292.299208	 	5373.333333
129.697908	 	5380.000000
103.653803	 	5386.666667
123.962671	 	5393.333333
59.705489	 	5400.000000
70.774549	 	5406.666667
110.713078	 	5413.333333
154.033923	 	5420.000000
88.620815	 	5426.666667
270.336247	 	5433.333333
286.071878	 	5440.000000
5.147626	 	5446.666667
-43.778978	 	5453.333333
123.764354	 	5460.000000
142.926404	 	5466.666667
166.780556	 	5473.333333
229.191375	 	5480.000000
67.679041	 	5486.666667
41.397462	 	5493.333333
-19.781136	 	5500.000000
134.717443	 	5506.666667
213.662868	 	5513.333333
242.829390	 	5520.000000
81.160092	 	5526.666667
62.166615	 	5533.333333
130.933278	 	5540.000000
113.295612	 	5546.666667
106.163382	 	5553.333333
105.292084	 	5560.000000
91.702604	 	5566.666667
166.401964	 	5573.333333
172.687772	 	5580.000000
21.212816	 	5586.666667
48.551669	 	5593.333333
115.669446	 	5600.000000
94.281452	 	5606.666667
189.098181	 	5613.333333
43.894268	 	5620.000000
111.628652	 	5626.666667
156.669037	 	5633.333333
112.604282	 	5640.000000
26.477718	 	5646.666667
43.693419	 	5653.333333
-36.975155	 	5660.000000
125.992445	 	5666.666667
186.794980	 	5673.333333
167.823844	 	5680.000000
32.090018	 	5686.666667
-72.025433	 	5693.333333
64.481581	 	5700.000000
80.300595	 	5706.666667
152.232798	 	5713.333333
34.492592	 	5720.000000
79.178582	 	5726.666667
113.631737	 	5733.333333
212.639720	 	5740.000000
86.769608	 	5746.666667
-69.190729	 	5753.333333
-85.163364	 	5760.000000
173.483477	 	5766.666667
201.036695	 	5773.333333
211.996934	 	5780.000000
2.987767	 	5786.666667
-48.260613	 	5793.333333
61.066574	 	5800.000000
178.742319	 	5806.666667
67.906202	 	5813.333333
65.222856	 	5820.000000
35.523979	 	5826.666667
149.657531	 	5833.333333
97.643779	 	5840.000000
112.806287	 	5846.666667
-11.250122	 	5853.333333
18.905658	 	5860.000000
31.943186	 	5866.666667
95.651841	 	5873.333333
235.233419	 	5880.000000
196.452840	 	5886.666667
36.960689	 	5893.333333
-12.958079	 	5900.000000
-19.247734	 	5906.666667
138.808130	 	5913.333333
140.292965	 	5920.000000
50.426331	 	5926.666667
53.692870	 	5933.333333
19.732928	 	5940.000000
2.319510	 	5946.666667
57.996171	 	5953.333333
85.072031	 	5960.000000
146.428141	 	5966.666667
100.263643	 	5973.333333
27.131550	 	5980.000000
52.496161	 	5986.666667
21.374849	 	5993.333333
-38.676386	 	6000.000000
10.467090	 	6006.666667
49.928615	 	6013.333333
142.547996	 	6020.000000
101.682181	 	6026.666667
-31.076259	 	6033.333333
54.335752	 	6040.000000
86.441117	 	6046.666667
67.684979	 	6053.333333
4.728240	 	6060.000000
-21.422622	 	6066.666667
103.349349	 	6073.333333
213.033817	 	6080.000000
-35.203630	 	6086.666667
-37.226368	 	6093.333333
8.915243	 	6100.000000
107.432321	 	6106.666667
67.024505	 	6113.333333
10.648299	 	6120.000000
20.691445	 	6126.666667
52.108436	 	6133.333333
16.334579	 	6140.000000
60.950241	 	6146.666667
3.752538	 	6153.333333
33.281269	 	6160.000000
-50.374620	 	6166.666667
101.804269	 	6173.333333
103.604342	 	6180.000000
174.033731	 	6186.666667
22.348782	 	6193.333333
20.203286	 	6200.000000
-109.807918	 	6206.666667
138.518261	 	6213.333333
217.306346	 	6220.000000
114.303558	 	6226.666667
-37.284568	 	6233.333333
9.113364	 	6240.000000
-57.754260	 	6246.666667
15.595386	 	6253.333333
42.678481	 	6260.000000
78.186143	 	6266.666667
123.458853	 	6273.333333
61.454966	 	6280.000000
-15.429765	 	6286.666667
106.155335	 	6293.333333
8.732313	 	6300.000000
95.524857	 	6306.666667
41.450787	 	6313.333333
-12.552933	 	6320.000000
-9.239951	 	6326.666667
37.255012	 	6333.333333
75.383057	 	6340.000000
34.962638	 	6346.666667
-43.748926	 	6353.333333
65.633573	 	6360.000000
73.519837	 	6366.666667
113.440565	 	6373.333333
67.486655	 	6380.000000
-44.649943	 	6386.666667
40.419888	 	6393.333333
30.708120	 	6400.000000
-44.580795	 	6406.666667
80.296432	 	6413.333333
46.662656	 	6420.000000
-66.264371	 	6426.666667
74.963158	 	6433.333333
63.209458	 	6440.000000
40.430713	 	6446.666667
-36.191184	 	6453.333333
73.182649	 	6460.000000
46.134123	 	6466.666667
149.169020	 	6473.333333
42.759735	 	6480.000000
38.551646	 	6486.666667
-109.923171	 	6493.333333
-102.947394	 	6500.000000
58.083360	 	6506.666667
222.896937	 	6513.333333
200.605255	 	6520.000000
20.702897	 	6526.666667
-208.953657	 	6533.333333
-97.154805	 	6540.000000
56.162009	 	6546.666667
111.195258	 	6553.333333
211.603238	 	6560.000000
137.949062	 	6566.666667
-47.779050	 	6573.333333
-19.220541	 	6580.000000
-107.664496	 	6586.666667
11.149181	 	6593.333333
165.726667	 	6600.000000
71.405964	 	6606.666667
85.126525	 	6613.333333
-75.342470	 	6620.000000
-57.785680	 	6626.666667
33.170111	 	6633.333333
109.488973	 	6640.000000
89.366353	 	6646.666667
-27.698106	 	6653.333333
-37.201516	 	6660.000000
9.676697	 	6666.666667
118.251388	 	6673.333333
-76.667096	 	6680.000000
129.743187	 	6686.666667
83.604226	 	6693.333333
53.745822	 	6700.000000
-33.284236	 	6706.666667
-47.973314	 	6713.333333
-75.504666	 	6720.000000
74.951426	 	6726.666667
6.714178	 	6733.333333
184.844971	 	6740.000000
-74.613381	 	6746.666667
29.479460	 	6753.333333
-94.211945	 	6760.000000
44.066895	 	6766.666667
2.045841	 	6773.333333
113.869727	 	6780.000000
-42.836497	 	6786.666667
35.681661	 	6793.333333
47.895585	 	6800.000000
184.053902	 	6806.666667
-35.917552	 	6813.333333
-115.388169	 	6820.000000
-142.173903	 	6826.666667
178.601631	 	6833.333333
118.941077	 	6840.000000
33.157695	 	6846.666667
-62.403068	 	6853.333333
-25.494520	 	6860.000000
-39.261660	 	6866.666667
46.815991	 	6873.333333
-12.029080	 	6880.000000
100.816335	 	6886.666667
-21.456300	 	6893.333333
-41.188907	 	6900.000000
67.301215	 	6906.666667
25.884041	 	6913.333333
13.252843	 	6920.000000
-62.918150	 	6926.666667
6.055122	 	6933.333333
72.877600	 	6940.000000
55.412916	 	6946.666667
-49.012530	 	6953.333333
15.987003	 	6960.000000
-0.724517	 	6966.666667
110.625672	 	6973.333333
-3.812898	 	6980.000000
-103.435468	 	6986.666667
-112.140068	 	6993.333333
129.364052	 	7000.000000
141.263691	 	7006.666667
-14.064646	 	7013.333333
-105.465325	 	7020.000000
-51.933592	 	7026.666667
61.653922	 	7033.333333
310.591786	 	7040.000000
-70.281149	 	7046.666667
-121.953130	 	7053.333333
-9.888732	 	7060.000000
3.979588	 	7066.666667
-26.726853	 	7073.333333
131.543985	 	7080.000000
-81.840506	 	7086.666667
15.751811	 	7093.333333
66.031615	 	7100.000000
-36.307572	 	7106.666667
2.790260	 	7113.333333
16.916126	 	7120.000000
-46.151259	 	7126.666667
105.761554	 	7133.333333
38.328796	 	7140.000000
-98.066725	 	7146.666667
-124.183158	 	7153.333333
96.623445	 	7160.000000
65.030403	 	7166.666667
62.530538	 	7173.333333
-79.177893	 	7180.000000
63.733234	 	7186.666667
-0.327394	 	7193.333333
57.010259	 	7200.000000
-105.071834	 	7206.666667
2.204650	 	7213.333333
94.631180	 	7220.000000
46.365206	 	7226.666667
-89.868503	 	7233.333333
54.693633	 	7240.000000
-160.601475	 	7246.666667
44.820333	 	7253.333333
9.465963	 	7260.000000
95.873597	 	7266.666667
139.221422	 	7273.333333
51.273433	 	7280.000000
-156.494171	 	7286.666667
-83.134824	 	7293.333333
-99.356431	 	7300.000000
71.968633	 	7306.666667
69.384707	 	7313.333333
98.114976	 	7320.000000
69.663181	 	7326.666667
-64.536411	 	7333.333333
-40.005931	 	7340.000000
47.680270	 	7346.666667
38.476648	 	7353.333333
-25.464572	 	7360.000000
53.578873	 	7366.666667
0.358504	 	7373.333333
-47.540738	 	7380.000000
-55.987078	 	7386.666667
19.199169	 	7393.333333
97.571067	 	7400.000000
12.827920	 	7406.666667
105.276500	 	7413.333333
7.409003	 	7420.000000
-56.507028	 	7426.666667
-71.400978	 	7433.333333
-12.317447	 	7440.000000
24.891917	 	7446.666667
115.315652	 	7453.333333
-56.929767	 	7460.000000
4.524471	 	7466.666667
42.775457	 	7473.333333
-116.861489	 	7480.000000
-21.659750	 	7486.666667
176.525838	 	7493.333333
29.753290	 	7500.000000
10.811865	 	7506.666667
9.150620	 	7513.333333
-138.746727	 	7520.000000
-61.952813	 	7526.666667
71.962029	 	7533.333333
79.362706	 	7540.000000
162.367462	 	7546.666667
96.608978	 	7553.333333
-83.392626	 	7560.000000
-14.226541	 	7566.666667
-63.489308	 	7573.333333
-43.566311	 	7580.000000
119.111638	 	7586.666667
92.796454	 	7593.333333
-138.946037	 	7600.000000
10.598149	 	7606.666667
67.976259	 	7613.333333
8.558085	 	7620.000000
21.664406	 	7626.666667
-47.344728	 	7633.333333
93.191284	 	7640.000000
90.133431	 	7646.666667
-83.645804	 	7653.333333
-25.468645	 	7660.000000
-38.737380	 	7666.666667
-8.112567	 	7673.333333
123.009105	 	7680.000000
8.464799	 	7686.666667
-153.511854	 	7693.333333
124.793861	 	7700.000000
59.431277	 	7706.666667
57.380041	 	7713.333333
-17.995729	 	7720.000000
-95.144282	 	7726.666667
16.248912	 	7733.333333
256.207397	 	7740.000000
-176.647087	 	7746.666667
-15.013020	 	7753.333333
-20.930719	 	7760.000000
90.295825	 	7766.666667
24.385353	 	7773.333333
2.667008	 	7780.000000
-35.813276	 	7786.666667
98.772779	 	7793.333333
-199.454411	 	7800.000000
86.851127	 	7806.666667
-20.459462	 	7813.333333
72.549244	 	7820.000000
31.848211	 	7826.666667
84.572710	 	7833.333333
-26.068751	 	7840.000000
-146.608753	 	7846.666667
-85.724722	 	7853.333333
94.239545	 	7860.000000
18.958395	 	7866.666667
188.554239	 	7873.333333
-138.497371	 	7880.000000
-62.299957	 	7886.666667
56.254979	 	7893.333333
130.346699	 	7900.000000
-161.986186	 	7906.666667
-38.985814	 	7913.333333
72.866477	 	7920.000000
40.528493	 	7926.666667
-87.787678	 	7933.333333
5.288266	 	7940.000000
80.641259	 	7946.666667
57.982110	 	7953.333333
-10.662888	 	7960.000000
62.741510	 	7966.666667
-13.387126	 	7973.333333
53.641887	 	7980.000000
-66.570067	 	7986.666667
-43.513875	 	7993.333333
-40.643026	 	8000.000000
91.631208	 	8006.666667
10.882106	 	8013.333333
-90.371685	 	8020.000000
14.421994	 	8026.666667
140.495046	 	8033.333333
-53.007583	 	8040.000000
-41.714315	 	8046.666667
9.508719	 	8053.333333
-124.286336	 	8060.000000
111.767273	 	8066.666667
36.533777	 	8073.333333
72.847514	 	8080.000000
3.272034	 	8086.666667
-110.102456	 	8093.333333
-158.087015	 	8100.000000
47.806797	 	8106.666667
119.229694	 	8113.333333
158.000385	 	8120.000000
-148.785010	 	8126.666667
-68.512686	 	8133.333333
-58.554563	 	8140.000000
78.047160	 	8146.666667
68.564526	 	8153.333333
10.103337	 	8160.000000
-20.690255	 	8166.666667
-45.869740	 	8173.333333
-39.997416	 	8180.000000
116.041776	 	8186.666667
75.176802	 	8193.333333
51.321835	 	8200.000000
-102.392916	 	8206.666667
-101.959134	 	8213.333333
35.535088	 	8220.000000
-4.766710	 	8226.666667
28.822065	 	8233.333333
-59.451823	 	8240.000000
97.916785	 	8246.666667
92.722226	 	8253.333333
-24.535901	 	8260.000000
-144.951772	 	8266.666667
-56.650534	 	8273.333333
56.206793	 	8280.000000
91.708510	 	8286.666667
-7.758281	 	8293.333333
-16.881653	 	8300.000000
-8.865705	 	8306.666667
46.371839	 	8313.333333
99.546788	 	8320.000000
12.491607	 	8326.666667
-50.823257	 	8333.333333
-119.690731	 	8340.000000
-83.158393	 	8346.666667
26.431085	 	8353.333333
92.785529	 	8360.000000
58.991583	 	8366.666667
38.784537	 	8373.333333
17.742974	 	8380.000000
-119.153876	 	8386.666667
-154.215655	 	8393.333333
-32.133550	 	8400.000000
53.404447	 	8406.666667
184.981116	 	8413.333333
57.651817	 	8420.000000
-168.965810	 	8426.666667
-8.814834	 	8433.333333
125.782564	 	8440.000000
-88.402412	 	8446.666667
-19.396240	 	8453.333333
43.610136	 	8460.000000
55.086995	 	8466.666667
95.248482	 	8473.333333
-64.043735	 	8480.000000
-130.335849	 	8486.666667
-12.057031	 	8493.333333
31.722011	 	8500.000000
48.833357	 	8506.666667
106.521942	 	8513.333333
-6.472170	 	8520.000000
-65.175420	 	8526.666667
-140.466454	 	8533.333333
72.996224	 	8540.000000
89.218928	 	8546.666667
143.057754	 	8553.333333
39.383656	 	8560.000000
-62.926421	 	8566.666667
-114.052596	 	8573.333333
-122.120360	 	8580.000000
-14.740518	 	8586.666667
234.000003	 	8593.333333
150.134469	 	8600.000000
-1.302381	 	8606.666667
-167.552438	 	8613.333333
-69.423999	 	8620.000000
-26.236398	 	8626.666667
283.272827	 	8633.333333
116.808804	 	8640.000000
-22.006566	 	8646.666667
-91.443649	 	8653.333333
-0.170761	 	8660.000000
4.380570	 	8666.666667
12.587298	 	8673.333333
-53.874707	 	8680.000000
53.988020	 	8686.666667
29.730193	 	8693.333333
-98.800162	 	8700.000000
-27.649773	 	8706.666667
65.611281	 	8713.333333
112.396356	 	8720.000000
42.581622	 	8726.666667
-86.900298	 	8733.333333
-0.677697	 	8740.000000
-36.317822	 	8746.666667
-24.832941	 	8753.333333
41.718151	 	8760.000000
-6.302838	 	8766.666667
-30.346612	 	8773.333333
17.517515	 	8780.000000
97.092760	 	8786.666667
104.656091	 	8793.333333
31.205766	 	8800.000000
-95.364889	 	8806.666667
-108.946791	 	8813.333333
25.039169	 	8820.000000
-11.727842	 	8826.666667
37.718644	 	8833.333333
143.597869	 	8840.000000
-20.158127	 	8846.666667
119.070965	 	8853.333333
-136.550636	 	8860.000000
-57.104506	 	8866.666667
76.266679	 	8873.333333
-65.281380	 	8880.000000
-159.891302	 	8886.666667
151.105990	 	8893.333333
86.781306	 	8900.000000
35.525484	 	8906.666667
-81.257445	 	8913.333333
-47.262606	 	8920.000000
-49.727055	 	8926.666667
142.405652	 	8933.333333
20.685805	 	8940.000000
-20.007677	 	8946.666667
-33.864329	 	8953.333333
34.094097	 	8960.000000
86.210067	 	8966.666667
-19.974763	 	8973.333333
-146.309869	 	8980.000000
77.131175	 	8986.666667
35.234433	 	8993.333333
-19.186543	 	9000.000000
-43.499087	 	9006.666667
-100.901968	 	9013.333333
118.395013	 	9020.000000
72.156062	 	9026.666667
-14.670601	 	9033.333333
-61.667652	 	9040.000000
19.280295	 	9046.666667
-49.810594	 	9053.333333
56.513888	 	9060.000000
-19.668042	 	9066.666667
-108.055810	 	9073.333333
24.147660	 	9080.000000
89.962447	 	9086.666667
48.995778	 	9093.333333
-82.901051	 	9100.000000
-38.839660	 	9106.666667
23.941770	 	9113.333333
13.415234	 	9120.000000
-86.559346	 	9126.666667
43.974024	 	9133.333333
19.848176	 	9140.000000
6.866554	 	9146.666667
28.966745	 	9153.333333
-90.825781	 	9160.000000
-20.903948	 	9166.666667
202.151375	 	9173.333333
28.516654	 	9180.000000
-14.521580	 	9186.666667
11.933198	 	9193.333333
26.748650	 	9200.000000
-123.682255	 	9206.666667
-65.753714	 	9213.333333
16.460906	 	9220.000000
90.811849	 	9226.666667
30.190948	 	9233.333333
40.668141	 	9240.000000
-69.204616	 	9246.666667
-101.730619	 	9253.333333
-4.460680	 	9260.000000
151.104798	 	9266.666667
-26.436017	 	9273.333333
23.831882	 	9280.000000
-171.409202	 	9286.666667
3.506928	 	9293.333333
34.748727	 	9300.000000
73.698443	 	9306.666667
-11.719833	 	9313.333333
-3.410266	 	9320.000000
-8.814827	 	9326.666667
7.288628	 	9333.333333
-19.758943	 	9340.000000
58.928340	 	9346.666667
52.798864	 	9353.333333
167.821594	 	9360.000000
-32.386438	 	9366.666667
-114.706554	 	9373.333333
-178.628834	 	9380.000000
-19.625153	 	9386.666667
170.529826	 	9393.333333
176.660616	 	9400.000000
-70.848271	 	9406.666667
-24.332663	 	9413.333333
-175.172906	 	9420.000000
9.493098	 	9426.666667
91.392027	 	9433.333333
8.297905	 	9440.000000
-96.244582	 	9446.666667
75.689025	 	9453.333333
46.181789	 	9460.000000
39.788461	 	9466.666667
-62.790393	 	9473.333333
-11.259077	 	9480.000000
-7.375763	 	9486.666667
25.252639	 	9493.333333
-112.345031	 	9500.000000
46.255339	 	9506.666667
60.344681	 	9513.333333
41.747922	 	9520.000000
-7.215166	 	9526.666667
-36.385887	 	9533.333333
-151.518451	 	9540.000000
94.029992	 	9546.666667
-2.967611	 	9553.333333
18.689743	 	9560.000000
-36.096017	 	9566.666667
23.103622	 	9573.333333
98.162079	 	9580.000000
14.163320	 	9586.666667
-110.179353	 	9593.333333
13.092459	 	9600.000000
8.296417	 	9606.666667
73.034579	 	9613.333333
80.131905	 	9620.000000
3.361936	 	9626.666667
-86.457517	 	9633.333333
-97.696793	 	9640.000000
22.503547	 	9646.666667
28.544016	 	9653.333333
19.394513	 	9660.000000
-36.303995	 	9666.666667
-12.364069	 	9673.333333
-12.524087	 	9680.000000
37.444085	 	9686.666667
-36.487245	 	9693.333333
-24.171153	 	9700.000000
24.792308	 	9706.666667
-3.028956	 	9713.333333
30.488520	 	9720.000000
71.101787	 	9726.666667
-9.846757	 	9733.333333
-18.572575	 	9740.000000
27.507321	 	9746.666667
4.447439	 	9753.333333
-68.409696	 	9760.000000
-119.815783	 	9766.666667
16.953167	 	9773.333333
72.240530	 	9780.000000
67.974331	 	9786.666667
34.129987	 	9793.333333
-85.936866	 	9800.000000
-28.492162	 	9806.666667
33.775308	 	9813.333333
57.491994	 	9820.000000
-97.601633	 	9826.666667
-39.560114	 	9833.333333
32.546049	 	9840.000000
68.905052	 	9846.666667
-38.504462	 	9853.333333
-58.348310	 	9860.000000
-66.165060	 	9866.666667
66.282283	 	9873.333333
63.651604	 	9880.000000
24.606905	 	9886.666667
-53.540524	 	9893.333333
-26.571979	 	9900.000000
-29.122511	 	9906.666667
18.941187	 	9913.333333
-126.730626	 	9920.000000
153.964984	 	9926.666667
48.725414	 	9933.333333
-19.290013	 	9940.000000
-110.315772	 	9946.666667
11.076612	 	9953.333333
93.768088	 	9960.000000
79.151262	 	9966.666667
-146.872367	 	9973.333333
30.927726	 	9980.000000
106.986630	 	9986.666667
-114.161680	 	9993.333333
-127.600252	 	10000.000000
22.919381	 	10006.666667
142.795857	 	10013.333333
218.375850	 	10020.000000
-89.980944	 	10026.666667
-212.791099	 	10033.333333
-131.518394	 	10040.000000
160.658480	 	10046.666667
141.994723	 	10053.333333
44.890293	 	10060.000000
-86.672443	 	10066.666667
-91.800498	 	10073.333333
-80.060096	 	10080.000000
15.455047	 	10086.666667
53.621643	 	10093.333333
86.101463	 	10100.000000
-34.647808	 	10106.666667
-89.978566	 	10113.333333
7.878815	 	10120.000000
26.210098	 	10126.666667
-14.290303	 	10133.333333
-112.163966	 	10140.000000
68.550258	 	10146.666667
124.263328	 	10153.333333
67.501572	 	10160.000000
-170.554370	 	10166.666667
-119.111976	 	10173.333333
0.628065	 	10180.000000
143.286296	 	10186.666667
3.745923	 	10193.333333
-2.721067	 	10200.000000
-106.052436	 	10206.666667
-11.153673	 	10213.333333
4.076931	 	10220.000000
88.847163	 	10226.666667
-47.227578	 	10233.333333
79.206517	 	10240.000000
-127.754714	 	10246.666667
-17.330028	 	10253.333333
-6.603861	 	10260.000000
77.299226	 	10266.666667
-81.984103	 	10273.333333
102.141339	 	10280.000000
-75.825002	 	10286.666667
7.492994	 	10293.333333
-50.021721	 	10300.000000
76.871233	 	10306.666667
-45.502431	 	10313.333333
57.762712	 	10320.000000
-93.752888	 	10326.666667
11.192989	 	10333.333333
-16.193257	 	10340.000000
21.486004	 	10346.666667
76.857231	 	10353.333333
71.148770	 	10360.000000
-159.775653	 	10366.666667
-116.669776	 	10373.333333
-38.943703	 	10380.000000
173.737845	 	10386.666667
82.338286	 	10393.333333
-17.928202	 	10400.000000
-177.312616	 	10406.666667
105.702368	 	10413.333333
-24.568729	 	10420.000000
-21.746525	 	10426.666667
-91.842358	 	10433.333333
-18.269989	 	10440.000000
41.582626	 	10446.666667
116.044574	 	10453.333333
-77.320588	 	10460.000000
-50.638208	 	10466.666667
0.301211	 	10473.333333
21.580312	 	10480.000000
-25.710353	 	10486.666667
63.372215	 	10493.333333
-59.206627	 	10500.000000
-44.619748	 	10506.666667
-37.459989	 	10513.333333
127.573700	 	10520.000000
37.806908	 	10526.666667
-88.180308	 	10533.333333
-25.687729	 	10540.000000
45.111626	 	10546.666667
-94.990116	 	10553.333333
14.128707	 	10560.000000
-41.472809	 	10566.666667
11.890890	 	10573.333333
132.237651	 	10580.000000
-6.093283	 	10586.666667
-39.015077	 	10593.333333
-126.711972	 	10600.000000
1.663155	 	10606.666667
76.771588	 	10613.333333
69.768365	 	10620.000000
-104.987670	 	10626.666667
-31.729574	 	10633.333333
-16.468743	 	10640.000000
131.446989	 	10646.666667
-129.339830	 	10653.333333
-71.232519	 	10660.000000
28.102951	 	10666.666667
127.824437	 	10673.333333
-63.523402	 	10680.000000
-113.127135	 	10686.666667
-60.830426	 	10693.333333
109.182014	 	10700.000000
86.647042	 	10706.666667
-43.129053	 	10713.333333
-77.099292	 	10720.000000
18.043541	 	10726.666667
-80.310151	 	10733.333333
2.370297	 	10740.000000
5.531339	 	10746.666667
79.145681	 	10753.333333
22.921463	 	10760.000000
-29.196924	 	10766.666667
-42.457521	 	10773.333333
-8.186586	 	10780.000000
-71.298486	 	10786.666667
-40.556149	 	10793.333333
31.761214	 	10800.000000
82.088945	 	10806.666667
60.294048	 	10813.333333
-64.767943	 	10820.000000
-72.151512	 	10826.666667
7.550604	 	10833.333333
100.647972	 	10840.000000
-95.535405	 	10846.666667
-37.326424	 	10853.333333
-25.925407	 	10860.000000
94.912727	 	10866.666667
21.734157	 	10873.333333
-32.748028	 	10880.000000
-117.378409	 	10886.666667
60.685787	 	10893.333333
-73.153607	 	10900.000000
0.795195	 	10906.666667
37.925635	 	10913.333333
16.857922	 	10920.000000
-135.458764	 	10926.666667
2.039967	 	10933.333333
52.354080	 	10940.000000
180.059565	 	10946.666667
-23.009210	 	10953.333333
-170.226955	 	10960.000000
-143.889969	 	10966.666667
92.953790	 	10973.333333
47.494222	 	10980.000000
53.499677	 	10986.666667
-5.621244	 	10993.333333
13.786683	 	11000.000000
-23.603900	 	11006.666667
-18.557999	 	11013.333333
-60.037927	 	11020.000000
30.457254	 	11026.666667
-12.784172	 	11033.333333
6.892753	 	11040.000000
-4.335922	 	11046.666667
-26.549237	 	11053.333333
63.253352	 	11060.000000
-21.181717	 	11066.666667
-32.779451	 	11073.333333
33.600586	 	11080.000000
27.584360	 	11086.666667
-102.426517	 	11093.333333
-93.253193	 	11100.000000
11.513729	 	11106.666667
60.329435	 	11113.333333
97.013457	 	11120.000000
-74.238274	 	11126.666667
-85.576664	 	11133.333333
50.845840	 	11140.000000
48.147355	 	11146.666667
-76.744698	 	11153.333333
-91.366789	 	11160.000000
58.786694	 	11166.666667
51.967248	 	11173.333333
74.431019	 	11180.000000
-49.891761	 	11186.666667
-86.482432	 	11193.333333
-83.251335	 	11200.000000
-80.329420	 	11206.666667
92.767241	 	11213.333333
122.415186	 	11220.000000
-14.816020	 	11226.666667
-51.290576	 	11233.333333
-41.880399	 	11240.000000
20.313653	 	11246.666667
-15.486404	 	11253.333333
96.690641	 	11260.000000
-83.033396	 	11266.666667
55.839454	 	11273.333333
-61.588231	 	11280.000000
-95.735512	 	11286.666667
26.879602	 	11293.333333
73.307499	 	11300.000000
143.502759	 	11306.666667
-29.016333	 	11313.333333
-205.539120	 	11320.000000
13.297093	 	11326.666667
-27.673487	 	11333.333333
56.175050	 	11340.000000
94.391070	 	11346.666667
-8.554338	 	11353.333333
-45.661147	 	11360.000000
48.076043	 	11366.666667
-36.281524	 	11373.333333
159.274676	 	11380.000000
54.474822	 	11386.666667
-84.874361	 	11393.333333
-63.249391	 	11400.000000
-116.713475	 	11406.666667
14.647274	 	11413.333333
56.363853	 	11420.000000
56.171380	 	11426.666667
-90.669175	 	11433.333333
-14.728428	 	11440.000000
24.170780	 	11446.666667
52.555681	 	11453.333333
-9.977024	 	11460.000000
-84.010376	 	11466.666667
-87.921004	 	11473.333333
54.807416	 	11480.000000
32.692687	 	11486.666667
16.379868	 	11493.333333
-60.447592	 	11500.000000
-3.448996	 	11506.666667
-41.575688	 	11513.333333
87.341234	 	11520.000000
6.141144	 	11526.666667
-20.330094	 	11533.333333
-133.474884	 	11540.000000
20.176447	 	11546.666667
-26.453406	 	11553.333333
104.769328	 	11560.000000
9.637942	 	11566.666667
-37.658818	 	11573.333333
-4.048914	 	11580.000000
-3.457906	 	11586.666667
-118.148634	 	11593.333333
63.650218	 	11600.000000
83.642440	 	11606.666667
47.789012	 	11613.333333
-109.034096	 	11620.000000
-48.105164	 	11626.666667
-52.132872	 	11633.333333
60.169126	 	11640.000000
-20.149622	 	11646.666667
29.819335	 	11653.333333
-20.829309	 	11660.000000
-97.494141	 	11666.666667
7.280479	 	11673.333333
86.709379	 	11680.000000
14.839605	 	11686.666667
48.222303	 	11693.333333
23.708163	 	11700.000000
-52.880848	 	11706.666667
-46.735238	 	11713.333333
8.004402	 	11720.000000
9.976813	 	11726.666667
48.844591	 	11733.333333
-56.007832	 	11740.000000
-40.878571	 	11746.666667
-3.647365	 	11753.333333
52.651418	 	11760.000000
-88.391288	 	11766.666667
42.688132	 	11773.333333
90.793133	 	11780.000000
-135.753038	 	11786.666667
-59.234094	 	11793.333333
82.486903	 	11800.000000
23.161289	 	11806.666667
41.098766	 	11813.333333
-112.747857	 	11820.000000
-8.896151	 	11826.666667
48.545775	 	11833.333333
8.053454	 	11840.000000
-56.560585	 	11846.666667
8.643260	 	11853.333333
-106.583544	 	11860.000000
-13.270545	 	11866.666667
-8.222842	 	11873.333333
165.258454	 	11880.000000
-41.931166	 	11886.666667
13.454745	 	11893.333333
-51.759770	 	11900.000000
-49.105494	 	11906.666667
66.717112	 	11913.333333
27.124187	 	11920.000000
-104.439658	 	11926.666667
1.912633	 	11933.333333
-101.343748	 	11940.000000
6.201417	 	11946.666667
100.299772	 	11953.333333
97.067965	 	11960.000000
108.857300	 	11966.666667
-40.717776	 	11973.333333
-182.981502	 	11980.000000
-8.073613	 	11986.666667
35.805550	 	11993.333333
-41.432642	 	12000.000000
43.112970	 	12006.666667
79.446792	 	12013.333333
-14.937781	 	12020.000000
-31.097856	 	12026.666667
-18.068713	 	12033.333333
39.349326	 	12040.000000
-62.530015	 	12046.666667
-15.311890	 	12053.333333
75.849375	 	12060.000000
16.284322	 	12066.666667
-206.305540	 	12073.333333
54.398729	 	12080.000000
-51.385444	 	12086.666667
153.172185	 	12093.333333
110.723847	 	12100.000000
-53.108920	 	12106.666667
-289.969879	 	12113.333333
-44.375415	 	12120.000000
246.955052	 	12126.666667
26.881764	 	12133.333333
65.303522	 	12140.000000
-171.833806	 	12146.666667
-19.118670	 	12153.333333
-105.658650	 	12160.000000
2.969610	 	12166.666667
167.129686	 	12173.333333
109.932012	 	12180.000000
-254.955223	 	12186.666667
32.617916	 	12193.333333
-33.571221	 	12200.000000
124.493614	 	12206.666667
-83.630510	 	12213.333333
-135.410149	 	12220.000000
40.949928	 	12226.666667
28.572976	 	12233.333333
-40.990241	 	12240.000000
205.136665	 	12246.666667
-158.390728	 	12253.333333
345.897862	 	12260.000000
-384.948919	 	12266.666667
-166.609130	 	12273.333333
28.130511	 	12280.000000
-107.366654	 	12286.666667
717.766453	 	12293.333333
-52.110302	 	12300.000000
-372.810110	 	12306.666667
-438.332804	 	12313.333333
435.452810	 	12320.000000
-281.965841	 	12326.666667
194.532279	 	12333.333333
221.730846	 	12340.000000
34.556704	 	12346.666667
-338.777950	 	12353.333333
250.405023	 	12360.000000
-344.358208	 	12366.666667
384.471488	 	12373.333333
-96.521952	 	12380.000000
-394.271362	 	12386.666667
-16.374427	 	12393.333333
442.834353	 	12400.000000
318.534964	 	12406.666667
-164.596054	 	12413.333333
-671.588496	 	12420.000000
-48.078760	 	12426.666667
314.777431	 	12433.333333
-484.850690	 	12440.000000
1531.325943	 	12446.666667
-612.857562	 	12453.333333
-571.291566	 	12460.000000
-380.850630	 	12466.666667
363.088133	 	12473.333333
477.825918	 	12480.000000
-68.934593	 	12486.666667
-746.307687	 	12493.333333
542.832742	 	12500.000000
-1.902104	 	12506.666667
246.488464	 	12513.333333
34.250040	 	12520.000000
-493.076617	 	12526.666667
-263.641318	 	12533.333333
-132.282983	 	12540.000000
745.460994	 	12546.666667
139.558757	 	12553.333333
-837.112237	 	12560.000000
1097.822407	 	12566.666667
-496.017184	 	12573.333333
-490.079545	 	12580.000000
-687.830053	 	12586.666667
1344.666635	 	12593.333333
154.131463	 	12600.000000
-487.056478	 	12606.666667
-221.350909	 	12613.333333
554.800183	 	12620.000000
-347.079612	 	12626.666667
-394.770301	 	12633.333333
-881.443215	 	12640.000000
1994.103900	 	12646.666667
-119.919125	 	12653.333333
-542.502330	 	12660.000000
-440.297149	 	12666.666667
-656.665306	 	12673.333333
1154.045038	 	12680.000000
556.691976	 	12686.666667
-643.636293	 	12693.333333
-238.051303	 	12700.000000
-627.890661	 	12706.666667
526.592476	 	12713.333333
162.472683	 	12720.000000
683.078331	 	12726.666667
-735.743420	 	12733.333333
-795.102272	 	12740.000000
1281.773400	 	12746.666667
-494.438238	 	12753.333333
-528.512536	 	12760.000000
960.982057	 	12766.666667
-906.404023	 	12773.333333
923.220024	 	12780.000000
-836.774273	 	12786.666667
94.323014	 	12793.333333
963.898493	 	12800.000000
-686.075873	 	12806.666667
-897.775360	 	12813.333333
532.942680	 	12820.000000
-143.681834	 	12826.666667
1592.333423	 	12833.333333
-905.939005	 	12840.000000
-574.230313	 	12846.666667
213.141672	 	12853.333333
-648.520356	 	12860.000000
1151.313322	 	12866.666667
-779.864417	 	12873.333333
454.137887	 	12880.000000
416.477681	 	12886.666667
-979.599924	 	12893.333333
-400.854671	 	12900.000000
-977.929876	 	12906.666667
3467.433586	 	12913.333333
-764.057009	 	12920.000000
-698.079810	 	12926.666667
-625.026641	 	12933.333333
-269.348127	 	12940.000000
-785.820261	 	12946.666667
2279.117849	 	12953.333333
-322.350964	 	12960.000000
-879.386743	 	12966.666667
575.530535	 	12973.333333
-706.966473	 	12980.000000
674.856234	 	12986.666667
-984.895877	 	12993.333333
-328.672334	 	13000.000000
2747.368263	 	13006.666667
-896.118551	 	13013.333333
-975.886739	 	13020.000000
-958.455199	 	13026.666667
920.199387	 	13033.333333
-981.582352	 	13040.000000
2624.605754	 	13046.666667
-404.479129	 	13053.333333
-862.889596	 	13060.000000
-990.869900	 	13066.666667
-723.988719	 	13073.333333
3246.192781	 	13080.000000
-971.521437	 	13086.666667
-993.395818	 	13093.333333
-220.094392	 	13100.000000
-163.760145	 	13106.666667
-997.459412	 	13113.333333
3631.845151	 	13120.000000
-990.608663	 	13126.666667
-949.519905	 	13133.333333
-756.234315	 	13140.000000
-968.999024	 	13146.666667
3268.611635	 	13153.333333
-710.330527	 	13160.000000
-991.370452	 	13166.666667
-947.569326	 	13173.333333
-615.713069	 	13180.000000
3503.079132	 	13186.666667
-999.439965	 	13193.333333
-999.977135	 	13200.000000
-999.909278	 	13206.666667
-999.995663	 	13213.333333
-994.068667	 	13220.000000
5173.232799	 	13226.666667
1702.187021	 	13233.333333
-999.998720	 	13240.000000
-999.998721	 	13246.666667
-999.998720	 	13253.333333
-999.998722	 	13260.000000
-999.998723	 	13266.666667
-999.998751	 	13273.333333
-999.998757	 	13280.000000
-999.998766	 	13286.666667
-999.998788	 	13293.333333
-999.998807	 	13300.000000
-999.998882	 	13306.666667
-999.998913	 	13313.333333
-999.998824	 	13320.000000
-999.998905	 	13326.666667
