#peak 	 	#time 
-999.999020	 	0.000000
-999.999298	 	6.666667
-999.999455	 	13.333333
-999.999063	 	20.000000
-999.999559	 	26.666667
-999.999670	 	33.333333
-999.999516	 	40.000000
-999.999883	 	46.666667
-999.999981	 	53.333333
-1000.000000	 	60.000000
-1000.000000	 	66.666667
-1000.000000	 	73.333333
-1000.000000	 	80.000000
-1000.000000	 	86.666667
32921.934818	 	93.333333
-999.998857	 	100.000000
-999.998872	 	106.666667
-999.998854	 	113.333333
-999.998873	 	120.000000
-999.998852	 	126.666667
-999.998853	 	133.333333
-999.998855	 	140.000000
-999.998864	 	146.666667
-999.998852	 	153.333333
-999.998858	 	160.000000
-999.998854	 	166.666667
-999.998851	 	173.333333
-999.998851	 	180.000000
-999.998851	 	186.666667
-999.984392	 	193.333333
3299.296738	 	200.000000
2620.087256	 	206.666667
-786.755084	 	213.333333
-905.572017	 	220.000000
-787.950365	 	226.666667
-130.814140	 	233.333333
626.704073	 	240.000000
362.920667	 	246.666667
-55.889087	 	253.333333
-456.300365	 	260.000000
-60.353119	 	266.666667
368.530247	 	273.333333
-222.196382	 	280.000000
-173.131350	 	286.666667
59.431191	 	293.333333
-372.605524	 	300.000000
369.327901	 	306.666667
101.093634	 	313.333333
-240.275609	 	320.000000
0.808662	 	326.666667
-174.645220	 	333.333333
259.484137	 	340.000000
288.112699	 	346.666667
-251.718079	 	353.333333
26.274315	 	360.000000
-240.274797	 	366.666667
-181.619292	 	373.333333
227.674609	 	380.000000
-145.078653	 	386.666667
115.518984	 	393.333333
64.029531	 	400.000000
-292.094361	 	406.666667
338.402365	 	413.333333
149.754219	 	420.000000
-66.160254	 	426.666667
-104.537760	 	433.333333
-180.790104	 	440.000000
50.616751	 	446.666667
-69.531430	 	453.333333
174.755639	 	460.000000
254.739597	 	466.666667
-248.929196	 	473.333333
-206.139893	 	480.000000
53.795446	 	486.666667
125.525862	 	493.333333
10.854235	 	500.000000
-18.045310	 	506.666667
8.579071	 	513.333333
325.182375	 	520.000000
-129.292121	 	526.666667
-159.044640	 	533.333333
-53.027814	 	540.000000
93.651861	 	546.666667
-118.261929	 	553.333333
110.179444	 	560.000000
173.707453	 	566.666667
-113.695740	 	573.333333
-198.475530	 	580.000000
112.733547	 	586.666667
101.196593	 	593.333333
190.990263	 	600.000000
-205.083285	 	606.666667
-145.333642	 	613.333333
17.243926	 	620.000000
-26.616530	 	626.666667
182.229217	 	633.333333
173.559432	 	640.000000
-207.553071	 	646.666667
72.872253	 	653.333333
-46.722528	 	660.000000
-45.499670	 	666.666667
244.174362	 	673.333333
-166.473035	 	680.000000
-10.896620	 	686.666667
-36.923530	 	693.333333
-69.629465	 	700.000000
29.406326	 	706.666667
16.757303	 	713.333333
10.452729	 	720.000000
108.444995	 	726.666667
86.942613	 	733.333333
-63.535612	 	740.000000
-246.902124	 	746.666667
64.790069	 	753.333333
80.837053	 	760.000000
-9.109510	 	766.666667
115.935092	 	773.333333
-72.360364	 	780.000000
2.289774	 	786.666667
86.403746	 	793.333333
-105.757506	 	800.000000
-54.243989	 	806.666667
33.733827	 	813.333333
37.229640	 	820.000000
66.691685	 	826.666667
-4.235425	 	833.333333
-8.796585	 	840.000000
52.464313	 	846.666667
-41.893747	 	853.333333
-35.228411	 	860.000000
-120.645184	 	866.666667
5.665744	 	873.333333
178.366551	 	880.000000
98.101476	 	886.666667
9.859482	 	893.333333
-188.203842	 	900.000000
-204.100482	 	906.666667
84.439504	 	913.333333
255.051795	 	920.000000
103.300082	 	926.666667
-50.195172	 	933.333333
-23.488966	 	940.000000
-79.405444	 	946.666667
-107.319728	 	953.333333
77.691754	 	960.000000
94.057885	 	966.666667
37.666147	 	973.333333
11.950276	 	980.000000
-105.865943	 	986.666667
-20.057537	 	993.333333
51.934772	 	1000.000000
-17.343645	 	1006.666667
82.093973	 	1013.333333
-5.839785	 	1020.000000
-19.973648	 	1026.666667
-33.147213	 	1033.333333
46.985959	 	1040.000000
82.670292	 	1046.666667
-106.005873	 	1053.333333
-13.374145	 	1060.000000
28.499768	 	1066.666667
3.975748	 	1073.333333
18.386844	 	1080.000000
-49.434441	 	1086.666667
48.615256	 	1093.333333
27.917634	 	1100.000000
48.967952	 	1106.666667
-45.182839	 	1113.333333
41.854006	 	1120.000000
-50.412171	 	1126.666667
-51.079375	 	1133.333333
20.404995	 	1140.000000
111.472343	 	1146.666667
-21.471466	 	1153.333333
-87.256112	 	1160.000000
-15.530183	 	1166.666667
75.984410	 	1173.333333
187.127108	 	1180.000000
-96.338527	 	1186.666667
-115.228519	 	1193.333333
3.470548	 	1200.000000
16.467932	 	1206.666667
12.286097	 	1213.333333
51.405012	 	1220.000000
18.276380	 	1226.666667
44.868808	 	1233.333333
-111.798342	 	1240.000000
-86.590851	 	1246.666667
119.068466	 	1253.333333
47.011261	 	1260.000000
-113.877172	 	1266.666667
72.329867	 	1273.333333
61.833683	 	1280.000000
57.689601	 	1286.666667
-130.293594	 	1293.333333
-1.316014	 	1300.000000
67.855892	 	1306.666667
101.352937	 	1313.333333
-142.957485	 	1320.000000
-42.229656	 	1326.666667
101.206671	 	1333.333333
-38.184292	 	1340.000000
-62.690549	 	1346.666667
170.952477	 	1353.333333
48.015699	 	1360.000000
-92.474725	 	1366.666667
-92.543002	 	1373.333333
-14.527119	 	1380.000000
143.680797	 	1386.666667
18.827884	 	1393.333333
-124.204857	 	1400.000000
-15.760868	 	1406.666667
43.711624	 	1413.333333
13.775438	 	1420.000000
43.898708	 	1426.666667
54.879533	 	1433.333333
-46.423869	 	1440.000000
-7.223912	 	1446.666667
-30.636473	 	1453.333333
-28.864128	 	1460.000000
141.147602	 	1466.666667
-76.075008	 	1473.333333
-53.627701	 	1480.000000
56.673145	 	1486.666667
44.385253	 	1493.333333
42.438107	 	1500.000000
-27.291719	 	1506.666667
-86.069847	 	1513.333333
23.190005	 	1520.000000
45.382443	 	1526.666667
19.813872	 	1533.333333
-49.455621	 	1540.000000
-83.479147	 	1546.666667
61.949371	 	1553.333333
148.676455	 	1560.000000
-28.616123	 	1566.666667
-88.373786	 	1573.333333
-30.327046	 	1580.000000
11.022795	 	1586.666667
61.264464	 	1593.333333
-33.905246	 	1600.000000
5.998809	 	1606.666667
47.098946	 	1613.333333
-9.546819	 	1620.000000
-54.749407	 	1626.666667
41.503364	 	1633.333333
-23.293195	 	1640.000000
-1.923617	 	1646.666667
73.329087	 	1653.333333
6.099789	 	1660.000000
-69.932758	 	1666.666667
-20.012752	 	1673.333333
14.814139	 	1680.000000
75.051003	 	1686.666667
22.725791	 	1693.333333
-107.208795	 	1700.000000
82.682408	 	1706.666667
27.019796	 	1713.333333
-57.118476	 	1720.000000
-12.870802	 	1726.666667
-8.641643	 	1733.333333
42.700208	 	1740.000000
12.439800	 	1746.666667
-74.909206	 	1753.333333
107.082221	 	1760.000000
27.462010	 	1766.666667
-0.517669	 	1773.333333
-25.616766	 	1780.000000
-5.184999	 	1786.666667
-6.761791	 	1793.333333
-0.697673	 	1800.000000
-4.678115	 	1806.666667
125.907066	 	1813.333333
-40.122563	 	1820.000000
-65.755259	 	1826.666667
-44.047337	 	1833.333333
27.038002	 	1840.000000
57.722604	 	1846.666667
39.836957	 	1853.333333
-102.426131	 	1860.000000
-25.933950	 	1866.666667
35.511435	 	1873.333333
53.559415	 	1880.000000
71.052009	 	1886.666667
1.708838	 	1893.333333
-185.503100	 	1900.000000
-1.452599	 	1906.666667
123.699475	 	1913.333333
95.739700	 	1920.000000
-73.523150	 	1926.666667
-90.182547	 	1933.333333
-26.861645	 	1940.000000
149.766426	 	1946.666667
13.989009	 	1953.333333
-21.601955	 	1960.000000
-22.679541	 	1966.666667
-26.544720	 	1973.333333
32.847755	 	1980.000000
-29.311430	 	1986.666667
-20.889630	 	1993.333333
70.362452	 	2000.000000
-6.210833	 	2006.666667
-27.029972	 	2013.333333
100.148692	 	2020.000000
-81.507747	 	2026.666667
5.822187	 	2033.333333
-41.328353	 	2040.000000
38.450768	 	2046.666667
20.553627	 	2053.333333
31.524335	 	2060.000000
-71.520261	 	2066.666667
-12.544258	 	2073.333333
43.832920	 	2080.000000
67.678819	 	2086.666667
-24.518055	 	2093.333333
-43.429844	 	2100.000000
-29.378827	 	2106.666667
14.228882	 	2113.333333
135.791898	 	2120.000000
-23.082344	 	2126.666667
-130.230144	 	2133.333333
-10.103812	 	2140.000000
23.324303	 	2146.666667
71.155842	 	2153.333333
4.962038	 	2160.000000
-14.517179	 	2166.666667
85.572837	 	2173.333333
-11.778405	 	2180.000000
-176.195919	 	2186.666667
41.911285	 	2193.333333
68.142512	 	2200.000000
40.435805	 	2206.666667
25.187957	 	2213.333333
-88.460636	 	2220.000000
123.610900	 	2226.666667
78.911686	 	2233.333333
-41.117451	 	2240.000000
-77.550695	 	2246.666667
-62.823950	 	2253.333333
1.354880	 	2260.000000
68.855304	 	2266.666667
88.196777	 	2273.333333
11.598801	 	2280.000000
-98.432692	 	2286.666667
-48.013336	 	2293.333333
49.873541	 	2300.000000
-1.273978	 	2306.666667
38.960638	 	2313.333333
-17.088882	 	2320.000000
45.045903	 	2326.666667
-14.050642	 	2333.333333
17.313236	 	2340.000000
8.495504	 	2346.666667
52.956117	 	2353.333333
-33.327549	 	2360.000000
13.076231	 	2366.666667
-26.590718	 	2373.333333
38.324427	 	2380.000000
-59.579746	 	2386.666667
5.170940	 	2393.333333
71.713151	 	2400.000000
-41.675619	 	2406.666667
-81.885970	 	2413.333333
8.602402	 	2420.000000
45.707928	 	2426.666667
80.519811	 	2433.333333
-60.923727	 	2440.000000
10.773753	 	2446.666667
58.462814	 	2453.333333
26.023738	 	2460.000000
-80.075889	 	2466.666667
-25.568753	 	2473.333333
-22.620930	 	2480.000000
205.477567	 	2486.666667
27.654739	 	2493.333333
-124.157411	 	2500.000000
17.381523	 	2506.666667
-23.619490	 	2513.333333
100.889700	 	2520.000000
1.088321	 	2526.666667
-67.963167	 	2533.333333
55.428994	 	2540.000000
49.487103	 	2546.666667
-84.363880	 	2553.333333
37.529263	 	2560.000000
-21.496119	 	2566.666667
74.604381	 	2573.333333
33.510839	 	2580.000000
-43.911276	 	2586.666667
72.595323	 	2593.333333
-105.155121	 	2600.000000
-72.274521	 	2606.666667
72.273402	 	2613.333333
25.436965	 	2620.000000
16.846126	 	2626.666667
21.914957	 	2633.333333
-58.346337	 	2640.000000
65.991420	 	2646.666667
-2.433441	 	2653.333333
3.404369	 	2660.000000
-30.010341	 	2666.666667
11.639110	 	2673.333333
27.420273	 	2680.000000
6.894586	 	2686.666667
6.928130	 	2693.333333
50.121842	 	2700.000000
-83.698302	 	2706.666667
92.999944	 	2713.333333
-65.376251	 	2720.000000
-21.708108	 	2726.666667
78.317915	 	2733.333333
-44.627135	 	2740.000000
-38.643145	 	2746.666667
37.222867	 	2753.333333
32.430619	 	2760.000000
-2.265851	 	2766.666667
-0.411566	 	2773.333333
66.593963	 	2780.000000
-24.026603	 	2786.666667
-81.553036	 	2793.333333
54.600737	 	2800.000000
117.257918	 	2806.666667
-5.121323	 	2813.333333
-40.470210	 	2820.000000
-73.800239	 	2826.666667
119.736648	 	2833.333333
27.226194	 	2840.000000
-110.164639	 	2846.666667
14.255543	 	2853.333333
161.078012	 	2860.000000
-80.712005	 	2866.666667
-117.449585	 	2873.333333
-2.613137	 	2880.000000
143.555030	 	2886.666667
-26.457703	 	2893.333333
56.256757	 	2900.000000
56.043825	 	2906.666667
-84.564915	 	2913.333333
-101.065833	 	2920.000000
72.762771	 	2926.666667
23.339643	 	2933.333333
46.934722	 	2940.000000
-81.943766	 	2946.666667
-34.410042	 	2953.333333
159.575401	 	2960.000000
-51.085645	 	2966.666667
-70.872306	 	2973.333333
69.784078	 	2980.000000
16.098823	 	2986.666667
-23.202635	 	2993.333333
-84.459770	 	3000.000000
49.852045	 	3006.666667
51.868895	 	3013.333333
-14.687196	 	3020.000000
31.661458	 	3026.666667
-6.505353	 	3033.333333
61.478937	 	3040.000000
-30.473454	 	3046.666667
-101.177470	 	3053.333333
-35.181078	 	3060.000000
112.855891	 	3066.666667
66.901789	 	3073.333333
-21.722166	 	3080.000000
-95.739816	 	3086.666667
28.909545	 	3093.333333
69.601773	 	3100.000000
-28.900693	 	3106.666667
32.000993	 	3113.333333
11.358789	 	3120.000000
-76.245748	 	3126.666667
-48.891699	 	3133.333333
129.385378	 	3140.000000
129.361719	 	3146.666667
-113.149567	 	3153.333333
-24.666595	 	3160.000000
-73.557700	 	3166.666667
-149.089530	 	3173.333333
69.292843	 	3180.000000
1473.819911	 	3186.666667
5339.496846	 	3193.333333
5280.893158	 	3200.000000
1470.814388	 	3206.666667
397.515561	 	3213.333333
532.840474	 	3220.000000
1222.992861	 	3226.666667
2589.454461	 	3233.333333
3885.683280	 	3240.000000
3469.522446	 	3246.666667
2547.639565	 	3253.333333
3676.067001	 	3260.000000
4930.461100	 	3266.666667
4391.751748	 	3273.333333
4082.772005	 	3280.000000
4916.087808	 	3286.666667
6057.545036	 	3293.333333
5912.140112	 	3300.000000
4689.852866	 	3306.666667
4857.946683	 	3313.333333
7015.689100	 	3320.000000
6937.746933	 	3326.666667
5507.984867	 	3333.333333
5595.124070	 	3340.000000
5504.292459	 	3346.666667
5179.012662	 	3353.333333
7048.270753	 	3360.000000
7650.583493	 	3366.666667
5620.204864	 	3373.333333
4940.051592	 	3380.000000
5712.380884	 	3386.666667
7921.673507	 	3393.333333
9596.462524	 	3400.000000
6160.209644	 	3406.666667
4201.190776	 	3413.333333
5175.365478	 	3420.000000
7670.248264	 	3426.666667
7602.339495	 	3433.333333
6504.456270	 	3440.000000
5351.538449	 	3446.666667
4979.462767	 	3453.333333
5774.946340	 	3460.000000
5948.116575	 	3466.666667
5273.979012	 	3473.333333
5316.514532	 	3480.000000
5052.916421	 	3486.666667
4261.848132	 	3493.333333
4146.401201	 	3500.000000
4881.005551	 	3506.666667
5656.584183	 	3513.333333
5232.793696	 	3520.000000
5034.565110	 	3526.666667
4840.426759	 	3533.333333
4397.045459	 	3540.000000
4472.506120	 	3546.666667
4173.280021	 	3553.333333
3763.078013	 	3560.000000
4204.022416	 	3566.666667
4234.906360	 	3573.333333
3946.292753	 	3580.000000
3926.191709	 	3586.666667
3548.784848	 	3593.333333
3972.175457	 	3600.000000
4474.460815	 	3606.666667
4149.187251	 	3613.333333
3229.798929	 	3620.000000
3767.193703	 	3626.666667
4816.151827	 	3633.333333
3950.479643	 	3640.000000
2865.153372	 	3646.666667
2903.755616	 	3653.333333
3117.391729	 	3660.000000
3900.113660	 	3666.666667
4137.284914	 	3673.333333
3057.521297	 	3680.000000
2542.916026	 	3686.666667
2898.964110	 	3693.333333
3481.302644	 	3700.000000
3481.884492	 	3706.666667
3069.522193	 	3713.333333
2707.881769	 	3720.000000
2723.627480	 	3726.666667
3128.145020	 	3733.333333
2892.314422	 	3740.000000
2813.987848	 	3746.666667
3074.131464	 	3753.333333
2994.329348	 	3760.000000
2754.251293	 	3766.666667
2650.197858	 	3773.333333
2489.909605	 	3780.000000
2620.572290	 	3786.666667
2825.190031	 	3793.333333
2851.054171	 	3800.000000
2323.977287	 	3806.666667
2286.742721	 	3813.333333
2811.788990	 	3820.000000
2657.889267	 	3826.666667
2077.821127	 	3833.333333
2452.635285	 	3840.000000
2580.242703	 	3846.666667
2069.074296	 	3853.333333
2162.927328	 	3860.000000
2402.274646	 	3866.666667
2290.640282	 	3873.333333
2325.825249	 	3880.000000
2068.627456	 	3886.666667
2135.595251	 	3893.333333
2161.462166	 	3900.000000
1822.199585	 	3906.666667
1759.554284	 	3913.333333
1984.533375	 	3920.000000
1978.790684	 	3926.666667
1912.486357	 	3933.333333
1953.663755	 	3940.000000
2083.477510	 	3946.666667
1774.241693	 	3953.333333
1575.009106	 	3960.000000
1781.393864	 	3966.666667
1929.133346	 	3973.333333
1663.772601	 	3980.000000
1557.097562	 	3986.666667
1496.171858	 	3993.333333
1748.583783	 	4000.000000
1929.806167	 	4006.666667
1611.437170	 	4013.333333
1436.297265	 	4020.000000
1580.409334	 	4026.666667
1652.674488	 	4033.333333
1496.178394	 	4040.000000
1291.833481	 	4046.666667
1592.368122	 	4053.333333
1569.458231	 	4060.000000
1391.991130	 	4066.666667
1458.987434	 	4073.333333
1277.592723	 	4080.000000
1102.995139	 	4086.666667
1309.324481	 	4093.333333
1419.954664	 	4100.000000
1501.282889	 	4106.666667
1458.249761	 	4113.333333
1469.764387	 	4120.000000
1288.217795	 	4126.666667
976.291196	 	4133.333333
1167.891789	 	4140.000000
1345.862885	 	4146.666667
1320.163195	 	4153.333333
1114.685822	 	4160.000000
1153.957911	 	4166.666667
1220.750073	 	4173.333333
1059.801957	 	4180.000000
1045.799743	 	4186.666667
1150.897223	 	4193.333333
1229.510688	 	4200.000000
1176.371568	 	4206.666667
958.040561	 	4213.333333
1078.391242	 	4220.000000
1100.196464	 	4226.666667
799.059510	 	4233.333333
971.162416	 	4240.000000
1161.072345	 	4246.666667
1051.740762	 	4253.333333
1051.056322	 	4260.000000
948.894939	 	4266.666667
972.386229	 	4273.333333
856.356815	 	4280.000000
1035.506517	 	4286.666667
997.607441	 	4293.333333
947.391268	 	4300.000000
861.907866	 	4306.666667
803.047030	 	4313.333333
844.860922	 	4320.000000
1005.159211	 	4326.666667
937.883506	 	4333.333333
770.577520	 	4340.000000
886.646842	 	4346.666667
762.836879	 	4353.333333
617.945580	 	4360.000000
769.405034	 	4366.666667
922.553185	 	4373.333333
946.644955	 	4380.000000
748.498945	 	4386.666667
739.848101	 	4393.333333
687.718295	 	4400.000000
785.928890	 	4406.666667
702.346603	 	4413.333333
717.675448	 	4420.000000
823.907975	 	4426.666667
905.372682	 	4433.333333
623.623141	 	4440.000000
604.666947	 	4446.666667
630.548392	 	4453.333333
667.839854	 	4460.000000
770.771988	 	4466.666667
584.119072	 	4473.333333
579.787626	 	4480.000000
713.689335	 	4486.666667
670.417460	 	4493.333333
808.235344	 	4500.000000
530.612910	 	4506.666667
476.506128	 	4513.333333
569.083644	 	4520.000000
579.849439	 	4526.666667
612.242965	 	4533.333333
729.184434	 	4540.000000
491.071122	 	4546.666667
552.960560	 	4553.333333
560.101678	 	4560.000000
485.027528	 	4566.666667
669.154787	 	4573.333333
602.102989	 	4580.000000
371.448217	 	4586.666667
403.377081	 	4593.333333
585.127012	 	4600.000000
685.788700	 	4606.666667
524.421215	 	4613.333333
483.469740	 	4620.000000
649.878506	 	4626.666667
539.923402	 	4633.333333
483.386756	 	4640.000000
469.925399	 	4646.666667
512.233211	 	4653.333333
431.348807	 	4660.000000
399.935196	 	4666.666667
466.081847	 	4673.333333
567.565163	 	4680.000000
465.305340	 	4686.666667
451.533156	 	4693.333333
366.663640	 	4700.000000
763.851713	 	4706.666667
209.034204	 	4713.333333
192.175931	 	4720.000000
703.408071	 	4726.666667
426.013949	 	4733.333333
461.227384	 	4740.000000
524.330283	 	4746.666667
210.265183	 	4753.333333
513.144866	 	4760.000000
447.065760	 	4766.666667
194.314922	 	4773.333333
335.637653	 	4780.000000
367.767735	 	4786.666667
410.705798	 	4793.333333
583.562858	 	4800.000000
274.888452	 	4806.666667
351.704174	 	4813.333333
288.466888	 	4820.000000
284.493237	 	4826.666667
303.649342	 	4833.333333
501.533955	 	4840.000000
337.689344	 	4846.666667
331.162597	 	4853.333333
269.288210	 	4860.000000
174.035521	 	4866.666667
493.543017	 	4873.333333
402.282701	 	4880.000000
306.156618	 	4886.666667
414.223579	 	4893.333333
204.574915	 	4900.000000
137.191171	 	4906.666667
482.329932	 	4913.333333
551.336823	 	4920.000000
343.384490	 	4926.666667
232.707651	 	4933.333333
136.850461	 	4940.000000
156.486600	 	4946.666667
361.197929	 	4953.333333
398.228958	 	4960.000000
294.052327	 	4966.666667
226.215659	 	4973.333333
258.838678	 	4980.000000
303.822353	 	4986.666667
298.433454	 	4993.333333
259.604721	 	5000.000000
265.279718	 	5006.666667
148.413119	 	5013.333333
341.544827	 	5020.000000
297.050145	 	5026.666667
90.818824	 	5033.333333
242.212532	 	5040.000000
358.838278	 	5046.666667
310.936490	 	5053.333333
315.175737	 	5060.000000
218.127449	 	5066.666667
1.514704	 	5073.333333
273.732196	 	5080.000000
391.597096	 	5086.666667
131.824212	 	5093.333333
215.929786	 	5100.000000
231.010332	 	5106.666667
265.230083	 	5113.333333
201.790423	 	5120.000000
226.726136	 	5126.666667
238.262097	 	5133.333333
233.449096	 	5140.000000
154.573299	 	5146.666667
210.228962	 	5153.333333
257.139505	 	5160.000000
198.555563	 	5166.666667
177.831660	 	5173.333333
209.329535	 	5180.000000
301.241112	 	5186.666667
230.564965	 	5193.333333
175.801075	 	5200.000000
130.701052	 	5206.666667
181.660773	 	5213.333333
170.589075	 	5220.000000
221.682844	 	5226.666667
305.100536	 	5233.333333
174.213591	 	5240.000000
220.279575	 	5246.666667
164.687948	 	5253.333333
184.889431	 	5260.000000
111.376674	 	5266.666667
154.801036	 	5273.333333
297.218418	 	5280.000000
187.216563	 	5286.666667
94.197683	 	5293.333333
138.204603	 	5300.000000
79.896115	 	5306.666667
242.036489	 	5313.333333
98.112178	 	5320.000000
111.071275	 	5326.666667
221.303121	 	5333.333333
222.272174	 	5340.000000
235.607903	 	5346.666667
135.912486	 	5353.333333
-7.393743	 	5360.000000
161.829634	 	5366.666667
80.657895	 	5373.333333
160.930479	 	5380.000000
161.278086	 	5386.666667
128.337569	 	5393.333333
181.497332	 	5400.000000
37.622345	 	5406.666667
143.365601	 	5413.333333
211.645924	 	5420.000000
171.866356	 	5426.666667
189.134489	 	5433.333333
51.797679	 	5440.000000
113.685942	 	5446.666667
127.928927	 	5453.333333
144.720848	 	5460.000000
132.492891	 	5466.666667
203.186139	 	5473.333333
255.833562	 	5480.000000
119.196674	 	5486.666667
53.122469	 	5493.333333
207.229963	 	5500.000000
112.205104	 	5506.666667
129.450724	 	5513.333333
125.537483	 	5520.000000
93.645863	 	5526.666667
114.626465	 	5533.333333
68.742295	 	5540.000000
47.498375	 	5546.666667
196.573727	 	5553.333333
231.569446	 	5560.000000
112.359241	 	5566.666667
20.754000	 	5573.333333
145.510474	 	5580.000000
136.295193	 	5586.666667
164.337095	 	5593.333333
120.960448	 	5600.000000
61.588111	 	5606.666667
36.868278	 	5613.333333
165.348377	 	5620.000000
169.249967	 	5626.666667
31.113141	 	5633.333333
82.935156	 	5640.000000
119.285194	 	5646.666667
164.372462	 	5653.333333
194.848367	 	5660.000000
173.026435	 	5666.666667
49.594496	 	5673.333333
96.005480	 	5680.000000
163.293439	 	5686.666667
189.940964	 	5693.333333
200.354961	 	5700.000000
-6.001866	 	5706.666667
-68.448792	 	5713.333333
2.344031	 	5720.000000
287.777450	 	5726.666667
152.249163	 	5733.333333
76.602284	 	5740.000000
113.476148	 	5746.666667
130.713987	 	5753.333333
108.741819	 	5760.000000
22.867732	 	5766.666667
-2.029907	 	5773.333333
180.874983	 	5780.000000
170.950009	 	5786.666667
31.500683	 	5793.333333
-44.580165	 	5800.000000
111.440089	 	5806.666667
193.189873	 	5813.333333
31.192709	 	5820.000000
32.508652	 	5826.666667
204.665025	 	5833.333333
56.780328	 	5840.000000
107.683036	 	5846.666667
47.960094	 	5853.333333
41.580074	 	5860.000000
167.963621	 	5866.666667
108.574469	 	5873.333333
-17.819070	 	5880.000000
154.632559	 	5886.666667
49.027329	 	5893.333333
15.836058	 	5900.000000
108.238025	 	5906.666667
68.195009	 	5913.333333
125.959472	 	5920.000000
125.426994	 	5926.666667
44.680141	 	5933.333333
-24.829820	 	5940.000000
35.141526	 	5946.666667
143.482860	 	5953.333333
147.009340	 	5960.000000
-7.875405	 	5966.666667
20.978020	 	5973.333333
57.770271	 	5980.000000
53.662240	 	5986.666667
76.020532	 	5993.333333
-9.401433	 	6000.000000
204.812575	 	6006.666667
138.208655	 	6013.333333
29.042748	 	6020.000000
66.199252	 	6026.666667
-12.634862	 	6033.333333
-3.399315	 	6040.000000
41.653281	 	6046.666667
184.094791	 	6053.333333
182.722590	 	6060.000000
57.647405	 	6066.666667
-38.159208	 	6073.333333
71.725325	 	6080.000000
121.316396	 	6086.666667
59.771075	 	6093.333333
86.062246	 	6100.000000
68.005551	 	6106.666667
-19.437383	 	6113.333333
1.390441	 	6120.000000
137.793175	 	6126.666667
75.268449	 	6133.333333
0.006433	 	6140.000000
12.640568	 	6146.666667
153.024136	 	6153.333333
134.377649	 	6160.000000
-88.498039	 	6166.666667
-48.855451	 	6173.333333
112.002421	 	6180.000000
132.832404	 	6186.666667
63.172854	 	6193.333333
-36.780302	 	6200.000000
39.822597	 	6206.666667
243.066949	 	6213.333333
-38.767084	 	6220.000000
-51.410820	 	6226.666667
103.748715	 	6233.333333
85.246754	 	6240.000000
224.334889	 	6246.666667
-31.043444	 	6253.333333
-127.210744	 	6260.000000
81.647051	 	6266.666667
216.710165	 	6273.333333
82.181419	 	6280.000000
50.169905	 	6286.666667
-70.345984	 	6293.333333
4.804464	 	6300.000000
134.552807	 	6306.666667
196.964289	 	6313.333333
33.902935	 	6320.000000
-87.841186	 	6326.666667
-66.146267	 	6333.333333
151.005558	 	6340.000000
189.862441	 	6346.666667
78.463487	 	6353.333333
-99.199929	 	6360.000000
-28.532413	 	6366.666667
104.905592	 	6373.333333
156.386413	 	6380.000000
0.816800	 	6386.666667
12.199907	 	6393.333333
59.236886	 	6400.000000
-73.293377	 	6406.666667
53.668296	 	6413.333333
117.328525	 	6420.000000
-6.867617	 	6426.666667
128.535299	 	6433.333333
7.983645	 	6440.000000
-181.309549	 	6446.666667
110.656194	 	6453.333333
120.892797	 	6460.000000
152.572739	 	6466.666667
172.716276	 	6473.333333
-102.316579	 	6480.000000
-109.151274	 	6486.666667
111.562814	 	6493.333333
138.827754	 	6500.000000
75.339828	 	6506.666667
26.413597	 	6513.333333
-81.038767	 	6520.000000
-7.374404	 	6526.666667
132.225805	 	6533.333333
134.991465	 	6540.000000
-24.858448	 	6546.666667
-20.172235	 	6553.333333
168.410046	 	6560.000000
46.784904	 	6566.666667
15.780838	 	6573.333333
60.993436	 	6580.000000
44.001671	 	6586.666667
99.309711	 	6593.333333
65.004640	 	6600.000000
-19.498733	 	6606.666667
-10.493860	 	6613.333333
159.080594	 	6620.000000
-37.093302	 	6626.666667
86.563923	 	6633.333333
-11.763667	 	6640.000000
60.240493	 	6646.666667
94.341598	 	6653.333333
100.412440	 	6660.000000
16.864679	 	6666.666667
-7.346446	 	6673.333333
6.104542	 	6680.000000
22.623688	 	6686.666667
-70.970822	 	6693.333333
95.147021	 	6700.000000
188.938483	 	6706.666667
91.810510	 	6713.333333
-34.452083	 	6720.000000
-4.385902	 	6726.666667
-60.978506	 	6733.333333
9.828987	 	6740.000000
-57.671870	 	6746.666667
136.345246	 	6753.333333
148.979608	 	6760.000000
26.212528	 	6766.666667
-78.613991	 	6773.333333
74.388738	 	6780.000000
129.386995	 	6786.666667
31.323186	 	6793.333333
47.399750	 	6800.000000
12.038342	 	6806.666667
-40.313712	 	6813.333333
-5.128667	 	6820.000000
25.278913	 	6826.666667
121.045040	 	6833.333333
164.076165	 	6840.000000
-51.347304	 	6846.666667
-64.618368	 	6853.333333
92.600127	 	6860.000000
46.027327	 	6866.666667
93.955462	 	6873.333333
-94.384602	 	6880.000000
-74.565184	 	6886.666667
93.602222	 	6893.333333
157.698747	 	6900.000000
42.027937	 	6906.666667
-86.059168	 	6913.333333
50.331024	 	6920.000000
62.611390	 	6926.666667
31.793900	 	6933.333333
-95.255515	 	6940.000000
62.912350	 	6946.666667
-24.936253	 	6953.333333
97.895108	 	6960.000000
106.322913	 	6966.666667
-34.669645	 	6973.333333
-14.719864	 	6980.000000
-82.773169	 	6986.666667
-17.364231	 	6993.333333
128.356588	 	7000.000000
164.419772	 	7006.666667
-118.850344	 	7013.333333
-0.232450	 	7020.000000
52.246395	 	7026.666667
83.795136	 	7033.333333
73.491264	 	7040.000000
-38.374351	 	7046.666667
-53.588125	 	7053.333333
69.102362	 	7060.000000
24.585142	 	7066.666667
-1.745995	 	7073.333333
6.699024	 	7080.000000
53.902382	 	7086.666667
65.296059	 	7093.333333
12.645015	 	7100.000000
4.763045	 	7106.666667
92.565619	 	7113.333333
-37.906086	 	7120.000000
-29.541551	 	7126.666667
-45.765497	 	7133.333333
67.036169	 	7140.000000
111.314804	 	7146.666667
76.113621	 	7153.333333
-102.921329	 	7160.000000
74.630057	 	7166.666667
38.648026	 	7173.333333
-88.215994	 	7180.000000
51.626962	 	7186.666667
118.547036	 	7193.333333
-9.923556	 	7200.000000
-36.414482	 	7206.666667
-44.246748	 	7213.333333
128.819503	 	7220.000000
26.860686	 	7226.666667
-141.953537	 	7233.333333
-14.324496	 	7240.000000
231.240944	 	7246.666667
65.863117	 	7253.333333
-141.601421	 	7260.000000
-103.877624	 	7266.666667
67.816877	 	7273.333333
153.539373	 	7280.000000
-7.944569	 	7286.666667
6.394537	 	7293.333333
41.105060	 	7300.000000
-13.021124	 	7306.666667
-47.586770	 	7313.333333
-20.255060	 	7320.000000
49.573789	 	7326.666667
50.734149	 	7333.333333
-30.937727	 	7340.000000
53.763414	 	7346.666667
117.536882	 	7353.333333
-19.314923	 	7360.000000
-64.111063	 	7366.666667
-79.840371	 	7373.333333
98.804339	 	7380.000000
64.662421	 	7386.666667
-20.473199	 	7393.333333
3.808541	 	7400.000000
-75.368077	 	7406.666667
132.333463	 	7413.333333
10.360182	 	7420.000000
36.607208	 	7426.666667
43.902329	 	7433.333333
-97.110535	 	7440.000000
-68.693112	 	7446.666667
58.909189	 	7453.333333
58.433818	 	7460.000000
26.475782	 	7466.666667
113.142595	 	7473.333333
-71.462146	 	7480.000000
-56.877247	 	7486.666667
-100.406938	 	7493.333333
77.334278	 	7500.000000
93.365284	 	7506.666667
12.941133	 	7513.333333
-132.591649	 	7520.000000
37.829906	 	7526.666667
143.450676	 	7533.333333
9.325380	 	7540.000000
-56.760115	 	7546.666667
-54.591467	 	7553.333333
80.317543	 	7560.000000
43.764833	 	7566.666667
-43.809045	 	7573.333333
5.464512	 	7580.000000
10.558262	 	7586.666667
23.603031	 	7593.333333
-60.641855	 	7600.000000
56.186476	 	7606.666667
40.299101	 	7613.333333
38.103189	 	7620.000000
-41.231663	 	7626.666667
-61.143124	 	7633.333333
18.198682	 	7640.000000
77.093998	 	7646.666667
-12.959682	 	7653.333333
-26.623665	 	7660.000000
17.953749	 	7666.666667
31.436311	 	7673.333333
60.279142	 	7680.000000
-34.936759	 	7686.666667
84.603008	 	7693.333333
21.611587	 	7700.000000
-20.682903	 	7706.666667
-1.165936	 	7713.333333
-25.768575	 	7720.000000
-8.867049	 	7726.666667
7.536798	 	7733.333333
-41.064625	 	7740.000000
93.085958	 	7746.666667
42.091348	 	7753.333333
-15.703802	 	7760.000000
20.728926	 	7766.666667
77.179547	 	7773.333333
13.409847	 	7780.000000
-26.027989	 	7786.666667
-19.054265	 	7793.333333
49.305190	 	7800.000000
-8.723781	 	7806.666667
-10.259709	 	7813.333333
-54.096870	 	7820.000000
17.653250	 	7826.666667
113.513037	 	7833.333333
8.975601	 	7840.000000
-81.948572	 	7846.666667
-60.301337	 	7853.333333
98.577903	 	7860.000000
23.152550	 	7866.666667
-4.612858	 	7873.333333
-48.325258	 	7880.000000
115.405461	 	7886.666667
-27.962310	 	7893.333333
3.144031	 	7900.000000
-22.097285	 	7906.666667
-81.332445	 	7913.333333
52.580661	 	7920.000000
39.171629	 	7926.666667
20.126799	 	7933.333333
63.417513	 	7940.000000
-52.838506	 	7946.666667
-67.361632	 	7953.333333
60.311128	 	7960.000000
27.719491	 	7966.666667
-38.875740	 	7973.333333
-2.917417	 	7980.000000
11.454406	 	7986.666667
-21.510729	 	7993.333333
53.961231	 	8000.000000
-22.164735	 	8006.666667
-19.482933	 	8013.333333
57.794483	 	8020.000000
-80.605229	 	8026.666667
4.974611	 	8033.333333
75.909854	 	8040.000000
39.832339	 	8046.666667
-42.829547	 	8053.333333
-49.751901	 	8060.000000
0.586868	 	8066.666667
55.530444	 	8073.333333
-3.492901	 	8080.000000
-26.304503	 	8086.666667
-41.247064	 	8093.333333
64.890385	 	8100.000000
-4.300434	 	8106.666667
-23.827884	 	8113.333333
20.694217	 	8120.000000
-49.739346	 	8126.666667
-9.524316	 	8133.333333
64.340144	 	8140.000000
-43.908965	 	8146.666667
51.610263	 	8153.333333
-38.986934	 	8160.000000
5.245052	 	8166.666667
17.005103	 	8173.333333
-17.032587	 	8180.000000
-11.793242	 	8186.666667
70.751331	 	8193.333333
-19.350313	 	8200.000000
-65.319595	 	8206.666667
3.751239	 	8213.333333
45.657244	 	8220.000000
139.192036	 	8226.666667
-87.090163	 	8233.333333
-97.506329	 	8240.000000
-13.716247	 	8246.666667
54.996599	 	8253.333333
45.281089	 	8260.000000
-37.729634	 	8266.666667
-59.173095	 	8273.333333
-48.274650	 	8280.000000
124.201283	 	8286.666667
49.182546	 	8293.333333
21.503650	 	8300.000000
-68.566356	 	8306.666667
-92.338730	 	8313.333333
57.317196	 	8320.000000
72.208774	 	8326.666667
-18.676274	 	8333.333333
-55.713795	 	8340.000000
79.621325	 	8346.666667
24.935203	 	8353.333333
-29.655605	 	8360.000000
-93.160372	 	8366.666667
44.658688	 	8373.333333
15.806110	 	8380.000000
36.460998	 	8386.666667
-58.208419	 	8393.333333
-68.167079	 	8400.000000
127.498145	 	8406.666667
3.863419	 	8413.333333
-69.328597	 	8420.000000
-82.953047	 	8426.666667
80.138768	 	8433.333333
54.853073	 	8440.000000
56.380905	 	8446.666667
25.461529	 	8453.333333
-60.507622	 	8460.000000
-61.968428	 	8466.666667
80.282457	 	8473.333333
-52.849509	 	8480.000000
-43.769049	 	8486.666667
161.686173	 	8493.333333
-45.463153	 	8500.000000
64.289535	 	8506.666667
17.433254	 	8513.333333
-211.055225	 	8520.000000
54.292733	 	8526.666667
2.885695	 	8533.333333
51.724422	 	8540.000000
43.218129	 	8546.666667
-88.674609	 	8553.333333
35.642122	 	8560.000000
43.945945	 	8566.666667
-16.087554	 	8573.333333
-3.472988	 	8580.000000
-62.992458	 	8586.666667
78.084813	 	8593.333333
23.089456	 	8600.000000
-76.421242	 	8606.666667
21.875270	 	8613.333333
5.553291	 	8620.000000
13.253348	 	8626.666667
187.904424	 	8633.333333
-166.739358	 	8640.000000
-60.290207	 	8646.666667
-68.756116	 	8653.333333
59.928324	 	8660.000000
137.250037	 	8666.666667
-37.036804	 	8673.333333
-118.089012	 	8680.000000
172.357522	 	8686.666667
-162.598260	 	8693.333333
-45.608011	 	8700.000000
73.096821	 	8706.666667
66.687796	 	8713.333333
3.210333	 	8720.000000
12.367271	 	8726.666667
-23.235088	 	8733.333333
44.461231	 	8740.000000
-104.815904	 	8746.666667
29.320668	 	8753.333333
38.874533	 	8760.000000
85.320497	 	8766.666667
-113.324707	 	8773.333333
-72.020965	 	8780.000000
217.667345	 	8786.666667
-51.326025	 	8793.333333
-72.388870	 	8800.000000
24.849860	 	8806.666667
-18.371926	 	8813.333333
92.252016	 	8820.000000
-53.238221	 	8826.666667
-106.843970	 	8833.333333
65.656038	 	8840.000000
-0.906478	 	8846.666667
65.924847	 	8853.333333
28.477167	 	8860.000000
-123.047204	 	8866.666667
45.559309	 	8873.333333
6.677200	 	8880.000000
-74.745602	 	8886.666667
99.320402	 	8893.333333
12.872321	 	8900.000000
-29.558031	 	8906.666667
26.752717	 	8913.333333
0.698006	 	8920.000000
4.723854	 	8926.666667
-7.618094	 	8933.333333
-45.252080	 	8940.000000
17.810139	 	8946.666667
94.491310	 	8953.333333
-0.648595	 	8960.000000
-116.090850	 	8966.666667
70.973532	 	8973.333333
65.516763	 	8980.000000
-76.054273	 	8986.666667
52.440295	 	8993.333333
22.302700	 	9000.000000
15.768234	 	9006.666667
-33.099616	 	9013.333333
-87.853041	 	9020.000000
38.774638	 	9026.666667
139.705110	 	9033.333333
-62.408663	 	9040.000000
2.060558	 	9046.666667
-59.463090	 	9053.333333
46.569963	 	9060.000000
-54.075608	 	9066.666667
-91.824448	 	9073.333333
62.718737	 	9080.000000
73.376218	 	9086.666667
-59.460734	 	9093.333333
46.400168	 	9100.000000
-69.184910	 	9106.666667
-53.534686	 	9113.333333
133.081024	 	9120.000000
64.853189	 	9126.666667
-106.752185	 	9133.333333
-111.663684	 	9140.000000
-57.306314	 	9146.666667
28.932462	 	9153.333333
139.266976	 	9160.000000
108.698558	 	9166.666667
-116.346787	 	9173.333333
-37.756917	 	9180.000000
-43.255083	 	9186.666667
-28.589027	 	9193.333333
19.934366	 	9200.000000
-29.936346	 	9206.666667
-2.174187	 	9213.333333
134.822921	 	9220.000000
-17.597894	 	9226.666667
-123.131777	 	9233.333333
22.642178	 	9240.000000
88.385466	 	9246.666667
-9.642298	 	9253.333333
-54.117934	 	9260.000000
-44.792912	 	9266.666667
55.264328	 	9273.333333
-78.400594	 	9280.000000
-24.407844	 	9286.666667
147.380357	 	9293.333333
51.058611	 	9300.000000
-66.371811	 	9306.666667
-63.634874	 	9313.333333
-95.025687	 	9320.000000
61.253713	 	9326.666667
13.777274	 	9333.333333
19.567234	 	9340.000000
46.084796	 	9346.666667
5.751605	 	9353.333333
-51.362444	 	9360.000000
-44.656933	 	9366.666667
5.046556	 	9373.333333
58.002984	 	9380.000000
-32.406129	 	9386.666667
18.641243	 	9393.333333
-36.704326	 	9400.000000
-38.654099	 	9406.666667
7.488694	 	9413.333333
11.022027	 	9420.000000
-9.949450	 	9426.666667
-50.952659	 	9433.333333
44.965710	 	9440.000000
17.932949	 	9446.666667
-81.856623	 	9453.333333
-65.747968	 	9460.000000
93.294077	 	9466.666667
51.939842	 	9473.333333
-27.183569	 	9480.000000
-119.190391	 	9486.666667
-66.371347	 	9493.333333
178.919616	 	9500.000000
22.040026	 	9506.666667
-120.560968	 	9513.333333
-2.763942	 	9520.000000
93.766014	 	9526.666667
46.803630	 	9533.333333
-20.511859	 	9540.000000
-62.494588	 	9546.666667
-72.984303	 	9553.333333
-57.052172	 	9560.000000
103.746531	 	9566.666667
-8.844423	 	9573.333333
-70.405456	 	9580.000000
-19.453039	 	9586.666667
21.262230	 	9593.333333
83.239863	 	9600.000000
53.591078	 	9606.666667
-123.603280	 	9613.333333
-75.519899	 	9620.000000
54.911100	 	9626.666667
15.851558	 	9633.333333
7.184344	 	9640.000000
29.955719	 	9646.666667
-80.051351	 	9653.333333
-22.919496	 	9660.000000
-16.323642	 	9666.666667
76.346362	 	9673.333333
58.512107	 	9680.000000
-106.140376	 	9686.666667
-29.884694	 	9693.333333
86.636013	 	9700.000000
27.171013	 	9706.666667
-16.884524	 	9713.333333
-131.990273	 	9720.000000
-21.454998	 	9726.666667
90.528156	 	9733.333333
9.962804	 	9740.000000
-67.508940	 	9746.666667
16.942595	 	9753.333333
-46.727844	 	9760.000000
15.229874	 	9766.666667
74.716408	 	9773.333333
4.078358	 	9780.000000
-123.303965	 	9786.666667
9.838158	 	9793.333333
1.235698	 	9800.000000
9.953477	 	9806.666667
17.955274	 	9813.333333
-56.778900	 	9820.000000
82.242637	 	9826.666667
59.329857	 	9833.333333
-59.167329	 	9840.000000
-98.781382	 	9846.666667
-28.356074	 	9853.333333
-38.359309	 	9860.000000
58.359326	 	9866.666667
53.371208	 	9873.333333
23.040698	 	9880.000000
-1.966073	 	9886.666667
-87.851583	 	9893.333333
-44.955236	 	9900.000000
-10.758597	 	9906.666667
-49.351713	 	9913.333333
138.912693	 	9920.000000
25.773849	 	9926.666667
-40.216309	 	9933.333333
-46.042689	 	9940.000000
-79.380939	 	9946.666667
-23.826897	 	9953.333333
179.763169	 	9960.000000
-100.420662	 	9966.666667
7.490804	 	9973.333333
-58.983443	 	9980.000000
-98.814952	 	9986.666667
63.041599	 	9993.333333
94.616909	 	10000.000000
-48.840807	 	10006.666667
7.397513	 	10013.333333
-78.783037	 	10020.000000
-12.348499	 	10026.666667
74.197627	 	10033.333333
3.993312	 	10040.000000
-56.883950	 	10046.666667
23.389067	 	10053.333333
-53.612969	 	10060.000000
55.784702	 	10066.666667
-31.358122	 	10073.333333
-42.052075	 	10080.000000
-5.450681	 	10086.666667
121.834539	 	10093.333333
52.754548	 	10100.000000
-74.193912	 	10106.666667
-93.893474	 	10113.333333
-64.144341	 	10120.000000
121.342046	 	10126.666667
77.280403	 	10133.333333
-104.662429	 	10140.000000
-128.976283	 	10146.666667
64.012055	 	10153.333333
89.911352	 	10160.000000
41.034754	 	10166.666667
-46.943034	 	10173.333333
-69.179609	 	10180.000000
3.144611	 	10186.666667
-5.444796	 	10193.333333
28.511877	 	10200.000000
90.748126	 	10206.666667
17.591616	 	10213.333333
-107.569466	 	10220.000000
-166.388150	 	10226.666667
144.582665	 	10233.333333
125.415609	 	10240.000000
-10.971792	 	10246.666667
-52.659674	 	10253.333333
-94.388349	 	10260.000000
-57.760135	 	10266.666667
51.853878	 	10273.333333
32.371958	 	10280.000000
67.776368	 	10286.666667
3.433508	 	10293.333333
-107.678498	 	10300.000000
-34.856585	 	10306.666667
46.592429	 	10313.333333
45.992653	 	10320.000000
-34.489205	 	10326.666667
-108.728303	 	10333.333333
66.316525	 	10340.000000
57.955354	 	10346.666667
-6.370394	 	10353.333333
-59.758073	 	10360.000000
-38.228252	 	10366.666667
-27.029690	 	10373.333333
95.504481	 	10380.000000
-6.499112	 	10386.666667
-44.435762	 	10393.333333
-8.653754	 	10400.000000
-40.950009	 	10406.666667
-6.153888	 	10413.333333
103.111831	 	10420.000000
26.073393	 	10426.666667
-112.194418	 	10433.333333
-94.860243	 	10440.000000
-7.464744	 	10446.666667
122.474580	 	10453.333333
14.643353	 	10460.000000
-89.568102	 	10466.666667
31.677081	 	10473.333333
33.071684	 	10480.000000
-45.284675	 	10486.666667
-64.320238	 	10493.333333
54.879725	 	10500.000000
77.322538	 	10506.666667
-43.266490	 	10513.333333
-102.861133	 	10520.000000
-1.311236	 	10526.666667
-54.483778	 	10533.333333
69.432317	 	10540.000000
-5.660316	 	10546.666667
-39.503852	 	10553.333333
64.079198	 	10560.000000
6.353179	 	10566.666667
-95.834011	 	10573.333333
-72.771997	 	10580.000000
46.610706	 	10586.666667
73.320905	 	10593.333333
88.740841	 	10600.000000
-101.713904	 	10606.666667
-67.214334	 	10613.333333
2.135697	 	10620.000000
37.867194	 	10626.666667
-18.282448	 	10633.333333
-15.057959	 	10640.000000
-21.723377	 	10646.666667
41.048026	 	10653.333333
-46.966751	 	10660.000000
8.935291	 	10666.666667
-41.306664	 	10673.333333
3.694954	 	10680.000000
47.346850	 	10686.666667
76.221032	 	10693.333333
-89.727898	 	10700.000000
-74.198231	 	10706.666667
8.202799	 	10713.333333
-17.247532	 	10720.000000
-17.656271	 	10726.666667
45.971777	 	10733.333333
9.890791	 	10740.000000
10.157815	 	10746.666667
0.320299	 	10753.333333
-70.868824	 	10760.000000
6.229889	 	10766.666667
44.439749	 	10773.333333
-58.521001	 	10780.000000
-108.872937	 	10786.666667
31.976067	 	10793.333333
20.156052	 	10800.000000
45.034310	 	10806.666667
80.425677	 	10813.333333
-20.535996	 	10820.000000
-125.473178	 	10826.666667
-54.069097	 	10833.333333
75.538247	 	10840.000000
58.700957	 	10846.666667
-35.336053	 	10853.333333
-49.479561	 	10860.000000
-26.593389	 	10866.666667
-46.679162	 	10873.333333
61.716751	 	10880.000000
37.077832	 	10886.666667
24.091590	 	10893.333333
-38.386242	 	10900.000000
-120.323044	 	10906.666667
-38.413549	 	10913.333333
91.988346	 	10920.000000
56.636507	 	10926.666667
-23.876712	 	10933.333333
-91.947458	 	10940.000000
-47.377819	 	10946.666667
74.809850	 	10953.333333
57.300587	 	10960.000000
19.120463	 	10966.666667
-139.441579	 	10973.333333
-72.672132	 	10980.000000
47.146073	 	10986.666667
69.334539	 	10993.333333
98.391367	 	11000.000000
10.413131	 	11006.666667
-119.637100	 	11013.333333
-88.148642	 	11020.000000
16.555885	 	11026.666667
98.100366	 	11033.333333
1.039699	 	11040.000000
-138.681838	 	11046.666667
11.069212	 	11053.333333
74.535527	 	11060.000000
-26.670715	 	11066.666667
21.840482	 	11073.333333
-50.563621	 	11080.000000
77.666976	 	11086.666667
-1.460435	 	11093.333333
-90.959771	 	11100.000000
-42.492594	 	11106.666667
51.841610	 	11113.333333
1.403918	 	11120.000000
78.185595	 	11126.666667
-74.791891	 	11133.333333
-39.536164	 	11140.000000
-49.991494	 	11146.666667
81.819319	 	11153.333333
34.364040	 	11160.000000
-107.858224	 	11166.666667
-43.994796	 	11173.333333
123.949229	 	11180.000000
-69.580862	 	11186.666667
-14.192773	 	11193.333333
8.880318	 	11200.000000
69.605656	 	11206.666667
-20.025936	 	11213.333333
-84.685251	 	11220.000000
2.890166	 	11226.666667
73.436891	 	11233.333333
-6.130662	 	11240.000000
-118.810584	 	11246.666667
45.839095	 	11253.333333
41.062965	 	11260.000000
-53.066380	 	11266.666667
-19.999834	 	11273.333333
22.960598	 	11280.000000
-17.745328	 	11286.666667
-63.567054	 	11293.333333
-28.739026	 	11300.000000
61.977203	 	11306.666667
139.984366	 	11313.333333
-54.130966	 	11320.000000
-37.321157	 	11326.666667
-102.195262	 	11333.333333
3.495050	 	11340.000000
97.960510	 	11346.666667
-58.417369	 	11353.333333
-29.024689	 	11360.000000
6.481809	 	11366.666667
19.214148	 	11373.333333
91.815285	 	11380.000000
-56.229582	 	11386.666667
-93.117435	 	11393.333333
47.451625	 	11400.000000
-40.592826	 	11406.666667
8.443410	 	11413.333333
108.699601	 	11420.000000
33.406372	 	11426.666667
-32.628910	 	11433.333333
-67.354672	 	11440.000000
89.945354	 	11446.666667
-8.044323	 	11453.333333
-48.962913	 	11460.000000
-19.837089	 	11466.666667
-37.714798	 	11473.333333
111.065616	 	11480.000000
-67.648251	 	11486.666667
-66.402141	 	11493.333333
-61.413406	 	11500.000000
26.680103	 	11506.666667
91.750567	 	11513.333333
142.619043	 	11520.000000
5.709695	 	11526.666667
-116.158872	 	11533.333333
-177.554238	 	11540.000000
24.849875	 	11546.666667
91.608857	 	11553.333333
48.237687	 	11560.000000
27.571762	 	11566.666667
-38.784477	 	11573.333333
17.019439	 	11580.000000
-33.733664	 	11586.666667
-69.650453	 	11593.333333
42.549455	 	11600.000000
13.727919	 	11606.666667
52.458265	 	11613.333333
61.641375	 	11620.000000
-35.577557	 	11626.666667
-109.271271	 	11633.333333
25.026033	 	11640.000000
7.336587	 	11646.666667
5.167150	 	11653.333333
-18.300654	 	11660.000000
-58.044802	 	11666.666667
4.700259	 	11673.333333
40.706404	 	11680.000000
-62.695989	 	11686.666667
20.744310	 	11693.333333
74.195710	 	11700.000000
-42.808343	 	11706.666667
-102.669724	 	11713.333333
25.315828	 	11720.000000
76.069694	 	11726.666667
-4.960611	 	11733.333333
-21.037599	 	11740.000000
17.677399	 	11746.666667
-60.428457	 	11753.333333
23.938872	 	11760.000000
36.439034	 	11766.666667
-27.456349	 	11773.333333
4.019603	 	11780.000000
13.832509	 	11786.666667
-49.706409	 	11793.333333
15.392063	 	11800.000000
26.874339	 	11806.666667
-47.364885	 	11813.333333
39.207248	 	11820.000000
65.531321	 	11826.666667
-56.573231	 	11833.333333
-71.136542	 	11840.000000
18.408496	 	11846.666667
9.351148	 	11853.333333
5.966927	 	11860.000000
-46.677065	 	11866.666667
16.297147	 	11873.333333
-30.623837	 	11880.000000
109.387734	 	11886.666667
-60.494775	 	11893.333333
-60.938578	 	11900.000000
-48.061909	 	11906.666667
55.351954	 	11913.333333
22.358537	 	11920.000000
52.905485	 	11926.666667
-100.449652	 	11933.333333
37.897272	 	11940.000000
-15.569850	 	11946.666667
-58.699674	 	11953.333333
-56.301697	 	11960.000000
42.339007	 	11966.666667
47.803613	 	11973.333333
-41.428029	 	11980.000000
-44.031198	 	11986.666667
68.982774	 	11993.333333
-33.386732	 	12000.000000
-99.588191	 	12006.666667
33.396526	 	12013.333333
101.161745	 	12020.000000
-35.410979	 	12026.666667
24.997501	 	12033.333333
-165.825911	 	12040.000000
-21.874220	 	12046.666667
174.235573	 	12053.333333
-74.291754	 	12060.000000
-4.072409	 	12066.666667
-63.468323	 	12073.333333
-58.783176	 	12080.000000
89.568784	 	12086.666667
27.147654	 	12093.333333
-16.737764	 	12100.000000
6.728683	 	12106.666667
-28.901181	 	12113.333333
-38.894306	 	12120.000000
2.206297	 	12126.666667
-14.344448	 	12133.333333
-2.680663	 	12140.000000
-31.612276	 	12146.666667
75.641505	 	12153.333333
-66.131269	 	12160.000000
29.706978	 	12166.666667
-19.164913	 	12173.333333
-55.675444	 	12180.000000
28.445144	 	12186.666667
29.096495	 	12193.333333
58.961434	 	12200.000000
-49.477613	 	12206.666667
-82.014090	 	12213.333333
-3.723615	 	12220.000000
-33.472644	 	12226.666667
112.729112	 	12233.333333
-25.076522	 	12240.000000
-34.538239	 	12246.666667
-9.067422	 	12253.333333
5.172688	 	12260.000000
-120.921720	 	12266.666667
198.043840	 	12273.333333
-171.618856	 	12280.000000
-1.036771	 	12286.666667
240.560220	 	12293.333333
-113.251408	 	12300.000000
-3.169621	 	12306.666667
-147.836433	 	12313.333333
45.701876	 	12320.000000
-97.102708	 	12326.666667
63.571755	 	12333.333333
202.539969	 	12340.000000
-170.695196	 	12346.666667
196.070987	 	12353.333333
-202.690845	 	12360.000000
-263.860369	 	12366.666667
205.797615	 	12373.333333
-4.712792	 	12380.000000
393.414043	 	12386.666667
-121.700808	 	12393.333333
-594.695338	 	12400.000000
256.639183	 	12406.666667
79.768663	 	12413.333333
402.402024	 	12420.000000
-449.807447	 	12426.666667
-32.546829	 	12433.333333
359.302607	 	12440.000000
-145.383667	 	12446.666667
-299.094190	 	12453.333333
130.788986	 	12460.000000
5.467282	 	12466.666667
489.313386	 	12473.333333
-378.046354	 	12480.000000
102.647600	 	12486.666667
-132.621052	 	12493.333333
-635.014327	 	12500.000000
1037.171524	 	12506.666667
21.111970	 	12513.333333
-266.520961	 	12520.000000
-622.521190	 	12526.666667
304.150634	 	12533.333333
69.690840	 	12540.000000
115.577671	 	12546.666667
-281.152686	 	12553.333333
374.724923	 	12560.000000
535.722534	 	12566.666667
-707.760283	 	12573.333333
-650.919472	 	12580.000000
170.895298	 	12586.666667
327.439319	 	12593.333333
1245.333853	 	12600.000000
-668.335155	 	12606.666667
-632.693633	 	12613.333333
-689.405166	 	12620.000000
809.522600	 	12626.666667
868.045377	 	12633.333333
-633.786706	 	12640.000000
-616.157225	 	12646.666667
973.360851	 	12653.333333
-625.989793	 	12660.000000
-81.535995	 	12666.666667
683.230707	 	12673.333333
-707.618315	 	12680.000000
-850.654522	 	12686.666667
1758.913747	 	12693.333333
-414.218559	 	12700.000000
-568.568998	 	12706.666667
944.764914	 	12713.333333
-723.116211	 	12720.000000
93.337867	 	12726.666667
-816.776124	 	12733.333333
-598.091895	 	12740.000000
2702.024812	 	12746.666667
-952.206333	 	12753.333333
-190.627397	 	12760.000000
-927.481353	 	12766.666667
1319.629890	 	12773.333333
-782.815398	 	12780.000000
-883.976026	 	12786.666667
1829.859662	 	12793.333333
-988.603846	 	12800.000000
-947.102849	 	12806.666667
2284.899718	 	12813.333333
-990.452088	 	12820.000000
-940.923112	 	12826.666667
-148.714505	 	12833.333333
1626.654803	 	12840.000000
35.515553	 	12846.666667
-979.987637	 	12853.333333
546.872614	 	12860.000000
-891.571125	 	12866.666667
-238.385132	 	12873.333333
-822.291303	 	12880.000000
3279.006710	 	12886.666667
-947.124248	 	12893.333333
-978.151669	 	12900.000000
-950.131548	 	12906.666667
1659.527467	 	12913.333333
-106.131313	 	12920.000000
-953.332522	 	12926.666667
441.302532	 	12933.333333
1069.963194	 	12940.000000
-981.554172	 	12946.666667
-991.355106	 	12953.333333
34.897301	 	12960.000000
2459.671760	 	12966.666667
-996.236998	 	12973.333333
-236.654409	 	12980.000000
107.780141	 	12986.666667
-810.661839	 	12993.333333
-272.120355	 	13000.000000
-83.611017	 	13006.666667
2213.276809	 	13013.333333
-766.750122	 	13020.000000
-60.299836	 	13026.666667
-869.427061	 	13033.333333
-170.550868	 	13040.000000
-770.338372	 	13046.666667
1761.376586	 	13053.333333
-53.492360	 	13060.000000
310.743104	 	13066.666667
-703.680428	 	13073.333333
-999.940544	 	13080.000000
2130.387147	 	13086.666667
-997.773016	 	13093.333333
-987.859361	 	13100.000000
1726.969303	 	13106.666667
-995.337239	 	13113.333333
-254.080354	 	13120.000000
-720.919320	 	13126.666667
-305.851951	 	13133.333333
3406.216585	 	13140.000000
-997.110680	 	13146.666667
-942.625726	 	13153.333333
-630.834358	 	13160.000000
-952.167084	 	13166.666667
2388.367103	 	13173.333333
-986.314139	 	13180.000000
-999.998851	 	13186.666667
2093.081128	 	13193.333333
-991.130978	 	13200.000000
-693.908545	 	13206.666667
-575.386410	 	13213.333333
-953.325166	 	13220.000000
-994.780934	 	13226.666667
8056.809165	 	13233.333333
-999.998851	 	13240.000000
-999.998852	 	13246.666667
-999.998852	 	13253.333333
-999.998857	 	13260.000000
-999.998860	 	13266.666667
-999.998857	 	13273.333333
-999.998863	 	13280.000000
-999.998887	 	13286.666667
-999.998919	 	13293.333333
-999.998857	 	13300.000000
-999.999020	 	13306.666667
-999.999075	 	13313.333333
-999.999122	 	13320.000000
-999.999199	 	13326.666667
