#peak 	 	#time 
-999.998796	 	0.000000
-999.998896	 	6.666667
-999.998869	 	13.333333
-999.999008	 	20.000000
-999.999465	 	26.666667
-999.999526	 	33.333333
-999.999114	 	40.000000
-999.999668	 	46.666667
-999.999873	 	53.333333
-999.999984	 	60.000000
-1000.000000	 	66.666667
-1000.000000	 	73.333333
-1000.000000	 	80.000000
-1000.000000	 	86.666667
35093.494294	 	93.333333
-999.998733	 	100.000000
-999.998723	 	106.666667
-999.998733	 	113.333333
-999.998731	 	120.000000
-999.998744	 	126.666667
-999.998746	 	133.333333
-999.998733	 	140.000000
-999.998720	 	146.666667
-999.998726	 	153.333333
-999.998728	 	160.000000
-999.998720	 	166.666667
-999.998720	 	173.333333
-999.998721	 	180.000000
-999.998720	 	186.666667
-999.998210	 	193.333333
4057.316116	 	200.000000
2487.532525	 	206.666667
-882.580419	 	213.333333
-970.621854	 	220.000000
-934.522965	 	226.666667
-608.243940	 	233.333333
87.417210	 	240.000000
425.879360	 	246.666667
317.972340	 	253.333333
-137.882226	 	260.000000
-209.675182	 	266.666667
-129.968279	 	273.333333
9.369617	 	280.000000
59.258067	 	286.666667
134.672944	 	293.333333
208.650380	 	300.000000
-161.095364	 	306.666667
-294.777928	 	313.333333
-205.476147	 	320.000000
152.481788	 	326.666667
98.105079	 	333.333333
-136.137042	 	340.000000
33.361422	 	346.666667
12.111826	 	353.333333
-57.148551	 	360.000000
190.986973	 	366.666667
-143.201008	 	373.333333
-19.762260	 	380.000000
-76.404215	 	386.666667
-173.322873	 	393.333333
121.312209	 	400.000000
258.442794	 	406.666667
-115.029626	 	413.333333
-179.315660	 	420.000000
3.282344	 	426.666667
150.557734	 	433.333333
215.710450	 	440.000000
-162.168177	 	446.666667
-57.992085	 	453.333333
-157.448803	 	460.000000
-62.624373	 	466.666667
253.877312	 	473.333333
229.110803	 	480.000000
-113.156194	 	486.666667
-202.561885	 	493.333333
6.929923	 	500.000000
22.555059	 	506.666667
131.277001	 	513.333333
-15.070952	 	520.000000
-5.588354	 	526.666667
70.468441	 	533.333333
-108.407079	 	540.000000
5.286969	 	546.666667
-21.786155	 	553.333333
75.477546	 	560.000000
84.364490	 	566.666667
124.641225	 	573.333333
-161.330408	 	580.000000
27.792660	 	586.666667
-91.622138	 	593.333333
83.986362	 	600.000000
10.302428	 	606.666667
-48.849911	 	613.333333
23.221222	 	620.000000
-9.043757	 	626.666667
7.577192	 	633.333333
1.446061	 	640.000000
-1.837164	 	646.666667
186.221633	 	653.333333
-37.068447	 	660.000000
-45.502299	 	666.666667
-133.102076	 	673.333333
70.621376	 	680.000000
114.773302	 	686.666667
-34.998110	 	693.333333
-79.543753	 	700.000000
88.282935	 	706.666667
-59.402018	 	713.333333
85.142984	 	720.000000
-23.468725	 	726.666667
-4.544074	 	733.333333
36.615919	 	740.000000
-81.397727	 	746.666667
-35.469089	 	753.333333
152.402083	 	760.000000
48.596441	 	766.666667
-43.281224	 	773.333333
-124.753274	 	780.000000
-17.277134	 	786.666667
21.953765	 	793.333333
142.665070	 	800.000000
9.184240	 	806.666667
-75.338591	 	813.333333
-48.952080	 	820.000000
54.907338	 	826.666667
91.135023	 	833.333333
57.431202	 	840.000000
-143.969417	 	846.666667
-13.377888	 	853.333333
9.081466	 	860.000000
55.599170	 	866.666667
-21.772093	 	873.333333
35.272213	 	880.000000
44.319213	 	886.666667
24.167968	 	893.333333
-98.474523	 	900.000000
-4.748400	 	906.666667
21.523419	 	913.333333
79.411978	 	920.000000
-48.916468	 	926.666667
51.428406	 	933.333333
24.633032	 	940.000000
-29.510518	 	946.666667
-76.584736	 	953.333333
-16.329210	 	960.000000
54.434671	 	966.666667
64.999356	 	973.333333
21.606631	 	980.000000
-12.378536	 	986.666667
-85.165956	 	993.333333
77.383792	 	1000.000000
26.165525	 	1006.666667
-14.873816	 	1013.333333
-40.967510	 	1020.000000
-23.947367	 	1026.666667
28.078922	 	1033.333333
107.668394	 	1040.000000
-15.872141	 	1046.666667
-0.947133	 	1053.333333
-49.180851	 	1060.000000
-65.154920	 	1066.666667
60.151566	 	1073.333333
63.196466	 	1080.000000
43.804804	 	1086.666667
-38.442053	 	1093.333333
-58.463413	 	1100.000000
26.492090	 	1106.666667
49.996092	 	1113.333333
-38.041850	 	1120.000000
10.137701	 	1126.666667
3.793692	 	1133.333333
47.076805	 	1140.000000
31.696125	 	1146.666667
-12.184178	 	1153.333333
-49.562314	 	1160.000000
11.406918	 	1166.666667
-32.597189	 	1173.333333
16.130747	 	1180.000000
70.424903	 	1186.666667
53.180765	 	1193.333333
-33.744676	 	1200.000000
-38.492583	 	1206.666667
-23.581221	 	1213.333333
23.387779	 	1220.000000
32.010922	 	1226.666667
-6.258053	 	1233.333333
25.652876	 	1240.000000
1.360964	 	1246.666667
3.624490	 	1253.333333
-2.831736	 	1260.000000
-12.453791	 	1266.666667
11.270625	 	1273.333333
9.576230	 	1280.000000
-5.398175	 	1286.666667
21.992385	 	1293.333333
7.377933	 	1300.000000
6.087547	 	1306.666667
3.567270	 	1313.333333
-7.677117	 	1320.000000
-5.728882	 	1326.666667
25.356268	 	1333.333333
5.120912	 	1340.000000
15.427099	 	1346.666667
4.155693	 	1353.333333
1.803022	 	1360.000000
8.389753	 	1366.666667
-9.847212	 	1373.333333
-4.619391	 	1380.000000
18.913223	 	1386.666667
10.752452	 	1393.333333
0.293261	 	1400.000000
14.039817	 	1406.666667
-0.903603	 	1413.333333
1.091666	 	1420.000000
5.072718	 	1426.666667
2.602128	 	1433.333333
13.902834	 	1440.000000
8.054653	 	1446.666667
2.997054	 	1453.333333
8.257247	 	1460.000000
8.001104	 	1466.666667
-2.096646	 	1473.333333
-8.905264	 	1480.000000
21.696816	 	1486.666667
9.631712	 	1493.333333
4.901509	 	1500.000000
-2.282365	 	1506.666667
4.009501	 	1513.333333
11.688711	 	1520.000000
20.798870	 	1526.666667
-2.619589	 	1533.333333
-13.038736	 	1540.000000
-5.381760	 	1546.666667
9.633589	 	1553.333333
24.342424	 	1560.000000
19.829798	 	1566.666667
-10.028439	 	1573.333333
10.653797	 	1580.000000
5.486069	 	1586.666667
3.775691	 	1593.333333
-13.699995	 	1600.000000
-7.439117	 	1606.666667
32.396244	 	1613.333333
17.430057	 	1620.000000
-1.192185	 	1626.666667
-0.337147	 	1633.333333
-3.110690	 	1640.000000
13.754262	 	1646.666667
18.384800	 	1653.333333
1.630698	 	1660.000000
1.024720	 	1666.666667
-9.469576	 	1673.333333
12.243430	 	1680.000000
14.103865	 	1686.666667
2.608911	 	1693.333333
-4.138032	 	1700.000000
13.097003	 	1706.666667
9.885963	 	1713.333333
8.501569	 	1720.000000
4.792618	 	1726.666667
-9.627498	 	1733.333333
10.987336	 	1740.000000
9.352927	 	1746.666667
10.437931	 	1753.333333
6.932457	 	1760.000000
1.170929	 	1766.666667
-0.226512	 	1773.333333
8.866926	 	1780.000000
6.223422	 	1786.666667
6.341653	 	1793.333333
1.960705	 	1800.000000
10.124082	 	1806.666667
3.095603	 	1813.333333
8.975050	 	1820.000000
10.020634	 	1826.666667
-1.816234	 	1833.333333
1.465839	 	1840.000000
5.208864	 	1846.666667
11.180157	 	1853.333333
16.550227	 	1860.000000
-0.233340	 	1866.666667
-0.409298	 	1873.333333
-5.855481	 	1880.000000
1.917177	 	1886.666667
22.981602	 	1893.333333
22.256626	 	1900.000000
-8.319966	 	1906.666667
-12.355964	 	1913.333333
-14.745778	 	1920.000000
19.200742	 	1926.666667
27.354611	 	1933.333333
12.697675	 	1940.000000
9.936137	 	1946.666667
-7.402376	 	1953.333333
-8.109838	 	1960.000000
-5.704538	 	1966.666667
15.493081	 	1973.333333
22.892853	 	1980.000000
10.278571	 	1986.666667
-5.371848	 	1993.333333
3.726554	 	2000.000000
4.561425	 	2006.666667
2.761262	 	2013.333333
10.436777	 	2020.000000
13.347387	 	2026.666667
6.466425	 	2033.333333
-4.780509	 	2040.000000
-11.582590	 	2046.666667
14.717575	 	2053.333333
7.558289	 	2060.000000
11.502297	 	2066.666667
7.383420	 	2073.333333
1.233847	 	2080.000000
5.833669	 	2086.666667
6.096760	 	2093.333333
-3.693611	 	2100.000000
0.831375	 	2106.666667
7.283520	 	2113.333333
17.361499	 	2120.000000
12.040506	 	2126.666667
6.266991	 	2133.333333
-2.432343	 	2140.000000
6.043239	 	2146.666667
-10.386297	 	2153.333333
3.470654	 	2160.000000
14.446983	 	2166.666667
19.477898	 	2173.333333
5.171130	 	2180.000000
-6.923231	 	2186.666667
-2.703621	 	2193.333333
6.406174	 	2200.000000
14.217504	 	2206.666667
9.742646	 	2213.333333
-1.152370	 	2220.000000
2.161951	 	2226.666667
8.683149	 	2233.333333
16.455148	 	2240.000000
-3.702519	 	2246.666667
-4.132712	 	2253.333333
10.112664	 	2260.000000
8.844030	 	2266.666667
19.114396	 	2273.333333
14.498794	 	2280.000000
-16.196330	 	2286.666667
-18.297370	 	2293.333333
19.824902	 	2300.000000
13.119516	 	2306.666667
14.804090	 	2313.333333
-3.457678	 	2320.000000
-1.691176	 	2326.666667
-2.736874	 	2333.333333
12.908778	 	2340.000000
13.947908	 	2346.666667
5.322592	 	2353.333333
-2.927329	 	2360.000000
-3.925267	 	2366.666667
16.310655	 	2373.333333
11.459642	 	2380.000000
-14.870703	 	2386.666667
3.324294	 	2393.333333
17.556820	 	2400.000000
11.282769	 	2406.666667
6.945815	 	2413.333333
1.171831	 	2420.000000
-5.715550	 	2426.666667
1.439584	 	2433.333333
4.565652	 	2440.000000
15.058425	 	2446.666667
15.524839	 	2453.333333
-6.389410	 	2460.000000
-13.198217	 	2466.666667
3.506232	 	2473.333333
17.967731	 	2480.000000
27.827942	 	2486.666667
-7.710575	 	2493.333333
-17.988377	 	2500.000000
7.680656	 	2506.666667
12.172996	 	2513.333333
23.751399	 	2520.000000
1.944145	 	2526.666667
-15.432874	 	2533.333333
8.651820	 	2540.000000
6.148758	 	2546.666667
16.085722	 	2553.333333
-3.237291	 	2560.000000
-5.087988	 	2566.666667
20.122116	 	2573.333333
5.683838	 	2580.000000
-3.153814	 	2586.666667
13.915985	 	2593.333333
15.892202	 	2600.000000
7.243764	 	2606.666667
-29.906965	 	2613.333333
-1.756684	 	2620.000000
32.042658	 	2626.666667
44.332598	 	2633.333333
-20.692476	 	2640.000000
-31.371165	 	2646.666667
16.803844	 	2653.333333
15.643524	 	2660.000000
7.432793	 	2666.666667
2.073527	 	2673.333333
5.154412	 	2680.000000
27.970388	 	2686.666667
4.337538	 	2693.333333
-21.775669	 	2700.000000
-0.809368	 	2706.666667
11.795435	 	2713.333333
31.066087	 	2720.000000
3.144902	 	2726.666667
-13.281010	 	2733.333333
-3.058240	 	2740.000000
11.455759	 	2746.666667
14.043336	 	2753.333333
11.789494	 	2760.000000
-4.182817	 	2766.666667
-9.979006	 	2773.333333
15.113624	 	2780.000000
27.657230	 	2786.666667
-20.888280	 	2793.333333
-11.750114	 	2800.000000
29.594146	 	2806.666667
41.487661	 	2813.333333
-33.985189	 	2820.000000
-22.631856	 	2826.666667
11.565148	 	2833.333333
31.315760	 	2840.000000
-0.285943	 	2846.666667
17.410749	 	2853.333333
2.466831	 	2860.000000
-19.361671	 	2866.666667
-8.227543	 	2873.333333
36.811520	 	2880.000000
12.321900	 	2886.666667
-28.579011	 	2893.333333
9.406159	 	2900.000000
34.119084	 	2906.666667
-0.223618	 	2913.333333
-1.356887	 	2920.000000
-3.281348	 	2926.666667
0.355692	 	2933.333333
-4.448591	 	2940.000000
29.523997	 	2946.666667
20.003297	 	2953.333333
7.567325	 	2960.000000
-27.841919	 	2966.666667
-14.808161	 	2973.333333
13.466848	 	2980.000000
46.509543	 	2986.666667
20.753786	 	2993.333333
-29.507768	 	3000.000000
-14.723406	 	3006.666667
19.201930	 	3013.333333
15.811113	 	3020.000000
-3.822718	 	3026.666667
3.405119	 	3033.333333
0.048090	 	3040.000000
7.495113	 	3046.666667
29.545160	 	3053.333333
6.209077	 	3060.000000
-23.726415	 	3066.666667
-4.443686	 	3073.333333
10.899465	 	3080.000000
6.407057	 	3086.666667
5.073214	 	3093.333333
30.679688	 	3100.000000
29.391385	 	3106.666667
-6.004909	 	3113.333333
-20.642450	 	3120.000000
-24.134465	 	3126.666667
-33.722132	 	3133.333333
14.943906	 	3140.000000
121.987004	 	3146.666667
160.042634	 	3153.333333
93.503885	 	3160.000000
88.294198	 	3166.666667
79.804760	 	3173.333333
19.554265	 	3180.000000
221.151944	 	3186.666667
1296.647725	 	3193.333333
4654.667473	 	3200.000000
8585.376148	 	3206.666667
5702.829837	 	3213.333333
2549.373416	 	3220.000000
2241.881142	 	3226.666667
3762.916467	 	3233.333333
5526.185290	 	3240.000000
6387.983042	 	3246.666667
6637.141881	 	3253.333333
6415.264519	 	3260.000000
6257.627424	 	3266.666667
6699.679979	 	3273.333333
6311.974991	 	3280.000000
6277.184827	 	3286.666667
6558.483170	 	3293.333333
6810.205626	 	3300.000000
6457.484175	 	3306.666667
6335.906366	 	3313.333333
5939.099457	 	3320.000000
6071.149613	 	3326.666667
6160.232654	 	3333.333333
5939.773168	 	3340.000000
5330.191757	 	3346.666667
5026.254422	 	3353.333333
4977.830597	 	3360.000000
5295.973345	 	3366.666667
5149.441334	 	3373.333333
4668.324838	 	3380.000000
4325.112811	 	3386.666667
4095.621381	 	3393.333333
4027.504388	 	3400.000000
4097.013001	 	3406.666667
3930.922939	 	3413.333333
3644.688858	 	3420.000000
3440.144574	 	3426.666667
3373.932626	 	3433.333333
3296.851684	 	3440.000000
3189.454670	 	3446.666667
3170.833676	 	3453.333333
3059.991230	 	3460.000000
2996.866694	 	3466.666667
2814.130436	 	3473.333333
2795.324730	 	3480.000000
2666.387552	 	3486.666667
2673.744066	 	3493.333333
2663.463634	 	3500.000000
2594.368331	 	3506.666667
2420.945170	 	3513.333333
2395.161295	 	3520.000000
2336.979989	 	3526.666667
2445.031368	 	3533.333333
2332.740353	 	3540.000000
2265.465416	 	3546.666667
2182.185912	 	3553.333333
2095.356910	 	3560.000000
2105.260510	 	3566.666667
2154.611602	 	3573.333333
2059.563740	 	3580.000000
2107.964616	 	3586.666667
2010.862821	 	3593.333333
1933.531486	 	3600.000000
1939.724928	 	3606.666667
1919.885042	 	3613.333333
1870.604431	 	3620.000000
1927.335017	 	3626.666667
1865.836836	 	3633.333333
1836.687105	 	3640.000000
1796.539164	 	3646.666667
1734.331413	 	3653.333333
1720.146871	 	3660.000000
1700.985802	 	3666.666667
1810.869396	 	3673.333333
1815.683163	 	3680.000000
1644.470310	 	3686.666667
1533.731973	 	3693.333333
1530.599995	 	3700.000000
1601.316643	 	3706.666667
1709.060252	 	3713.333333
1616.810345	 	3720.000000
1489.841023	 	3726.666667
1476.529935	 	3733.333333
1514.231984	 	3740.000000
1495.477981	 	3746.666667
1468.916550	 	3753.333333
1430.872613	 	3760.000000
1457.733683	 	3766.666667
1433.090276	 	3773.333333
1406.787371	 	3780.000000
1302.096351	 	3786.666667
1280.454113	 	3793.333333
1318.175466	 	3800.000000
1355.054779	 	3806.666667
1345.297698	 	3813.333333
1275.168472	 	3820.000000
1231.618400	 	3826.666667
1264.561885	 	3833.333333
1241.739881	 	3840.000000
1189.890133	 	3846.666667
1185.339385	 	3853.333333
1161.032266	 	3860.000000
1164.130990	 	3866.666667
1173.904903	 	3873.333333
1154.987088	 	3880.000000
1098.379926	 	3886.666667
1066.191189	 	3893.333333
1041.502910	 	3900.000000
1095.909452	 	3906.666667
1089.910198	 	3913.333333
1072.124342	 	3920.000000
995.964051	 	3926.666667
1026.437335	 	3933.333333
985.434642	 	3940.000000
1006.744307	 	3946.666667
961.889557	 	3953.333333
940.812724	 	3960.000000
934.687939	 	3966.666667
945.809265	 	3973.333333
916.747977	 	3980.000000
924.159238	 	3986.666667
882.293036	 	3993.333333
883.208839	 	4000.000000
869.209045	 	4006.666667
838.000774	 	4013.333333
840.539797	 	4020.000000
875.251782	 	4026.666667
837.073184	 	4033.333333
815.478851	 	4040.000000
794.384532	 	4046.666667
786.059515	 	4053.333333
772.295144	 	4060.000000
763.178815	 	4066.666667
742.310021	 	4073.333333
781.985352	 	4080.000000
761.163431	 	4086.666667
732.282307	 	4093.333333
716.600551	 	4100.000000
663.973955	 	4106.666667
722.622685	 	4113.333333
716.420615	 	4120.000000
664.402346	 	4126.666667
680.267820	 	4133.333333
667.026382	 	4140.000000
651.990924	 	4146.666667
666.457486	 	4153.333333
654.126606	 	4160.000000
610.149443	 	4166.666667
595.256526	 	4173.333333
617.029678	 	4180.000000
622.996819	 	4186.666667
617.212143	 	4193.333333
579.053842	 	4200.000000
599.836348	 	4206.666667
560.774939	 	4213.333333
587.967082	 	4220.000000
541.560590	 	4226.666667
564.198953	 	4233.333333
552.792194	 	4240.000000
557.575333	 	4246.666667
557.857650	 	4253.333333
491.950430	 	4260.000000
526.768673	 	4266.666667
551.510657	 	4273.333333
500.380242	 	4280.000000
504.103218	 	4286.666667
468.161910	 	4293.333333
519.547800	 	4300.000000
527.271247	 	4306.666667
463.162099	 	4313.333333
444.731019	 	4320.000000
512.836867	 	4326.666667
415.705041	 	4333.333333
506.780943	 	4340.000000
461.469478	 	4346.666667
412.212567	 	4353.333333
468.458272	 	4360.000000
411.164204	 	4366.666667
443.040643	 	4373.333333
429.068458	 	4380.000000
402.097420	 	4386.666667
423.623863	 	4393.333333
402.735960	 	4400.000000
386.280031	 	4406.666667
418.488399	 	4413.333333
406.426913	 	4420.000000
365.046125	 	4426.666667
424.838640	 	4433.333333
327.867245	 	4440.000000
395.675220	 	4446.666667
381.850124	 	4453.333333
379.989336	 	4460.000000
346.671627	 	4466.666667
328.870305	 	4473.333333
349.345091	 	4480.000000
353.422540	 	4486.666667
373.200080	 	4493.333333
333.161586	 	4500.000000
330.309467	 	4506.666667
311.655441	 	4513.333333
323.279776	 	4520.000000
340.434081	 	4526.666667
311.399768	 	4533.333333
301.472475	 	4540.000000
321.301116	 	4546.666667
321.861799	 	4553.333333
287.015645	 	4560.000000
290.590621	 	4566.666667
317.177414	 	4573.333333
267.193013	 	4580.000000
366.450298	 	4586.666667
229.767694	 	4593.333333
285.692059	 	4600.000000
281.891312	 	4606.666667
251.208784	 	4613.333333
289.208288	 	4620.000000
337.319277	 	4626.666667
228.525554	 	4633.333333
181.020169	 	4640.000000
284.908669	 	4646.666667
281.115714	 	4653.333333
304.497278	 	4660.000000
205.257666	 	4666.666667
203.812233	 	4673.333333
412.362816	 	4680.000000
101.561311	 	4686.666667
202.451769	 	4693.333333
297.915266	 	4700.000000
144.077439	 	4706.666667
471.942762	 	4713.333333
177.756012	 	4720.000000
-15.219059	 	4726.666667
308.415962	 	4733.333333
406.624665	 	4740.000000
43.122925	 	4746.666667
328.643592	 	4753.333333
157.363756	 	4760.000000
161.280365	 	4766.666667
258.965358	 	4773.333333
83.675972	 	4780.000000
415.233469	 	4786.666667
266.380384	 	4793.333333
93.696428	 	4800.000000
54.294571	 	4806.666667
130.618495	 	4813.333333
429.394902	 	4820.000000
200.955590	 	4826.666667
125.687274	 	4833.333333
108.009618	 	4840.000000
231.541255	 	4846.666667
179.543122	 	4853.333333
251.670029	 	4860.000000
144.882653	 	4866.666667
127.435167	 	4873.333333
126.407950	 	4880.000000
229.111992	 	4886.666667
198.179461	 	4893.333333
64.050702	 	4900.000000
357.511216	 	4906.666667
41.028545	 	4913.333333
13.209533	 	4920.000000
470.193104	 	4926.666667
-42.252683	 	4933.333333
70.692885	 	4940.000000
384.210309	 	4946.666667
-43.699403	 	4953.333333
232.698574	 	4960.000000
238.813258	 	4966.666667
17.671784	 	4973.333333
187.978271	 	4980.000000
56.787266	 	4986.666667
105.367338	 	4993.333333
403.453210	 	5000.000000
25.082025	 	5006.666667
102.795000	 	5013.333333
129.733194	 	5020.000000
28.066879	 	5026.666667
298.369057	 	5033.333333
142.207401	 	5040.000000
-14.007414	 	5046.666667
280.663437	 	5053.333333
9.438027	 	5060.000000
108.641357	 	5066.666667
242.590945	 	5073.333333
111.062202	 	5080.000000
69.581127	 	5086.666667
124.368217	 	5093.333333
87.637567	 	5100.000000
166.498375	 	5106.666667
146.156234	 	5113.333333
60.402707	 	5120.000000
74.552338	 	5126.666667
187.243592	 	5133.333333
108.679555	 	5140.000000
75.268163	 	5146.666667
122.758172	 	5153.333333
100.904825	 	5160.000000
88.412955	 	5166.666667
134.190188	 	5173.333333
89.153422	 	5180.000000
142.166318	 	5186.666667
99.895293	 	5193.333333
11.170410	 	5200.000000
154.465134	 	5206.666667
113.107154	 	5213.333333
86.914077	 	5220.000000
146.518707	 	5226.666667
20.000562	 	5233.333333
105.412969	 	5240.000000
159.374083	 	5246.666667
13.653707	 	5253.333333
119.665507	 	5260.000000
134.252167	 	5266.666667
33.389707	 	5273.333333
114.560011	 	5280.000000
74.791122	 	5286.666667
57.512209	 	5293.333333
159.773341	 	5300.000000
49.201798	 	5306.666667
66.844310	 	5313.333333
123.963596	 	5320.000000
20.125837	 	5326.666667
116.727055	 	5333.333333
102.559544	 	5340.000000
51.257493	 	5346.666667
125.249534	 	5353.333333
50.809418	 	5360.000000
38.543515	 	5366.666667
115.782968	 	5373.333333
75.112546	 	5380.000000
79.432369	 	5386.666667
86.110468	 	5393.333333
47.477100	 	5400.000000
92.331946	 	5406.666667
91.522800	 	5413.333333
43.498812	 	5420.000000
79.969548	 	5426.666667
54.585865	 	5433.333333
61.682549	 	5440.000000
86.806970	 	5446.666667
80.997127	 	5453.333333
64.034098	 	5460.000000
60.553707	 	5466.666667
50.670476	 	5473.333333
63.124714	 	5480.000000
101.312422	 	5486.666667
51.898857	 	5493.333333
25.675313	 	5500.000000
77.550373	 	5506.666667
67.265592	 	5513.333333
73.828307	 	5520.000000
76.812917	 	5526.666667
37.058770	 	5533.333333
42.285373	 	5540.000000
58.355754	 	5546.666667
54.803871	 	5553.333333
83.320786	 	5560.000000
70.748297	 	5566.666667
31.823108	 	5573.333333
63.591853	 	5580.000000
62.786644	 	5586.666667
58.991116	 	5593.333333
41.738042	 	5600.000000
23.973757	 	5606.666667
56.713398	 	5613.333333
91.865440	 	5620.000000
44.457568	 	5626.666667
46.986986	 	5633.333333
49.270295	 	5640.000000
40.712914	 	5646.666667
37.669008	 	5653.333333
77.199090	 	5660.000000
43.272305	 	5666.666667
60.205348	 	5673.333333
35.421919	 	5680.000000
40.906719	 	5686.666667
63.020099	 	5693.333333
55.837942	 	5700.000000
23.040386	 	5706.666667
64.977373	 	5713.333333
28.772705	 	5720.000000
41.854325	 	5726.666667
60.571841	 	5733.333333
52.121548	 	5740.000000
55.352856	 	5746.666667
65.060687	 	5753.333333
4.630153	 	5760.000000
56.694952	 	5766.666667
33.373015	 	5773.333333
26.054478	 	5780.000000
61.790099	 	5786.666667
54.280878	 	5793.333333
34.546527	 	5800.000000
55.941794	 	5806.666667
14.011305	 	5813.333333
50.639785	 	5820.000000
36.899036	 	5826.666667
38.761094	 	5833.333333
41.209902	 	5840.000000
33.547257	 	5846.666667
29.800358	 	5853.333333
57.138992	 	5860.000000
20.992912	 	5866.666667
47.678096	 	5873.333333
28.059596	 	5880.000000
19.411816	 	5886.666667
41.993424	 	5893.333333
28.103513	 	5900.000000
37.941778	 	5906.666667
58.319958	 	5913.333333
21.748614	 	5920.000000
38.372482	 	5926.666667
21.421154	 	5933.333333
35.298396	 	5940.000000
37.010912	 	5946.666667
32.180783	 	5953.333333
30.244417	 	5960.000000
31.677608	 	5966.666667
27.206365	 	5973.333333
44.199114	 	5980.000000
23.438215	 	5986.666667
18.417946	 	5993.333333
31.898801	 	6000.000000
24.856314	 	6006.666667
39.964958	 	6013.333333
38.498746	 	6020.000000
22.151818	 	6026.666667
33.860918	 	6033.333333
17.756748	 	6040.000000
40.069051	 	6046.666667
53.525248	 	6053.333333
4.443719	 	6060.000000
12.649505	 	6066.666667
24.913733	 	6073.333333
46.624582	 	6080.000000
52.352931	 	6086.666667
7.381011	 	6093.333333
15.662345	 	6100.000000
43.547886	 	6106.666667
22.410164	 	6113.333333
24.622311	 	6120.000000
16.079004	 	6126.666667
15.797684	 	6133.333333
52.667105	 	6140.000000
28.282273	 	6146.666667
17.133125	 	6153.333333
29.825974	 	6160.000000
8.819319	 	6166.666667
29.264504	 	6173.333333
29.819984	 	6180.000000
19.554911	 	6186.666667
24.148056	 	6193.333333
24.371927	 	6200.000000
25.828449	 	6206.666667
26.753281	 	6213.333333
11.997347	 	6220.000000
11.531877	 	6226.666667
26.331827	 	6233.333333
28.560202	 	6240.000000
21.657872	 	6246.666667
12.040925	 	6253.333333
24.861951	 	6260.000000
19.468361	 	6266.666667
12.794130	 	6273.333333
19.589193	 	6280.000000
20.754978	 	6286.666667
39.180903	 	6293.333333
7.998192	 	6300.000000
2.442508	 	6306.666667
26.793829	 	6313.333333
26.127519	 	6320.000000
14.783284	 	6326.666667
22.671480	 	6333.333333
19.298520	 	6340.000000
15.378127	 	6346.666667
7.569061	 	6353.333333
22.243019	 	6360.000000
28.102880	 	6366.666667
27.845639	 	6373.333333
12.107908	 	6380.000000
17.909364	 	6386.666667
12.823093	 	6393.333333
24.931091	 	6400.000000
18.007120	 	6406.666667
19.270238	 	6413.333333
15.366614	 	6420.000000
20.922414	 	6426.666667
-0.664492	 	6433.333333
24.777909	 	6440.000000
32.993401	 	6446.666667
20.717746	 	6453.333333
12.290415	 	6460.000000
8.057372	 	6466.666667
7.292137	 	6473.333333
33.804005	 	6480.000000
13.215184	 	6486.666667
23.409505	 	6493.333333
11.388363	 	6500.000000
18.411218	 	6506.666667
15.050342	 	6513.333333
19.181043	 	6520.000000
6.613808	 	6526.666667
19.991665	 	6533.333333
16.701584	 	6540.000000
18.500508	 	6546.666667
9.614120	 	6553.333333
18.760562	 	6560.000000
19.073218	 	6566.666667
26.489647	 	6573.333333
9.595032	 	6580.000000
12.012932	 	6586.666667
9.797137	 	6593.333333
22.233773	 	6600.000000
9.576148	 	6606.666667
19.485810	 	6613.333333
15.137606	 	6620.000000
13.116845	 	6626.666667
5.849837	 	6633.333333
2.926432	 	6640.000000
22.959471	 	6646.666667
17.380327	 	6653.333333
9.210650	 	6660.000000
14.669372	 	6666.666667
14.084144	 	6673.333333
14.851526	 	6680.000000
-0.073807	 	6686.666667
-5.818002	 	6693.333333
14.632822	 	6700.000000
29.014999	 	6706.666667
23.669141	 	6713.333333
7.014060	 	6720.000000
13.411620	 	6726.666667
10.445871	 	6733.333333
7.060478	 	6740.000000
2.301943	 	6746.666667
11.581069	 	6753.333333
17.588221	 	6760.000000
10.962119	 	6766.666667
5.177169	 	6773.333333
12.832863	 	6780.000000
10.972621	 	6786.666667
8.905198	 	6793.333333
20.451361	 	6800.000000
6.336108	 	6806.666667
13.865097	 	6813.333333
12.173965	 	6820.000000
5.153792	 	6826.666667
30.675512	 	6833.333333
12.822479	 	6840.000000
-0.541844	 	6846.666667
4.423874	 	6853.333333
22.520229	 	6860.000000
9.183935	 	6866.666667
18.278037	 	6873.333333
13.021375	 	6880.000000
8.254008	 	6886.666667
6.534985	 	6893.333333
10.427241	 	6900.000000
11.108904	 	6906.666667
24.244083	 	6913.333333
14.821383	 	6920.000000
5.115428	 	6926.666667
10.124658	 	6933.333333
8.430964	 	6940.000000
0.266323	 	6946.666667
13.412421	 	6953.333333
13.754041	 	6960.000000
17.865639	 	6966.666667
-2.933792	 	6973.333333
1.438667	 	6980.000000
4.707587	 	6986.666667
21.460898	 	6993.333333
9.124050	 	7000.000000
5.395246	 	7006.666667
-2.144464	 	7013.333333
9.335878	 	7020.000000
22.394356	 	7026.666667
16.680128	 	7033.333333
6.769232	 	7040.000000
6.510587	 	7046.666667
5.051845	 	7053.333333
17.561675	 	7060.000000
-1.064361	 	7066.666667
-2.546566	 	7073.333333
12.896372	 	7080.000000
24.498223	 	7086.666667
9.398733	 	7093.333333
2.213896	 	7100.000000
-12.319771	 	7106.666667
21.936896	 	7113.333333
13.265769	 	7120.000000
10.008404	 	7126.666667
11.709150	 	7133.333333
-9.521445	 	7140.000000
9.832603	 	7146.666667
23.074427	 	7153.333333
1.396759	 	7160.000000
15.732477	 	7166.666667
2.733675	 	7173.333333
5.287032	 	7180.000000
14.501837	 	7186.666667
9.207656	 	7193.333333
-1.759355	 	7200.000000
3.550289	 	7206.666667
15.267655	 	7213.333333
12.967534	 	7220.000000
11.637210	 	7226.666667
5.055591	 	7233.333333
-3.989633	 	7240.000000
-6.029839	 	7246.666667
18.028454	 	7253.333333
23.202354	 	7260.000000
12.996867	 	7266.666667
5.427084	 	7273.333333
1.944975	 	7280.000000
-7.339676	 	7286.666667
18.779825	 	7293.333333
11.832127	 	7300.000000
4.751414	 	7306.666667
-4.702237	 	7313.333333
20.829106	 	7320.000000
1.862291	 	7326.666667
4.445008	 	7333.333333
3.374580	 	7340.000000
10.670857	 	7346.666667
13.356876	 	7353.333333
3.060967	 	7360.000000
-4.790539	 	7366.666667
6.405897	 	7373.333333
17.768476	 	7380.000000
11.295054	 	7386.666667
0.360784	 	7393.333333
7.114466	 	7400.000000
-2.470757	 	7406.666667
11.747909	 	7413.333333
0.026398	 	7420.000000
13.061304	 	7426.666667
4.546378	 	7433.333333
2.443188	 	7440.000000
0.711453	 	7446.666667
14.559365	 	7453.333333
0.360875	 	7460.000000
6.211651	 	7466.666667
-9.111092	 	7473.333333
14.879873	 	7480.000000
1.009551	 	7486.666667
4.612060	 	7493.333333
9.579875	 	7500.000000
17.206159	 	7506.666667
-7.321178	 	7513.333333
7.653178	 	7520.000000
-6.036904	 	7526.666667
-4.474597	 	7533.333333
10.941801	 	7540.000000
18.914576	 	7546.666667
8.374430	 	7553.333333
1.150702	 	7560.000000
-9.701306	 	7566.666667
0.616761	 	7573.333333
-0.485672	 	7580.000000
17.333172	 	7586.666667
9.672942	 	7593.333333
10.120667	 	7600.000000
-2.403074	 	7606.666667
-1.905806	 	7613.333333
2.669409	 	7620.000000
20.837573	 	7626.666667
12.254816	 	7633.333333
-2.701149	 	7640.000000
-17.261338	 	7646.666667
8.765393	 	7653.333333
-6.870721	 	7660.000000
12.941947	 	7666.666667
13.216204	 	7673.333333
18.268107	 	7680.000000
-11.730902	 	7686.666667
4.540024	 	7693.333333
0.500245	 	7700.000000
14.643318	 	7706.666667
6.524074	 	7713.333333
7.049820	 	7720.000000
-13.611718	 	7726.666667
-2.237595	 	7733.333333
8.231707	 	7740.000000
17.335232	 	7746.666667
-2.806038	 	7753.333333
12.069312	 	7760.000000
4.466634	 	7766.666667
-3.416670	 	7773.333333
-6.226054	 	7780.000000
3.788726	 	7786.666667
20.935490	 	7793.333333
13.856884	 	7800.000000
1.127844	 	7806.666667
-12.045852	 	7813.333333
-4.847853	 	7820.000000
7.301455	 	7826.666667
14.162481	 	7833.333333
4.070469	 	7840.000000
4.585141	 	7846.666667
-0.070506	 	7853.333333
-6.778550	 	7860.000000
3.854269	 	7866.666667
11.815612	 	7873.333333
8.480117	 	7880.000000
-0.581532	 	7886.666667
3.175816	 	7893.333333
2.152564	 	7900.000000
4.326956	 	7906.666667
0.243527	 	7913.333333
-6.135169	 	7920.000000
2.209964	 	7926.666667
15.589900	 	7933.333333
16.631379	 	7940.000000
-5.328401	 	7946.666667
-11.001557	 	7953.333333
-4.843622	 	7960.000000
13.577054	 	7966.666667
5.792322	 	7973.333333
6.217626	 	7980.000000
1.260893	 	7986.666667
2.041668	 	7993.333333
-0.010024	 	8000.000000
5.230868	 	8006.666667
-2.042406	 	8013.333333
-1.233705	 	8020.000000
-5.047359	 	8026.666667
10.682486	 	8033.333333
13.575871	 	8040.000000
6.297936	 	8046.666667
-13.389080	 	8053.333333
4.057497	 	8060.000000
12.556891	 	8066.666667
6.153857	 	8073.333333
-9.436600	 	8080.000000
-7.395153	 	8086.666667
7.748937	 	8093.333333
9.196847	 	8100.000000
6.563433	 	8106.666667
-1.371126	 	8113.333333
-8.445077	 	8120.000000
-0.931743	 	8126.666667
0.597017	 	8133.333333
11.832188	 	8140.000000
9.835660	 	8146.666667
6.517885	 	8153.333333
-12.320374	 	8160.000000
-3.981299	 	8166.666667
2.622830	 	8173.333333
11.292803	 	8180.000000
10.041497	 	8186.666667
-2.180615	 	8193.333333
1.880194	 	8200.000000
-4.527469	 	8206.666667
-0.341441	 	8213.333333
1.478789	 	8220.000000
3.423092	 	8226.666667
5.194732	 	8233.333333
0.803167	 	8240.000000
1.986937	 	8246.666667
10.296284	 	8253.333333
-10.750713	 	8260.000000
-4.919850	 	8266.666667
4.527129	 	8273.333333
20.106636	 	8280.000000
-3.588647	 	8286.666667
0.936059	 	8293.333333
-8.571769	 	8300.000000
6.383431	 	8306.666667
4.529686	 	8313.333333
-1.433234	 	8320.000000
-3.524265	 	8326.666667
4.142974	 	8333.333333
3.777612	 	8340.000000
4.099169	 	8346.666667
-10.532718	 	8353.333333
-1.217095	 	8360.000000
2.875254	 	8366.666667
9.256256	 	8373.333333
-2.177064	 	8380.000000
1.138307	 	8386.666667
6.805453	 	8393.333333
8.160807	 	8400.000000
-10.927197	 	8406.666667
-1.158933	 	8413.333333
-3.701374	 	8420.000000
-2.696715	 	8426.666667
11.325029	 	8433.333333
4.888680	 	8440.000000
-4.268212	 	8446.666667
9.147788	 	8453.333333
-5.368068	 	8460.000000
3.493314	 	8466.666667
-0.458740	 	8473.333333
2.887808	 	8480.000000
5.115916	 	8486.666667
5.895370	 	8493.333333
-9.841811	 	8500.000000
4.932859	 	8506.666667
-0.309694	 	8513.333333
-1.143554	 	8520.000000
3.003621	 	8526.666667
8.091450	 	8533.333333
3.328970	 	8540.000000
5.413029	 	8546.666667
-5.092418	 	8553.333333
-4.762854	 	8560.000000
0.418256	 	8566.666667
10.582619	 	8573.333333
10.086742	 	8580.000000
0.993229	 	8586.666667
-15.172588	 	8593.333333
2.918446	 	8600.000000
8.861550	 	8606.666667
3.879108	 	8613.333333
2.509818	 	8620.000000
-3.142853	 	8626.666667
-11.886115	 	8633.333333
10.056258	 	8640.000000
15.079720	 	8646.666667
12.506112	 	8653.333333
-11.838445	 	8660.000000
-13.538588	 	8666.666667
4.197359	 	8673.333333
5.900530	 	8680.000000
5.860718	 	8686.666667
4.375900	 	8693.333333
-8.401506	 	8700.000000
0.557319	 	8706.666667
1.464378	 	8713.333333
-6.846772	 	8720.000000
3.523435	 	8726.666667
-1.405143	 	8733.333333
-3.811339	 	8740.000000
5.032266	 	8746.666667
6.005938	 	8753.333333
-7.417971	 	8760.000000
-4.998369	 	8766.666667
5.822547	 	8773.333333
5.092867	 	8780.000000
6.157976	 	8786.666667
-1.913191	 	8793.333333
-13.169717	 	8800.000000
6.845563	 	8806.666667
-2.175285	 	8813.333333
1.491564	 	8820.000000
9.203461	 	8826.666667
-2.233569	 	8833.333333
-8.248284	 	8840.000000
1.479695	 	8846.666667
-3.439653	 	8853.333333
8.235878	 	8860.000000
-3.257364	 	8866.666667
-7.781554	 	8873.333333
-1.933425	 	8880.000000
13.015745	 	8886.666667
1.537393	 	8893.333333
6.901752	 	8900.000000
-9.597733	 	8906.666667
-4.796967	 	8913.333333
-1.483651	 	8920.000000
12.943072	 	8926.666667
1.886027	 	8933.333333
-8.808660	 	8940.000000
0.059867	 	8946.666667
4.028241	 	8953.333333
-3.165961	 	8960.000000
0.586442	 	8966.666667
13.003360	 	8973.333333
-1.493959	 	8980.000000
-4.382229	 	8986.666667
-3.619174	 	8993.333333
-5.308406	 	9000.000000
2.573137	 	9006.666667
10.585043	 	9013.333333
-5.704735	 	9020.000000
3.037383	 	9026.666667
13.070945	 	9033.333333
-7.568519	 	9040.000000
-5.905943	 	9046.666667
2.551258	 	9053.333333
-0.231987	 	9060.000000
0.287815	 	9066.666667
7.379896	 	9073.333333
-0.173667	 	9080.000000
8.266040	 	9086.666667
-20.497806	 	9093.333333
5.173858	 	9100.000000
-3.632558	 	9106.666667
-8.633704	 	9113.333333
4.070472	 	9120.000000
14.628581	 	9126.666667
-4.914838	 	9133.333333
0.422201	 	9140.000000
-12.600003	 	9146.666667
0.040084	 	9153.333333
8.204666	 	9160.000000
7.445835	 	9166.666667
-12.228658	 	9173.333333
-2.155418	 	9180.000000
-4.428830	 	9186.666667
7.026681	 	9193.333333
-4.187567	 	9200.000000
3.072521	 	9206.666667
1.182025	 	9213.333333
2.786190	 	9220.000000
-9.303789	 	9226.666667
-2.659136	 	9233.333333
3.273103	 	9240.000000
9.860350	 	9246.666667
6.287218	 	9253.333333
-8.724127	 	9260.000000
-12.144422	 	9266.666667
9.135013	 	9273.333333
-0.988083	 	9280.000000
-4.654686	 	9286.666667
-2.931370	 	9293.333333
-1.114601	 	9300.000000
1.351627	 	9306.666667
14.856623	 	9313.333333
-3.779391	 	9320.000000
-18.341541	 	9326.666667
1.795684	 	9333.333333
2.348315	 	9340.000000
1.375546	 	9346.666667
2.912147	 	9353.333333
5.621604	 	9360.000000
-1.299850	 	9366.666667
-16.033116	 	9373.333333
-3.878204	 	9380.000000
11.243958	 	9386.666667
-1.535881	 	9393.333333
4.412564	 	9400.000000
7.175112	 	9406.666667
2.069942	 	9413.333333
-20.608107	 	9420.000000
-0.115777	 	9426.666667
4.759941	 	9433.333333
16.284624	 	9440.000000
-2.860033	 	9446.666667
-11.073228	 	9453.333333
-2.592686	 	9460.000000
0.996023	 	9466.666667
-4.302655	 	9473.333333
1.817112	 	9480.000000
5.392571	 	9486.666667
-1.203673	 	9493.333333
1.656831	 	9500.000000
-6.426038	 	9506.666667
-7.678678	 	9513.333333
-0.597771	 	9520.000000
-2.374767	 	9526.666667
-2.747545	 	9533.333333
-1.255972	 	9540.000000
6.106956	 	9546.666667
-3.082553	 	9553.333333
-7.969697	 	9560.000000
10.566787	 	9566.666667
1.289426	 	9573.333333
-8.314710	 	9580.000000
-7.079329	 	9586.666667
-5.312840	 	9593.333333
12.207864	 	9600.000000
9.589982	 	9606.666667
-10.988025	 	9613.333333
-14.530777	 	9620.000000
1.321345	 	9626.666667
18.820861	 	9633.333333
3.532691	 	9640.000000
-17.854085	 	9646.666667
-9.779900	 	9653.333333
4.667828	 	9660.000000
5.421138	 	9666.666667
9.936415	 	9673.333333
-9.134125	 	9680.000000
-7.982348	 	9686.666667
-7.570766	 	9693.333333
5.471698	 	9700.000000
1.250481	 	9706.666667
7.934387	 	9713.333333
1.248614	 	9720.000000
-6.566888	 	9726.666667
-13.493401	 	9733.333333
1.287810	 	9740.000000
-2.498128	 	9746.666667
15.266234	 	9753.333333
16.658852	 	9760.000000
-5.364682	 	9766.666667
-22.632150	 	9773.333333
-5.720369	 	9780.000000
-6.287189	 	9786.666667
16.981864	 	9793.333333
3.874928	 	9800.000000
8.719255	 	9806.666667
-8.302938	 	9813.333333
-1.852364	 	9820.000000
-12.634689	 	9826.666667
6.889719	 	9833.333333
-5.073448	 	9840.000000
8.140747	 	9846.666667
-3.190997	 	9853.333333
-1.134921	 	9860.000000
-3.836988	 	9866.666667
-2.058872	 	9873.333333
-8.661931	 	9880.000000
16.052115	 	9886.666667
-5.650094	 	9893.333333
-1.069551	 	9900.000000
-9.569759	 	9906.666667
4.683159	 	9913.333333
8.604133	 	9920.000000
-5.908744	 	9926.666667
-5.616120	 	9933.333333
-2.424416	 	9940.000000
-1.500721	 	9946.666667
4.517111	 	9953.333333
4.295592	 	9960.000000
-16.920555	 	9966.666667
3.219758	 	9973.333333
16.682842	 	9980.000000
1.153966	 	9986.666667
-3.106899	 	9993.333333
-8.226393	 	10000.000000
-2.188836	 	10006.666667
12.683054	 	10013.333333
-5.295961	 	10020.000000
-19.566295	 	10026.666667
5.624172	 	10033.333333
7.981060	 	10040.000000
2.979805	 	10046.666667
-4.682410	 	10053.333333
-5.578849	 	10060.000000
-2.996231	 	10066.666667
7.505365	 	10073.333333
3.630329	 	10080.000000
-0.105181	 	10086.666667
-13.381378	 	10093.333333
6.003192	 	10100.000000
8.952532	 	10106.666667
9.216488	 	10113.333333
-18.164063	 	10120.000000
-10.567559	 	10126.666667
1.924775	 	10133.333333
15.405115	 	10140.000000
-1.458955	 	10146.666667
-14.994758	 	10153.333333
-5.242409	 	10160.000000
3.881875	 	10166.666667
2.257605	 	10173.333333
4.211673	 	10180.000000
-0.973338	 	10186.666667
-17.872658	 	10193.333333
-7.885591	 	10200.000000
9.612652	 	10206.666667
11.771473	 	10213.333333
6.532946	 	10220.000000
-13.262334	 	10226.666667
-9.994801	 	10233.333333
-3.888643	 	10240.000000
7.366417	 	10246.666667
-1.976923	 	10253.333333
12.609614	 	10260.000000
8.075295	 	10266.666667
-14.716252	 	10273.333333
-13.987846	 	10280.000000
-11.214026	 	10286.666667
10.124253	 	10293.333333
5.224953	 	10300.000000
7.574491	 	10306.666667
-3.231651	 	10313.333333
-12.667482	 	10320.000000
2.739621	 	10326.666667
0.234349	 	10333.333333
5.545976	 	10340.000000
3.380633	 	10346.666667
-14.601175	 	10353.333333
-8.349399	 	10360.000000
12.946188	 	10366.666667
0.781250	 	10373.333333
-1.928100	 	10380.000000
1.868011	 	10386.666667
-2.931855	 	10393.333333
1.273830	 	10400.000000
7.815440	 	10406.666667
-17.372339	 	10413.333333
-5.564093	 	10420.000000
2.891607	 	10426.666667
7.212856	 	10433.333333
11.824557	 	10440.000000
-5.218497	 	10446.666667
-17.473343	 	10453.333333
-1.582297	 	10460.000000
-1.774514	 	10466.666667
3.901638	 	10473.333333
10.787156	 	10480.000000
5.115029	 	10486.666667
-13.806274	 	10493.333333
5.523786	 	10500.000000
-0.393569	 	10506.666667
8.908583	 	10513.333333
-9.126846	 	10520.000000
1.190884	 	10526.666667
-0.408094	 	10533.333333
0.721372	 	10540.000000
-7.714313	 	10546.666667
0.907907	 	10553.333333
4.782729	 	10560.000000
-0.791374	 	10566.666667
-0.720497	 	10573.333333
-3.835934	 	10580.000000
4.110859	 	10586.666667
11.056497	 	10593.333333
-7.772649	 	10600.000000
2.397783	 	10606.666667
-2.923617	 	10613.333333
-1.456313	 	10620.000000
-1.128660	 	10626.666667
4.496928	 	10633.333333
3.110043	 	10640.000000
0.627043	 	10646.666667
-9.059057	 	10653.333333
-3.697599	 	10660.000000
-0.741562	 	10666.666667
8.632791	 	10673.333333
-4.057817	 	10680.000000
1.188942	 	10686.666667
-17.196416	 	10693.333333
0.434568	 	10700.000000
4.245163	 	10706.666667
3.415317	 	10713.333333
1.630113	 	10720.000000
3.533235	 	10726.666667
-10.168146	 	10733.333333
-0.899406	 	10740.000000
-3.145961	 	10746.666667
5.177470	 	10753.333333
-3.471835	 	10760.000000
1.269354	 	10766.666667
-16.926086	 	10773.333333
10.305570	 	10780.000000
4.880129	 	10786.666667
-3.857858	 	10793.333333
-4.894273	 	10800.000000
0.379490	 	10806.666667
-9.618095	 	10813.333333
-2.972823	 	10820.000000
6.557098	 	10826.666667
-7.276474	 	10833.333333
0.624463	 	10840.000000
3.655333	 	10846.666667
-0.872891	 	10853.333333
-2.198678	 	10860.000000
-3.269595	 	10866.666667
-3.883745	 	10873.333333
-2.078308	 	10880.000000
11.101925	 	10886.666667
5.107455	 	10893.333333
-14.496243	 	10900.000000
-0.371552	 	10906.666667
7.281555	 	10913.333333
1.496904	 	10920.000000
-14.421907	 	10926.666667
1.143755	 	10933.333333
-6.055289	 	10940.000000
1.023632	 	10946.666667
1.653080	 	10953.333333
0.866462	 	10960.000000
5.622316	 	10966.666667
1.929161	 	10973.333333
-20.583774	 	10980.000000
2.832484	 	10986.666667
0.347742	 	10993.333333
0.233882	 	11000.000000
-2.598529	 	11006.666667
5.227743	 	11013.333333
3.766003	 	11020.000000
0.324127	 	11026.666667
-11.773235	 	11033.333333
0.446014	 	11040.000000
-4.339806	 	11046.666667
3.868630	 	11053.333333
-3.109126	 	11060.000000
3.398765	 	11066.666667
-1.512890	 	11073.333333
6.620785	 	11080.000000
-2.991151	 	11086.666667
3.347483	 	11093.333333
-24.985504	 	11100.000000
2.990866	 	11106.666667
6.492160	 	11113.333333
8.202144	 	11120.000000
-7.663977	 	11126.666667
-15.463073	 	11133.333333
-8.870258	 	11140.000000
25.592904	 	11146.666667
4.826973	 	11153.333333
-2.412479	 	11160.000000
-15.501886	 	11166.666667
-8.543399	 	11173.333333
-12.125298	 	11180.000000
9.206889	 	11186.666667
2.579466	 	11193.333333
14.763108	 	11200.000000
-3.604590	 	11206.666667
-14.222840	 	11213.333333
-11.618935	 	11220.000000
8.964801	 	11226.666667
-5.120101	 	11233.333333
1.864302	 	11240.000000
-3.306646	 	11246.666667
7.838280	 	11253.333333
-6.053557	 	11260.000000
-3.614082	 	11266.666667
-9.788615	 	11273.333333
5.964813	 	11280.000000
7.190403	 	11286.666667
-7.877877	 	11293.333333
-5.523755	 	11300.000000
-0.806339	 	11306.666667
2.302308	 	11313.333333
-1.904911	 	11320.000000
-1.566638	 	11326.666667
1.352517	 	11333.333333
-8.163251	 	11340.000000
-12.465277	 	11346.666667
11.031964	 	11353.333333
11.681424	 	11360.000000
-2.396934	 	11366.666667
-6.999309	 	11373.333333
-10.417198	 	11380.000000
5.290005	 	11386.666667
-0.298077	 	11393.333333
-10.792855	 	11400.000000
-1.868250	 	11406.666667
1.474684	 	11413.333333
13.963537	 	11420.000000
-1.766624	 	11426.666667
-13.178113	 	11433.333333
-14.906678	 	11440.000000
1.256615	 	11446.666667
6.965882	 	11453.333333
18.210931	 	11460.000000
-1.261016	 	11466.666667
-6.989033	 	11473.333333
-24.198893	 	11480.000000
-7.812298	 	11486.666667
12.168196	 	11493.333333
1.847153	 	11500.000000
-6.297662	 	11506.666667
2.448297	 	11513.333333
-1.840451	 	11520.000000
0.964126	 	11526.666667
-1.899191	 	11533.333333
-5.048239	 	11540.000000
-6.821671	 	11546.666667
-2.149271	 	11553.333333
4.260050	 	11560.000000
-0.644256	 	11566.666667
-4.935946	 	11573.333333
-2.009873	 	11580.000000
-3.955209	 	11586.666667
-4.024627	 	11593.333333
-1.729850	 	11600.000000
1.325114	 	11606.666667
-3.606617	 	11613.333333
2.173381	 	11620.000000
9.696413	 	11626.666667
0.261489	 	11633.333333
-16.485074	 	11640.000000
-5.752434	 	11646.666667
-1.158802	 	11653.333333
19.567505	 	11660.000000
2.085302	 	11666.666667
-12.012133	 	11673.333333
-22.051017	 	11680.000000
4.411879	 	11686.666667
4.168980	 	11693.333333
7.405506	 	11700.000000
-2.915623	 	11706.666667
-3.854325	 	11713.333333
-14.498842	 	11720.000000
-0.874497	 	11726.666667
12.743973	 	11733.333333
11.205576	 	11740.000000
-2.824753	 	11746.666667
-14.143337	 	11753.333333
-24.220229	 	11760.000000
1.298783	 	11766.666667
24.387283	 	11773.333333
37.923420	 	11780.000000
-44.608879	 	11786.666667
-31.927619	 	11793.333333
9.000898	 	11800.000000
24.041245	 	11806.666667
-0.747675	 	11813.333333
6.828497	 	11820.000000
-10.688170	 	11826.666667
8.602924	 	11833.333333
-6.568120	 	11840.000000
-30.403160	 	11846.666667
25.999951	 	11853.333333
-4.348960	 	11860.000000
7.719035	 	11866.666667
20.152159	 	11873.333333
-36.665130	 	11880.000000
7.150248	 	11886.666667
-7.461647	 	11893.333333
3.422068	 	11900.000000
-20.364109	 	11906.666667
13.373561	 	11913.333333
23.480106	 	11920.000000
-13.947207	 	11926.666667
-12.282895	 	11933.333333
-12.103147	 	11940.000000
31.767456	 	11946.666667
-46.811004	 	11953.333333
16.657937	 	11960.000000
9.148779	 	11966.666667
38.326773	 	11973.333333
-43.731078	 	11980.000000
12.990740	 	11986.666667
-31.425209	 	11993.333333
-20.805761	 	12000.000000
25.117950	 	12006.666667
48.996977	 	12013.333333
-26.876418	 	12020.000000
-52.833999	 	12026.666667
23.570100	 	12033.333333
38.263291	 	12040.000000
-24.546955	 	12046.666667
-35.490826	 	12053.333333
19.335336	 	12060.000000
34.302077	 	12066.666667
-72.825103	 	12073.333333
119.771021	 	12080.000000
-102.748022	 	12086.666667
-15.120425	 	12093.333333
45.741665	 	12100.000000
62.885151	 	12106.666667
-105.261566	 	12113.333333
-54.831872	 	12120.000000
64.348242	 	12126.666667
28.928789	 	12133.333333
126.464840	 	12140.000000
-152.679304	 	12146.666667
-0.399177	 	12153.333333
-74.540973	 	12160.000000
-20.811409	 	12166.666667
143.494823	 	12173.333333
96.830959	 	12180.000000
-196.399857	 	12186.666667
36.730118	 	12193.333333
-55.593369	 	12200.000000
132.062315	 	12206.666667
50.222872	 	12213.333333
-179.431889	 	12220.000000
21.011871	 	12226.666667
-37.723772	 	12233.333333
-5.340052	 	12240.000000
218.338130	 	12246.666667
-193.463181	 	12253.333333
346.526513	 	12260.000000
-271.738945	 	12266.666667
-216.012501	 	12273.333333
-7.562544	 	12280.000000
-191.857119	 	12286.666667
804.754314	 	12293.333333
0.144344	 	12300.000000
-346.274217	 	12306.666667
-490.317204	 	12313.333333
536.316506	 	12320.000000
-368.897857	 	12326.666667
105.082051	 	12333.333333
228.422635	 	12340.000000
211.596755	 	12346.666667
-375.011678	 	12353.333333
169.202697	 	12360.000000
-412.789404	 	12366.666667
502.910333	 	12373.333333
-66.009074	 	12380.000000
-384.304225	 	12386.666667
-61.416061	 	12393.333333
470.601779	 	12400.000000
205.773425	 	12406.666667
-100.109771	 	12413.333333
-654.931197	 	12420.000000
36.431688	 	12426.666667
407.029533	 	12433.333333
-538.715318	 	12440.000000
1347.097609	 	12446.666667
-572.603918	 	12453.333333
-594.567336	 	12460.000000
-294.302751	 	12466.666667
558.928361	 	12473.333333
431.358686	 	12480.000000
-215.128992	 	12486.666667
-773.030300	 	12493.333333
554.079051	 	12500.000000
76.489560	 	12506.666667
234.158388	 	12513.333333
89.371348	 	12520.000000
-436.498346	 	12526.666667
-343.391439	 	12533.333333
-201.687452	 	12540.000000
740.181381	 	12546.666667
258.881205	 	12553.333333
-820.410265	 	12560.000000
1143.019950	 	12566.666667
-598.533300	 	12573.333333
-505.438310	 	12580.000000
-680.418867	 	12586.666667
1489.043868	 	12593.333333
107.246631	 	12600.000000
-508.304811	 	12606.666667
-327.611187	 	12613.333333
658.008648	 	12620.000000
-373.141864	 	12626.666667
-356.121496	 	12633.333333
-883.671334	 	12640.000000
2152.527095	 	12646.666667
-216.775605	 	12653.333333
-608.013415	 	12660.000000
-490.213784	 	12666.666667
-656.469781	 	12673.333333
1389.732126	 	12680.000000
505.907880	 	12686.666667
-676.728918	 	12693.333333
-335.113024	 	12700.000000
-688.994615	 	12706.666667
733.759558	 	12713.333333
227.873587	 	12720.000000
597.748934	 	12726.666667
-736.515929	 	12733.333333
-800.930090	 	12740.000000
1257.328870	 	12746.666667
-474.781492	 	12753.333333
-522.952665	 	12760.000000
1125.576345	 	12766.666667
-909.314583	 	12773.333333
784.190434	 	12780.000000
-842.477424	 	12786.666667
96.208735	 	12793.333333
1061.828278	 	12800.000000
-699.087843	 	12806.666667
-887.602439	 	12813.333333
475.430356	 	12820.000000
-212.471985	 	12826.666667
1782.346148	 	12833.333333
-917.018414	 	12840.000000
-599.087348	 	12846.666667
218.399678	 	12853.333333
-622.478305	 	12860.000000
1196.817148	 	12866.666667
-806.609602	 	12873.333333
295.218778	 	12880.000000
619.272108	 	12886.666667
-979.305837	 	12893.333333
-415.076277	 	12900.000000
-979.671135	 	12906.666667
3464.348154	 	12913.333333
-761.463938	 	12920.000000
-695.924960	 	12926.666667
-621.679569	 	12933.333333
-212.007550	 	12940.000000
-786.680834	 	12946.666667
2201.650203	 	12953.333333
-302.237214	 	12960.000000
-857.711605	 	12966.666667
760.134714	 	12973.333333
-688.554115	 	12980.000000
432.456335	 	12986.666667
-985.249108	 	12993.333333
-276.912489	 	13000.000000
2845.453941	 	13006.666667
-908.091556	 	13013.333333
-985.101149	 	13020.000000
-966.799423	 	13026.666667
894.345250	 	13033.333333
-983.077959	 	13040.000000
2659.266511	 	13046.666667
-408.813603	 	13053.333333
-832.859237	 	13060.000000
-987.475417	 	13066.666667
-657.382093	 	13073.333333
3201.480040	 	13080.000000
-974.350337	 	13086.666667
-994.788682	 	13093.333333
-206.027303	 	13100.000000
-91.135737	 	13106.666667
-996.966324	 	13113.333333
3473.711573	 	13120.000000
-989.630383	 	13126.666667
-935.829759	 	13133.333333
-648.612298	 	13140.000000
-968.126214	 	13146.666667
3308.292859	 	13153.333333
-793.860535	 	13160.000000
-993.010655	 	13166.666667
-953.576787	 	13173.333333
-627.521315	 	13180.000000
3573.623130	 	13186.666667
-999.300043	 	13193.333333
-999.967374	 	13200.000000
-999.865736	 	13206.666667
-999.995855	 	13213.333333
-995.329317	 	13220.000000
5216.460133	 	13226.666667
1733.864768	 	13233.333333
-999.998720	 	13240.000000
-999.998721	 	13246.666667
-999.998722	 	13253.333333
-999.998722	 	13260.000000
-999.998727	 	13266.666667
-999.998744	 	13273.333333
-999.998751	 	13280.000000
-999.998795	 	13286.666667
-999.998748	 	13293.333333
-999.998773	 	13300.000000
-999.998853	 	13306.666667
-999.998887	 	13313.333333
-999.998798	 	13320.000000
-999.998881	 	13326.666667
