#peak 	 	#time 
-999.999252	 	0.000000
-999.998805	 	6.666667
-999.999170	 	13.333333
-999.998782	 	20.000000
-999.998931	 	26.666667
-999.999738	 	33.333333
-999.999202	 	40.000000
-999.999626	 	46.666667
-999.999870	 	53.333333
-1000.000000	 	60.000000
-1000.000000	 	66.666667
-1000.000000	 	73.333333
-1000.000000	 	80.000000
36960.171059	 	86.666667
-999.998737	 	93.333333
-999.998751	 	100.000000
-999.998740	 	106.666667
-999.998755	 	113.333333
-999.998736	 	120.000000
-999.998743	 	126.666667
-999.998744	 	133.333333
-999.998738	 	140.000000
-999.998734	 	146.666667
-999.998735	 	153.333333
-999.998733	 	160.000000
-999.998731	 	166.666667
-999.998730	 	173.333333
-999.998730	 	180.000000
1689.130995	 	186.666667
3908.892733	 	193.333333
-680.055001	 	200.000000
-962.353993	 	206.666667
-884.549430	 	213.333333
-831.824964	 	220.000000
-130.620358	 	226.666667
576.121838	 	233.333333
837.553507	 	240.000000
-392.154916	 	246.666667
-331.221099	 	253.333333
-616.038494	 	260.000000
33.338435	 	266.666667
176.981540	 	273.333333
111.405653	 	280.000000
-259.376644	 	286.666667
-28.310676	 	293.333333
-109.098206	 	300.000000
6.911930	 	306.666667
-369.563923	 	313.333333
-70.336728	 	320.000000
250.726895	 	326.666667
3.327409	 	333.333333
2.334087	 	340.000000
289.740862	 	346.666667
-399.162686	 	353.333333
-425.202274	 	360.000000
-142.797522	 	366.666667
153.963277	 	373.333333
395.794389	 	380.000000
204.335898	 	386.666667
-453.399182	 	393.333333
-156.351941	 	400.000000
113.047900	 	406.666667
-50.203320	 	413.333333
11.695319	 	420.000000
224.316713	 	426.666667
-180.948879	 	433.333333
-79.211426	 	440.000000
221.015470	 	446.666667
161.426360	 	453.333333
-4.530133	 	460.000000
-334.114704	 	466.666667
-157.966689	 	473.333333
307.544798	 	480.000000
152.189935	 	486.666667
-171.664016	 	493.333333
104.930505	 	500.000000
-101.313463	 	506.666667
-15.001839	 	513.333333
217.330821	 	520.000000
-158.491634	 	526.666667
-3.975723	 	533.333333
192.967181	 	540.000000
-136.792603	 	546.666667
31.745144	 	553.333333
187.483737	 	560.000000
-298.930772	 	566.666667
-10.172198	 	573.333333
213.476909	 	580.000000
231.146688	 	586.666667
-39.983299	 	593.333333
-142.529054	 	600.000000
-350.808210	 	606.666667
146.638905	 	613.333333
214.504251	 	620.000000
246.312536	 	626.666667
-151.947168	 	633.333333
-108.052622	 	640.000000
-240.284295	 	646.666667
183.442213	 	653.333333
168.461503	 	660.000000
38.272537	 	666.666667
-83.021701	 	673.333333
53.416822	 	680.000000
-210.357599	 	686.666667
-30.853503	 	693.333333
183.186343	 	700.000000
53.358550	 	706.666667
-101.360227	 	713.333333
27.411954	 	720.000000
94.233745	 	726.666667
49.986302	 	733.333333
-85.654599	 	740.000000
-83.541379	 	746.666667
-102.059646	 	753.333333
93.581363	 	760.000000
147.698091	 	766.666667
44.154821	 	773.333333
-62.964790	 	780.000000
-39.672504	 	786.666667
-30.917492	 	793.333333
19.941727	 	800.000000
93.357008	 	806.666667
0.334653	 	813.333333
-28.205966	 	820.000000
-40.223927	 	826.666667
15.483843	 	833.333333
15.973547	 	840.000000
33.550264	 	846.666667
-56.823621	 	853.333333
1.432115	 	860.000000
-2.207802	 	866.666667
97.599392	 	873.333333
-1.764129	 	880.000000
-47.669315	 	886.666667
-68.346294	 	893.333333
60.988380	 	900.000000
7.399756	 	906.666667
13.981680	 	913.333333
-1.216371	 	920.000000
47.580082	 	926.666667
9.713493	 	933.333333
17.217835	 	940.000000
-5.516375	 	946.666667
-60.515469	 	953.333333
-4.912791	 	960.000000
-4.497907	 	966.666667
17.960372	 	973.333333
13.675658	 	980.000000
27.628980	 	986.666667
72.497356	 	993.333333
23.016079	 	1000.000000
-86.343801	 	1006.666667
-46.317424	 	1013.333333
-28.500525	 	1020.000000
47.248748	 	1026.666667
58.266417	 	1033.333333
67.402103	 	1040.000000
-5.489558	 	1046.666667
-61.881629	 	1053.333333
-93.135342	 	1060.000000
28.618563	 	1066.666667
74.887367	 	1073.333333
41.722509	 	1080.000000
-19.902185	 	1086.666667
23.567758	 	1093.333333
-10.156210	 	1100.000000
-45.278101	 	1106.666667
-9.959279	 	1113.333333
65.041446	 	1120.000000
21.360405	 	1126.666667
-25.065250	 	1133.333333
-18.651309	 	1140.000000
36.994866	 	1146.666667
27.377088	 	1153.333333
-23.043245	 	1160.000000
-42.007812	 	1166.666667
20.851259	 	1173.333333
67.179797	 	1180.000000
17.782746	 	1186.666667
-23.466538	 	1193.333333
-31.590563	 	1200.000000
-31.426809	 	1206.666667
6.493823	 	1213.333333
56.967969	 	1220.000000
46.755311	 	1226.666667
-4.265071	 	1233.333333
-24.753803	 	1240.000000
-23.877413	 	1246.666667
3.592838	 	1253.333333
33.759207	 	1260.000000
12.415233	 	1266.666667
-10.114540	 	1273.333333
5.943049	 	1280.000000
21.775229	 	1286.666667
-9.785448	 	1293.333333
-1.230415	 	1300.000000
0.994363	 	1306.666667
3.960728	 	1313.333333
-6.253497	 	1320.000000
16.286915	 	1326.666667
18.826585	 	1333.333333
27.492922	 	1340.000000
-10.560964	 	1346.666667
-27.826642	 	1353.333333
-11.514175	 	1360.000000
32.506137	 	1366.666667
23.308486	 	1373.333333
8.487078	 	1380.000000
-2.059718	 	1386.666667
-2.666491	 	1393.333333
-15.337264	 	1400.000000
19.116425	 	1406.666667
9.786454	 	1413.333333
3.670304	 	1420.000000
-3.106864	 	1426.666667
3.613361	 	1433.333333
-1.990500	 	1440.000000
16.334173	 	1446.666667
3.314509	 	1453.333333
13.265703	 	1460.000000
1.912126	 	1466.666667
0.963299	 	1473.333333
-5.668776	 	1480.000000
5.846082	 	1486.666667
3.017298	 	1493.333333
16.778812	 	1500.000000
6.516643	 	1506.666667
4.548450	 	1513.333333
-7.834211	 	1520.000000
-8.538649	 	1526.666667
6.952399	 	1533.333333
25.802842	 	1540.000000
7.275304	 	1546.666667
4.631986	 	1553.333333
-4.886664	 	1560.000000
4.443035	 	1566.666667
-4.734904	 	1573.333333
4.271965	 	1580.000000
9.277529	 	1586.666667
23.187396	 	1593.333333
-2.990506	 	1600.000000
-4.152017	 	1606.666667
-4.853121	 	1613.333333
16.241649	 	1620.000000
4.015435	 	1626.666667
9.048679	 	1633.333333
-14.406019	 	1640.000000
3.957315	 	1646.666667
14.484262	 	1653.333333
20.799334	 	1660.000000
4.099994	 	1666.666667
-13.169501	 	1673.333333
-3.403772	 	1680.000000
1.415441	 	1686.666667
19.404114	 	1693.333333
11.185877	 	1700.000000
-3.412558	 	1706.666667
6.821175	 	1713.333333
4.895392	 	1720.000000
-4.544696	 	1726.666667
10.191293	 	1733.333333
11.210471	 	1740.000000
-4.400351	 	1746.666667
3.160261	 	1753.333333
19.287864	 	1760.000000
11.821633	 	1766.666667
-16.316081	 	1773.333333
-4.986900	 	1780.000000
11.384381	 	1786.666667
13.768685	 	1793.333333
9.478587	 	1800.000000
0.137609	 	1806.666667
3.644127	 	1813.333333
-3.540393	 	1820.000000
1.760061	 	1826.666667
11.788939	 	1833.333333
15.065081	 	1840.000000
-5.134261	 	1846.666667
1.358151	 	1853.333333
7.097314	 	1860.000000
9.576993	 	1866.666667
3.317377	 	1873.333333
6.154146	 	1880.000000
2.304395	 	1886.666667
6.029778	 	1893.333333
8.540971	 	1900.000000
3.680922	 	1906.666667
-3.922698	 	1913.333333
8.598281	 	1920.000000
2.980341	 	1926.666667
5.035248	 	1933.333333
7.019930	 	1940.000000
-10.096931	 	1946.666667
8.191206	 	1953.333333
10.748478	 	1960.000000
12.409497	 	1966.666667
-4.707413	 	1973.333333
-1.163889	 	1980.000000
0.023178	 	1986.666667
25.876761	 	1993.333333
-2.510847	 	2000.000000
7.164215	 	2006.666667
-7.960440	 	2013.333333
8.865006	 	2020.000000
8.079332	 	2026.666667
5.686497	 	2033.333333
-12.470120	 	2040.000000
8.437599	 	2046.666667
13.689999	 	2053.333333
19.046719	 	2060.000000
-10.491906	 	2066.666667
-2.999080	 	2073.333333
8.437924	 	2080.000000
-3.989520	 	2086.666667
1.760072	 	2093.333333
24.790655	 	2100.000000
18.443619	 	2106.666667
-6.161811	 	2113.333333
-5.690606	 	2120.000000
-1.357870	 	2126.666667
-6.695270	 	2133.333333
13.853540	 	2140.000000
31.539921	 	2146.666667
6.046791	 	2153.333333
-1.536667	 	2160.000000
-26.224737	 	2166.666667
-5.840143	 	2173.333333
30.517456	 	2180.000000
23.129441	 	2186.666667
-11.819341	 	2193.333333
8.356390	 	2200.000000
-15.958172	 	2206.666667
-4.099338	 	2213.333333
3.638194	 	2220.000000
43.263913	 	2226.666667
8.039008	 	2233.333333
-5.464442	 	2240.000000
-22.390245	 	2246.666667
19.539244	 	2253.333333
-6.566868	 	2260.000000
3.503879	 	2266.666667
4.486323	 	2273.333333
33.628265	 	2280.000000
-7.139073	 	2286.666667
-15.884477	 	2293.333333
14.007291	 	2300.000000
11.394796	 	2306.666667
-13.793982	 	2313.333333
13.942207	 	2320.000000
24.882955	 	2326.666667
10.585912	 	2333.333333
-27.083509	 	2340.000000
-4.554553	 	2346.666667
12.160364	 	2353.333333
19.782606	 	2360.000000
5.174936	 	2366.666667
8.888983	 	2373.333333
-11.473499	 	2380.000000
-2.097207	 	2386.666667
5.683055	 	2393.333333
30.480542	 	2400.000000
-15.706235	 	2406.666667
-7.001896	 	2413.333333
5.173206	 	2420.000000
30.613759	 	2426.666667
2.849743	 	2433.333333
-13.288682	 	2440.000000
-3.187651	 	2446.666667
18.959332	 	2453.333333
12.765382	 	2460.000000
2.573836	 	2466.666667
-7.450567	 	2473.333333
-1.184882	 	2480.000000
6.124916	 	2486.666667
15.103497	 	2493.333333
10.124947	 	2500.000000
-5.717395	 	2506.666667
3.363478	 	2513.333333
6.765935	 	2520.000000
-8.569746	 	2526.666667
1.299456	 	2533.333333
10.238171	 	2540.000000
26.405876	 	2546.666667
5.321997	 	2553.333333
-17.339957	 	2560.000000
-7.532743	 	2566.666667
21.684806	 	2573.333333
-2.236489	 	2580.000000
-2.916275	 	2586.666667
21.768439	 	2593.333333
40.883249	 	2600.000000
-34.347167	 	2606.666667
-14.992712	 	2613.333333
16.487564	 	2620.000000
6.953531	 	2626.666667
-18.190605	 	2633.333333
35.328376	 	2640.000000
40.216973	 	2646.666667
-8.337729	 	2653.333333
-49.378921	 	2660.000000
-2.971285	 	2666.666667
19.703639	 	2673.333333
35.827105	 	2680.000000
6.202060	 	2686.666667
6.482326	 	2693.333333
-7.905127	 	2700.000000
-26.575490	 	2706.666667
0.508018	 	2713.333333
59.668391	 	2720.000000
-12.830258	 	2726.666667
4.600349	 	2733.333333
8.118339	 	2740.000000
-16.402953	 	2746.666667
-17.471533	 	2753.333333
23.095547	 	2760.000000
27.702117	 	2766.666667
-1.933576	 	2773.333333
-6.276628	 	2780.000000
0.453805	 	2786.666667
29.624528	 	2793.333333
-16.115227	 	2800.000000
-5.871684	 	2806.666667
10.687712	 	2813.333333
52.847535	 	2820.000000
-21.977136	 	2826.666667
-46.911524	 	2833.333333
-5.022722	 	2840.000000
74.406173	 	2846.666667
4.038297	 	2853.333333
-7.153782	 	2860.000000
4.682197	 	2866.666667
-17.514756	 	2873.333333
-52.080294	 	2880.000000
40.273083	 	2886.666667
93.689307	 	2893.333333
11.726602	 	2900.000000
-82.762205	 	2906.666667
-36.446713	 	2913.333333
45.358717	 	2920.000000
36.587027	 	2926.666667
6.384587	 	2933.333333
1.791609	 	2940.000000
-6.820919	 	2946.666667
-5.936262	 	2953.333333
-10.984016	 	2960.000000
4.799931	 	2966.666667
51.130873	 	2973.333333
5.154064	 	2980.000000
-36.071952	 	2986.666667
10.921121	 	2993.333333
37.106906	 	3000.000000
-4.539320	 	3006.666667
-30.342703	 	3013.333333
24.333208	 	3020.000000
4.987066	 	3026.666667
5.349836	 	3033.333333
0.277644	 	3040.000000
8.247828	 	3046.666667
13.838097	 	3053.333333
12.881014	 	3060.000000
-12.882907	 	3066.666667
-26.104942	 	3073.333333
-16.716927	 	3080.000000
22.368013	 	3086.666667
65.012282	 	3093.333333
52.467149	 	3100.000000
4.434861	 	3106.666667
-74.555861	 	3113.333333
-101.290823	 	3120.000000
-34.385753	 	3126.666667
122.394028	 	3133.333333
189.380457	 	3140.000000
130.127979	 	3146.666667
161.946211	 	3153.333333
325.887003	 	3160.000000
289.725796	 	3166.666667
181.818937	 	3173.333333
434.020687	 	3180.000000
1766.132905	 	3186.666667
5817.219815	 	3193.333333
9402.045210	 	3200.000000
5837.797785	 	3206.666667
2694.366934	 	3213.333333
2317.356835	 	3220.000000
3633.634531	 	3226.666667
5586.673420	 	3233.333333
6947.158141	 	3240.000000
7265.742106	 	3246.666667
6748.150233	 	3253.333333
6297.066403	 	3260.000000
6381.347465	 	3266.666667
6333.412585	 	3273.333333
6568.321810	 	3280.000000
7070.344338	 	3286.666667
7054.359621	 	3293.333333
6677.907891	 	3300.000000
6179.523092	 	3306.666667
5879.914412	 	3313.333333
6200.791393	 	3320.000000
6677.380353	 	3326.666667
6215.395408	 	3333.333333
5675.316130	 	3340.000000
5087.824394	 	3346.666667
5062.067671	 	3353.333333
5333.410241	 	3360.000000
5366.860237	 	3366.666667
4784.820294	 	3373.333333
4467.663294	 	3380.000000
4132.707997	 	3386.666667
4112.892325	 	3393.333333
4239.350427	 	3400.000000
4081.195544	 	3406.666667
3747.294786	 	3413.333333
3546.768608	 	3420.000000
3414.797709	 	3426.666667
3409.844580	 	3433.333333
3455.573081	 	3440.000000
3524.712989	 	3446.666667
3386.337664	 	3453.333333
3165.227261	 	3460.000000
2916.082866	 	3466.666667
2832.026695	 	3473.333333
2771.590852	 	3480.000000
2943.620551	 	3486.666667
3044.064163	 	3493.333333
2978.000961	 	3500.000000
2664.346831	 	3506.666667
2544.783618	 	3513.333333
2468.735930	 	3520.000000
2580.667507	 	3526.666667
2679.899512	 	3533.333333
2677.944250	 	3540.000000
2488.752390	 	3546.666667
2438.972793	 	3553.333333
2467.834097	 	3560.000000
2464.601721	 	3566.666667
2321.901312	 	3573.333333
2203.809582	 	3580.000000
2211.609412	 	3586.666667
2400.397225	 	3593.333333
2448.783385	 	3600.000000
2306.369174	 	3606.666667
2167.207143	 	3613.333333
2161.453470	 	3620.000000
2198.979869	 	3626.666667
2278.556588	 	3633.333333
2229.101043	 	3640.000000
2141.126674	 	3646.666667
2049.753323	 	3653.333333
2051.160790	 	3660.000000
2150.886617	 	3666.666667
2156.703956	 	3673.333333
1993.086645	 	3680.000000
1938.864426	 	3686.666667
1985.748055	 	3693.333333
2074.076338	 	3700.000000
2082.348551	 	3706.666667
1889.277491	 	3713.333333
1764.025584	 	3720.000000
1786.639801	 	3726.666667
1970.681896	 	3733.333333
2008.493696	 	3740.000000
1903.803886	 	3746.666667
1707.780549	 	3753.333333
1696.533980	 	3760.000000
1739.933252	 	3766.666667
1804.594236	 	3773.333333
1747.802099	 	3780.000000
1673.889325	 	3786.666667
1683.132078	 	3793.333333
1669.729623	 	3800.000000
1639.440945	 	3806.666667
1596.631970	 	3813.333333
1577.979331	 	3820.000000
1572.308878	 	3826.666667
1598.824809	 	3833.333333
1596.543937	 	3840.000000
1535.217296	 	3846.666667
1467.012005	 	3853.333333
1420.529744	 	3860.000000
1402.347850	 	3866.666667
1476.067604	 	3873.333333
1459.403708	 	3880.000000
1469.331625	 	3886.666667
1396.657317	 	3893.333333
1378.946397	 	3900.000000
1290.601671	 	3906.666667
1277.673253	 	3913.333333
1286.164547	 	3920.000000
1325.366271	 	3926.666667
1339.726409	 	3933.333333
1310.712901	 	3940.000000
1215.024539	 	3946.666667
1181.756286	 	3953.333333
1145.486274	 	3960.000000
1169.555749	 	3966.666667
1174.345811	 	3973.333333
1295.528350	 	3980.000000
1160.891459	 	3986.666667
1106.378402	 	3993.333333
1058.577083	 	4000.000000
1088.710489	 	4006.666667
1056.023009	 	4013.333333
1087.666358	 	4020.000000
1094.230349	 	4026.666667
1089.170220	 	4033.333333
1050.838571	 	4040.000000
997.580692	 	4046.666667
951.394073	 	4053.333333
974.537148	 	4060.000000
950.651034	 	4066.666667
1004.970626	 	4073.333333
965.594549	 	4080.000000
961.990428	 	4086.666667
909.905254	 	4093.333333
900.008874	 	4100.000000
943.388673	 	4106.666667
886.360163	 	4113.333333
895.211946	 	4120.000000
812.121688	 	4126.666667
889.006701	 	4133.333333
838.470008	 	4140.000000
885.240921	 	4146.666667
782.743711	 	4153.333333
842.568345	 	4160.000000
787.836578	 	4166.666667
831.232293	 	4173.333333
741.549854	 	4180.000000
785.237140	 	4186.666667
770.886015	 	4193.333333
789.864223	 	4200.000000
769.748795	 	4206.666667
729.844451	 	4213.333333
683.463188	 	4220.000000
735.642924	 	4226.666667
765.281023	 	4233.333333
711.541889	 	4240.000000
686.915837	 	4246.666667
658.324845	 	4253.333333
660.765826	 	4260.000000
725.340404	 	4266.666667
668.590422	 	4273.333333
647.052141	 	4280.000000
647.717860	 	4286.666667
595.150250	 	4293.333333
665.780223	 	4300.000000
605.890435	 	4306.666667
619.230455	 	4313.333333
621.470999	 	4320.000000
613.283585	 	4326.666667
600.362730	 	4333.333333
585.488590	 	4340.000000
550.637217	 	4346.666667
540.011530	 	4353.333333
634.918801	 	4360.000000
513.241526	 	4366.666667
570.893409	 	4373.333333
558.875345	 	4380.000000
530.368679	 	4386.666667
520.189759	 	4393.333333
500.031480	 	4400.000000
538.951717	 	4406.666667
500.172624	 	4413.333333
558.335338	 	4420.000000
441.623409	 	4426.666667
463.635346	 	4433.333333
474.166697	 	4440.000000
487.549763	 	4446.666667
465.320919	 	4453.333333
525.991665	 	4460.000000
396.931283	 	4466.666667
435.022040	 	4473.333333
432.885185	 	4480.000000
424.892307	 	4486.666667
461.778689	 	4493.333333
417.601616	 	4500.000000
428.933721	 	4506.666667
475.061377	 	4513.333333
392.562935	 	4520.000000
352.178479	 	4526.666667
375.651099	 	4533.333333
414.464650	 	4540.000000
458.781134	 	4546.666667
411.691601	 	4553.333333
299.296153	 	4560.000000
395.041574	 	4566.666667
348.785791	 	4573.333333
379.945518	 	4580.000000
422.092597	 	4586.666667
328.487178	 	4593.333333
353.281671	 	4600.000000
338.257082	 	4606.666667
402.149527	 	4613.333333
263.285829	 	4620.000000
379.728730	 	4626.666667
313.060968	 	4633.333333
369.053118	 	4640.000000
227.452646	 	4646.666667
426.632854	 	4653.333333
222.261297	 	4660.000000
489.024582	 	4666.666667
258.541403	 	4673.333333
322.202399	 	4680.000000
145.014550	 	4686.666667
407.792786	 	4693.333333
159.224332	 	4700.000000
528.934136	 	4706.666667
215.311499	 	4713.333333
241.450525	 	4720.000000
199.296636	 	4726.666667
303.910698	 	4733.333333
333.817314	 	4740.000000
365.283339	 	4746.666667
158.757097	 	4753.333333
296.351899	 	4760.000000
206.302543	 	4766.666667
201.078864	 	4773.333333
300.914081	 	4780.000000
445.626717	 	4786.666667
158.242251	 	4793.333333
225.530347	 	4800.000000
3.229684	 	4806.666667
367.571936	 	4813.333333
384.322120	 	4820.000000
185.481104	 	4826.666667
153.149013	 	4833.333333
205.558341	 	4840.000000
238.960476	 	4846.666667
298.171423	 	4853.333333
212.927014	 	4860.000000
63.689726	 	4866.666667
286.643906	 	4873.333333
235.864619	 	4880.000000
205.214448	 	4886.666667
172.397426	 	4893.333333
314.412799	 	4900.000000
66.050360	 	4906.666667
132.608776	 	4913.333333
293.673159	 	4920.000000
233.587078	 	4926.666667
106.186250	 	4933.333333
227.723872	 	4940.000000
92.340044	 	4946.666667
275.910994	 	4953.333333
209.325591	 	4960.000000
171.488482	 	4966.666667
142.499766	 	4973.333333
110.232173	 	4980.000000
129.125182	 	4986.666667
366.717941	 	4993.333333
121.741399	 	5000.000000
213.727849	 	5006.666667
54.725407	 	5013.333333
59.850949	 	5020.000000
254.288987	 	5026.666667
289.080520	 	5033.333333
108.936290	 	5040.000000
158.788836	 	5046.666667
23.749746	 	5053.333333
154.435215	 	5060.000000
267.975495	 	5066.666667
172.072647	 	5073.333333
128.008329	 	5080.000000
89.850590	 	5086.666667
78.711767	 	5093.333333
218.084326	 	5100.000000
184.865838	 	5106.666667
123.033440	 	5113.333333
94.586935	 	5120.000000
139.396982	 	5126.666667
145.400708	 	5133.333333
136.098081	 	5140.000000
144.427432	 	5146.666667
98.120896	 	5153.333333
107.249995	 	5160.000000
150.079249	 	5166.666667
138.367259	 	5173.333333
153.060187	 	5180.000000
92.023109	 	5186.666667
73.050007	 	5193.333333
125.150059	 	5200.000000
125.494687	 	5206.666667
144.673919	 	5213.333333
159.299107	 	5220.000000
41.180821	 	5226.666667
111.666839	 	5233.333333
121.744727	 	5240.000000
48.163618	 	5246.666667
135.767639	 	5253.333333
142.551829	 	5260.000000
72.033455	 	5266.666667
121.613659	 	5273.333333
56.340395	 	5280.000000
102.591725	 	5286.666667
138.674273	 	5293.333333
81.032976	 	5300.000000
76.806984	 	5306.666667
130.337668	 	5313.333333
59.827725	 	5320.000000
129.275177	 	5326.666667
84.641588	 	5333.333333
72.825772	 	5340.000000
92.249663	 	5346.666667
111.064758	 	5353.333333
77.021270	 	5360.000000
125.196085	 	5366.666667
59.410778	 	5373.333333
88.440595	 	5380.000000
88.691077	 	5386.666667
74.772282	 	5393.333333
68.219067	 	5400.000000
102.290722	 	5406.666667
81.044810	 	5413.333333
82.762569	 	5420.000000
62.284418	 	5426.666667
70.041572	 	5433.333333
96.068725	 	5440.000000
93.147597	 	5446.666667
62.051842	 	5453.333333
73.785618	 	5460.000000
61.396450	 	5466.666667
79.728505	 	5473.333333
92.539316	 	5480.000000
61.515606	 	5486.666667
54.401079	 	5493.333333
82.750245	 	5500.000000
76.322632	 	5506.666667
70.605514	 	5513.333333
76.989710	 	5520.000000
37.831836	 	5526.666667
61.472090	 	5533.333333
60.671385	 	5540.000000
80.780918	 	5546.666667
71.227472	 	5553.333333
77.250889	 	5560.000000
41.855502	 	5566.666667
52.058204	 	5573.333333
33.671420	 	5580.000000
81.389754	 	5586.666667
68.404899	 	5593.333333
66.606460	 	5600.000000
48.758475	 	5606.666667
75.411920	 	5613.333333
44.585539	 	5620.000000
61.674910	 	5626.666667
40.472584	 	5633.333333
52.868611	 	5640.000000
54.693144	 	5646.666667
69.536653	 	5653.333333
45.219364	 	5660.000000
62.810303	 	5666.666667
31.636089	 	5673.333333
25.338754	 	5680.000000
68.261144	 	5686.666667
85.722960	 	5693.333333
34.115041	 	5700.000000
54.425565	 	5706.666667
14.762659	 	5713.333333
43.781200	 	5720.000000
63.727584	 	5726.666667
67.159085	 	5733.333333
50.385944	 	5740.000000
51.570374	 	5746.666667
-0.193057	 	5753.333333
48.433209	 	5760.000000
46.970386	 	5766.666667
44.572627	 	5773.333333
48.163762	 	5780.000000
59.059749	 	5786.666667
51.258316	 	5793.333333
47.359862	 	5800.000000
4.651257	 	5806.666667
24.229016	 	5813.333333
56.572574	 	5820.000000
65.057533	 	5826.666667
49.738032	 	5833.333333
21.953969	 	5840.000000
28.165079	 	5846.666667
37.998203	 	5853.333333
40.452610	 	5860.000000
52.905204	 	5866.666667
47.789900	 	5873.333333
18.007090	 	5880.000000
35.390997	 	5886.666667
29.177015	 	5893.333333
40.429105	 	5900.000000
35.341935	 	5906.666667
48.279878	 	5913.333333
38.465219	 	5920.000000
39.240714	 	5926.666667
9.800074	 	5933.333333
17.076702	 	5940.000000
32.109191	 	5946.666667
60.281360	 	5953.333333
37.770450	 	5960.000000
15.560271	 	5966.666667
25.767118	 	5973.333333
39.990843	 	5980.000000
21.866600	 	5986.666667
37.099009	 	5993.333333
27.970081	 	6000.000000
35.510808	 	6006.666667
23.285241	 	6013.333333
28.275774	 	6020.000000
35.310579	 	6026.666667
31.531087	 	6033.333333
33.187796	 	6040.000000
25.787345	 	6046.666667
12.712210	 	6053.333333
25.545642	 	6060.000000
45.901090	 	6066.666667
39.150114	 	6073.333333
21.472279	 	6080.000000
6.649710	 	6086.666667
24.054550	 	6093.333333
46.563065	 	6100.000000
26.491782	 	6106.666667
22.725265	 	6113.333333
12.092498	 	6120.000000
25.215425	 	6126.666667
47.956398	 	6133.333333
27.912708	 	6140.000000
1.634248	 	6146.666667
23.741261	 	6153.333333
12.403169	 	6160.000000
40.378253	 	6166.666667
39.711305	 	6173.333333
33.924850	 	6180.000000
13.391053	 	6186.666667
21.249946	 	6193.333333
22.470254	 	6200.000000
31.823058	 	6206.666667
4.724944	 	6213.333333
39.340637	 	6220.000000
34.352333	 	6226.666667
25.378601	 	6233.333333
1.617103	 	6240.000000
12.885831	 	6246.666667
3.132491	 	6253.333333
46.888187	 	6260.000000
34.139419	 	6266.666667
31.605235	 	6273.333333
-0.785390	 	6280.000000
27.980979	 	6286.666667
-1.471262	 	6293.333333
20.263035	 	6300.000000
13.504587	 	6306.666667
33.641447	 	6313.333333
9.121267	 	6320.000000
38.865558	 	6326.666667
5.676719	 	6333.333333
29.757871	 	6340.000000
-13.875614	 	6346.666667
20.366141	 	6353.333333
30.689343	 	6360.000000
44.675057	 	6366.666667
-11.671527	 	6373.333333
13.815133	 	6380.000000
-2.737167	 	6386.666667
30.421762	 	6393.333333
18.084006	 	6400.000000
23.921557	 	6406.666667
5.599713	 	6413.333333
39.538801	 	6420.000000
1.345198	 	6426.666667
12.152592	 	6433.333333
-0.278960	 	6440.000000
36.136586	 	6446.666667
3.649192	 	6453.333333
31.032099	 	6460.000000
6.299682	 	6466.666667
20.551904	 	6473.333333
0.707980	 	6480.000000
23.919432	 	6486.666667
-0.729559	 	6493.333333
33.781225	 	6500.000000
16.724365	 	6506.666667
18.555891	 	6513.333333
-10.488680	 	6520.000000
27.667707	 	6526.666667
6.915101	 	6533.333333
21.890043	 	6540.000000
14.635373	 	6546.666667
29.879095	 	6553.333333
-1.177439	 	6560.000000
16.691225	 	6566.666667
2.144633	 	6573.333333
22.018754	 	6580.000000
21.984044	 	6586.666667
19.620630	 	6593.333333
-13.081681	 	6600.000000
19.729308	 	6606.666667
15.942495	 	6613.333333
16.440085	 	6620.000000
6.918597	 	6626.666667
16.628309	 	6633.333333
13.613169	 	6640.000000
14.737898	 	6646.666667
0.488183	 	6653.333333
15.183942	 	6660.000000
24.883042	 	6666.666667
6.550391	 	6673.333333
7.766483	 	6680.000000
-5.997984	 	6686.666667
1.426164	 	6693.333333
31.548691	 	6700.000000
40.640890	 	6706.666667
-3.572989	 	6713.333333
-14.617415	 	6720.000000
-13.817322	 	6726.666667
30.314318	 	6733.333333
30.662602	 	6740.000000
17.561660	 	6746.666667
1.600361	 	6753.333333
8.034449	 	6760.000000
-11.702941	 	6766.666667
19.224937	 	6773.333333
20.147112	 	6780.000000
11.693177	 	6786.666667
-3.413801	 	6793.333333
22.189407	 	6800.000000
8.560010	 	6806.666667
12.089910	 	6813.333333
0.040277	 	6820.000000
6.342585	 	6826.666667
1.521627	 	6833.333333
28.926251	 	6840.000000
18.566315	 	6846.666667
3.267459	 	6853.333333
-2.311300	 	6860.000000
8.347501	 	6866.666667
5.016651	 	6873.333333
27.519029	 	6880.000000
13.282893	 	6886.666667
1.527762	 	6893.333333
-0.338946	 	6900.000000
6.546885	 	6906.666667
5.091573	 	6913.333333
21.325309	 	6920.000000
16.733156	 	6926.666667
8.511495	 	6933.333333
-3.603549	 	6940.000000
4.071589	 	6946.666667
7.483772	 	6953.333333
22.249613	 	6960.000000
12.110015	 	6966.666667
2.557005	 	6973.333333
-3.753097	 	6980.000000
3.967165	 	6986.666667
12.134822	 	6993.333333
23.638894	 	7000.000000
10.047292	 	7006.666667
2.989510	 	7013.333333
-3.109821	 	7020.000000
8.781953	 	7026.666667
13.121240	 	7033.333333
11.665347	 	7040.000000
17.636701	 	7046.666667
7.082106	 	7053.333333
-11.795255	 	7060.000000
-1.129532	 	7066.666667
23.450594	 	7073.333333
1.931901	 	7080.000000
15.166682	 	7086.666667
20.064622	 	7093.333333
4.599438	 	7100.000000
-4.470711	 	7106.666667
-3.502256	 	7113.333333
4.866769	 	7120.000000
28.114009	 	7126.666667
18.844152	 	7133.333333
-3.059666	 	7140.000000
-11.583480	 	7146.666667
-11.284426	 	7153.333333
14.268832	 	7160.000000
36.258836	 	7166.666667
9.679892	 	7173.333333
-6.043142	 	7180.000000
-3.404740	 	7186.666667
-1.245264	 	7193.333333
17.823927	 	7200.000000
16.352205	 	7206.666667
-3.758255	 	7213.333333
-0.549879	 	7220.000000
9.005823	 	7226.666667
11.273606	 	7233.333333
7.945006	 	7240.000000
-4.434390	 	7246.666667
-2.228244	 	7253.333333
16.187994	 	7260.000000
12.947125	 	7266.666667
11.992802	 	7273.333333
-5.966484	 	7280.000000
0.895660	 	7286.666667
9.044407	 	7293.333333
9.962904	 	7300.000000
4.509924	 	7306.666667
9.309910	 	7313.333333
0.600297	 	7320.000000
12.617683	 	7326.666667
11.181821	 	7333.333333
-3.436358	 	7340.000000
-6.313470	 	7346.666667
12.126659	 	7353.333333
25.547526	 	7360.000000
8.728658	 	7366.666667
-5.399787	 	7373.333333
-5.999567	 	7380.000000
7.884003	 	7386.666667
11.765603	 	7393.333333
18.179137	 	7400.000000
10.141713	 	7406.666667
-0.766750	 	7413.333333
-3.585814	 	7420.000000
0.861688	 	7426.666667
9.599305	 	7433.333333
8.779675	 	7440.000000
3.613007	 	7446.666667
16.710805	 	7453.333333
2.468007	 	7460.000000
-14.169599	 	7466.666667
1.003990	 	7473.333333
9.234605	 	7480.000000
13.710544	 	7486.666667
21.173307	 	7493.333333
-9.771163	 	7500.000000
-8.792539	 	7506.666667
5.785809	 	7513.333333
10.097143	 	7520.000000
-6.600213	 	7526.666667
14.768922	 	7533.333333
8.437450	 	7540.000000
0.063359	 	7546.666667
-9.220893	 	7553.333333
2.626270	 	7560.000000
-8.488438	 	7566.666667
14.399995	 	7573.333333
11.229727	 	7580.000000
-0.522756	 	7586.666667
-4.450874	 	7593.333333
12.498148	 	7600.000000
3.518855	 	7606.666667
1.127016	 	7613.333333
-7.101173	 	7620.000000
5.269832	 	7626.666667
7.763561	 	7633.333333
13.052397	 	7640.000000
6.926980	 	7646.666667
-8.087218	 	7653.333333
-6.293169	 	7660.000000
18.071064	 	7666.666667
11.414683	 	7673.333333
9.457340	 	7680.000000
-8.823343	 	7686.666667
-3.148391	 	7693.333333
10.042015	 	7700.000000
12.968263	 	7706.666667
-5.474006	 	7713.333333
7.770404	 	7720.000000
-2.148390	 	7726.666667
7.092083	 	7733.333333
18.236241	 	7740.000000
5.181946	 	7746.666667
-23.599441	 	7753.333333
2.103516	 	7760.000000
3.285167	 	7766.666667
23.819604	 	7773.333333
11.793084	 	7780.000000
-0.259795	 	7786.666667
-23.652488	 	7793.333333
5.729206	 	7800.000000
5.476745	 	7806.666667
26.019821	 	7813.333333
-9.352667	 	7820.000000
6.815033	 	7826.666667
-2.968679	 	7833.333333
9.970437	 	7840.000000
-1.751035	 	7846.666667
2.196627	 	7853.333333
-11.748560	 	7860.000000
12.122227	 	7866.666667
5.168628	 	7873.333333
11.524219	 	7880.000000
-14.305206	 	7886.666667
7.537549	 	7893.333333
0.420013	 	7900.000000
1.799664	 	7906.666667
3.951571	 	7913.333333
12.259912	 	7920.000000
2.381744	 	7926.666667
-6.635737	 	7933.333333
-3.061903	 	7940.000000
-0.838887	 	7946.666667
7.235855	 	7953.333333
11.518781	 	7960.000000
5.091381	 	7966.666667
-9.645026	 	7973.333333
6.125132	 	7980.000000
-3.718893	 	7986.666667
-4.277030	 	7993.333333
-6.376635	 	8000.000000
22.175545	 	8006.666667
15.132551	 	8013.333333
-1.922408	 	8020.000000
-23.762971	 	8026.666667
-5.839205	 	8033.333333
8.278964	 	8040.000000
12.608783	 	8046.666667
5.810336	 	8053.333333
-4.098058	 	8060.000000
7.909311	 	8066.666667
4.136088	 	8073.333333
-3.457156	 	8080.000000
-10.487324	 	8086.666667
-4.730243	 	8093.333333
18.453938	 	8100.000000
3.808419	 	8106.666667
-3.934741	 	8113.333333
9.987584	 	8120.000000
-0.127907	 	8126.666667
-10.011259	 	8133.333333
7.699657	 	8140.000000
-3.166978	 	8146.666667
2.755597	 	8153.333333
10.612997	 	8160.000000
9.611965	 	8166.666667
-4.679230	 	8173.333333
2.004631	 	8180.000000
-3.577544	 	8186.666667
-5.888705	 	8193.333333
-4.802178	 	8200.000000
20.240403	 	8206.666667
8.366279	 	8213.333333
8.730875	 	8220.000000
-17.952410	 	8226.666667
-1.911602	 	8233.333333
3.927528	 	8240.000000
-6.552376	 	8246.666667
2.647027	 	8253.333333
19.445531	 	8260.000000
-9.464864	 	8266.666667
8.371169	 	8273.333333
3.072329	 	8280.000000
-11.806935	 	8286.666667
4.624905	 	8293.333333
3.274430	 	8300.000000
-6.283988	 	8306.666667
-2.209404	 	8313.333333
0.246749	 	8320.000000
9.514944	 	8326.666667
6.724973	 	8333.333333
-0.180383	 	8340.000000
-10.871743	 	8346.666667
-4.016455	 	8353.333333
-1.748806	 	8360.000000
11.096316	 	8366.666667
11.014838	 	8373.333333
2.259639	 	8380.000000
-7.134659	 	8386.666667
6.094085	 	8393.333333
-7.336365	 	8400.000000
-2.955067	 	8406.666667
-8.625977	 	8413.333333
6.335391	 	8420.000000
11.472511	 	8426.666667
21.657332	 	8433.333333
-19.419281	 	8440.000000
-7.090881	 	8446.666667
-6.429145	 	8453.333333
4.896271	 	8460.000000
-0.806956	 	8466.666667
27.197753	 	8473.333333
-10.103328	 	8480.000000
-9.930028	 	8486.666667
-12.205487	 	8493.333333
29.303297	 	8500.000000
-1.605188	 	8506.666667
12.975418	 	8513.333333
-17.914091	 	8520.000000
-6.748364	 	8526.666667
0.515435	 	8533.333333
21.061493	 	8540.000000
-8.004385	 	8546.666667
-13.511444	 	8553.333333
2.333370	 	8560.000000
16.120175	 	8566.666667
-9.485789	 	8573.333333
0.834621	 	8580.000000
2.908742	 	8586.666667
8.830421	 	8593.333333
-7.801969	 	8600.000000
-4.845789	 	8606.666667
-1.272602	 	8613.333333
7.005408	 	8620.000000
-2.620980	 	8626.666667
3.930899	 	8633.333333
2.295935	 	8640.000000
7.852085	 	8646.666667
-3.621011	 	8653.333333
-5.533183	 	8660.000000
1.167560	 	8666.666667
14.120253	 	8673.333333
1.144406	 	8680.000000
-5.832633	 	8686.666667
-3.282899	 	8693.333333
12.801500	 	8700.000000
1.597399	 	8706.666667
-10.636242	 	8713.333333
3.688637	 	8720.000000
5.535552	 	8726.666667
12.615441	 	8733.333333
7.139166	 	8740.000000
-12.498576	 	8746.666667
-13.719956	 	8753.333333
1.032762	 	8760.000000
1.495093	 	8766.666667
11.557684	 	8773.333333
3.093995	 	8780.000000
6.237692	 	8786.666667
-20.859063	 	8793.333333
-6.528059	 	8800.000000
0.584858	 	8806.666667
26.787898	 	8813.333333
-3.989044	 	8820.000000
-4.895216	 	8826.666667
-22.554791	 	8833.333333
14.933761	 	8840.000000
2.500183	 	8846.666667
15.746865	 	8853.333333
-10.437264	 	8860.000000
-2.033838	 	8866.666667
-13.199416	 	8873.333333
14.159386	 	8880.000000
-21.732843	 	8886.666667
13.820546	 	8893.333333
0.404963	 	8900.000000
6.899188	 	8906.666667
-4.096679	 	8913.333333
-1.257960	 	8920.000000
-16.492274	 	8926.666667
19.082248	 	8933.333333
5.589370	 	8940.000000
1.423992	 	8946.666667
-13.123653	 	8953.333333
-3.314596	 	8960.000000
-19.032900	 	8966.666667
19.271675	 	8973.333333
18.219374	 	8980.000000
-8.075205	 	8986.666667
-22.250836	 	8993.333333
18.514458	 	9000.000000
7.144434	 	9006.666667
3.832644	 	9013.333333
-18.203787	 	9020.000000
-3.604939	 	9026.666667
-5.846297	 	9033.333333
6.796685	 	9040.000000
18.331890	 	9046.666667
-4.142277	 	9053.333333
-18.376845	 	9060.000000
4.676910	 	9066.666667
5.464891	 	9073.333333
2.807259	 	9080.000000
-1.326958	 	9086.666667
-6.357082	 	9093.333333
0.269441	 	9100.000000
8.922680	 	9106.666667
1.251147	 	9113.333333
-4.393609	 	9120.000000
-17.008377	 	9126.666667
7.103857	 	9133.333333
9.135926	 	9140.000000
8.982820	 	9146.666667
-3.338049	 	9153.333333
-14.169161	 	9160.000000
-10.552574	 	9166.666667
-4.137057	 	9173.333333
8.749200	 	9180.000000
8.559959	 	9186.666667
-3.260022	 	9193.333333
-0.111879	 	9200.000000
7.741953	 	9206.666667
-18.945341	 	9213.333333
-6.903239	 	9220.000000
7.584491	 	9226.666667
2.283688	 	9233.333333
-9.513486	 	9240.000000
3.335435	 	9246.666667
2.280129	 	9253.333333
6.806484	 	9260.000000
-2.595505	 	9266.666667
-8.686566	 	9273.333333
-9.720790	 	9280.000000
12.823623	 	9286.666667
-1.597559	 	9293.333333
-9.297643	 	9300.000000
-4.499199	 	9306.666667
9.772241	 	9313.333333
9.266400	 	9320.000000
0.162468	 	9326.666667
-12.404914	 	9333.333333
-13.796110	 	9340.000000
-0.709938	 	9346.666667
20.113880	 	9353.333333
9.935975	 	9360.000000
-10.388259	 	9366.666667
-20.281492	 	9373.333333
-3.848253	 	9380.000000
8.887546	 	9386.666667
12.110060	 	9393.333333
4.836491	 	9400.000000
-0.074535	 	9406.666667
-6.402585	 	9413.333333
-22.164148	 	9420.000000
1.325973	 	9426.666667
12.527677	 	9433.333333
15.396407	 	9440.000000
2.429800	 	9446.666667
-1.061244	 	9453.333333
-18.468293	 	9460.000000
-4.915259	 	9466.666667
2.328859	 	9473.333333
6.393965	 	9480.000000
5.762662	 	9486.666667
9.968888	 	9493.333333
-18.874924	 	9500.000000
4.810417	 	9506.666667
-0.917804	 	9513.333333
3.877813	 	9520.000000
-12.157767	 	9526.666667
0.459928	 	9533.333333
-10.260540	 	9540.000000
13.969080	 	9546.666667
2.801799	 	9553.333333
0.262042	 	9560.000000
-15.958007	 	9566.666667
-0.228030	 	9573.333333
-1.778780	 	9580.000000
1.365415	 	9586.666667
0.536529	 	9593.333333
5.819510	 	9600.000000
-0.704323	 	9606.666667
-7.392478	 	9613.333333
-6.106606	 	9620.000000
-7.909798	 	9626.666667
21.381850	 	9633.333333
13.352087	 	9640.000000
-17.759706	 	9646.666667
-18.627236	 	9653.333333
1.969108	 	9660.000000
7.728996	 	9666.666667
9.785127	 	9673.333333
3.011140	 	9680.000000
-11.706468	 	9686.666667
1.841882	 	9693.333333
-2.848706	 	9700.000000
-8.955119	 	9706.666667
-5.367351	 	9713.333333
11.002397	 	9720.000000
5.570861	 	9726.666667
-0.437201	 	9733.333333
-12.817352	 	9740.000000
-10.963904	 	9746.666667
3.498670	 	9753.333333
15.834548	 	9760.000000
-2.719738	 	9766.666667
0.919940	 	9773.333333
-10.667187	 	9780.000000
-10.151450	 	9786.666667
-0.078494	 	9793.333333
10.971081	 	9800.000000
-10.859115	 	9806.666667
3.690777	 	9813.333333
-4.522329	 	9820.000000
6.697404	 	9826.666667
-2.541820	 	9833.333333
4.482899	 	9840.000000
-14.058696	 	9846.666667
4.568208	 	9853.333333
-7.772729	 	9860.000000
3.257384	 	9866.666667
-8.732735	 	9873.333333
6.478071	 	9880.000000
1.143624	 	9886.666667
2.424023	 	9893.333333
-8.610888	 	9900.000000
-9.969418	 	9906.666667
-10.649596	 	9913.333333
13.212633	 	9920.000000
5.060506	 	9926.666667
2.744681	 	9933.333333
-9.214983	 	9940.000000
-1.714467	 	9946.666667
-13.357117	 	9953.333333
6.274637	 	9960.000000
2.732554	 	9966.666667
1.697983	 	9973.333333
-5.566618	 	9980.000000
-3.572065	 	9986.666667
-11.789085	 	9993.333333
1.788907	 	10000.000000
-8.201723	 	10006.666667
8.698483	 	10013.333333
7.603658	 	10020.000000
2.965304	 	10026.666667
-5.628245	 	10033.333333
-7.564833	 	10040.000000
-16.578087	 	10046.666667
3.540666	 	10053.333333
-1.502661	 	10060.000000
2.801613	 	10066.666667
-3.417239	 	10073.333333
2.581117	 	10080.000000
-0.415253	 	10086.666667
1.269490	 	10093.333333
-9.954337	 	10100.000000
-3.279827	 	10106.666667
3.532833	 	10113.333333
-2.022576	 	10120.000000
-1.720102	 	10126.666667
-0.564176	 	10133.333333
3.833235	 	10140.000000
-11.384690	 	10146.666667
1.195177	 	10153.333333
-10.183035	 	10160.000000
-2.906496	 	10166.666667
12.276849	 	10173.333333
9.421945	 	10180.000000
-15.291942	 	10186.666667
-5.160973	 	10193.333333
-1.602368	 	10200.000000
3.985860	 	10206.666667
5.454740	 	10213.333333
3.455854	 	10220.000000
-6.874586	 	10226.666667
-5.923654	 	10233.333333
-13.378754	 	10240.000000
7.837526	 	10246.666667
7.286803	 	10253.333333
-3.369181	 	10260.000000
-6.593327	 	10266.666667
2.857978	 	10273.333333
-0.637127	 	10280.000000
-5.344837	 	10286.666667
-5.611420	 	10293.333333
2.888277	 	10300.000000
-2.544385	 	10306.666667
14.125875	 	10313.333333
-6.444377	 	10320.000000
-17.385118	 	10326.666667
-3.503733	 	10333.333333
8.040432	 	10340.000000
-4.303721	 	10346.666667
2.581405	 	10353.333333
1.745145	 	10360.000000
-4.853809	 	10366.666667
-1.169958	 	10373.333333
0.214678	 	10380.000000
-8.258065	 	10386.666667
-5.963900	 	10393.333333
5.688776	 	10400.000000
3.508519	 	10406.666667
-11.339626	 	10413.333333
-1.460923	 	10420.000000
1.680572	 	10426.666667
-4.960594	 	10433.333333
-1.488730	 	10440.000000
-8.290675	 	10446.666667
6.125279	 	10453.333333
0.718254	 	10460.000000
-12.507593	 	10466.666667
-16.986021	 	10473.333333
11.783473	 	10480.000000
1.424916	 	10486.666667
5.331713	 	10493.333333
-7.540275	 	10500.000000
-4.595044	 	10506.666667
-12.269702	 	10513.333333
2.971611	 	10520.000000
-5.102959	 	10526.666667
7.593008	 	10533.333333
-4.503084	 	10540.000000
2.663113	 	10546.666667
-2.962835	 	10553.333333
6.077028	 	10560.000000
-18.524822	 	10566.666667
-13.488535	 	10573.333333
-1.895885	 	10580.000000
9.053659	 	10586.666667
6.827064	 	10593.333333
13.481340	 	10600.000000
-15.951779	 	10606.666667
-9.689068	 	10613.333333
-12.516103	 	10620.000000
6.040176	 	10626.666667
3.791147	 	10633.333333
-0.542944	 	10640.000000
-15.167530	 	10646.666667
15.555951	 	10653.333333
-6.883282	 	10660.000000
-4.499329	 	10666.666667
-4.977139	 	10673.333333
2.390411	 	10680.000000
-0.204564	 	10686.666667
-3.124484	 	10693.333333
-20.348013	 	10700.000000
3.957458	 	10706.666667
10.309598	 	10713.333333
8.363422	 	10720.000000
-2.825995	 	10726.666667
-21.146262	 	10733.333333
-18.601900	 	10740.000000
5.291026	 	10746.666667
26.256808	 	10753.333333
8.600572	 	10760.000000
-24.280495	 	10766.666667
-30.638373	 	10773.333333
3.848144	 	10780.000000
19.389221	 	10786.666667
1.552073	 	10793.333333
-13.881938	 	10800.000000
-9.301665	 	10806.666667
18.147673	 	10813.333333
-1.270266	 	10820.000000
-5.823216	 	10826.666667
-16.951349	 	10833.333333
-6.495568	 	10840.000000
-2.872482	 	10846.666667
15.637986	 	10853.333333
-4.012681	 	10860.000000
2.526841	 	10866.666667
-7.964085	 	10873.333333
-9.993708	 	10880.000000
-8.564848	 	10886.666667
6.173789	 	10893.333333
6.670752	 	10900.000000
6.441004	 	10906.666667
-7.161640	 	10913.333333
-22.338944	 	10920.000000
-1.895605	 	10926.666667
7.012935	 	10933.333333
10.413241	 	10940.000000
-0.598867	 	10946.666667
-5.678848	 	10953.333333
-21.240403	 	10960.000000
0.381362	 	10966.666667
-6.300670	 	10973.333333
6.454443	 	10980.000000
9.269852	 	10986.666667
1.577265	 	10993.333333
-19.071558	 	11000.000000
1.836929	 	11006.666667
-7.076212	 	11013.333333
9.284797	 	11020.000000
-7.487816	 	11026.666667
6.690883	 	11033.333333
-1.532985	 	11040.000000
4.535042	 	11046.666667
-24.481962	 	11053.333333
8.155813	 	11060.000000
-2.152800	 	11066.666667
8.660511	 	11073.333333
-13.546065	 	11080.000000
-5.611083	 	11086.666667
-8.833161	 	11093.333333
10.640259	 	11100.000000
-15.992103	 	11106.666667
9.522122	 	11113.333333
5.970730	 	11120.000000
0.455607	 	11126.666667
-19.462634	 	11133.333333
-2.601892	 	11140.000000
-7.463075	 	11146.666667
8.178337	 	11153.333333
4.388267	 	11160.000000
-6.664649	 	11166.666667
-9.255986	 	11173.333333
8.126643	 	11180.000000
-2.498192	 	11186.666667
-14.694807	 	11193.333333
-8.924455	 	11200.000000
4.563710	 	11206.666667
7.670852	 	11213.333333
8.722190	 	11220.000000
-15.969681	 	11226.666667
-15.838219	 	11233.333333
-1.761196	 	11240.000000
10.477080	 	11246.666667
11.991856	 	11253.333333
0.784455	 	11260.000000
-19.767286	 	11266.666667
-14.499859	 	11273.333333
2.457612	 	11280.000000
5.320400	 	11286.666667
2.026952	 	11293.333333
-5.705224	 	11300.000000
-1.565885	 	11306.666667
2.103276	 	11313.333333
-5.245273	 	11320.000000
-13.246421	 	11326.666667
3.864176	 	11333.333333
4.952100	 	11340.000000
9.174300	 	11346.666667
-2.887081	 	11353.333333
-15.101609	 	11360.000000
-8.349004	 	11366.666667
13.521175	 	11373.333333
-16.258651	 	11380.000000
-1.526928	 	11386.666667
-5.637694	 	11393.333333
7.124811	 	11400.000000
-4.791907	 	11406.666667
10.101195	 	11413.333333
-18.176886	 	11420.000000
-12.835064	 	11426.666667
-1.103620	 	11433.333333
16.175473	 	11440.000000
-10.423236	 	11446.666667
-8.061543	 	11453.333333
-12.490601	 	11460.000000
14.617896	 	11466.666667
-2.512448	 	11473.333333
-5.484981	 	11480.000000
-8.262218	 	11486.666667
-1.814590	 	11493.333333
-7.385370	 	11500.000000
12.564035	 	11506.666667
0.211162	 	11513.333333
-11.733260	 	11520.000000
-30.819142	 	11526.666667
6.583627	 	11533.333333
15.961742	 	11540.000000
9.363236	 	11546.666667
-10.870214	 	11553.333333
-7.647911	 	11560.000000
-6.842658	 	11566.666667
3.630173	 	11573.333333
-8.923605	 	11580.000000
-6.152305	 	11586.666667
14.511773	 	11593.333333
1.062793	 	11600.000000
-20.300317	 	11606.666667
1.324740	 	11613.333333
2.626156	 	11620.000000
4.300955	 	11626.666667
4.792043	 	11633.333333
-12.943564	 	11640.000000
-16.250814	 	11646.666667
0.574982	 	11653.333333
8.515752	 	11660.000000
3.001784	 	11666.666667
-4.614265	 	11673.333333
1.978453	 	11680.000000
-9.334044	 	11686.666667
-22.550991	 	11693.333333
-15.919826	 	11700.000000
23.255106	 	11706.666667
35.718410	 	11713.333333
2.757001	 	11720.000000
-40.362609	 	11726.666667
-22.088093	 	11733.333333
-8.344976	 	11740.000000
2.237520	 	11746.666667
12.962749	 	11753.333333
26.590478	 	11760.000000
-15.366729	 	11766.666667
-23.519389	 	11773.333333
-19.305007	 	11780.000000
21.820136	 	11786.666667
-2.796389	 	11793.333333
-4.706273	 	11800.000000
1.112696	 	11806.666667
13.835102	 	11813.333333
-12.273402	 	11820.000000
-7.531407	 	11826.666667
-15.657263	 	11833.333333
3.989623	 	11840.000000
-5.390779	 	11846.666667
1.298735	 	11853.333333
18.140057	 	11860.000000
12.705228	 	11866.666667
-30.381037	 	11873.333333
-23.770028	 	11880.000000
2.511401	 	11886.666667
10.912889	 	11893.333333
2.037173	 	11900.000000
-1.600040	 	11906.666667
15.145527	 	11913.333333
-19.932514	 	11920.000000
-23.737629	 	11926.666667
1.003828	 	11933.333333
6.202486	 	11940.000000
-0.714102	 	11946.666667
32.344373	 	11953.333333
-25.431066	 	11960.000000
-21.024130	 	11966.666667
-20.215972	 	11973.333333
20.305995	 	11980.000000
6.548882	 	11986.666667
17.467948	 	11993.333333
-18.705432	 	12000.000000
-6.500542	 	12006.666667
-34.989152	 	12013.333333
-55.423246	 	12020.000000
119.435120	 	12026.666667
53.875578	 	12033.333333
-146.196332	 	12040.000000
-18.218261	 	12046.666667
141.209014	 	12053.333333
-87.332652	 	12060.000000
-68.331088	 	12066.666667
-36.439854	 	12073.333333
196.329711	 	12080.000000
17.414232	 	12086.666667
-206.660654	 	12093.333333
140.392353	 	12100.000000
-13.420736	 	12106.666667
-106.915823	 	12113.333333
-102.405541	 	12120.000000
153.159030	 	12126.666667
253.897630	 	12133.333333
-189.481030	 	12140.000000
-227.268465	 	12146.666667
26.896001	 	12153.333333
223.109782	 	12160.000000
-1.525832	 	12166.666667
-168.810149	 	12173.333333
108.024669	 	12180.000000
-11.184289	 	12186.666667
-84.068865	 	12193.333333
-180.069697	 	12200.000000
314.982725	 	12206.666667
194.601864	 	12213.333333
-220.786782	 	12220.000000
-243.117895	 	12226.666667
19.006295	 	12233.333333
-49.933056	 	12240.000000
185.743032	 	12246.666667
447.060795	 	12253.333333
-265.676189	 	12260.000000
-384.720390	 	12266.666667
-60.212013	 	12273.333333
158.797010	 	12280.000000
45.038308	 	12286.666667
249.675079	 	12293.333333
-12.454314	 	12300.000000
-361.475297	 	12306.666667
23.754609	 	12313.333333
134.442337	 	12320.000000
237.751085	 	12326.666667
-462.909154	 	12333.333333
-99.070366	 	12340.000000
383.110570	 	12346.666667
506.512774	 	12353.333333
-494.972728	 	12360.000000
-540.977195	 	12366.666667
-95.307441	 	12373.333333
973.542430	 	12380.000000
-564.796777	 	12386.666667
147.478603	 	12393.333333
540.339355	 	12400.000000
-314.913710	 	12406.666667
-854.064759	 	12413.333333
-278.767438	 	12420.000000
1286.208182	 	12426.666667
-29.750538	 	12433.333333
-284.828481	 	12440.000000
118.060599	 	12446.666667
-146.484931	 	12453.333333
-498.165024	 	12460.000000
-488.485268	 	12466.666667
916.402374	 	12473.333333
892.324722	 	12480.000000
-819.317791	 	12486.666667
-211.367054	 	12493.333333
-94.696386	 	12500.000000
425.503496	 	12506.666667
-280.846390	 	12513.333333
-507.923576	 	12520.000000
432.171491	 	12526.666667
451.140690	 	12533.333333
-785.099992	 	12540.000000
1182.559673	 	12546.666667
-736.547832	 	12553.333333
66.225197	 	12560.000000
-724.674592	 	12566.666667
1133.326664	 	12573.333333
-475.620676	 	12580.000000
-853.813345	 	12586.666667
1223.539400	 	12593.333333
-57.209714	 	12600.000000
-171.448006	 	12606.666667
-383.858445	 	12613.333333
-95.509677	 	12620.000000
455.515272	 	12626.666667
-262.209538	 	12633.333333
98.576749	 	12640.000000
207.255668	 	12646.666667
-614.089465	 	12653.333333
391.119747	 	12660.000000
100.986384	 	12666.666667
78.683937	 	12673.333333
-673.900200	 	12680.000000
850.315527	 	12686.666667
-618.502671	 	12693.333333
261.970846	 	12700.000000
18.259841	 	12706.666667
651.801113	 	12713.333333
-661.653173	 	12720.000000
-589.863160	 	12726.666667
-219.705725	 	12733.333333
457.903592	 	12740.000000
1220.743174	 	12746.666667
-596.068770	 	12753.333333
-622.863174	 	12760.000000
700.569242	 	12766.666667
-160.395070	 	12773.333333
-932.677286	 	12780.000000
-999.470711	 	12786.666667
3043.606185	 	12793.333333
-852.139459	 	12800.000000
-785.015429	 	12806.666667
-255.433829	 	12813.333333
1405.615520	 	12820.000000
-997.409206	 	12826.666667
-976.840878	 	12833.333333
-611.115403	 	12840.000000
3668.264993	 	12846.666667
-957.265730	 	12853.333333
-959.881331	 	12860.000000
-998.064858	 	12866.666667
-956.198915	 	12873.333333
2456.454393	 	12880.000000
-928.682731	 	12886.666667
1836.631381	 	12893.333333
-983.172103	 	12900.000000
-999.529406	 	12906.666667
-401.497455	 	12913.333333
645.029783	 	12920.000000
-999.010383	 	12926.666667
2859.027485	 	12933.333333
-930.687787	 	12940.000000
-972.715133	 	12946.666667
-557.680572	 	12953.333333
1148.948775	 	12960.000000
-935.008286	 	12966.666667
1211.451679	 	12973.333333
-994.776871	 	12980.000000
900.929456	 	12986.666667
460.579383	 	12993.333333
-994.529713	 	13000.000000
-926.688397	 	13006.666667
-740.874085	 	13013.333333
3676.344850	 	13020.000000
-999.578455	 	13026.666667
-982.149934	 	13033.333333
-999.872397	 	13040.000000
2435.259116	 	13046.666667
-997.209024	 	13053.333333
-994.713789	 	13060.000000
1447.350075	 	13066.666667
-986.623936	 	13073.333333
-999.992377	 	13080.000000
2040.360970	 	13086.666667
1132.565289	 	13093.333333
-999.564945	 	13100.000000
-999.916745	 	13106.666667
-998.797598	 	13113.333333
-914.013527	 	13120.000000
2825.277922	 	13126.666667
1224.213314	 	13133.333333
-994.128277	 	13140.000000
-608.202178	 	13146.666667
-999.934993	 	13153.333333
-999.998730	 	13160.000000
2263.280043	 	13166.666667
-380.761093	 	13173.333333
1142.652230	 	13180.000000
-999.998730	 	13186.666667
-726.217765	 	13193.333333
-999.400776	 	13200.000000
-999.998711	 	13206.666667
-999.998730	 	13213.333333
7137.350332	 	13220.000000
-999.998730	 	13226.666667
-999.998730	 	13233.333333
-999.998732	 	13240.000000
-999.998730	 	13246.666667
-999.998731	 	13253.333333
-999.998747	 	13260.000000
-999.998756	 	13266.666667
-999.998747	 	13273.333333
-999.998742	 	13280.000000
-999.998795	 	13286.666667
-999.998838	 	13293.333333
-999.998868	 	13300.000000
-999.998963	 	13306.666667
-999.999005	 	13313.333333
-999.998890	 	13320.000000
-999.998972	 	13326.666667
