#peak 	 	#time 
-999.998992	 	0.000000
-999.999017	 	6.666667
-999.999369	 	13.333333
-999.999182	 	20.000000
-999.999098	 	26.666667
-999.999399	 	33.333333
-999.999295	 	40.000000
-999.999820	 	46.666667
-999.999066	 	53.333333
-999.999516	 	60.000000
-1000.000000	 	66.666667
-1000.000000	 	73.333333
-1000.000000	 	80.000000
-1000.000000	 	86.666667
-1000.000000	 	93.333333
34378.120441	 	100.000000
-999.998812	 	106.666667
-999.998820	 	113.333333
-999.998816	 	120.000000
-999.998829	 	126.666667
-999.998822	 	133.333333
-999.998818	 	140.000000
-999.998802	 	146.666667
-999.998809	 	153.333333
-999.998802	 	160.000000
-999.998810	 	166.666667
-999.998808	 	173.333333
-999.998806	 	180.000000
-999.998802	 	186.666667
-999.998802	 	193.333333
-999.998801	 	200.000000
-999.948541	 	206.666667
4643.948096	 	213.333333
794.299724	 	220.000000
-726.190926	 	226.666667
-712.640068	 	233.333333
-211.132567	 	240.000000
155.857919	 	246.666667
-13.692756	 	253.333333
22.244046	 	260.000000
-384.529989	 	266.666667
-209.987360	 	273.333333
553.664102	 	280.000000
60.368161	 	286.666667
-188.533604	 	293.333333
-47.569083	 	300.000000
-28.862503	 	306.666667
206.090347	 	313.333333
-81.570936	 	320.000000
-236.805013	 	326.666667
-102.713943	 	333.333333
-1.205091	 	340.000000
108.333514	 	346.666667
199.517406	 	353.333333
63.301623	 	360.000000
-272.007491	 	366.666667
-313.683306	 	373.333333
377.456740	 	380.000000
250.939255	 	386.666667
-246.877464	 	393.333333
-195.341531	 	400.000000
-91.566499	 	406.666667
172.051125	 	413.333333
136.577692	 	420.000000
-117.675266	 	426.666667
122.293095	 	433.333333
-21.356532	 	440.000000
-120.738282	 	446.666667
-12.566711	 	453.333333
-20.355205	 	460.000000
165.907177	 	466.666667
111.158871	 	473.333333
-95.143911	 	480.000000
108.068294	 	486.666667
-106.759482	 	493.333333
-69.912998	 	500.000000
104.682357	 	506.666667
12.509819	 	513.333333
15.238547	 	520.000000
53.695743	 	526.666667
-12.086565	 	533.333333
-203.039073	 	540.000000
-161.648583	 	546.666667
110.384993	 	553.333333
154.670715	 	560.000000
231.653238	 	566.666667
5.699206	 	573.333333
-251.039298	 	580.000000
-4.706894	 	586.666667
-35.719124	 	593.333333
136.841561	 	600.000000
175.717186	 	606.666667
-159.301327	 	613.333333
-249.088739	 	620.000000
-46.766177	 	626.666667
135.606268	 	633.333333
313.704725	 	640.000000
45.538168	 	646.666667
-110.864785	 	653.333333
-244.187251	 	660.000000
-62.543950	 	666.666667
-0.442269	 	673.333333
100.354976	 	680.000000
45.771361	 	686.666667
131.148246	 	693.333333
5.977127	 	700.000000
-60.275780	 	706.666667
-193.955574	 	713.333333
70.100631	 	720.000000
84.010519	 	726.666667
62.296389	 	733.333333
-85.776318	 	740.000000
-2.671383	 	746.666667
34.406751	 	753.333333
-17.690059	 	760.000000
-73.752773	 	766.666667
48.780677	 	773.333333
-40.283687	 	780.000000
57.578631	 	786.666667
70.273726	 	793.333333
-86.840347	 	800.000000
-44.399272	 	806.666667
59.402054	 	813.333333
50.728147	 	820.000000
-0.891797	 	826.666667
-114.814936	 	833.333333
53.602000	 	840.000000
124.317967	 	846.666667
-74.754757	 	853.333333
-122.638658	 	860.000000
40.284464	 	866.666667
100.950139	 	873.333333
47.851952	 	880.000000
-99.081005	 	886.666667
-15.964575	 	893.333333
-43.183654	 	900.000000
-1.766587	 	906.666667
106.973436	 	913.333333
76.968543	 	920.000000
-7.336799	 	926.666667
-112.533272	 	933.333333
-89.864160	 	940.000000
38.156738	 	946.666667
62.994745	 	953.333333
94.355835	 	960.000000
-10.646798	 	966.666667
-109.509199	 	973.333333
-0.067916	 	980.000000
75.755791	 	986.666667
20.528993	 	993.333333
-66.984345	 	1000.000000
-68.727373	 	1006.666667
31.954176	 	1013.333333
65.006031	 	1020.000000
31.452450	 	1026.666667
7.995542	 	1033.333333
-31.949731	 	1040.000000
-62.044020	 	1046.666667
-49.712163	 	1053.333333
73.809612	 	1060.000000
108.559405	 	1066.666667
-26.776165	 	1073.333333
-96.161266	 	1080.000000
-11.882955	 	1086.666667
33.208737	 	1093.333333
45.935271	 	1100.000000
-12.851605	 	1106.666667
-6.303741	 	1113.333333
3.446414	 	1120.000000
-4.155779	 	1126.666667
2.680635	 	1133.333333
10.884878	 	1140.000000
-42.621901	 	1146.666667
-4.126142	 	1153.333333
9.926314	 	1160.000000
51.861177	 	1166.666667
9.628978	 	1173.333333
-31.935043	 	1180.000000
-22.645739	 	1186.666667
11.023820	 	1193.333333
8.485393	 	1200.000000
24.109883	 	1206.666667
-21.262047	 	1213.333333
-19.221557	 	1220.000000
4.928075	 	1226.666667
41.838621	 	1233.333333
-9.590656	 	1240.000000
-33.158412	 	1246.666667
5.545935	 	1253.333333
29.591807	 	1260.000000
4.040351	 	1266.666667
1.842410	 	1273.333333
-3.022560	 	1280.000000
-20.959418	 	1286.666667
-27.435216	 	1293.333333
11.883131	 	1300.000000
41.611623	 	1306.666667
5.559286	 	1313.333333
-26.150278	 	1320.000000
-36.131835	 	1326.666667
39.420567	 	1333.333333
18.320750	 	1340.000000
-9.759397	 	1346.666667
-12.232677	 	1353.333333
5.116652	 	1360.000000
-17.793451	 	1366.666667
-0.594174	 	1373.333333
25.751667	 	1380.000000
36.057262	 	1386.666667
-18.711065	 	1393.333333
-18.591296	 	1400.000000
-21.204946	 	1406.666667
10.224465	 	1413.333333
9.231666	 	1420.000000
2.531449	 	1426.666667
22.679853	 	1433.333333
-4.992920	 	1440.000000
-26.175868	 	1446.666667
9.106875	 	1453.333333
5.231688	 	1460.000000
2.493846	 	1466.666667
-17.903670	 	1473.333333
-8.033634	 	1480.000000
16.849213	 	1486.666667
21.570788	 	1493.333333
-2.838610	 	1500.000000
-7.653534	 	1506.666667
-17.226779	 	1513.333333
11.289613	 	1520.000000
24.785024	 	1526.666667
6.315581	 	1533.333333
-17.605742	 	1540.000000
-12.547535	 	1546.666667
-1.635573	 	1553.333333
16.065747	 	1560.000000
6.137634	 	1566.666667
2.177992	 	1573.333333
-16.756832	 	1580.000000
-17.099169	 	1586.666667
9.730740	 	1593.333333
22.909369	 	1600.000000
-2.776556	 	1606.666667
12.771968	 	1613.333333
-8.076327	 	1620.000000
-16.485452	 	1626.666667
-13.550301	 	1633.333333
15.632544	 	1640.000000
34.651579	 	1646.666667
-7.671949	 	1653.333333
-20.260932	 	1660.000000
-0.101321	 	1666.666667
3.291623	 	1673.333333
4.935806	 	1680.000000
-3.286972	 	1686.666667
-6.837070	 	1693.333333
24.706796	 	1700.000000
-6.788491	 	1706.666667
-9.964477	 	1713.333333
1.091400	 	1720.000000
-4.090293	 	1726.666667
5.103580	 	1733.333333
0.823122	 	1740.000000
3.096036	 	1746.666667
19.961337	 	1753.333333
-10.222063	 	1760.000000
-8.657027	 	1766.666667
-16.557227	 	1773.333333
-14.530348	 	1780.000000
50.740845	 	1786.666667
7.935318	 	1793.333333
-30.235591	 	1800.000000
-12.436885	 	1806.666667
1.921829	 	1813.333333
20.292818	 	1820.000000
2.461369	 	1826.666667
23.247122	 	1833.333333
-1.663769	 	1840.000000
-52.184707	 	1846.666667
4.992665	 	1853.333333
20.729481	 	1860.000000
-20.605627	 	1866.666667
23.697047	 	1873.333333
33.069780	 	1880.000000
15.973605	 	1886.666667
-21.223066	 	1893.333333
-78.303434	 	1900.000000
-3.418559	 	1906.666667
76.259455	 	1913.333333
3.676694	 	1920.000000
2.381098	 	1926.666667
21.788939	 	1933.333333
-24.331727	 	1940.000000
-55.862624	 	1946.666667
-52.184898	 	1953.333333
107.338301	 	1960.000000
55.516097	 	1966.666667
-35.514567	 	1973.333333
-45.393883	 	1980.000000
-79.868385	 	1986.666667
90.428447	 	1993.333333
87.816948	 	2000.000000
-41.134860	 	2006.666667
-53.480933	 	2013.333333
-76.000983	 	2020.000000
42.052031	 	2026.666667
145.680559	 	2033.333333
-0.210583	 	2040.000000
-126.174973	 	2046.666667
-77.040833	 	2053.333333
95.151618	 	2060.000000
39.756335	 	2066.666667
-47.352877	 	2073.333333
149.315315	 	2080.000000
-82.172989	 	2086.666667
-165.892955	 	2093.333333
40.613519	 	2100.000000
169.710991	 	2106.666667
-0.990670	 	2113.333333
-100.276594	 	2120.000000
-24.702119	 	2126.666667
26.215275	 	2133.333333
8.862211	 	2140.000000
101.181305	 	2146.666667
-30.800577	 	2153.333333
-177.047709	 	2160.000000
112.972585	 	2166.666667
104.934902	 	2173.333333
-165.729769	 	2180.000000
79.402991	 	2186.666667
-0.412467	 	2193.333333
-32.922222	 	2200.000000
28.519766	 	2206.666667
38.855518	 	2213.333333
-24.794852	 	2220.000000
46.949922	 	2226.666667
-118.957503	 	2233.333333
-28.357481	 	2240.000000
40.285317	 	2246.666667
190.969207	 	2253.333333
-48.599314	 	2260.000000
-123.041525	 	2266.666667
-45.617568	 	2273.333333
77.129142	 	2280.000000
19.726923	 	2286.666667
22.242558	 	2293.333333
-108.172231	 	2300.000000
75.883882	 	2306.666667
99.923350	 	2313.333333
4.390566	 	2320.000000
-219.032092	 	2326.666667
-62.435003	 	2333.333333
95.749333	 	2340.000000
286.694299	 	2346.666667
12.098186	 	2353.333333
-276.585493	 	2360.000000
-47.297748	 	2366.666667
69.338523	 	2373.333333
-148.828985	 	2380.000000
468.598398	 	2386.666667
-81.261144	 	2393.333333
-360.798346	 	2400.000000
0.449986	 	2406.666667
171.987336	 	2413.333333
-0.432596	 	2420.000000
140.603663	 	2426.666667
20.264949	 	2433.333333
-247.667784	 	2440.000000
-75.428726	 	2446.666667
247.382294	 	2453.333333
-158.119216	 	2460.000000
81.057459	 	2466.666667
149.544301	 	2473.333333
-249.985662	 	2480.000000
10.153197	 	2486.666667
217.994663	 	2493.333333
-176.679363	 	2500.000000
-8.388553	 	2506.666667
141.856258	 	2513.333333
-59.332203	 	2520.000000
-121.441472	 	2526.666667
91.280044	 	2533.333333
164.286678	 	2540.000000
-162.201202	 	2546.666667
-211.228128	 	2553.333333
228.417947	 	2560.000000
80.316518	 	2566.666667
95.658696	 	2573.333333
-128.617903	 	2580.000000
-390.745160	 	2586.666667
185.367302	 	2593.333333
430.937260	 	2600.000000
-165.333533	 	2606.666667
-153.239293	 	2613.333333
-34.528623	 	2620.000000
-40.529741	 	2626.666667
78.904332	 	2633.333333
258.483856	 	2640.000000
-96.970620	 	2646.666667
-350.448955	 	2653.333333
116.048432	 	2660.000000
218.171051	 	2666.666667
-24.639197	 	2673.333333
80.450898	 	2680.000000
-242.988596	 	2686.666667
-204.426740	 	2693.333333
291.713109	 	2700.000000
182.423657	 	2706.666667
1.458732	 	2713.333333
-145.203652	 	2720.000000
-196.176414	 	2726.666667
-3.442938	 	2733.333333
224.086657	 	2740.000000
117.250257	 	2746.666667
-211.357184	 	2753.333333
-96.612568	 	2760.000000
219.462883	 	2766.666667
-24.203157	 	2773.333333
-78.920483	 	2780.000000
126.802699	 	2786.666667
-200.127023	 	2793.333333
-271.050009	 	2800.000000
181.033837	 	2806.666667
708.910138	 	2813.333333
-76.153717	 	2820.000000
-249.178950	 	2826.666667
-402.895474	 	2833.333333
-731.233693	 	2840.000000
-570.614894	 	2846.666667
4084.905571	 	2853.333333
52813.447950	 	2860.000000
39116.443543	 	2866.666667
-773.805959	 	2873.333333
-999.102403	 	2880.000000
-999.618601	 	2886.666667
-991.583458	 	2893.333333
-571.252453	 	2900.000000
3275.288389	 	2906.666667
3303.344176	 	2913.333333
1646.216065	 	2920.000000
1118.833168	 	2926.666667
1196.242807	 	2933.333333
1438.738612	 	2940.000000
1856.957136	 	2946.666667
1851.202838	 	2953.333333
1136.544601	 	2960.000000
874.541608	 	2966.666667
1914.673705	 	2973.333333
1941.256203	 	2980.000000
1645.616035	 	2986.666667
1505.963190	 	2993.333333
1465.956803	 	3000.000000
1335.776824	 	3006.666667
1353.067772	 	3013.333333
1052.829381	 	3020.000000
924.277878	 	3026.666667
1001.830015	 	3033.333333
2132.324925	 	3040.000000
2084.474011	 	3046.666667
1275.762084	 	3053.333333
976.406083	 	3060.000000
1414.698853	 	3066.666667
1667.626428	 	3073.333333
1479.458573	 	3080.000000
850.385424	 	3086.666667
986.271315	 	3093.333333
1431.656404	 	3100.000000
1841.610969	 	3106.666667
1647.591416	 	3113.333333
1355.636635	 	3120.000000
805.109957	 	3126.666667
775.657195	 	3133.333333
1683.561846	 	3140.000000
2221.190552	 	3146.666667
1045.352831	 	3153.333333
611.882783	 	3160.000000
909.700212	 	3166.666667
1581.180080	 	3173.333333
1734.737107	 	3180.000000
1181.239714	 	3186.666667
1122.717790	 	3193.333333
1354.687375	 	3200.000000
1210.543904	 	3206.666667
1217.090867	 	3213.333333
1138.866643	 	3220.000000
1190.248783	 	3226.666667
1290.287228	 	3233.333333
1278.477208	 	3240.000000
1490.102183	 	3246.666667
1171.381984	 	3253.333333
813.714053	 	3260.000000
1016.904375	 	3266.666667
1344.020859	 	3273.333333
1420.721243	 	3280.000000
1226.494036	 	3286.666667
883.964823	 	3293.333333
668.308397	 	3300.000000
759.551514	 	3306.666667
1216.790677	 	3313.333333
1471.884737	 	3320.000000
1516.778155	 	3326.666667
1273.383895	 	3333.333333
824.552582	 	3340.000000
823.504451	 	3346.666667
907.422949	 	3353.333333
1015.095005	 	3360.000000
1280.663976	 	3366.666667
1053.112991	 	3373.333333
584.414713	 	3380.000000
658.272297	 	3386.666667
1059.680535	 	3393.333333
1479.725248	 	3400.000000
1445.604019	 	3406.666667
1041.424559	 	3413.333333
535.542228	 	3420.000000
475.238795	 	3426.666667
678.731884	 	3433.333333
1043.483391	 	3440.000000
1202.149418	 	3446.666667
1238.716167	 	3453.333333
1026.741306	 	3460.000000
863.987441	 	3466.666667
565.454975	 	3473.333333
656.260731	 	3480.000000
1003.491211	 	3486.666667
1288.156678	 	3493.333333
974.337924	 	3500.000000
811.290229	 	3506.666667
815.107900	 	3513.333333
768.654164	 	3520.000000
586.572891	 	3526.666667
899.622741	 	3533.333333
1070.714900	 	3540.000000
990.941274	 	3546.666667
820.645499	 	3553.333333
705.932759	 	3560.000000
695.686813	 	3566.666667
829.749036	 	3573.333333
890.224685	 	3580.000000
916.587661	 	3586.666667
814.873051	 	3593.333333
865.838294	 	3600.000000
941.471489	 	3606.666667
720.750678	 	3613.333333
579.913333	 	3620.000000
729.110767	 	3626.666667
976.322490	 	3633.333333
882.656291	 	3640.000000
757.282188	 	3646.666667
722.297586	 	3653.333333
691.862784	 	3660.000000
571.772331	 	3666.666667
855.154356	 	3673.333333
1079.485248	 	3680.000000
821.427340	 	3686.666667
455.964676	 	3693.333333
500.009423	 	3700.000000
760.478197	 	3706.666667
876.394811	 	3713.333333
840.229239	 	3720.000000
772.614796	 	3726.666667
596.343696	 	3733.333333
625.894940	 	3740.000000
818.107632	 	3746.666667
778.377698	 	3753.333333
582.240651	 	3760.000000
463.863633	 	3766.666667
693.268812	 	3773.333333
947.590173	 	3780.000000
829.507063	 	3786.666667
588.750308	 	3793.333333
582.993416	 	3800.000000
570.838850	 	3806.666667
641.798298	 	3813.333333
757.210789	 	3820.000000
839.656791	 	3826.666667
700.135136	 	3833.333333
482.514840	 	3840.000000
427.382473	 	3846.666667
682.821501	 	3853.333333
770.804139	 	3860.000000
638.450069	 	3866.666667
620.175748	 	3873.333333
716.021782	 	3880.000000
650.466034	 	3886.666667
578.510028	 	3893.333333
519.584270	 	3900.000000
561.698660	 	3906.666667
609.819642	 	3913.333333
666.324688	 	3920.000000
683.766038	 	3926.666667
563.211393	 	3933.333333
487.084971	 	3940.000000
545.548726	 	3946.666667
685.889916	 	3953.333333
768.758733	 	3960.000000
663.210846	 	3966.666667
533.546203	 	3973.333333
456.322522	 	3980.000000
565.793741	 	3986.666667
610.244912	 	3993.333333
488.858444	 	4000.000000
497.328460	 	4006.666667
613.880036	 	4013.333333
641.824231	 	4020.000000
545.418201	 	4026.666667
527.788261	 	4033.333333
624.946396	 	4040.000000
598.286157	 	4046.666667
489.404594	 	4053.333333
475.716644	 	4060.000000
611.900742	 	4066.666667
643.586117	 	4073.333333
504.830345	 	4080.000000
458.730249	 	4086.666667
517.737334	 	4093.333333
543.330099	 	4100.000000
536.041235	 	4106.666667
512.996126	 	4113.333333
539.597065	 	4120.000000
561.350017	 	4126.666667
525.404572	 	4133.333333
456.572015	 	4140.000000
457.184616	 	4146.666667
497.330313	 	4153.333333
504.504833	 	4160.000000
465.495617	 	4166.666667
472.712866	 	4173.333333
490.020983	 	4180.000000
493.347791	 	4186.666667
519.271514	 	4193.333333
504.092265	 	4200.000000
435.098907	 	4206.666667
479.142362	 	4213.333333
495.573501	 	4220.000000
474.028808	 	4226.666667
472.851582	 	4233.333333
499.128867	 	4240.000000
486.338099	 	4246.666667
444.594861	 	4253.333333
406.967420	 	4260.000000
476.495588	 	4266.666667
485.864489	 	4273.333333
474.207638	 	4280.000000
466.326332	 	4286.666667
426.847991	 	4293.333333
396.023889	 	4300.000000
502.080932	 	4306.666667
472.313164	 	4313.333333
447.322643	 	4320.000000
465.991860	 	4326.666667
436.995470	 	4333.333333
417.250924	 	4340.000000
459.149325	 	4346.666667
464.424413	 	4353.333333
409.659365	 	4360.000000
371.863376	 	4366.666667
389.877520	 	4373.333333
469.950550	 	4380.000000
476.304696	 	4386.666667
399.265777	 	4393.333333
424.741811	 	4400.000000
460.236011	 	4406.666667
364.716575	 	4413.333333
363.125879	 	4420.000000
427.582983	 	4426.666667
478.610438	 	4433.333333
393.719484	 	4440.000000
327.412315	 	4446.666667
383.404482	 	4453.333333
417.950646	 	4460.000000
365.354967	 	4466.666667
377.346241	 	4473.333333
480.155031	 	4480.000000
427.270658	 	4486.666667
317.653416	 	4493.333333
303.288170	 	4500.000000
333.505342	 	4506.666667
475.008896	 	4513.333333
481.484645	 	4520.000000
385.055714	 	4526.666667
396.417112	 	4533.333333
346.218369	 	4540.000000
300.349068	 	4546.666667
366.277933	 	4553.333333
386.752623	 	4560.000000
406.315120	 	4566.666667
365.224501	 	4573.333333
339.923559	 	4580.000000
339.671516	 	4586.666667
352.270889	 	4593.333333
394.240343	 	4600.000000
362.375531	 	4606.666667
336.395129	 	4613.333333
342.925388	 	4620.000000
323.424148	 	4626.666667
324.630480	 	4633.333333
399.114119	 	4640.000000
378.232579	 	4646.666667
330.274777	 	4653.333333
303.084225	 	4660.000000
341.172560	 	4666.666667
348.296248	 	4673.333333
303.410453	 	4680.000000
291.663249	 	4686.666667
300.640831	 	4693.333333
337.319521	 	4700.000000
387.522916	 	4706.666667
333.628646	 	4713.333333
304.633719	 	4720.000000
333.774792	 	4726.666667
325.386505	 	4733.333333
317.879335	 	4740.000000
310.708616	 	4746.666667
297.425969	 	4753.333333
304.341749	 	4760.000000
292.607291	 	4766.666667
289.693087	 	4773.333333
294.068806	 	4780.000000
359.657806	 	4786.666667
277.170343	 	4793.333333
244.123182	 	4800.000000
331.786063	 	4806.666667
328.905575	 	4813.333333
270.623499	 	4820.000000
297.084601	 	4826.666667
350.830830	 	4833.333333
353.948238	 	4840.000000
270.468696	 	4846.666667
272.246061	 	4853.333333
320.665927	 	4860.000000
281.856299	 	4866.666667
285.839596	 	4873.333333
271.426913	 	4880.000000
279.762343	 	4886.666667
284.878105	 	4893.333333
276.815879	 	4900.000000
323.497992	 	4906.666667
336.621285	 	4913.333333
233.895030	 	4920.000000
236.328214	 	4926.666667
301.671692	 	4933.333333
304.593769	 	4940.000000
216.731364	 	4946.666667
228.985994	 	4953.333333
274.774633	 	4960.000000
285.140165	 	4966.666667
302.771335	 	4973.333333
284.150815	 	4980.000000
189.540566	 	4986.666667
219.119036	 	4993.333333
257.962230	 	5000.000000
326.802295	 	5006.666667
317.467913	 	5013.333333
261.483783	 	5020.000000
205.877829	 	5026.666667
244.922970	 	5033.333333
263.979718	 	5040.000000
208.931994	 	5046.666667
221.324547	 	5053.333333
330.734442	 	5060.000000
284.045568	 	5066.666667
239.001567	 	5073.333333
215.164583	 	5080.000000
221.883859	 	5086.666667
309.319130	 	5093.333333
266.312108	 	5100.000000
216.318944	 	5106.666667
242.015155	 	5113.333333
258.484540	 	5120.000000
285.812002	 	5126.666667
254.366417	 	5133.333333
194.134063	 	5140.000000
226.974301	 	5146.666667
279.845758	 	5153.333333
298.335449	 	5160.000000
214.643158	 	5166.666667
181.549080	 	5173.333333
253.482679	 	5180.000000
312.788429	 	5186.666667
214.518500	 	5193.333333
154.827049	 	5200.000000
182.932225	 	5206.666667
230.837807	 	5213.333333
217.972925	 	5220.000000
251.663259	 	5226.666667
243.608981	 	5233.333333
243.834859	 	5240.000000
202.676663	 	5246.666667
200.524226	 	5253.333333
199.977788	 	5260.000000
200.302889	 	5266.666667
172.483661	 	5273.333333
212.661053	 	5280.000000
248.284395	 	5286.666667
210.115268	 	5293.333333
202.886039	 	5300.000000
218.413299	 	5306.666667
199.022208	 	5313.333333
154.873558	 	5320.000000
178.796306	 	5326.666667
234.269864	 	5333.333333
258.572350	 	5340.000000
232.946967	 	5346.666667
192.673959	 	5353.333333
160.601391	 	5360.000000
169.695063	 	5366.666667
204.021871	 	5373.333333
255.646259	 	5380.000000
242.101879	 	5386.666667
148.525559	 	5393.333333
158.709108	 	5400.000000
197.922000	 	5406.666667
209.840080	 	5413.333333
173.662718	 	5420.000000
169.347445	 	5426.666667
230.527167	 	5433.333333
215.990384	 	5440.000000
190.963001	 	5446.666667
211.593166	 	5453.333333
146.889568	 	5460.000000
145.102959	 	5466.666667
206.546183	 	5473.333333
191.547210	 	5480.000000
187.737268	 	5486.666667
131.382662	 	5493.333333
104.786118	 	5500.000000
167.240147	 	5506.666667
216.214881	 	5513.333333
210.104951	 	5520.000000
170.330213	 	5526.666667
168.438950	 	5533.333333
175.861518	 	5540.000000
155.125725	 	5546.666667
197.068709	 	5553.333333
145.802703	 	5560.000000
142.050839	 	5566.666667
167.214815	 	5573.333333
208.756995	 	5580.000000
201.690767	 	5586.666667
163.613052	 	5593.333333
122.535068	 	5600.000000
151.967363	 	5606.666667
176.526453	 	5613.333333
200.682274	 	5620.000000
160.326840	 	5626.666667
157.360574	 	5633.333333
135.578009	 	5640.000000
141.541517	 	5646.666667
166.349904	 	5653.333333
199.793207	 	5660.000000
198.223368	 	5666.666667
122.057537	 	5673.333333
118.340837	 	5680.000000
136.048936	 	5686.666667
116.601057	 	5693.333333
168.380042	 	5700.000000
230.189583	 	5706.666667
131.268331	 	5713.333333
94.257602	 	5720.000000
122.029707	 	5726.666667
183.487436	 	5733.333333
207.175295	 	5740.000000
179.953003	 	5746.666667
97.794357	 	5753.333333
90.623999	 	5760.000000
124.255095	 	5766.666667
172.282953	 	5773.333333
166.771875	 	5780.000000
161.541033	 	5786.666667
115.073155	 	5793.333333
139.672689	 	5800.000000
175.935581	 	5806.666667
163.527842	 	5813.333333
113.450414	 	5820.000000
127.554302	 	5826.666667
117.135227	 	5833.333333
105.460500	 	5840.000000
131.614039	 	5846.666667
177.211063	 	5853.333333
171.781689	 	5860.000000
133.522128	 	5866.666667
124.696790	 	5873.333333
109.530372	 	5880.000000
145.947016	 	5886.666667
183.957137	 	5893.333333
140.035519	 	5900.000000
68.246433	 	5906.666667
102.044302	 	5913.333333
190.250310	 	5920.000000
171.989298	 	5926.666667
107.344811	 	5933.333333
82.223981	 	5940.000000
109.623352	 	5946.666667
163.593751	 	5953.333333
159.023361	 	5960.000000
125.755715	 	5966.666667
133.115219	 	5973.333333
88.725021	 	5980.000000
93.840502	 	5986.666667
130.628335	 	5993.333333
162.150527	 	6000.000000
108.931027	 	6006.666667
97.562345	 	6013.333333
149.340416	 	6020.000000
160.729584	 	6026.666667
79.814963	 	6033.333333
91.406931	 	6040.000000
125.129064	 	6046.666667
112.637116	 	6053.333333
96.713162	 	6060.000000
124.931329	 	6066.666667
146.466972	 	6073.333333
122.099342	 	6080.000000
94.360235	 	6086.666667
84.683845	 	6093.333333
123.990810	 	6100.000000
112.598456	 	6106.666667
99.424333	 	6113.333333
103.620776	 	6120.000000
169.019645	 	6126.666667
117.986584	 	6133.333333
91.358721	 	6140.000000
89.866589	 	6146.666667
141.069842	 	6153.333333
121.796280	 	6160.000000
135.509354	 	6166.666667
91.711930	 	6173.333333
87.983554	 	6180.000000
97.537432	 	6186.666667
118.079335	 	6193.333333
97.445434	 	6200.000000
123.955984	 	6206.666667
104.899889	 	6213.333333
89.475920	 	6220.000000
71.346787	 	6226.666667
97.947528	 	6233.333333
150.141951	 	6240.000000
137.974980	 	6246.666667
47.325975	 	6253.333333
26.265436	 	6260.000000
125.146783	 	6266.666667
162.356425	 	6273.333333
149.327709	 	6280.000000
98.329849	 	6286.666667
100.273430	 	6293.333333
101.783193	 	6300.000000
79.358791	 	6306.666667
72.746947	 	6313.333333
118.663615	 	6320.000000
87.661694	 	6326.666667
79.474478	 	6333.333333
108.477456	 	6340.000000
129.599777	 	6346.666667
120.070782	 	6353.333333
104.223750	 	6360.000000
100.090566	 	6366.666667
95.470003	 	6373.333333
48.719560	 	6380.000000
92.549137	 	6386.666667
129.690178	 	6393.333333
131.086410	 	6400.000000
53.470580	 	6406.666667
94.992330	 	6413.333333
119.192110	 	6420.000000
74.745394	 	6426.666667
35.154334	 	6433.333333
106.241427	 	6440.000000
122.757065	 	6446.666667
115.368073	 	6453.333333
64.296965	 	6460.000000
88.269490	 	6466.666667
82.217506	 	6473.333333
117.071781	 	6480.000000
110.498853	 	6486.666667
111.010743	 	6493.333333
82.431266	 	6500.000000
84.789741	 	6506.666667
87.200763	 	6513.333333
116.674681	 	6520.000000
40.128533	 	6526.666667
59.392172	 	6533.333333
101.657333	 	6540.000000
97.997973	 	6546.666667
65.564183	 	6553.333333
74.234836	 	6560.000000
92.626181	 	6566.666667
122.646450	 	6573.333333
60.310997	 	6580.000000
47.215615	 	6586.666667
72.029431	 	6593.333333
92.195557	 	6600.000000
116.559794	 	6606.666667
81.028374	 	6613.333333
74.292893	 	6620.000000
57.351659	 	6626.666667
68.638225	 	6633.333333
80.936326	 	6640.000000
111.224756	 	6646.666667
90.613486	 	6653.333333
45.062600	 	6660.000000
44.505953	 	6666.666667
125.075328	 	6673.333333
96.869080	 	6680.000000
79.123408	 	6686.666667
58.073290	 	6693.333333
77.099767	 	6700.000000
61.452816	 	6706.666667
71.302826	 	6713.333333
65.006087	 	6720.000000
81.277253	 	6726.666667
79.849867	 	6733.333333
88.537528	 	6740.000000
66.540119	 	6746.666667
57.280901	 	6753.333333
45.191686	 	6760.000000
61.879772	 	6766.666667
83.705172	 	6773.333333
87.195893	 	6780.000000
49.090787	 	6786.666667
54.248677	 	6793.333333
81.075917	 	6800.000000
52.898710	 	6806.666667
62.658834	 	6813.333333
92.539641	 	6820.000000
56.236540	 	6826.666667
60.843851	 	6833.333333
85.536619	 	6840.000000
43.088247	 	6846.666667
23.175004	 	6853.333333
69.941058	 	6860.000000
93.054924	 	6866.666667
118.047760	 	6873.333333
57.963013	 	6880.000000
3.228782	 	6886.666667
48.143442	 	6893.333333
110.202680	 	6900.000000
67.619969	 	6906.666667
38.432955	 	6913.333333
51.096212	 	6920.000000
78.450560	 	6926.666667
85.435375	 	6933.333333
65.664508	 	6940.000000
81.576565	 	6946.666667
57.488119	 	6953.333333
53.885748	 	6960.000000
66.810418	 	6966.666667
72.330589	 	6973.333333
42.939237	 	6980.000000
64.167594	 	6986.666667
47.687144	 	6993.333333
80.213245	 	7000.000000
52.787441	 	7006.666667
37.374228	 	7013.333333
53.019877	 	7020.000000
83.628275	 	7026.666667
78.959107	 	7033.333333
59.507946	 	7040.000000
17.565566	 	7046.666667
27.941089	 	7053.333333
58.635557	 	7060.000000
99.448527	 	7066.666667
61.566054	 	7073.333333
26.797413	 	7080.000000
26.771370	 	7086.666667
67.415484	 	7093.333333
76.050876	 	7100.000000
60.684721	 	7106.666667
67.534351	 	7113.333333
32.874183	 	7120.000000
20.668596	 	7126.666667
62.415539	 	7133.333333
86.471198	 	7140.000000
64.646938	 	7146.666667
27.927870	 	7153.333333
12.879806	 	7160.000000
56.711531	 	7166.666667
73.855765	 	7173.333333
64.390367	 	7180.000000
50.748179	 	7186.666667
56.507826	 	7193.333333
27.657062	 	7200.000000
53.020716	 	7206.666667
78.217511	 	7213.333333
65.558003	 	7220.000000
19.164403	 	7226.666667
23.348711	 	7233.333333
53.302761	 	7240.000000
62.380587	 	7246.666667
33.350937	 	7253.333333
41.872254	 	7260.000000
48.450881	 	7266.666667
53.884797	 	7273.333333
50.364775	 	7280.000000
64.841692	 	7286.666667
73.721789	 	7293.333333
30.972366	 	7300.000000
8.316521	 	7306.666667
30.734246	 	7313.333333
52.492319	 	7320.000000
57.596415	 	7326.666667
58.226617	 	7333.333333
37.459528	 	7340.000000
25.183398	 	7346.666667
50.767990	 	7353.333333
59.822335	 	7360.000000
45.802399	 	7366.666667
50.325485	 	7373.333333
80.165919	 	7380.000000
33.139890	 	7386.666667
11.443958	 	7393.333333
46.005840	 	7400.000000
62.892325	 	7406.666667
49.397813	 	7413.333333
38.222108	 	7420.000000
37.802312	 	7426.666667
63.233236	 	7433.333333
45.218117	 	7440.000000
25.478097	 	7446.666667
23.138103	 	7453.333333
44.605563	 	7460.000000
20.371479	 	7466.666667
63.462631	 	7473.333333
68.684681	 	7480.000000
30.291490	 	7486.666667
9.780673	 	7493.333333
69.335559	 	7500.000000
73.857956	 	7506.666667
41.218674	 	7513.333333
0.372486	 	7520.000000
32.229235	 	7526.666667
58.819173	 	7533.333333
66.196287	 	7540.000000
42.068072	 	7546.666667
25.910170	 	7553.333333
12.317419	 	7560.000000
30.420911	 	7566.666667
64.528779	 	7573.333333
61.016730	 	7580.000000
19.244015	 	7586.666667
31.840335	 	7593.333333
65.699294	 	7600.000000
46.899346	 	7606.666667
20.043433	 	7613.333333
26.033924	 	7620.000000
24.181686	 	7626.666667
43.572676	 	7633.333333
28.531455	 	7640.000000
54.044534	 	7646.666667
70.134242	 	7653.333333
43.736949	 	7660.000000
9.757794	 	7666.666667
11.830345	 	7673.333333
24.861171	 	7680.000000
62.323154	 	7686.666667
60.539992	 	7693.333333
43.839901	 	7700.000000
28.901947	 	7706.666667
0.823151	 	7713.333333
22.086298	 	7720.000000
54.976642	 	7726.666667
39.248154	 	7733.333333
27.124612	 	7740.000000
18.087704	 	7746.666667
26.642647	 	7753.333333
74.818247	 	7760.000000
43.146848	 	7766.666667
24.742837	 	7773.333333
20.935117	 	7780.000000
41.245996	 	7786.666667
53.413585	 	7793.333333
26.244983	 	7800.000000
22.872169	 	7806.666667
19.791888	 	7813.333333
22.131068	 	7820.000000
44.032463	 	7826.666667
30.465813	 	7833.333333
40.660031	 	7840.000000
38.701110	 	7846.666667
-4.911432	 	7853.333333
16.078417	 	7860.000000
21.721957	 	7866.666667
33.126540	 	7873.333333
45.735517	 	7880.000000
52.654051	 	7886.666667
46.424361	 	7893.333333
13.407548	 	7900.000000
9.903131	 	7906.666667
17.733791	 	7913.333333
48.422855	 	7920.000000
28.916053	 	7926.666667
13.866482	 	7933.333333
3.392578	 	7940.000000
23.072078	 	7946.666667
42.287035	 	7953.333333
69.904345	 	7960.000000
22.549596	 	7966.666667
11.141290	 	7973.333333
31.241763	 	7980.000000
37.983067	 	7986.666667
17.559490	 	7993.333333
22.909135	 	8000.000000
34.331485	 	8006.666667
18.529339	 	8013.333333
32.689144	 	8020.000000
36.793256	 	8026.666667
54.651570	 	8033.333333
10.076629	 	8040.000000
4.806553	 	8046.666667
38.841905	 	8053.333333
48.987413	 	8060.000000
7.796316	 	8066.666667
7.192009	 	8073.333333
20.229003	 	8080.000000
40.652663	 	8086.666667
34.715235	 	8093.333333
11.935103	 	8100.000000
0.171529	 	8106.666667
46.017959	 	8113.333333
53.445139	 	8120.000000
3.422238	 	8126.666667
-7.783057	 	8133.333333
3.756618	 	8140.000000
41.120003	 	8146.666667
52.616702	 	8153.333333
5.081370	 	8160.000000
3.780260	 	8166.666667
32.093829	 	8173.333333
14.004822	 	8180.000000
23.111627	 	8186.666667
36.926519	 	8193.333333
14.246934	 	8200.000000
3.406025	 	8206.666667
10.237585	 	8213.333333
34.257499	 	8220.000000
38.071918	 	8226.666667
44.292152	 	8233.333333
12.113934	 	8240.000000
-0.598189	 	8246.666667
2.643438	 	8253.333333
60.842505	 	8260.000000
44.451685	 	8266.666667
3.233395	 	8273.333333
-9.323152	 	8280.000000
20.865359	 	8286.666667
27.703570	 	8293.333333
51.056851	 	8300.000000
8.737636	 	8306.666667
13.005206	 	8313.333333
13.705476	 	8320.000000
27.147901	 	8326.666667
22.637606	 	8333.333333
20.473276	 	8340.000000
39.765592	 	8346.666667
16.225695	 	8353.333333
14.716417	 	8360.000000
3.318619	 	8366.666667
-3.219585	 	8373.333333
10.152217	 	8380.000000
47.824177	 	8386.666667
6.985018	 	8393.333333
4.804599	 	8400.000000
10.726886	 	8406.666667
36.852140	 	8413.333333
17.428797	 	8420.000000
17.968258	 	8426.666667
21.901924	 	8433.333333
18.944700	 	8440.000000
7.682736	 	8446.666667
2.062242	 	8453.333333
11.853732	 	8460.000000
48.843246	 	8466.666667
34.293370	 	8473.333333
2.516617	 	8480.000000
17.600574	 	8486.666667
16.745030	 	8493.333333
18.530219	 	8500.000000
0.739671	 	8506.666667
-7.006789	 	8513.333333
16.173906	 	8520.000000
40.781471	 	8526.666667
42.177537	 	8533.333333
36.323685	 	8540.000000
-2.564139	 	8546.666667
2.600970	 	8553.333333
6.296753	 	8560.000000
6.916380	 	8566.666667
43.432236	 	8573.333333
28.137954	 	8580.000000
14.335969	 	8586.666667
23.802298	 	8593.333333
23.064861	 	8600.000000
19.049561	 	8606.666667
5.884271	 	8613.333333
4.036694	 	8620.000000
20.643152	 	8626.666667
21.011838	 	8633.333333
19.906393	 	8640.000000
11.705364	 	8646.666667
-6.349971	 	8653.333333
19.956446	 	8660.000000
28.646945	 	8666.666667
19.365545	 	8673.333333
40.154218	 	8680.000000
0.110209	 	8686.666667
4.949091	 	8693.333333
5.147070	 	8700.000000
-7.701215	 	8706.666667
8.232834	 	8713.333333
35.932900	 	8720.000000
23.428850	 	8726.666667
9.491350	 	8733.333333
-4.781811	 	8740.000000
42.255032	 	8746.666667
5.971788	 	8753.333333
-14.343548	 	8760.000000
-10.940342	 	8766.666667
24.898332	 	8773.333333
46.232851	 	8780.000000
10.166937	 	8786.666667
-14.764241	 	8793.333333
6.651828	 	8800.000000
42.823550	 	8806.666667
38.738185	 	8813.333333
5.262330	 	8820.000000
1.832213	 	8826.666667
6.392184	 	8833.333333
10.558427	 	8840.000000
19.234122	 	8846.666667
15.126225	 	8853.333333
21.805658	 	8860.000000
27.648179	 	8866.666667
7.525888	 	8873.333333
-29.604038	 	8880.000000
-2.985845	 	8886.666667
12.235029	 	8893.333333
19.761490	 	8900.000000
34.715413	 	8906.666667
10.916533	 	8913.333333
5.357534	 	8920.000000
20.123511	 	8926.666667
-3.742179	 	8933.333333
7.942406	 	8940.000000
16.865272	 	8946.666667
39.142919	 	8953.333333
18.015077	 	8960.000000
-5.865514	 	8966.666667
-1.124098	 	8973.333333
-3.582218	 	8980.000000
14.853512	 	8986.666667
15.618086	 	8993.333333
-1.296247	 	9000.000000
5.772616	 	9006.666667
23.610889	 	9013.333333
24.633884	 	9020.000000
-7.557017	 	9026.666667
2.960301	 	9033.333333
34.766970	 	9040.000000
17.709965	 	9046.666667
14.690098	 	9053.333333
1.488142	 	9060.000000
-4.838292	 	9066.666667
3.507638	 	9073.333333
-5.339733	 	9080.000000
16.189864	 	9086.666667
33.325433	 	9093.333333
10.745264	 	9100.000000
-6.843192	 	9106.666667
2.566476	 	9113.333333
7.338559	 	9120.000000
28.463581	 	9126.666667
24.864971	 	9133.333333
22.219222	 	9140.000000
-6.181335	 	9146.666667
-36.547087	 	9153.333333
25.077356	 	9160.000000
32.716904	 	9166.666667
1.837321	 	9173.333333
1.406225	 	9180.000000
-1.501786	 	9186.666667
-9.688312	 	9193.333333
-3.630146	 	9200.000000
8.318428	 	9206.666667
43.156412	 	9213.333333
29.166685	 	9220.000000
-1.982748	 	9226.666667
15.972988	 	9233.333333
12.247778	 	9240.000000
-17.440989	 	9246.666667
-15.032781	 	9253.333333
18.196315	 	9260.000000
35.999309	 	9266.666667
8.771797	 	9273.333333
1.789279	 	9280.000000
21.245239	 	9286.666667
6.183317	 	9293.333333
-16.394798	 	9300.000000
-8.191504	 	9306.666667
31.962154	 	9313.333333
29.057747	 	9320.000000
-1.534195	 	9326.666667
1.149491	 	9333.333333
-7.615978	 	9340.000000
14.937869	 	9346.666667
28.793529	 	9353.333333
7.597081	 	9360.000000
-6.889278	 	9366.666667
9.650019	 	9373.333333
41.384639	 	9380.000000
-2.873931	 	9386.666667
-21.579166	 	9393.333333
-9.296835	 	9400.000000
31.188737	 	9406.666667
35.908727	 	9413.333333
8.966073	 	9420.000000
-13.631755	 	9426.666667
14.486620	 	9433.333333
12.947871	 	9440.000000
-3.075645	 	9446.666667
-6.343502	 	9453.333333
22.953590	 	9460.000000
24.026688	 	9466.666667
-22.064032	 	9473.333333
-9.912897	 	9480.000000
3.591859	 	9486.666667
26.666072	 	9493.333333
23.164585	 	9500.000000
28.181708	 	9506.666667
-8.475140	 	9513.333333
-15.911665	 	9520.000000
-25.633925	 	9526.666667
6.704908	 	9533.333333
19.949976	 	9540.000000
25.986756	 	9546.666667
-7.344384	 	9553.333333
1.179934	 	9560.000000
7.018788	 	9566.666667
7.053663	 	9573.333333
-18.418752	 	9580.000000
17.115828	 	9586.666667
30.946674	 	9593.333333
11.022470	 	9600.000000
-26.872955	 	9606.666667
-2.712798	 	9613.333333
8.570128	 	9620.000000
18.494198	 	9626.666667
14.122042	 	9633.333333
14.718591	 	9640.000000
-10.280892	 	9646.666667
-7.803666	 	9653.333333
-15.696213	 	9660.000000
37.621379	 	9666.666667
12.277705	 	9673.333333
-10.734113	 	9680.000000
-32.189865	 	9686.666667
5.886594	 	9693.333333
22.307798	 	9700.000000
13.032848	 	9706.666667
5.347107	 	9713.333333
13.809095	 	9720.000000
3.702148	 	9726.666667
10.063910	 	9733.333333
-19.064889	 	9740.000000
-0.255548	 	9746.666667
8.215522	 	9753.333333
26.975779	 	9760.000000
19.256328	 	9766.666667
-9.547765	 	9773.333333
-11.939164	 	9780.000000
-12.549558	 	9786.666667
1.948208	 	9793.333333
25.527347	 	9800.000000
12.866048	 	9806.666667
-32.902144	 	9813.333333
1.510457	 	9820.000000
17.028745	 	9826.666667
18.298587	 	9833.333333
-17.105927	 	9840.000000
-7.607059	 	9846.666667
13.621482	 	9853.333333
33.679731	 	9860.000000
-26.015411	 	9866.666667
-20.238648	 	9873.333333
2.013339	 	9880.000000
35.939200	 	9886.666667
-1.371181	 	9893.333333
-16.752251	 	9900.000000
-3.382641	 	9906.666667
18.307455	 	9913.333333
-9.876558	 	9920.000000
-6.257153	 	9926.666667
-6.328551	 	9933.333333
7.547654	 	9940.000000
10.255399	 	9946.666667
32.056785	 	9953.333333
-0.818294	 	9960.000000
-19.682093	 	9966.666667
-22.190945	 	9973.333333
-18.336715	 	9980.000000
16.521963	 	9986.666667
29.378300	 	9993.333333
-10.085726	 	10000.000000
-3.011405	 	10006.666667
0.403433	 	10013.333333
-2.782156	 	10020.000000
22.184964	 	10026.666667
7.801989	 	10033.333333
-17.999901	 	10040.000000
-27.315152	 	10046.666667
22.485036	 	10053.333333
37.185419	 	10060.000000
-2.141689	 	10066.666667
-33.295278	 	10073.333333
-11.461648	 	10080.000000
10.651403	 	10086.666667
42.615472	 	10093.333333
2.081980	 	10100.000000
-8.279893	 	10106.666667
-35.294357	 	10113.333333
-7.273086	 	10120.000000
15.442138	 	10126.666667
37.581465	 	10133.333333
-14.266280	 	10140.000000
-37.005994	 	10146.666667
4.049279	 	10153.333333
57.305139	 	10160.000000
-12.948919	 	10166.666667
-9.556832	 	10173.333333
-8.392899	 	10180.000000
-13.908414	 	10186.666667
-27.319663	 	10193.333333
24.338288	 	10200.000000
27.376261	 	10206.666667
0.225646	 	10213.333333
-19.302982	 	10220.000000
16.242963	 	10226.666667
-3.192587	 	10233.333333
-8.739178	 	10240.000000
-23.130922	 	10246.666667
25.517973	 	10253.333333
18.051930	 	10260.000000
1.172692	 	10266.666667
-14.727961	 	10273.333333
4.650969	 	10280.000000
-22.751042	 	10286.666667
-27.548789	 	10293.333333
24.500845	 	10300.000000
36.672162	 	10306.666667
-21.165217	 	10313.333333
1.332373	 	10320.000000
-9.775337	 	10326.666667
-6.288580	 	10333.333333
-10.186358	 	10340.000000
-12.613393	 	10346.666667
0.555043	 	10353.333333
16.522670	 	10360.000000
3.852883	 	10366.666667
35.213108	 	10373.333333
1.569277	 	10380.000000
-19.293584	 	10386.666667
-19.948843	 	10393.333333
-11.339375	 	10400.000000
0.860805	 	10406.666667
17.665924	 	10413.333333
8.859555	 	10420.000000
3.075722	 	10426.666667
-7.160768	 	10433.333333
-9.465265	 	10440.000000
24.845396	 	10446.666667
3.028011	 	10453.333333
-22.567550	 	10460.000000
3.295312	 	10466.666667
4.947595	 	10473.333333
-21.107829	 	10480.000000
-16.692306	 	10486.666667
12.677588	 	10493.333333
29.391039	 	10500.000000
2.552337	 	10506.666667
-22.029659	 	10513.333333
-9.693149	 	10520.000000
18.055082	 	10526.666667
1.196834	 	10533.333333
-29.907649	 	10540.000000
11.438213	 	10546.666667
17.531959	 	10553.333333
-4.839234	 	10560.000000
-14.084130	 	10566.666667
2.106379	 	10573.333333
-14.138928	 	10580.000000
6.506545	 	10586.666667
-10.605699	 	10593.333333
8.792616	 	10600.000000
6.370753	 	10606.666667
6.204313	 	10613.333333
-0.124460	 	10620.000000
-22.771415	 	10626.666667
-36.026429	 	10633.333333
27.142236	 	10640.000000
26.729890	 	10646.666667
-3.305293	 	10653.333333
-21.919012	 	10660.000000
-8.338966	 	10666.666667
-7.958967	 	10673.333333
9.268584	 	10680.000000
1.570913	 	10686.666667
-7.305754	 	10693.333333
-7.409835	 	10700.000000
-6.301794	 	10706.666667
10.057342	 	10713.333333
12.237140	 	10720.000000
-39.726515	 	10726.666667
-7.536497	 	10733.333333
41.255477	 	10740.000000
15.218712	 	10746.666667
-32.619455	 	10753.333333
-14.085589	 	10760.000000
-18.328124	 	10766.666667
23.073796	 	10773.333333
15.832326	 	10780.000000
-0.623256	 	10786.666667
-13.405903	 	10793.333333
-22.816714	 	10800.000000
-23.379758	 	10806.666667
35.538648	 	10813.333333
14.144215	 	10820.000000
-4.505672	 	10826.666667
-7.199823	 	10833.333333
-16.125292	 	10840.000000
-3.097942	 	10846.666667
3.954243	 	10853.333333
-13.669197	 	10860.000000
0.110858	 	10866.666667
9.299203	 	10873.333333
-18.651633	 	10880.000000
-11.715976	 	10886.666667
14.587567	 	10893.333333
-0.988032	 	10900.000000
-0.561460	 	10906.666667
2.583458	 	10913.333333
-9.635200	 	10920.000000
-13.621372	 	10926.666667
-17.803562	 	10933.333333
8.824076	 	10940.000000
17.119828	 	10946.666667
-11.792342	 	10953.333333
-8.729526	 	10960.000000
25.703626	 	10966.666667
2.804021	 	10973.333333
-18.099960	 	10980.000000
-27.448574	 	10986.666667
-1.980330	 	10993.333333
-3.190701	 	11000.000000
-7.958348	 	11006.666667
-1.265183	 	11013.333333
17.633314	 	11020.000000
3.666526	 	11026.666667
-0.447366	 	11033.333333
-9.326423	 	11040.000000
6.023047	 	11046.666667
-6.077422	 	11053.333333
-7.551630	 	11060.000000
-6.574270	 	11066.666667
-5.690471	 	11073.333333
-9.630671	 	11080.000000
13.329842	 	11086.666667
-9.575743	 	11093.333333
-10.098478	 	11100.000000
-10.578890	 	11106.666667
3.480502	 	11113.333333
15.511849	 	11120.000000
-0.015301	 	11126.666667
-32.687219	 	11133.333333
-2.717514	 	11140.000000
14.027926	 	11146.666667
-0.902353	 	11153.333333
-18.331198	 	11160.000000
-27.753052	 	11166.666667
12.083947	 	11173.333333
30.371814	 	11180.000000
8.033291	 	11186.666667
-5.526925	 	11193.333333
-35.881817	 	11200.000000
-22.080368	 	11206.666667
36.268755	 	11213.333333
18.947119	 	11220.000000
-5.640314	 	11226.666667
-28.687664	 	11233.333333
-26.655534	 	11240.000000
21.798519	 	11246.666667
21.879447	 	11253.333333
-26.345426	 	11260.000000
-6.569498	 	11266.666667
6.352365	 	11273.333333
-8.495367	 	11280.000000
-3.632034	 	11286.666667
-18.619960	 	11293.333333
-3.176225	 	11300.000000
-2.062542	 	11306.666667
17.070191	 	11313.333333
5.442158	 	11320.000000
-11.421595	 	11326.666667
-11.520783	 	11333.333333
-9.421580	 	11340.000000
-17.856562	 	11346.666667
9.157248	 	11353.333333
-6.988198	 	11360.000000
0.379704	 	11366.666667
1.789622	 	11373.333333
-5.552884	 	11380.000000
-21.491226	 	11386.666667
-5.799678	 	11393.333333
2.837401	 	11400.000000
7.872889	 	11406.666667
-2.732828	 	11413.333333
-7.252772	 	11420.000000
-14.157232	 	11426.666667
17.385887	 	11433.333333
-6.857334	 	11440.000000
-37.106197	 	11446.666667
-10.421989	 	11453.333333
26.713589	 	11460.000000
20.218328	 	11466.666667
-13.510981	 	11473.333333
2.447133	 	11480.000000
-10.109451	 	11486.666667
-19.895871	 	11493.333333
-14.246548	 	11500.000000
2.618816	 	11506.666667
12.264759	 	11513.333333
-0.917246	 	11520.000000
-30.423247	 	11526.666667
11.782547	 	11533.333333
8.698508	 	11540.000000
-3.345679	 	11546.666667
-34.706386	 	11553.333333
-18.877823	 	11560.000000
14.999513	 	11566.666667
23.976002	 	11573.333333
-11.705145	 	11580.000000
-15.472952	 	11586.666667
-12.003365	 	11593.333333
12.981792	 	11600.000000
2.250850	 	11606.666667
-4.202686	 	11613.333333
-17.861782	 	11620.000000
-10.569609	 	11626.666667
-6.751717	 	11633.333333
-11.795106	 	11640.000000
16.306470	 	11646.666667
31.085810	 	11653.333333
-46.783428	 	11660.000000
-33.003732	 	11666.666667
4.898036	 	11673.333333
15.376483	 	11680.000000
11.980348	 	11686.666667
-20.430585	 	11693.333333
-13.229439	 	11700.000000
-2.032517	 	11706.666667
-20.805176	 	11713.333333
-16.454514	 	11720.000000
17.480017	 	11726.666667
27.989254	 	11733.333333
-4.271909	 	11740.000000
-27.268234	 	11746.666667
9.271055	 	11753.333333
-16.085508	 	11760.000000
-17.626808	 	11766.666667
0.551616	 	11773.333333
4.978563	 	11780.000000
16.856385	 	11786.666667
-12.646058	 	11793.333333
-11.903341	 	11800.000000
-6.519588	 	11806.666667
-25.724723	 	11813.333333
16.719361	 	11820.000000
4.600964	 	11826.666667
-15.837001	 	11833.333333
7.019516	 	11840.000000
12.003130	 	11846.666667
8.921532	 	11853.333333
-35.356681	 	11860.000000
-35.841855	 	11866.666667
31.222852	 	11873.333333
25.159949	 	11880.000000
-40.377507	 	11886.666667
-37.108502	 	11893.333333
0.226147	 	11900.000000
34.900365	 	11906.666667
-0.483076	 	11913.333333
-23.883025	 	11920.000000
-8.613462	 	11926.666667
-9.445725	 	11933.333333
33.012275	 	11940.000000
3.255051	 	11946.666667
-88.022007	 	11953.333333
-5.486012	 	11960.000000
39.314790	 	11966.666667
98.322360	 	11973.333333
-74.216161	 	11980.000000
-55.811511	 	11986.666667
-5.909396	 	11993.333333
16.122798	 	12000.000000
8.233051	 	12006.666667
2.419065	 	12013.333333
-24.390336	 	12020.000000
-50.633419	 	12026.666667
57.204948	 	12033.333333
-0.453801	 	12040.000000
-10.254654	 	12046.666667
-25.500972	 	12053.333333
-38.113590	 	12060.000000
13.850202	 	12066.666667
69.353160	 	12073.333333
1.729920	 	12080.000000
-35.524503	 	12086.666667
-75.011295	 	12093.333333
-24.279726	 	12100.000000
14.260699	 	12106.666667
140.186120	 	12113.333333
-17.031418	 	12120.000000
-104.869477	 	12126.666667
-31.294614	 	12133.333333
49.433331	 	12140.000000
-170.597094	 	12146.666667
229.135329	 	12153.333333
10.792010	 	12160.000000
-30.999465	 	12166.666667
-164.382759	 	12173.333333
24.897296	 	12180.000000
197.623593	 	12186.666667
-144.283303	 	12193.333333
-88.117471	 	12200.000000
-90.768452	 	12206.666667
224.484625	 	12213.333333
91.918944	 	12220.000000
-153.285676	 	12226.666667
-78.888258	 	12233.333333
26.382648	 	12240.000000
-20.441898	 	12246.666667
38.905048	 	12253.333333
-0.523842	 	12260.000000
69.465182	 	12266.666667
-133.268773	 	12273.333333
94.055852	 	12280.000000
-178.625608	 	12286.666667
169.932763	 	12293.333333
-151.281166	 	12300.000000
335.342021	 	12306.666667
-223.681177	 	12313.333333
-388.340590	 	12320.000000
415.277748	 	12326.666667
92.170242	 	12333.333333
-44.350024	 	12340.000000
-16.127300	 	12346.666667
-368.306344	 	12353.333333
280.901985	 	12360.000000
-376.047006	 	12366.666667
363.190483	 	12373.333333
252.326144	 	12380.000000
-391.974191	 	12386.666667
193.124739	 	12393.333333
170.740549	 	12400.000000
-476.247150	 	12406.666667
-164.370414	 	12413.333333
-40.247981	 	12420.000000
886.982477	 	12426.666667
-109.670643	 	12433.333333
-459.795529	 	12440.000000
-334.865541	 	12446.666667
434.679144	 	12453.333333
-353.894861	 	12460.000000
141.816298	 	12466.666667
580.919481	 	12473.333333
-42.234220	 	12480.000000
-563.413124	 	12486.666667
-783.195163	 	12493.333333
1278.474348	 	12500.000000
-143.509478	 	12506.666667
-45.360654	 	12513.333333
-350.114731	 	12520.000000
-708.327766	 	12526.666667
1332.474563	 	12533.333333
104.044786	 	12540.000000
-356.643214	 	12546.666667
-334.493855	 	12553.333333
-833.875371	 	12560.000000
361.448159	 	12566.666667
1273.275371	 	12573.333333
48.670112	 	12580.000000
-713.883098	 	12586.666667
-699.504307	 	12593.333333
929.085985	 	12600.000000
-637.745081	 	12606.666667
-891.768276	 	12613.333333
2751.850690	 	12620.000000
-961.313440	 	12626.666667
-951.975498	 	12633.333333
-901.583877	 	12640.000000
1911.875180	 	12646.666667
-226.623240	 	12653.333333
-853.158739	 	12660.000000
534.210274	 	12666.666667
105.732262	 	12673.333333
-732.924249	 	12680.000000
802.993323	 	12686.666667
-160.831739	 	12693.333333
-827.542705	 	12700.000000
827.520213	 	12706.666667
394.404364	 	12713.333333
-862.364452	 	12720.000000
611.862755	 	12726.666667
-834.929653	 	12733.333333
631.332503	 	12740.000000
-499.698078	 	12746.666667
463.450453	 	12753.333333
-563.728355	 	12760.000000
1573.673017	 	12766.666667
-978.528131	 	12773.333333
-804.699073	 	12780.000000
-907.433340	 	12786.666667
2545.747281	 	12793.333333
-567.311328	 	12800.000000
-56.611415	 	12806.666667
-468.151980	 	12813.333333
331.461582	 	12820.000000
-801.249410	 	12826.666667
-120.386863	 	12833.333333
-764.012213	 	12840.000000
2214.066189	 	12846.666667
239.983820	 	12853.333333
-166.689981	 	12860.000000
-991.583469	 	12866.666667
-961.975008	 	12873.333333
-921.598238	 	12880.000000
3137.421413	 	12886.666667
-88.577962	 	12893.333333
-997.921644	 	12900.000000
-355.617114	 	12906.666667
-978.145239	 	12913.333333
-999.767946	 	12920.000000
4545.360880	 	12926.666667
-995.849080	 	12933.333333
-995.877796	 	12940.000000
-852.969363	 	12946.666667
-508.151146	 	12953.333333
347.320215	 	12960.000000
-679.645016	 	12966.666667
2829.161771	 	12973.333333
-989.679876	 	12980.000000
-744.968784	 	12986.666667
99.714858	 	12993.333333
-999.054003	 	13000.000000
1594.972725	 	13006.666667
-394.125456	 	13013.333333
-998.852707	 	13020.000000
2220.175045	 	13026.666667
-857.381783	 	13033.333333
-920.454346	 	13040.000000
-748.366228	 	13046.666667
1698.377729	 	13053.333333
285.712802	 	13060.000000
-978.705336	 	13066.666667
-771.731702	 	13073.333333
2233.743523	 	13080.000000
-996.959405	 	13086.666667
-999.228219	 	13093.333333
313.793812	 	13100.000000
-316.932681	 	13106.666667
1913.180430	 	13113.333333
-998.649342	 	13120.000000
-999.998692	 	13126.666667
75.153387	 	13133.333333
2059.937962	 	13140.000000
-941.005238	 	13146.666667
-384.888804	 	13153.333333
123.711379	 	13160.000000
-983.753653	 	13166.666667
-995.064472	 	13173.333333
3259.786312	 	13180.000000
-985.891576	 	13186.666667
-999.998801	 	13193.333333
1107.317073	 	13200.000000
-812.023919	 	13206.666667
-962.426693	 	13213.333333
168.173789	 	13220.000000
-999.745083	 	13226.666667
6970.857019	 	13233.333333
-999.998801	 	13240.000000
-999.998801	 	13246.666667
-999.998801	 	13253.333333
-999.998807	 	13260.000000
-999.998803	 	13266.666667
-999.998818	 	13273.333333
-999.998838	 	13280.000000
-999.998848	 	13286.666667
-999.998827	 	13293.333333
-999.998811	 	13300.000000
-999.998881	 	13306.666667
-999.998987	 	13313.333333
-999.999019	 	13320.000000
-999.998976	 	13326.666667
