#peak 	 	#time 
1.435138	 	0.000000
2.185138	 	6.666667
3.924389	 	13.333333
4.105974	 	20.000000
3.990562	 	26.666667
4.469843	 	33.333333
7.033606	 	40.000000
8.520783	 	46.666667
7.833283	 	53.333333
8.270783	 	60.000000
8.458283	 	66.666667
7.583283	 	73.333333
8.708283	 	80.000000
6.208283	 	86.666667
7.833283	 	93.333333
8.020783	 	100.000000
6.395783	 	106.666667
7.020783	 	113.333333
6.645783	 	120.000000
6.083283	 	126.666667
6.583283	 	133.333333
6.458283	 	140.000000
7.083283	 	146.666667
6.270783	 	153.333333
6.708283	 	160.000000
6.520783	 	166.666667
8.020783	 	173.333333
5.270783	 	180.000000
7.020783	 	186.666667
4.833283	 	193.333333
5.645783	 	200.000000
7.145783	 	206.666667
4.083283	 	213.333333
4.958283	 	220.000000
5.083283	 	226.666667
5.208283	 	233.333333
4.708283	 	240.000000
4.333283	 	246.666667
4.395783	 	253.333333
5.083283	 	260.000000
4.520783	 	266.666667
4.708283	 	273.333333
4.458283	 	280.000000
4.458283	 	286.666667
4.270783	 	293.333333
4.333283	 	300.000000
3.895783	 	306.666667
6.145783	 	313.333333
4.895783	 	320.000000
3.458283	 	326.666667
3.395783	 	333.333333
3.145783	 	340.000000
3.583283	 	346.666667
3.020783	 	353.333333
3.333283	 	360.000000
3.395783	 	366.666667
3.770783	 	373.333333
3.333283	 	380.000000
3.833283	 	386.666667
3.145783	 	393.333333
2.458283	 	400.000000
2.583283	 	406.666667
4.708283	 	413.333333
3.895783	 	420.000000
3.020783	 	426.666667
2.208283	 	433.333333
2.770783	 	440.000000
3.208283	 	446.666667
2.458283	 	453.333333
1.645783	 	460.000000
1.708283	 	466.666667
3.520783	 	473.333333
3.958283	 	480.000000
3.145783	 	486.666667
3.458283	 	493.333333
2.770783	 	500.000000
2.395783	 	506.666667
3.333283	 	513.333333
2.770783	 	520.000000
2.270783	 	526.666667
3.833283	 	533.333333
2.395783	 	540.000000
2.395783	 	546.666667
3.270783	 	553.333333
1.833283	 	560.000000
1.708283	 	566.666667
2.270783	 	573.333333
1.895783	 	580.000000
0.770783	 	586.666667
2.145783	 	593.333333
0.895783	 	600.000000
1.333283	 	606.666667
1.958283	 	613.333333
1.958283	 	620.000000
1.958283	 	626.666667
2.145783	 	633.333333
1.895783	 	640.000000
2.583283	 	646.666667
2.395783	 	653.333333
1.395783	 	660.000000
1.770783	 	666.666667
0.770783	 	673.333333
1.770783	 	680.000000
1.708283	 	686.666667
1.708283	 	693.333333
1.145783	 	700.000000
1.895783	 	706.666667
1.708283	 	713.333333
-0.104217	 	720.000000
1.770783	 	726.666667
1.520783	 	733.333333
0.458283	 	740.000000
2.708283	 	746.666667
-0.416717	 	753.333333
1.708283	 	760.000000
1.333283	 	766.666667
1.895783	 	773.333333
1.958283	 	780.000000
1.895783	 	786.666667
0.895783	 	793.333333
0.270783	 	800.000000
0.645783	 	806.666667
1.833283	 	813.333333
0.083283	 	820.000000
-0.416717	 	826.666667
2.583283	 	833.333333
1.083283	 	840.000000
1.520783	 	846.666667
0.520783	 	853.333333
0.895783	 	860.000000
0.770783	 	866.666667
1.458283	 	873.333333
-0.104217	 	880.000000
0.145783	 	886.666667
0.895783	 	893.333333
1.270783	 	900.000000
-0.229217	 	906.666667
0.520783	 	913.333333
-0.291717	 	920.000000
1.270783	 	926.666667
0.020783	 	933.333333
0.395783	 	940.000000
1.270783	 	946.666667
0.958283	 	953.333333
0.333283	 	960.000000
1.895783	 	966.666667
1.583283	 	973.333333
1.895783	 	980.000000
2.083283	 	986.666667
2.520783	 	993.333333
2.583283	 	1000.000000
2.333283	 	1006.666667
1.458283	 	1013.333333
3.458283	 	1020.000000
2.458283	 	1026.666667
4.520783	 	1033.333333
3.145783	 	1040.000000
3.020783	 	1046.666667
3.208283	 	1053.333333
5.833283	 	1060.000000
3.395783	 	1066.666667
2.583283	 	1073.333333
3.833283	 	1080.000000
3.520783	 	1086.666667
3.395783	 	1093.333333
2.333283	 	1100.000000
3.020783	 	1106.666667
3.895783	 	1113.333333
3.333283	 	1120.000000
3.520783	 	1126.666667
3.270783	 	1133.333333
4.145783	 	1140.000000
4.145783	 	1146.666667
3.270783	 	1153.333333
4.520783	 	1160.000000
4.145783	 	1166.666667
5.333283	 	1173.333333
5.458283	 	1180.000000
3.020783	 	1186.666667
5.770783	 	1193.333333
4.958283	 	1200.000000
4.145783	 	1206.666667
4.770783	 	1213.333333
3.270783	 	1220.000000
3.770783	 	1226.666667
5.020783	 	1233.333333
4.520783	 	1240.000000
3.770783	 	1246.666667
3.395783	 	1253.333333
4.083283	 	1260.000000
3.895783	 	1266.666667
3.395783	 	1273.333333
4.770783	 	1280.000000
4.083283	 	1286.666667
4.520783	 	1293.333333
2.208283	 	1300.000000
2.833283	 	1306.666667
3.333283	 	1313.333333
2.833283	 	1320.000000
3.520783	 	1326.666667
4.458283	 	1333.333333
3.520783	 	1340.000000
4.020783	 	1346.666667
4.583283	 	1353.333333
2.958283	 	1360.000000
2.770783	 	1366.666667
3.458283	 	1373.333333
3.645783	 	1380.000000
2.770783	 	1386.666667
3.083283	 	1393.333333
5.083283	 	1400.000000
3.520783	 	1406.666667
5.083283	 	1413.333333
5.083283	 	1420.000000
3.895783	 	1426.666667
3.458283	 	1433.333333
3.833283	 	1440.000000
3.083283	 	1446.666667
5.083283	 	1453.333333
3.833283	 	1460.000000
2.708283	 	1466.666667
3.958283	 	1473.333333
2.395783	 	1480.000000
3.333283	 	1486.666667
3.395783	 	1493.333333
3.333283	 	1500.000000
3.833283	 	1506.666667
2.645783	 	1513.333333
3.395783	 	1520.000000
3.395783	 	1526.666667
5.645783	 	1533.333333
6.395783	 	1540.000000
6.708283	 	1546.666667
5.833283	 	1553.333333
6.895783	 	1560.000000
4.520783	 	1566.666667
6.083283	 	1573.333333
6.270783	 	1580.000000
6.645783	 	1586.666667
6.145783	 	1593.333333
4.895783	 	1600.000000
5.208283	 	1606.666667
5.520783	 	1613.333333
4.958283	 	1620.000000
5.083283	 	1626.666667
3.770783	 	1633.333333
5.458283	 	1640.000000
4.145783	 	1646.666667
3.583283	 	1653.333333
4.833283	 	1660.000000
4.020783	 	1666.666667
3.520783	 	1673.333333
4.270783	 	1680.000000
3.958283	 	1686.666667
4.458283	 	1693.333333
6.020783	 	1700.000000
6.083283	 	1706.666667
7.645783	 	1713.333333
7.020783	 	1720.000000
6.520783	 	1726.666667
7.458283	 	1733.333333
7.645783	 	1740.000000
6.645783	 	1746.666667
6.083283	 	1753.333333
7.833283	 	1760.000000
6.645783	 	1766.666667
6.020783	 	1773.333333
5.145783	 	1780.000000
5.208283	 	1786.666667
4.708283	 	1793.333333
5.770783	 	1800.000000
5.833283	 	1806.666667
7.020783	 	1813.333333
3.958283	 	1820.000000
4.770783	 	1826.666667
4.958283	 	1833.333333
4.208283	 	1840.000000
3.270783	 	1846.666667
6.270783	 	1853.333333
5.270783	 	1860.000000
3.520783	 	1866.666667
4.583283	 	1873.333333
4.020783	 	1880.000000
3.958283	 	1886.666667
3.645783	 	1893.333333
4.958283	 	1900.000000
5.145783	 	1906.666667
7.083283	 	1913.333333
5.770783	 	1920.000000
4.895783	 	1926.666667
5.083283	 	1933.333333
6.645783	 	1940.000000
5.020783	 	1946.666667
4.395783	 	1953.333333
4.895783	 	1960.000000
4.645783	 	1966.666667
3.520783	 	1973.333333
3.958283	 	1980.000000
4.708283	 	1986.666667
3.395783	 	1993.333333
4.083283	 	2000.000000
4.458283	 	2006.666667
3.083283	 	2013.333333
3.895783	 	2020.000000
3.645783	 	2026.666667
3.708283	 	2033.333333
4.145783	 	2040.000000
1.833283	 	2046.666667
2.083283	 	2053.333333
4.458283	 	2060.000000
2.958283	 	2066.666667
3.020783	 	2073.333333
3.333283	 	2080.000000
2.145783	 	2086.666667
1.645783	 	2093.333333
2.270783	 	2100.000000
0.270783	 	2106.666667
2.458283	 	2113.333333
3.645783	 	2120.000000
2.958283	 	2126.666667
4.270783	 	2133.333333
4.145783	 	2140.000000
5.770783	 	2146.666667
5.770783	 	2153.333333
5.520783	 	2160.000000
6.708283	 	2166.666667
6.583283	 	2173.333333
5.958283	 	2180.000000
6.395783	 	2186.666667
7.020783	 	2193.333333
6.020783	 	2200.000000
5.645783	 	2206.666667
4.458283	 	2213.333333
6.145783	 	2220.000000
6.708283	 	2226.666667
6.458283	 	2233.333333
6.458283	 	2240.000000
5.770783	 	2246.666667
5.333283	 	2253.333333
5.708283	 	2260.000000
4.958283	 	2266.666667
6.083283	 	2273.333333
4.520783	 	2280.000000
4.270783	 	2286.666667
4.208283	 	2293.333333
5.395783	 	2300.000000
4.145783	 	2306.666667
4.770783	 	2313.333333
3.520783	 	2320.000000
4.020783	 	2326.666667
3.833283	 	2333.333333
5.708283	 	2340.000000
6.520783	 	2346.666667
7.708283	 	2353.333333
5.770783	 	2360.000000
6.770783	 	2366.666667
7.708283	 	2373.333333
8.458283	 	2380.000000
6.770783	 	2386.666667
6.958283	 	2393.333333
6.395783	 	2400.000000
5.770783	 	2406.666667
7.770783	 	2413.333333
5.333283	 	2420.000000
5.520783	 	2426.666667
5.645783	 	2433.333333
6.520783	 	2440.000000
6.020783	 	2446.666667
4.958283	 	2453.333333
5.895783	 	2460.000000
4.208283	 	2466.666667
4.708283	 	2473.333333
4.458283	 	2480.000000
4.895783	 	2486.666667
4.583283	 	2493.333333
4.770783	 	2500.000000
3.333283	 	2506.666667
4.583283	 	2513.333333
7.333283	 	2520.000000
7.395783	 	2526.666667
5.395783	 	2533.333333
7.958283	 	2540.000000
6.395783	 	2546.666667
9.020783	 	2553.333333
6.958283	 	2560.000000
10.208283	 	2566.666667
9.395783	 	2573.333333
8.458283	 	2580.000000
8.645783	 	2586.666667
9.583283	 	2593.333333
9.208283	 	2600.000000
7.708283	 	2606.666667
8.645783	 	2613.333333
9.145783	 	2620.000000
7.145783	 	2626.666667
7.770783	 	2633.333333
6.083283	 	2640.000000
6.020783	 	2646.666667
6.583283	 	2653.333333
7.958283	 	2660.000000
7.083283	 	2666.666667
8.333283	 	2673.333333
6.145783	 	2680.000000
4.583283	 	2686.666667
6.770783	 	2693.333333
5.520783	 	2700.000000
6.833283	 	2706.666667
6.083283	 	2713.333333
4.708283	 	2720.000000
5.458283	 	2726.666667
4.895783	 	2733.333333
5.958283	 	2740.000000
5.583283	 	2746.666667
5.458283	 	2753.333333
6.083283	 	2760.000000
5.145783	 	2766.666667
3.395783	 	2773.333333
5.145783	 	2780.000000
2.770783	 	2786.666667
4.395783	 	2793.333333
4.208283	 	2800.000000
4.708283	 	2806.666667
3.520783	 	2813.333333
3.958283	 	2820.000000
3.833283	 	2826.666667
3.020783	 	2833.333333
2.458283	 	2840.000000
4.333283	 	2846.666667
3.520783	 	2853.333333
2.770783	 	2860.000000
2.583283	 	2866.666667
2.395783	 	2873.333333
3.770783	 	2880.000000
3.645783	 	2886.666667
3.270783	 	2893.333333
4.520783	 	2900.000000
2.708283	 	2906.666667
3.333283	 	2913.333333
2.833283	 	2920.000000
3.833283	 	2926.666667
2.145783	 	2933.333333
3.395783	 	2940.000000
3.645783	 	2946.666667
2.520783	 	2953.333333
1.770783	 	2960.000000
0.833283	 	2966.666667
2.645783	 	2973.333333
3.708283	 	2980.000000
1.708283	 	2986.666667
1.458283	 	2993.333333
3.458283	 	3000.000000
3.458283	 	3006.666667
3.333283	 	3013.333333
2.145783	 	3020.000000
2.208283	 	3026.666667
2.645783	 	3033.333333
2.208283	 	3040.000000
2.333283	 	3046.666667
0.958283	 	3053.333333
3.208283	 	3060.000000
2.145783	 	3066.666667
1.645783	 	3073.333333
1.958283	 	3080.000000
1.333283	 	3086.666667
2.020783	 	3093.333333
1.833283	 	3100.000000
1.208283	 	3106.666667
2.458283	 	3113.333333
1.208283	 	3120.000000
2.583283	 	3126.666667
2.520783	 	3133.333333
1.020783	 	3140.000000
2.645783	 	3146.666667
2.020783	 	3153.333333
2.770783	 	3160.000000
2.520783	 	3166.666667
5.270783	 	3173.333333
6.083283	 	3180.000000
5.083283	 	3186.666667
8.833283	 	3193.333333
8.895783	 	3200.000000
8.645783	 	3206.666667
10.083283	 	3213.333333
8.395783	 	3220.000000
7.770783	 	3226.666667
8.708283	 	3233.333333
7.333283	 	3240.000000
7.395783	 	3246.666667
7.833283	 	3253.333333
7.770783	 	3260.000000
8.395783	 	3266.666667
8.083283	 	3273.333333
6.083283	 	3280.000000
6.770783	 	3286.666667
5.645783	 	3293.333333
8.583283	 	3300.000000
7.020783	 	3306.666667
5.458283	 	3313.333333
5.270783	 	3320.000000
5.270783	 	3326.666667
5.708283	 	3333.333333
6.083283	 	3340.000000
3.708283	 	3346.666667
6.020783	 	3353.333333
4.583283	 	3360.000000
6.145783	 	3366.666667
3.895783	 	3373.333333
5.770783	 	3380.000000
5.020783	 	3386.666667
4.645783	 	3393.333333
4.145783	 	3400.000000
4.208283	 	3406.666667
3.520783	 	3413.333333
4.520783	 	3420.000000
3.208283	 	3426.666667
3.770783	 	3433.333333
4.395783	 	3440.000000
3.020783	 	3446.666667
3.395783	 	3453.333333
4.020783	 	3460.000000
3.645783	 	3466.666667
4.958283	 	3473.333333
2.895783	 	3480.000000
4.145783	 	3486.666667
4.583283	 	3493.333333
4.833283	 	3500.000000
3.083283	 	3506.666667
2.958283	 	3513.333333
3.333283	 	3520.000000
2.708283	 	3526.666667
3.458283	 	3533.333333
3.645783	 	3540.000000
4.958283	 	3546.666667
2.395783	 	3553.333333
2.333283	 	3560.000000
3.583283	 	3566.666667
2.333283	 	3573.333333
2.083283	 	3580.000000
1.020783	 	3586.666667
2.645783	 	3593.333333
2.333283	 	3600.000000
2.958283	 	3606.666667
0.645783	 	3613.333333
3.145783	 	3620.000000
3.770783	 	3626.666667
2.895783	 	3633.333333
2.020783	 	3640.000000
1.645783	 	3646.666667
0.458283	 	3653.333333
0.520783	 	3660.000000
2.020783	 	3666.666667
4.270783	 	3673.333333
3.145783	 	3680.000000
1.333283	 	3686.666667
0.708283	 	3693.333333
1.458283	 	3700.000000
1.833283	 	3706.666667
1.958283	 	3713.333333
0.583283	 	3720.000000
1.645783	 	3726.666667
0.958283	 	3733.333333
1.020783	 	3740.000000
0.520783	 	3746.666667
-1.041717	 	3753.333333
1.708283	 	3760.000000
1.708283	 	3766.666667
1.833283	 	3773.333333
2.520783	 	3780.000000
1.208283	 	3786.666667
1.270783	 	3793.333333
-0.166717	 	3800.000000
2.270783	 	3806.666667
1.395783	 	3813.333333
0.770783	 	3820.000000
0.395783	 	3826.666667
1.020783	 	3833.333333
1.208283	 	3840.000000
2.083283	 	3846.666667
1.770783	 	3853.333333
-1.041717	 	3860.000000
0.270783	 	3866.666667
1.270783	 	3873.333333
0.958283	 	3880.000000
0.458283	 	3886.666667
0.458283	 	3893.333333
0.270783	 	3900.000000
0.458283	 	3906.666667
-0.041717	 	3913.333333
1.833283	 	3920.000000
0.395783	 	3926.666667
1.833283	 	3933.333333
-0.354217	 	3940.000000
0.208283	 	3946.666667
0.895783	 	3953.333333
0.770783	 	3960.000000
2.083283	 	3966.666667
-0.291717	 	3973.333333
0.895783	 	3980.000000
0.895783	 	3986.666667
0.583283	 	3993.333333
-0.104217	 	4000.000000
1.020783	 	4006.666667
0.958283	 	4013.333333
1.770783	 	4020.000000
0.833283	 	4026.666667
0.270783	 	4033.333333
0.270783	 	4040.000000
-0.229217	 	4046.666667
1.708283	 	4053.333333
1.895783	 	4060.000000
2.708283	 	4066.666667
0.958283	 	4073.333333
-0.541717	 	4080.000000
0.208283	 	4086.666667
1.083283	 	4093.333333
0.333283	 	4100.000000
1.083283	 	4106.666667
0.395783	 	4113.333333
0.208283	 	4120.000000
0.833283	 	4126.666667
1.020783	 	4133.333333
-0.416717	 	4140.000000
-0.354217	 	4146.666667
-0.729217	 	4153.333333
1.458283	 	4160.000000
0.770783	 	4166.666667
1.458283	 	4173.333333
-1.666717	 	4180.000000
1.333283	 	4186.666667
0.333283	 	4193.333333
0.520783	 	4200.000000
1.645783	 	4206.666667
0.958283	 	4213.333333
0.270783	 	4220.000000
-1.916717	 	4226.666667
-0.104217	 	4233.333333
0.020783	 	4240.000000
-2.166717	 	4246.666667
0.145783	 	4253.333333
0.958283	 	4260.000000
0.520783	 	4266.666667
-0.479217	 	4273.333333
1.208283	 	4280.000000
0.833283	 	4286.666667
-0.604217	 	4293.333333
-0.229217	 	4300.000000
0.208283	 	4306.666667
1.895783	 	4313.333333
-0.041717	 	4320.000000
0.145783	 	4326.666667
0.208283	 	4333.333333
0.333283	 	4340.000000
0.895783	 	4346.666667
0.020783	 	4353.333333
-1.416717	 	4360.000000
-0.854217	 	4366.666667
0.770783	 	4373.333333
0.770783	 	4380.000000
0.770783	 	4386.666667
-0.166717	 	4393.333333
0.458283	 	4400.000000
-0.729217	 	4406.666667
-0.604217	 	4413.333333
-0.979217	 	4420.000000
0.083283	 	4426.666667
-0.291717	 	4433.333333
0.333283	 	4440.000000
1.583283	 	4446.666667
0.520783	 	4453.333333
-1.416717	 	4460.000000
-0.041717	 	4466.666667
0.020783	 	4473.333333
0.145783	 	4480.000000
-0.229217	 	4486.666667
-2.604217	 	4493.333333
-0.291717	 	4500.000000
-0.229217	 	4506.666667
-0.291717	 	4513.333333
-0.729217	 	4520.000000
0.833283	 	4526.666667
0.333283	 	4533.333333
-0.729217	 	4540.000000
1.020783	 	4546.666667
1.770783	 	4553.333333
2.395783	 	4560.000000
1.458283	 	4566.666667
1.270783	 	4573.333333
2.145783	 	4580.000000
1.708283	 	4586.666667
1.708283	 	4593.333333
2.208283	 	4600.000000
3.958283	 	4606.666667
3.145783	 	4613.333333
1.395783	 	4620.000000
2.395783	 	4626.666667
4.208283	 	4633.333333
2.770783	 	4640.000000
2.958283	 	4646.666667
1.895783	 	4653.333333
3.083283	 	4660.000000
1.770783	 	4666.666667
2.770783	 	4673.333333
1.020783	 	4680.000000
1.895783	 	4686.666667
2.395783	 	4693.333333
3.270783	 	4700.000000
0.708283	 	4706.666667
2.395783	 	4713.333333
1.270783	 	4720.000000
1.020783	 	4726.666667
2.958283	 	4733.333333
2.708283	 	4740.000000
2.083283	 	4746.666667
1.458283	 	4753.333333
1.458283	 	4760.000000
0.770783	 	4766.666667
1.145783	 	4773.333333
1.083283	 	4780.000000
1.395783	 	4786.666667
1.333283	 	4793.333333
0.458283	 	4800.000000
0.520783	 	4806.666667
0.958283	 	4813.333333
2.395783	 	4820.000000
1.833283	 	4826.666667
1.520783	 	4833.333333
-1.229217	 	4840.000000
0.520783	 	4846.666667
-0.729217	 	4853.333333
2.208283	 	4860.000000
1.958283	 	4866.666667
1.583283	 	4873.333333
0.395783	 	4880.000000
0.520783	 	4886.666667
1.833283	 	4893.333333
1.270783	 	4900.000000
0.520783	 	4906.666667
0.583283	 	4913.333333
0.020783	 	4920.000000
0.458283	 	4926.666667
0.583283	 	4933.333333
0.145783	 	4940.000000
0.458283	 	4946.666667
0.583283	 	4953.333333
1.020783	 	4960.000000
1.208283	 	4966.666667
-0.041717	 	4973.333333
-0.666717	 	4980.000000
0.958283	 	4986.666667
0.645783	 	4993.333333
1.395783	 	5000.000000
1.395783	 	5006.666667
0.333283	 	5013.333333
1.520783	 	5020.000000
0.770783	 	5026.666667
0.270783	 	5033.333333
1.458283	 	5040.000000
0.645783	 	5046.666667
1.083283	 	5053.333333
2.208283	 	5060.000000
0.833283	 	5066.666667
0.583283	 	5073.333333
0.020783	 	5080.000000
0.770783	 	5086.666667
0.395783	 	5093.333333
1.020783	 	5100.000000
0.458283	 	5106.666667
1.770783	 	5113.333333
0.645783	 	5120.000000
0.458283	 	5126.666667
1.083283	 	5133.333333
-0.604217	 	5140.000000
-1.354217	 	5146.666667
0.833283	 	5153.333333
1.145783	 	5160.000000
0.458283	 	5166.666667
-1.291717	 	5173.333333
-1.666717	 	5180.000000
-0.354217	 	5186.666667
1.895783	 	5193.333333
0.833283	 	5200.000000
1.395783	 	5206.666667
-0.666717	 	5213.333333
0.083283	 	5220.000000
0.333283	 	5226.666667
0.520783	 	5233.333333
-0.541717	 	5240.000000
-0.229217	 	5246.666667
0.145783	 	5253.333333
1.645783	 	5260.000000
-0.541717	 	5266.666667
-0.666717	 	5273.333333
0.833283	 	5280.000000
0.520783	 	5286.666667
-1.166717	 	5293.333333
-0.229217	 	5300.000000
-0.729217	 	5306.666667
-1.416717	 	5313.333333
5.770783	 	5320.000000
32.270783	 	5326.666667
67.020783	 	5333.333333
94.458283	 	5340.000000
114.583283	 	5346.666667
133.395783	 	5353.333333
151.645783	 	5360.000000
171.833283	 	5366.666667
215.333283	 	5373.333333
338.645783	 	5380.000000
474.270783	 	5386.666667
654.583283	 	5393.333333
855.333283	 	5400.000000
1091.333283	 	5406.666667
1345.833283	 	5413.333333
1710.208283	 	5420.000000
2096.958283	 	5426.666667
2403.208283	 	5433.333333
2669.395783	 	5440.000000
2930.708283	 	5446.666667
3143.458283	 	5453.333333
3298.458283	 	5460.000000
3418.895783	 	5466.666667
3498.020783	 	5473.333333
3552.770783	 	5480.000000
3575.770783	 	5486.666667
3576.083283	 	5493.333333
3575.083283	 	5500.000000
3567.958283	 	5506.666667
3544.458283	 	5513.333333
3526.208283	 	5520.000000
3493.145783	 	5526.666667
3455.895783	 	5533.333333
3419.645783	 	5540.000000
3394.333283	 	5546.666667
3352.208283	 	5553.333333
3315.645783	 	5560.000000
3276.395783	 	5566.666667
3241.395783	 	5573.333333
3205.270783	 	5580.000000
3172.645783	 	5586.666667
3133.145783	 	5593.333333
3104.020783	 	5600.000000
3065.770783	 	5606.666667
3033.770783	 	5613.333333
2994.645783	 	5620.000000
2961.645783	 	5626.666667
2923.708283	 	5633.333333
2893.520783	 	5640.000000
2851.833283	 	5646.666667
2817.958283	 	5653.333333
2788.458283	 	5660.000000
2762.958283	 	5666.666667
2733.458283	 	5673.333333
2706.020783	 	5680.000000
2676.333283	 	5686.666667
2646.645783	 	5693.333333
2620.583283	 	5700.000000
2590.083283	 	5706.666667
2557.520783	 	5713.333333
2529.708283	 	5720.000000
2500.208283	 	5726.666667
2474.020783	 	5733.333333
2441.833283	 	5740.000000
2409.020783	 	5746.666667
2383.270783	 	5753.333333
2353.208283	 	5760.000000
2329.770783	 	5766.666667
2303.583283	 	5773.333333
2282.145783	 	5780.000000
2265.583283	 	5786.666667
2247.395783	 	5793.333333
2228.270783	 	5800.000000
2209.708283	 	5806.666667
2191.958283	 	5813.333333
2168.895783	 	5820.000000
2147.083283	 	5826.666667
2129.333283	 	5833.333333
2108.520783	 	5840.000000
2090.645783	 	5846.666667
2077.020783	 	5853.333333
2065.395783	 	5860.000000
2048.020783	 	5866.666667
2039.645783	 	5873.333333
2019.833283	 	5880.000000
2000.520783	 	5886.666667
1983.770783	 	5893.333333
1964.645783	 	5900.000000
1940.458283	 	5906.666667
1921.020783	 	5913.333333
1903.645783	 	5920.000000
1885.333283	 	5926.666667
1862.895783	 	5933.333333
1838.895783	 	5940.000000
1815.770783	 	5946.666667
1794.708283	 	5953.333333
1773.458283	 	5960.000000
1750.645783	 	5966.666667
1728.708283	 	5973.333333
1707.708283	 	5980.000000
1686.958283	 	5986.666667
1668.583283	 	5993.333333
1652.145783	 	6000.000000
1632.083283	 	6006.666667
1611.145783	 	6013.333333
1590.520783	 	6020.000000
1574.145783	 	6026.666667
1555.083283	 	6033.333333
1534.395783	 	6040.000000
1518.458283	 	6046.666667
1501.395783	 	6053.333333
1480.770783	 	6060.000000
1463.020783	 	6066.666667
1447.458283	 	6073.333333
1432.020783	 	6080.000000
1413.083283	 	6086.666667
1395.583283	 	6093.333333
1381.458283	 	6100.000000
1366.770783	 	6106.666667
1350.270783	 	6113.333333
1337.395783	 	6120.000000
1325.583283	 	6126.666667
1315.708283	 	6133.333333
1304.145783	 	6140.000000
1291.895783	 	6146.666667
1277.520783	 	6153.333333
1264.895783	 	6160.000000
1250.708283	 	6166.666667
1237.395783	 	6173.333333
1221.895783	 	6180.000000
1207.770783	 	6186.666667
1192.583283	 	6193.333333
1181.645783	 	6200.000000
1165.645783	 	6206.666667
1149.770783	 	6213.333333
1133.708283	 	6220.000000
1119.895783	 	6226.666667
1105.833283	 	6233.333333
1090.395783	 	6240.000000
1074.270783	 	6246.666667
1059.645783	 	6253.333333
1046.645783	 	6260.000000
1034.895783	 	6266.666667
1022.020783	 	6273.333333
1009.020783	 	6280.000000
995.083283	 	6286.666667
986.458283	 	6293.333333
978.958283	 	6300.000000
969.833283	 	6306.666667
959.583283	 	6313.333333
949.020783	 	6320.000000
939.395783	 	6326.666667
930.583283	 	6333.333333
919.770783	 	6340.000000
909.895783	 	6346.666667
899.895783	 	6353.333333
890.270783	 	6360.000000
881.083283	 	6366.666667
872.020783	 	6373.333333
863.083283	 	6380.000000
852.145783	 	6386.666667
843.333283	 	6393.333333
839.208283	 	6400.000000
835.833283	 	6406.666667
830.645783	 	6413.333333
823.895783	 	6420.000000
815.395783	 	6426.666667
811.020783	 	6433.333333
803.458283	 	6440.000000
796.145783	 	6446.666667
790.083283	 	6453.333333
784.145783	 	6460.000000
773.645783	 	6466.666667
767.645783	 	6473.333333
759.208283	 	6480.000000
753.708283	 	6486.666667
743.208283	 	6493.333333
735.145783	 	6500.000000
723.208283	 	6506.666667
712.833283	 	6513.333333
701.583283	 	6520.000000
694.083283	 	6526.666667
686.333283	 	6533.333333
679.333283	 	6540.000000
670.708283	 	6546.666667
660.270783	 	6553.333333
649.583283	 	6560.000000
642.458283	 	6566.666667
634.833283	 	6573.333333
623.645783	 	6580.000000
615.020783	 	6586.666667
608.333283	 	6593.333333
599.833283	 	6600.000000
592.708283	 	6606.666667
584.770783	 	6613.333333
577.833283	 	6620.000000
572.708283	 	6626.666667
563.645783	 	6633.333333
557.895783	 	6640.000000
551.083283	 	6646.666667
545.458283	 	6653.333333
539.520783	 	6660.000000
535.145783	 	6666.666667
532.645783	 	6673.333333
527.583283	 	6680.000000
523.833283	 	6686.666667
517.708283	 	6693.333333
511.708283	 	6700.000000
505.770783	 	6706.666667
500.208283	 	6713.333333
493.583283	 	6720.000000
489.020783	 	6726.666667
483.458283	 	6733.333333
475.770783	 	6740.000000
470.520783	 	6746.666667
465.895783	 	6753.333333
461.458283	 	6760.000000
453.645783	 	6766.666667
446.395783	 	6773.333333
440.708283	 	6780.000000
433.895783	 	6786.666667
430.145783	 	6793.333333
422.083283	 	6800.000000
417.895783	 	6806.666667
414.645783	 	6813.333333
409.333283	 	6820.000000
404.145783	 	6826.666667
398.895783	 	6833.333333
395.333283	 	6840.000000
391.020783	 	6846.666667
388.145783	 	6853.333333
382.645783	 	6860.000000
379.645783	 	6866.666667
375.333283	 	6873.333333
371.083283	 	6880.000000
366.020783	 	6886.666667
362.833283	 	6893.333333
358.645783	 	6900.000000
353.583283	 	6906.666667
347.645783	 	6913.333333
343.520783	 	6920.000000
339.145783	 	6926.666667
336.708283	 	6933.333333
333.520783	 	6940.000000
327.520783	 	6946.666667
325.583283	 	6953.333333
321.833283	 	6960.000000
317.958283	 	6966.666667
310.958283	 	6973.333333
311.395783	 	6980.000000
305.333283	 	6986.666667
301.208283	 	6993.333333
298.270783	 	7000.000000
294.270783	 	7006.666667
292.145783	 	7013.333333
290.208283	 	7020.000000
284.458283	 	7026.666667
282.895783	 	7033.333333
279.270783	 	7040.000000
277.645783	 	7046.666667
273.708283	 	7053.333333
272.395783	 	7060.000000
268.520783	 	7066.666667
264.520783	 	7073.333333
261.833283	 	7080.000000
258.208283	 	7086.666667
254.145783	 	7093.333333
251.645783	 	7100.000000
246.145783	 	7106.666667
244.833283	 	7113.333333
240.708283	 	7120.000000
238.458283	 	7126.666667
234.395783	 	7133.333333
230.583283	 	7140.000000
228.520783	 	7146.666667
226.145783	 	7153.333333
222.270783	 	7160.000000
219.333283	 	7166.666667
216.833283	 	7173.333333
213.395783	 	7180.000000
209.770783	 	7186.666667
208.270783	 	7193.333333
206.395783	 	7200.000000
202.833283	 	7206.666667
200.833283	 	7213.333333
197.833283	 	7220.000000
194.583283	 	7226.666667
193.895783	 	7233.333333
189.833283	 	7240.000000
187.833283	 	7246.666667
185.520783	 	7253.333333
183.208283	 	7260.000000
183.895783	 	7266.666667
182.833283	 	7273.333333
181.958283	 	7280.000000
182.020783	 	7286.666667
181.708283	 	7293.333333
180.270783	 	7300.000000
178.208283	 	7306.666667
176.708283	 	7313.333333
174.458283	 	7320.000000
172.395783	 	7326.666667
171.395783	 	7333.333333
170.520783	 	7340.000000
169.520783	 	7346.666667
167.645783	 	7353.333333
167.145783	 	7360.000000
166.395783	 	7366.666667
166.145783	 	7373.333333
166.020783	 	7380.000000
161.833283	 	7386.666667
160.770783	 	7393.333333
159.145783	 	7400.000000
155.583283	 	7406.666667
154.083283	 	7413.333333
152.708283	 	7420.000000
150.145783	 	7426.666667
148.083283	 	7433.333333
145.833283	 	7440.000000
142.708283	 	7446.666667
140.583283	 	7453.333333
139.958283	 	7460.000000
137.645783	 	7466.666667
134.770783	 	7473.333333
132.770783	 	7480.000000
131.270783	 	7486.666667
131.083283	 	7493.333333
129.645783	 	7500.000000
126.270783	 	7506.666667
123.583283	 	7513.333333
123.395783	 	7520.000000
121.520783	 	7526.666667
120.145783	 	7533.333333
116.583283	 	7540.000000
115.520783	 	7546.666667
112.145783	 	7553.333333
112.520783	 	7560.000000
109.270783	 	7566.666667
108.520783	 	7573.333333
107.770783	 	7580.000000
105.208283	 	7586.666667
103.145783	 	7593.333333
102.708283	 	7600.000000
102.520783	 	7606.666667
102.270783	 	7613.333333
99.708283	 	7620.000000
99.083283	 	7626.666667
97.208283	 	7633.333333
98.708283	 	7640.000000
95.520783	 	7646.666667
97.583283	 	7653.333333
94.270783	 	7660.000000
94.333283	 	7666.666667
94.583283	 	7673.333333
92.458283	 	7680.000000
90.895783	 	7686.666667
89.520783	 	7693.333333
87.020783	 	7700.000000
85.333283	 	7706.666667
84.333283	 	7713.333333
85.083283	 	7720.000000
82.270783	 	7726.666667
81.520783	 	7733.333333
79.895783	 	7740.000000
78.395783	 	7746.666667
78.708283	 	7753.333333
77.395783	 	7760.000000
75.083283	 	7766.666667
74.520783	 	7773.333333
73.270783	 	7780.000000
72.458283	 	7786.666667
74.208283	 	7793.333333
75.770783	 	7800.000000
73.333283	 	7806.666667
73.520783	 	7813.333333
72.833283	 	7820.000000
74.770783	 	7826.666667
73.208283	 	7833.333333
75.083283	 	7840.000000
77.708283	 	7846.666667
75.145783	 	7853.333333
74.833283	 	7860.000000
76.708283	 	7866.666667
74.270783	 	7873.333333
73.270783	 	7880.000000
73.833283	 	7886.666667
72.208283	 	7893.333333
72.270783	 	7900.000000
71.895783	 	7906.666667
70.208283	 	7913.333333
70.958283	 	7920.000000
69.708283	 	7926.666667
68.520783	 	7933.333333
69.895783	 	7940.000000
67.708283	 	7946.666667
66.458283	 	7953.333333
65.895783	 	7960.000000
64.958283	 	7966.666667
66.083283	 	7973.333333
65.958283	 	7980.000000
64.583283	 	7986.666667
64.145783	 	7993.333333
63.708283	 	8000.000000
62.583283	 	8006.666667
61.083283	 	8013.333333
59.208283	 	8020.000000
57.583283	 	8026.666667
57.458283	 	8033.333333
55.958283	 	8040.000000
56.020783	 	8046.666667
54.583283	 	8053.333333
56.645783	 	8060.000000
54.958283	 	8066.666667
54.645783	 	8073.333333
54.270783	 	8080.000000
53.145783	 	8086.666667
50.708283	 	8093.333333
50.708283	 	8100.000000
49.145783	 	8106.666667
48.770783	 	8113.333333
49.645783	 	8120.000000
48.645783	 	8126.666667
47.708283	 	8133.333333
47.395783	 	8140.000000
47.083283	 	8146.666667
45.645783	 	8153.333333
44.895783	 	8160.000000
45.645783	 	8166.666667
47.145783	 	8173.333333
45.458283	 	8180.000000
46.458283	 	8186.666667
45.395783	 	8193.333333
45.958283	 	8200.000000
45.645783	 	8206.666667
49.520783	 	8213.333333
51.395783	 	8220.000000
54.145783	 	8226.666667
51.958283	 	8233.333333
54.020783	 	8240.000000
52.645783	 	8246.666667
52.333283	 	8253.333333
52.333283	 	8260.000000
51.645783	 	8266.666667
51.583283	 	8273.333333
50.958283	 	8280.000000
49.395783	 	8286.666667
49.270783	 	8293.333333
47.583283	 	8300.000000
47.395783	 	8306.666667
46.145783	 	8313.333333
44.833283	 	8320.000000
44.583283	 	8326.666667
42.833283	 	8333.333333
42.708283	 	8340.000000
44.645783	 	8346.666667
43.458283	 	8353.333333
41.708283	 	8360.000000
40.958283	 	8366.666667
42.583283	 	8373.333333
40.895783	 	8380.000000
40.583283	 	8386.666667
39.520783	 	8393.333333
38.708283	 	8400.000000
38.270783	 	8406.666667
36.645783	 	8413.333333
38.145783	 	8420.000000
36.020783	 	8426.666667
34.270783	 	8433.333333
36.020783	 	8440.000000
33.645783	 	8446.666667
32.770783	 	8453.333333
32.645783	 	8460.000000
33.020783	 	8466.666667
33.583283	 	8473.333333
32.395783	 	8480.000000
30.458283	 	8486.666667
31.895783	 	8493.333333
29.833283	 	8500.000000
31.208283	 	8506.666667
30.083283	 	8513.333333
28.208283	 	8520.000000
27.520783	 	8526.666667
28.895783	 	8533.333333
30.833283	 	8540.000000
30.270783	 	8546.666667
29.958283	 	8553.333333
30.708283	 	8560.000000
28.708283	 	8566.666667
29.083283	 	8573.333333
29.395783	 	8580.000000
28.145783	 	8586.666667
29.895783	 	8593.333333
29.083283	 	8600.000000
29.395783	 	8606.666667
28.708283	 	8613.333333
29.333283	 	8620.000000
27.270783	 	8626.666667
27.395783	 	8633.333333
26.958283	 	8640.000000
25.583283	 	8646.666667
26.458283	 	8653.333333
25.895783	 	8660.000000
23.958283	 	8666.666667
24.583283	 	8673.333333
23.145783	 	8680.000000
22.708283	 	8686.666667
22.270783	 	8693.333333
21.958283	 	8700.000000
20.583283	 	8706.666667
20.458283	 	8713.333333
19.083283	 	8720.000000
20.520783	 	8726.666667
19.395783	 	8733.333333
19.520783	 	8740.000000
18.770783	 	8746.666667
19.020783	 	8753.333333
19.145783	 	8760.000000
17.583283	 	8766.666667
18.645783	 	8773.333333
17.208283	 	8780.000000
17.145783	 	8786.666667
16.333283	 	8793.333333
15.583283	 	8800.000000
17.020783	 	8806.666667
18.708283	 	8813.333333
16.833283	 	8820.000000
17.270783	 	8826.666667
18.083283	 	8833.333333
16.145783	 	8840.000000
19.020783	 	8846.666667
17.708283	 	8853.333333
18.208283	 	8860.000000
16.083283	 	8866.666667
15.833283	 	8873.333333
16.145783	 	8880.000000
15.395783	 	8886.666667
15.583283	 	8893.333333
16.145783	 	8900.000000
15.958283	 	8906.666667
12.833283	 	8913.333333
14.333283	 	8920.000000
12.958283	 	8926.666667
14.708283	 	8933.333333
15.020783	 	8940.000000
12.895783	 	8946.666667
12.895783	 	8953.333333
15.395783	 	8960.000000
14.145783	 	8966.666667
15.270783	 	8973.333333
14.708283	 	8980.000000
13.708283	 	8986.666667
13.770783	 	8993.333333
13.708283	 	9000.000000
13.895783	 	9006.666667
13.208283	 	9013.333333
14.270783	 	9020.000000
14.458283	 	9026.666667
12.770783	 	9033.333333
13.395783	 	9040.000000
12.020783	 	9046.666667
11.708283	 	9053.333333
13.645783	 	9060.000000
11.395783	 	9066.666667
14.020783	 	9073.333333
13.208283	 	9080.000000
12.833283	 	9086.666667
12.645783	 	9093.333333
15.020783	 	9100.000000
14.645783	 	9106.666667
12.208283	 	9113.333333
12.458283	 	9120.000000
13.520783	 	9126.666667
11.645783	 	9133.333333
12.270783	 	9140.000000
10.270783	 	9146.666667
8.895783	 	9153.333333
9.895783	 	9160.000000
10.208283	 	9166.666667
9.145783	 	9173.333333
7.770783	 	9180.000000
9.145783	 	9186.666667
8.958283	 	9193.333333
8.083283	 	9200.000000
6.958283	 	9206.666667
7.145783	 	9213.333333
6.270783	 	9220.000000
4.833283	 	9226.666667
5.770783	 	9233.333333
6.770783	 	9240.000000
6.145783	 	9246.666667
3.895783	 	9253.333333
5.958283	 	9260.000000
6.145783	 	9266.666667
4.895783	 	9273.333333
6.520783	 	9280.000000
3.895783	 	9286.666667
4.020783	 	9293.333333
3.958283	 	9300.000000
3.083283	 	9306.666667
2.833283	 	9313.333333
3.583283	 	9320.000000
3.583283	 	9326.666667
4.333283	 	9333.333333
2.770783	 	9340.000000
1.833283	 	9346.666667
3.395783	 	9353.333333
1.020783	 	9360.000000
2.708283	 	9366.666667
1.645783	 	9373.333333
0.958283	 	9380.000000
3.645783	 	9386.666667
2.145783	 	9393.333333
3.145783	 	9400.000000
2.458283	 	9406.666667
4.270783	 	9413.333333
3.708283	 	9420.000000
3.020783	 	9426.666667
2.020783	 	9433.333333
1.958283	 	9440.000000
2.083283	 	9446.666667
3.458283	 	9453.333333
2.520783	 	9460.000000
4.083283	 	9466.666667
1.645783	 	9473.333333
2.208283	 	9480.000000
1.583283	 	9486.666667
2.770783	 	9493.333333
3.395783	 	9500.000000
2.708283	 	9506.666667
1.895783	 	9513.333333
2.770783	 	9520.000000
1.958283	 	9526.666667
3.020783	 	9533.333333
1.645783	 	9540.000000
2.708283	 	9546.666667
2.083283	 	9553.333333
3.520783	 	9560.000000
2.208283	 	9566.666667
2.395783	 	9573.333333
2.520783	 	9580.000000
1.958283	 	9586.666667
2.958283	 	9593.333333
5.083283	 	9600.000000
5.770783	 	9606.666667
5.645783	 	9613.333333
6.145783	 	9620.000000
5.583283	 	9626.666667
5.270783	 	9633.333333
5.833283	 	9640.000000
6.083283	 	9646.666667
6.833283	 	9653.333333
7.083283	 	9660.000000
5.833283	 	9666.666667
6.958283	 	9673.333333
7.145783	 	9680.000000
5.645783	 	9686.666667
6.208283	 	9693.333333
6.020783	 	9700.000000
6.895783	 	9706.666667
8.270783	 	9713.333333
7.333283	 	9720.000000
8.270783	 	9726.666667
6.895783	 	9733.333333
8.208283	 	9740.000000
6.958283	 	9746.666667
9.520783	 	9753.333333
8.520783	 	9760.000000
8.270783	 	9766.666667
8.708283	 	9773.333333
8.270783	 	9780.000000
7.708283	 	9786.666667
6.895783	 	9793.333333
7.458283	 	9800.000000
8.208283	 	9806.666667
6.833283	 	9813.333333
7.645783	 	9820.000000
6.958283	 	9826.666667
7.270783	 	9833.333333
8.270783	 	9840.000000
9.208283	 	9846.666667
7.520783	 	9853.333333
7.770783	 	9860.000000
8.270783	 	9866.666667
8.583283	 	9873.333333
8.208283	 	9880.000000
9.520783	 	9886.666667
6.645783	 	9893.333333
7.395783	 	9900.000000
6.895783	 	9906.666667
7.333283	 	9913.333333
6.270783	 	9920.000000
7.833283	 	9926.666667
5.020783	 	9933.333333
8.145783	 	9940.000000
7.145783	 	9946.666667
6.395783	 	9953.333333
7.708283	 	9960.000000
6.958283	 	9966.666667
6.958283	 	9973.333333
8.958283	 	9980.000000
8.395783	 	9986.666667
8.395783	 	9993.333333
7.645783	 	10000.000000
7.333283	 	10006.666667
7.770783	 	10013.333333
7.458283	 	10020.000000
7.208283	 	10026.666667
5.770783	 	10033.333333
4.770783	 	10040.000000
4.833283	 	10046.666667
3.895783	 	10053.333333
4.395783	 	10060.000000
4.145783	 	10066.666667
3.708283	 	10073.333333
2.458283	 	10080.000000
3.520783	 	10086.666667
3.395783	 	10093.333333
1.833283	 	10100.000000
4.145783	 	10106.666667
2.895783	 	10113.333333
1.145783	 	10120.000000
2.958283	 	10126.666667
2.270783	 	10133.333333
2.395783	 	10140.000000
2.958283	 	10146.666667
4.270783	 	10153.333333
3.020783	 	10160.000000
3.958283	 	10166.666667
3.208283	 	10173.333333
2.645783	 	10180.000000
3.083283	 	10186.666667
4.145783	 	10193.333333
2.520783	 	10200.000000
2.583283	 	10206.666667
2.645783	 	10213.333333
3.395783	 	10220.000000
0.770783	 	10226.666667
2.708283	 	10233.333333
2.083283	 	10240.000000
2.708283	 	10246.666667
1.208283	 	10253.333333
1.895783	 	10260.000000
1.145783	 	10266.666667
0.708283	 	10273.333333
0.395783	 	10280.000000
0.458283	 	10286.666667
0.020783	 	10293.333333
2.145783	 	10300.000000
-0.416717	 	10306.666667
-0.416717	 	10313.333333
-0.604217	 	10320.000000
-0.041717	 	10326.666667
-1.354217	 	10333.333333
0.208283	 	10340.000000
-0.291717	 	10346.666667
-0.479217	 	10353.333333
-1.416717	 	10360.000000
-0.041717	 	10366.666667
-1.479217	 	10373.333333
-0.291717	 	10380.000000
-2.541717	 	10386.666667
-1.416717	 	10393.333333
-2.041717	 	10400.000000
-2.229217	 	10406.666667
-2.854217	 	10413.333333
-3.229217	 	10420.000000
-2.479217	 	10426.666667
-2.604217	 	10433.333333
-2.604217	 	10440.000000
-4.416717	 	10446.666667
-3.979217	 	10453.333333
-3.666717	 	10460.000000
-2.166717	 	10466.666667
-3.416717	 	10473.333333
-3.604217	 	10480.000000
-2.854217	 	10486.666667
-4.854217	 	10493.333333
-3.666717	 	10500.000000
-3.416717	 	10506.666667
-4.229217	 	10513.333333
-3.541717	 	10520.000000
-5.041717	 	10526.666667
-4.041717	 	10533.333333
-4.666717	 	10540.000000
-5.354217	 	10546.666667
-2.729217	 	10553.333333
-3.479217	 	10560.000000
-1.729217	 	10566.666667
-3.166717	 	10573.333333
0.708283	 	10580.000000
-1.416717	 	10586.666667
-2.416717	 	10593.333333
-1.916717	 	10600.000000
-1.666717	 	10606.666667
-2.666717	 	10613.333333
-1.666717	 	10620.000000
-4.104217	 	10626.666667
-1.604217	 	10633.333333
-2.479217	 	10640.000000
-3.791717	 	10646.666667
-3.541717	 	10653.333333
-2.791717	 	10660.000000
-3.104217	 	10666.666667
-1.729217	 	10673.333333
-3.291717	 	10680.000000
-4.416717	 	10686.666667
-2.166717	 	10693.333333
-3.479217	 	10700.000000
-4.041717	 	10706.666667
-2.979217	 	10713.333333
-4.854217	 	10720.000000
-3.041717	 	10726.666667
-3.854217	 	10733.333333
-3.541717	 	10740.000000
-3.729217	 	10746.666667
-4.166717	 	10753.333333
-2.791717	 	10760.000000
-3.479217	 	10766.666667
-5.104217	 	10773.333333
-3.729217	 	10780.000000
-2.479217	 	10786.666667
-4.291717	 	10793.333333
-3.041717	 	10800.000000
-1.666717	 	10806.666667
-2.479217	 	10813.333333
-1.979217	 	10820.000000
-1.729217	 	10826.666667
-1.604217	 	10833.333333
-2.291717	 	10840.000000
-0.854217	 	10846.666667
-1.104217	 	10853.333333
-0.229217	 	10860.000000
-1.104217	 	10866.666667
1.145783	 	10873.333333
-0.729217	 	10880.000000
-0.979217	 	10886.666667
-0.166717	 	10893.333333
0.145783	 	10900.000000
-1.916717	 	10906.666667
-1.291717	 	10913.333333
-2.291717	 	10920.000000
-0.604217	 	10926.666667
-1.229217	 	10933.333333
-0.604217	 	10940.000000
-0.791717	 	10946.666667
-0.416717	 	10953.333333
-0.166717	 	10960.000000
-0.291717	 	10966.666667
0.395783	 	10973.333333
0.083283	 	10980.000000
-2.479217	 	10986.666667
-0.104217	 	10993.333333
-1.291717	 	11000.000000
-0.291717	 	11006.666667
-2.541717	 	11013.333333
0.145783	 	11020.000000
-0.541717	 	11026.666667
1.958283	 	11033.333333
-0.166717	 	11040.000000
0.958283	 	11046.666667
1.895783	 	11053.333333
1.645783	 	11060.000000
0.833283	 	11066.666667
1.083283	 	11073.333333
-0.666717	 	11080.000000
0.208283	 	11086.666667
-0.854217	 	11093.333333
-0.666717	 	11100.000000
-0.916717	 	11106.666667
-1.041717	 	11113.333333
-1.291717	 	11120.000000
-0.604217	 	11126.666667
-0.604217	 	11133.333333
-1.541717	 	11140.000000
-2.666717	 	11146.666667
-1.729217	 	11153.333333
-3.291717	 	11160.000000
-1.541717	 	11166.666667
-2.104217	 	11173.333333
-2.479217	 	11180.000000
-1.854217	 	11186.666667
-2.791717	 	11193.333333
-3.166717	 	11200.000000
-2.979217	 	11206.666667
-3.041717	 	11213.333333
-1.791717	 	11220.000000
-2.416717	 	11226.666667
-4.166717	 	11233.333333
-3.541717	 	11240.000000
-3.479217	 	11246.666667
-2.541717	 	11253.333333
-1.166717	 	11260.000000
-3.229217	 	11266.666667
-2.166717	 	11273.333333
-2.354217	 	11280.000000
-1.854217	 	11286.666667
-0.916717	 	11293.333333
-0.416717	 	11300.000000
0.333283	 	11306.666667
-0.291717	 	11313.333333
0.208283	 	11320.000000
1.145783	 	11326.666667
-1.729217	 	11333.333333
0.520783	 	11340.000000
-0.479217	 	11346.666667
-0.229217	 	11353.333333
-1.541717	 	11360.000000
-3.416717	 	11366.666667
-0.791717	 	11373.333333
-1.416717	 	11380.000000
-2.916717	 	11386.666667
-1.729217	 	11393.333333
-2.541717	 	11400.000000
-3.041717	 	11406.666667
-4.416717	 	11413.333333
-2.479217	 	11420.000000
-2.666717	 	11426.666667
-2.729217	 	11433.333333
-3.854217	 	11440.000000
-2.916717	 	11446.666667
-4.104217	 	11453.333333
-3.166717	 	11460.000000
-3.916717	 	11466.666667
-3.854217	 	11473.333333
-2.791717	 	11480.000000
-5.166717	 	11486.666667
-3.916717	 	11493.333333
-4.854217	 	11500.000000
-4.104217	 	11506.666667
-4.916717	 	11513.333333
-4.729217	 	11520.000000
-5.541717	 	11526.666667
-5.041717	 	11533.333333
-3.541717	 	11540.000000
-3.041717	 	11546.666667
-4.166717	 	11553.333333
-4.104217	 	11560.000000
-5.791717	 	11566.666667
-4.791717	 	11573.333333
-5.104217	 	11580.000000
-4.541717	 	11586.666667
-3.854217	 	11593.333333
-4.604217	 	11600.000000
-4.791717	 	11606.666667
-6.229217	 	11613.333333
-5.854217	 	11620.000000
-4.104217	 	11626.666667
-5.916717	 	11633.333333
-6.104217	 	11640.000000
-4.479217	 	11646.666667
-5.104217	 	11653.333333
-4.916717	 	11660.000000
-5.416717	 	11666.666667
-6.291717	 	11673.333333
-6.416717	 	11680.000000
-6.166717	 	11686.666667
-6.166717	 	11693.333333
-6.354217	 	11700.000000
-5.354217	 	11706.666667
-4.541717	 	11713.333333
-5.104217	 	11720.000000
-5.104217	 	11726.666667
-8.979217	 	11733.333333
-4.729217	 	11740.000000
-5.916717	 	11746.666667
-7.416717	 	11753.333333
-6.854217	 	11760.000000
-7.104217	 	11766.666667
-7.541717	 	11773.333333
-6.541717	 	11780.000000
-7.729217	 	11786.666667
-6.166717	 	11793.333333
-7.666717	 	11800.000000
-6.604217	 	11806.666667
-6.854217	 	11813.333333
-8.541717	 	11820.000000
-8.666717	 	11826.666667
-6.354217	 	11833.333333
-7.666717	 	11840.000000
-7.416717	 	11846.666667
-6.291717	 	11853.333333
-7.166717	 	11860.000000
-6.729217	 	11866.666667
-5.416717	 	11873.333333
-7.416717	 	11880.000000
-7.541717	 	11886.666667
-7.166717	 	11893.333333
-7.729217	 	11900.000000
-6.854217	 	11906.666667
-6.854217	 	11913.333333
-7.479217	 	11920.000000
-7.291717	 	11926.666667
-5.479217	 	11933.333333
-8.041717	 	11940.000000
-6.666717	 	11946.666667
-7.416717	 	11953.333333
-7.479217	 	11960.000000
-6.229217	 	11966.666667
-6.166717	 	11973.333333
-5.979217	 	11980.000000
-7.104217	 	11986.666667
-7.541717	 	11993.333333
-7.666717	 	12000.000000
-5.854217	 	12006.666667
-8.666717	 	12013.333333
-8.666717	 	12020.000000
-8.166717	 	12026.666667
-7.729217	 	12033.333333
-7.541717	 	12040.000000
-6.041717	 	12046.666667
-6.729217	 	12053.333333
-6.541717	 	12060.000000
-8.416717	 	12066.666667
-7.916717	 	12073.333333
-6.916717	 	12080.000000
-9.041717	 	12086.666667
-9.541717	 	12093.333333
-9.104217	 	12100.000000
-9.229217	 	12106.666667
-8.416717	 	12113.333333
-8.166717	 	12120.000000
-7.916717	 	12126.666667
-8.916717	 	12133.333333
-6.916717	 	12140.000000
-9.104217	 	12146.666667
-7.104217	 	12153.333333
-6.791717	 	12160.000000
-7.854217	 	12166.666667
-7.291717	 	12173.333333
-6.041717	 	12180.000000
-6.104217	 	12186.666667
-4.604217	 	12193.333333
-6.354217	 	12200.000000
-6.166717	 	12206.666667
-6.479217	 	12213.333333
-5.729217	 	12220.000000
-6.104217	 	12226.666667
-4.354217	 	12233.333333
-6.541717	 	12240.000000
-6.541717	 	12246.666667
-7.916717	 	12253.333333
-6.166717	 	12260.000000
-6.979217	 	12266.666667
-5.479217	 	12273.333333
-6.479217	 	12280.000000
-5.479217	 	12286.666667
-5.479217	 	12293.333333
-6.041717	 	12300.000000
-7.041717	 	12306.666667
-5.916717	 	12313.333333
-7.729217	 	12320.000000
-7.854217	 	12326.666667
-6.979217	 	12333.333333
-7.291717	 	12340.000000
-8.291717	 	12346.666667
-6.541717	 	12353.333333
-6.979217	 	12360.000000
-7.979217	 	12366.666667
-6.916717	 	12373.333333
-6.791717	 	12380.000000
-9.666717	 	12386.666667
-8.729217	 	12393.333333
-6.354217	 	12400.000000
-6.729217	 	12406.666667
-8.354217	 	12413.333333
-6.416717	 	12420.000000
-8.291717	 	12426.666667
-7.479217	 	12433.333333
-8.354217	 	12440.000000
-8.354217	 	12446.666667
-7.916717	 	12453.333333
-6.479217	 	12460.000000
-8.104217	 	12466.666667
-7.979217	 	12473.333333
-8.916717	 	12480.000000
-8.604217	 	12486.666667
-9.791717	 	12493.333333
-8.229217	 	12500.000000
-7.791717	 	12506.666667
-7.666717	 	12513.333333
-7.416717	 	12520.000000
-6.916717	 	12526.666667
-6.854217	 	12533.333333
-7.729217	 	12540.000000
-8.916717	 	12546.666667
-9.541717	 	12553.333333
-8.604217	 	12560.000000
-7.166717	 	12566.666667
-7.791717	 	12573.333333
-7.229217	 	12580.000000
-7.854217	 	12586.666667
-7.354217	 	12593.333333
-7.104217	 	12600.000000
-8.041717	 	12606.666667
-6.916717	 	12613.333333
-5.979217	 	12620.000000
-6.541717	 	12626.666667
-6.604217	 	12633.333333
-6.541717	 	12640.000000
-5.229217	 	12646.666667
-5.479217	 	12653.333333
-6.166717	 	12660.000000
-6.479217	 	12666.666667
-4.604217	 	12673.333333
-6.291717	 	12680.000000
-6.541717	 	12686.666667
-6.416717	 	12693.333333
-4.979217	 	12700.000000
-3.854217	 	12706.666667
-3.104217	 	12713.333333
-4.479217	 	12720.000000
-3.729217	 	12726.666667
-2.041717	 	12733.333333
-2.166717	 	12740.000000
-3.854217	 	12746.666667
-4.041717	 	12753.333333
-4.604217	 	12760.000000
-4.041717	 	12766.666667
-3.541717	 	12773.333333
-2.541717	 	12780.000000
-5.979217	 	12786.666667
-4.041717	 	12793.333333
-5.479217	 	12800.000000
-3.104217	 	12806.666667
-5.666717	 	12813.333333
-6.229217	 	12820.000000
-5.104217	 	12826.666667
-5.104217	 	12833.333333
-5.729217	 	12840.000000
-4.416717	 	12846.666667
-5.666717	 	12853.333333
-5.041717	 	12860.000000
-6.541717	 	12866.666667
-5.791717	 	12873.333333
-5.291717	 	12880.000000
-5.354217	 	12886.666667
-6.104217	 	12893.333333
-5.916717	 	12900.000000
-6.229217	 	12906.666667
-5.416717	 	12913.333333
-6.041717	 	12920.000000
-4.729217	 	12926.666667
-6.229217	 	12933.333333
-4.979217	 	12940.000000
-7.166717	 	12946.666667
-6.791717	 	12953.333333
-7.291717	 	12960.000000
-6.666717	 	12966.666667
-7.416717	 	12973.333333
-5.979217	 	12980.000000
-7.979217	 	12986.666667
-5.291717	 	12993.333333
-7.041717	 	13000.000000
-6.416717	 	13006.666667
-7.041717	 	13013.333333
-7.541717	 	13020.000000
-6.479217	 	13026.666667
-7.479217	 	13033.333333
-7.229217	 	13040.000000
-6.479217	 	13046.666667
-8.041717	 	13053.333333
-6.229217	 	13060.000000
-6.791717	 	13066.666667
-5.729217	 	13073.333333
-7.479217	 	13080.000000
-7.291717	 	13086.666667
-7.354217	 	13093.333333
-8.416717	 	13100.000000
-6.979217	 	13106.666667
-7.291717	 	13113.333333
-6.979217	 	13120.000000
-6.604217	 	13126.666667
-9.291717	 	13133.333333
-7.041717	 	13140.000000
-6.791717	 	13146.666667
-6.979217	 	13153.333333
-8.041717	 	13160.000000
-8.604217	 	13166.666667
-8.416717	 	13173.333333
-7.291717	 	13180.000000
-7.104217	 	13186.666667
-6.666717	 	13193.333333
-7.979217	 	13200.000000
-8.166717	 	13206.666667
-8.166717	 	13213.333333
-7.479217	 	13220.000000
-8.854217	 	13226.666667
-7.166717	 	13233.333333
-8.729217	 	13240.000000
-7.541717	 	13246.666667
-9.854217	 	13253.333333
-8.604217	 	13260.000000
-7.354217	 	13266.666667
-8.166717	 	13273.333333
-9.041717	 	13280.000000
-7.854217	 	13286.666667
-8.416717	 	13293.333333
-7.541717	 	13300.000000
-6.729217	 	13306.666667
-8.666717	 	13313.333333
-7.791717	 	13320.000000
-7.541717	 	13326.666667
