#peak 	 	#time 
0.845509	 	0.000000
0.763846	 	6.666667
1.351346	 	13.333333
1.919158	 	20.000000
2.940197	 	26.666667
2.284975	 	33.333333
3.226151	 	40.000000
2.108504	 	46.666667
2.226151	 	53.333333
1.873210	 	60.000000
1.696739	 	66.666667
2.108504	 	73.333333
1.696739	 	80.000000
1.520269	 	86.666667
2.284975	 	93.333333
1.520269	 	100.000000
1.226151	 	106.666667
2.696739	 	113.333333
2.049680	 	120.000000
0.990857	 	126.666667
2.108504	 	133.333333
2.814386	 	140.000000
0.873210	 	146.666667
2.520269	 	153.333333
1.226151	 	160.000000
0.520269	 	166.666667
0.932033	 	173.333333
1.873210	 	180.000000
1.226151	 	186.666667
1.579092	 	193.333333
0.990857	 	200.000000
1.755563	 	206.666667
0.226151	 	213.333333
1.343798	 	220.000000
0.049680	 	226.666667
0.167328	 	233.333333
0.108504	 	240.000000
-0.656202	 	246.666667
1.579092	 	253.333333
0.226151	 	260.000000
0.637916	 	266.666667
0.520269	 	273.333333
0.990857	 	280.000000
0.932033	 	286.666667
-0.950320	 	293.333333
0.343798	 	300.000000
1.226151	 	306.666667
0.520269	 	313.333333
1.990857	 	320.000000
1.226151	 	326.666667
1.108504	 	333.333333
1.284975	 	340.000000
1.226151	 	346.666667
0.755563	 	353.333333
-0.244437	 	360.000000
0.696739	 	366.666667
1.343798	 	373.333333
2.579092	 	380.000000
2.226151	 	386.666667
1.814386	 	393.333333
2.520269	 	400.000000
2.343798	 	406.666667
2.990857	 	413.333333
2.637916	 	420.000000
2.402622	 	426.666667
2.990857	 	433.333333
2.108504	 	440.000000
3.579092	 	446.666667
2.814386	 	453.333333
2.284975	 	460.000000
1.343798	 	466.666667
0.226151	 	473.333333
2.755563	 	480.000000
1.990857	 	486.666667
2.461445	 	493.333333
1.696739	 	500.000000
0.873210	 	506.666667
1.461445	 	513.333333
2.284975	 	520.000000
0.108504	 	526.666667
1.284975	 	533.333333
0.637916	 	540.000000
0.461445	 	546.666667
-0.185614	 	553.333333
1.637916	 	560.000000
0.637916	 	566.666667
-0.303261	 	573.333333
0.637916	 	580.000000
1.814386	 	586.666667
2.520269	 	593.333333
2.990857	 	600.000000
1.108504	 	606.666667
1.343798	 	613.333333
1.637916	 	620.000000
2.520269	 	626.666667
1.755563	 	633.333333
0.873210	 	640.000000
1.343798	 	646.666667
2.402622	 	653.333333
1.402622	 	660.000000
1.402622	 	666.666667
1.226151	 	673.333333
-0.126790	 	680.000000
-0.009143	 	686.666667
0.049680	 	693.333333
0.932033	 	700.000000
0.284975	 	706.666667
1.579092	 	713.333333
-0.067967	 	720.000000
1.696739	 	726.666667
0.990857	 	733.333333
-0.303261	 	740.000000
0.049680	 	746.666667
1.049680	 	753.333333
-0.656202	 	760.000000
-0.420908	 	766.666667
0.579092	 	773.333333
0.402622	 	780.000000
0.579092	 	786.666667
-0.244437	 	793.333333
0.520269	 	800.000000
-0.656202	 	806.666667
-0.479731	 	813.333333
0.226151	 	820.000000
-1.656202	 	826.666667
-0.303261	 	833.333333
0.755563	 	840.000000
0.108504	 	846.666667
0.108504	 	853.333333
0.520269	 	860.000000
0.696739	 	866.666667
1.990857	 	873.333333
1.226151	 	880.000000
3.284975	 	886.666667
2.108504	 	893.333333
2.108504	 	900.000000
2.520269	 	906.666667
2.461445	 	913.333333
2.637916	 	920.000000
4.167328	 	926.666667
3.755563	 	933.333333
3.343798	 	940.000000
2.579092	 	946.666667
2.990857	 	953.333333
2.755563	 	960.000000
2.579092	 	966.666667
3.520269	 	973.333333
2.343798	 	980.000000
3.579092	 	986.666667
3.637916	 	993.333333
4.402622	 	1000.000000
2.108504	 	1006.666667
3.108504	 	1013.333333
2.990857	 	1020.000000
2.637916	 	1026.666667
4.814386	 	1033.333333
3.637916	 	1040.000000
4.990857	 	1046.666667
3.990857	 	1053.333333
3.814386	 	1060.000000
4.990857	 	1066.666667
6.108504	 	1073.333333
6.814386	 	1080.000000
7.284975	 	1086.666667
7.696739	 	1093.333333
5.461445	 	1100.000000
8.461445	 	1106.666667
7.108504	 	1113.333333
6.049680	 	1120.000000
6.932033	 	1126.666667
7.167328	 	1133.333333
6.579092	 	1140.000000
5.932033	 	1146.666667
5.343798	 	1153.333333
5.343798	 	1160.000000
5.579092	 	1166.666667
5.226151	 	1173.333333
4.284975	 	1180.000000
5.520269	 	1186.666667
4.932033	 	1193.333333
4.579092	 	1200.000000
4.579092	 	1206.666667
4.696739	 	1213.333333
4.049680	 	1220.000000
2.343798	 	1226.666667
3.049680	 	1233.333333
3.814386	 	1240.000000
4.990857	 	1246.666667
2.049680	 	1253.333333
3.343798	 	1260.000000
2.990857	 	1266.666667
2.167328	 	1273.333333
2.226151	 	1280.000000
1.520269	 	1286.666667
2.049680	 	1293.333333
2.579092	 	1300.000000
3.167328	 	1306.666667
1.990857	 	1313.333333
-0.185614	 	1320.000000
1.696739	 	1326.666667
1.167328	 	1333.333333
0.990857	 	1340.000000
2.049680	 	1346.666667
1.343798	 	1353.333333
0.755563	 	1360.000000
1.990857	 	1366.666667
1.637916	 	1373.333333
1.579092	 	1380.000000
0.284975	 	1386.666667
0.696739	 	1393.333333
0.579092	 	1400.000000
1.402622	 	1406.666667
1.579092	 	1413.333333
1.461445	 	1420.000000
2.049680	 	1426.666667
1.049680	 	1433.333333
2.284975	 	1440.000000
0.755563	 	1446.666667
0.637916	 	1453.333333
-0.362084	 	1460.000000
0.814386	 	1466.666667
-0.009143	 	1473.333333
0.049680	 	1480.000000
0.167328	 	1486.666667
1.049680	 	1493.333333
1.167328	 	1500.000000
1.461445	 	1506.666667
1.520269	 	1513.333333
0.990857	 	1520.000000
1.402622	 	1526.666667
1.167328	 	1533.333333
1.990857	 	1540.000000
2.873210	 	1546.666667
2.637916	 	1553.333333
3.343798	 	1560.000000
1.755563	 	1566.666667
3.873210	 	1573.333333
2.461445	 	1580.000000
1.932033	 	1586.666667
1.284975	 	1593.333333
1.108504	 	1600.000000
2.520269	 	1606.666667
2.990857	 	1613.333333
0.932033	 	1620.000000
0.814386	 	1626.666667
2.873210	 	1633.333333
1.108504	 	1640.000000
0.402622	 	1646.666667
2.814386	 	1653.333333
3.108504	 	1660.000000
2.932033	 	1666.666667
3.990857	 	1673.333333
3.990857	 	1680.000000
2.932033	 	1686.666667
4.637916	 	1693.333333
4.755563	 	1700.000000
5.343798	 	1706.666667
5.520269	 	1713.333333
7.873210	 	1720.000000
5.696739	 	1726.666667
6.226151	 	1733.333333
5.990857	 	1740.000000
4.696739	 	1746.666667
4.637916	 	1753.333333
5.343798	 	1760.000000
5.108504	 	1766.666667
4.108504	 	1773.333333
2.226151	 	1780.000000
4.520269	 	1786.666667
5.520269	 	1793.333333
5.049680	 	1800.000000
5.579092	 	1806.666667
4.637916	 	1813.333333
5.520269	 	1820.000000
4.461445	 	1826.666667
4.755563	 	1833.333333
4.637916	 	1840.000000
3.755563	 	1846.666667
4.226151	 	1853.333333
2.814386	 	1860.000000
3.284975	 	1866.666667
2.932033	 	1873.333333
3.049680	 	1880.000000
3.284975	 	1886.666667
2.814386	 	1893.333333
1.990857	 	1900.000000
2.226151	 	1906.666667
4.108504	 	1913.333333
2.108504	 	1920.000000
3.167328	 	1926.666667
2.637916	 	1933.333333
1.990857	 	1940.000000
2.108504	 	1946.666667
1.579092	 	1953.333333
0.696739	 	1960.000000
1.402622	 	1966.666667
2.696739	 	1973.333333
2.637916	 	1980.000000
0.343798	 	1986.666667
4.343798	 	1993.333333
3.167328	 	2000.000000
3.932033	 	2006.666667
4.873210	 	2013.333333
4.343798	 	2020.000000
3.167328	 	2026.666667
3.579092	 	2033.333333
3.461445	 	2040.000000
3.873210	 	2046.666667
3.814386	 	2053.333333
5.167328	 	2060.000000
4.284975	 	2066.666667
3.696739	 	2073.333333
3.814386	 	2080.000000
2.579092	 	2086.666667
2.696739	 	2093.333333
2.990857	 	2100.000000
3.932033	 	2106.666667
3.049680	 	2113.333333
3.284975	 	2120.000000
2.461445	 	2126.666667
2.990857	 	2133.333333
2.108504	 	2140.000000
2.343798	 	2146.666667
2.049680	 	2153.333333
2.343798	 	2160.000000
2.696739	 	2166.666667
3.226151	 	2173.333333
1.049680	 	2180.000000
1.932033	 	2186.666667
2.284975	 	2193.333333
1.990857	 	2200.000000
2.696739	 	2206.666667
1.520269	 	2213.333333
2.814386	 	2220.000000
1.167328	 	2226.666667
2.637916	 	2233.333333
1.755563	 	2240.000000
2.990857	 	2246.666667
2.461445	 	2253.333333
1.343798	 	2260.000000
2.873210	 	2266.666667
2.167328	 	2273.333333
2.167328	 	2280.000000
2.814386	 	2286.666667
2.755563	 	2293.333333
4.520269	 	2300.000000
4.226151	 	2306.666667
4.049680	 	2313.333333
4.696739	 	2320.000000
4.990857	 	2326.666667
5.579092	 	2333.333333
7.343798	 	2340.000000
6.932033	 	2346.666667
6.814386	 	2353.333333
8.108504	 	2360.000000
8.520269	 	2366.666667
9.167328	 	2373.333333
9.579092	 	2380.000000
8.814386	 	2386.666667
9.167328	 	2393.333333
9.520269	 	2400.000000
8.284975	 	2406.666667
7.755563	 	2413.333333
7.755563	 	2420.000000
9.637916	 	2426.666667
8.108504	 	2433.333333
9.461445	 	2440.000000
9.755563	 	2446.666667
6.637916	 	2453.333333
8.402622	 	2460.000000
6.990857	 	2466.666667
8.167328	 	2473.333333
5.932033	 	2480.000000
6.226151	 	2486.666667
5.990857	 	2493.333333
7.226151	 	2500.000000
6.226151	 	2506.666667
5.284975	 	2513.333333
4.402622	 	2520.000000
4.990857	 	2526.666667
5.637916	 	2533.333333
5.108504	 	2540.000000
4.637916	 	2546.666667
5.814386	 	2553.333333
4.873210	 	2560.000000
6.049680	 	2566.666667
4.814386	 	2573.333333
3.696739	 	2580.000000
1.579092	 	2586.666667
2.343798	 	2593.333333
3.932033	 	2600.000000
3.696739	 	2606.666667
3.696739	 	2613.333333
1.814386	 	2620.000000
2.755563	 	2626.666667
4.461445	 	2633.333333
2.461445	 	2640.000000
2.520269	 	2646.666667
3.284975	 	2653.333333
1.755563	 	2660.000000
2.755563	 	2666.666667
2.873210	 	2673.333333
2.637916	 	2680.000000
2.990857	 	2686.666667
3.461445	 	2693.333333
1.755563	 	2700.000000
2.284975	 	2706.666667
1.167328	 	2713.333333
1.402622	 	2720.000000
1.167328	 	2726.666667
1.696739	 	2733.333333
1.873210	 	2740.000000
0.873210	 	2746.666667
1.343798	 	2753.333333
0.696739	 	2760.000000
0.579092	 	2766.666667
1.520269	 	2773.333333
1.637916	 	2780.000000
0.990857	 	2786.666667
0.461445	 	2793.333333
1.226151	 	2800.000000
1.049680	 	2806.666667
1.873210	 	2813.333333
1.932033	 	2820.000000
-0.362084	 	2826.666667
-0.067967	 	2833.333333
1.343798	 	2840.000000
0.049680	 	2846.666667
0.402622	 	2853.333333
1.167328	 	2860.000000
0.402622	 	2866.666667
0.696739	 	2873.333333
1.108504	 	2880.000000
2.520269	 	2886.666667
1.755563	 	2893.333333
2.932033	 	2900.000000
3.108504	 	2906.666667
4.343798	 	2913.333333
2.520269	 	2920.000000
3.402622	 	2926.666667
3.990857	 	2933.333333
0.932033	 	2940.000000
3.990857	 	2946.666667
3.461445	 	2953.333333
2.167328	 	2960.000000
2.284975	 	2966.666667
4.108504	 	2973.333333
4.402622	 	2980.000000
4.343798	 	2986.666667
3.284975	 	2993.333333
4.167328	 	3000.000000
3.167328	 	3006.666667
3.284975	 	3013.333333
2.873210	 	3020.000000
1.226151	 	3026.666667
2.814386	 	3033.333333
2.814386	 	3040.000000
1.579092	 	3046.666667
1.167328	 	3053.333333
1.932033	 	3060.000000
2.284975	 	3066.666667
1.167328	 	3073.333333
2.696739	 	3080.000000
1.579092	 	3086.666667
3.226151	 	3093.333333
2.520269	 	3100.000000
3.108504	 	3106.666667
4.932033	 	3113.333333
2.520269	 	3120.000000
3.755563	 	3126.666667
3.108504	 	3133.333333
3.284975	 	3140.000000
3.990857	 	3146.666667
4.637916	 	3153.333333
3.402622	 	3160.000000
2.637916	 	3166.666667
2.873210	 	3173.333333
2.990857	 	3180.000000
3.461445	 	3186.666667
4.461445	 	3193.333333
3.167328	 	3200.000000
2.284975	 	3206.666667
2.579092	 	3213.333333
3.755563	 	3220.000000
4.049680	 	3226.666667
1.520269	 	3233.333333
2.520269	 	3240.000000
2.284975	 	3246.666667
2.814386	 	3253.333333
2.637916	 	3260.000000
1.932033	 	3266.666667
1.167328	 	3273.333333
4.167328	 	3280.000000
2.461445	 	3286.666667
3.343798	 	3293.333333
1.990857	 	3300.000000
3.167328	 	3306.666667
2.284975	 	3313.333333
3.284975	 	3320.000000
2.637916	 	3326.666667
2.755563	 	3333.333333
2.579092	 	3340.000000
2.755563	 	3346.666667
1.402622	 	3353.333333
2.873210	 	3360.000000
2.049680	 	3366.666667
2.755563	 	3373.333333
2.461445	 	3380.000000
2.167328	 	3386.666667
2.402622	 	3393.333333
2.932033	 	3400.000000
1.226151	 	3406.666667
-0.185614	 	3413.333333
1.990857	 	3420.000000
1.402622	 	3426.666667
1.049680	 	3433.333333
0.402622	 	3440.000000
0.696739	 	3446.666667
0.873210	 	3453.333333
1.284975	 	3460.000000
1.755563	 	3466.666667
2.226151	 	3473.333333
0.990857	 	3480.000000
-0.009143	 	3486.666667
0.637916	 	3493.333333
0.932033	 	3500.000000
0.402622	 	3506.666667
1.990857	 	3513.333333
1.108504	 	3520.000000
1.284975	 	3526.666667
0.755563	 	3533.333333
0.108504	 	3540.000000
1.049680	 	3546.666667
-0.773849	 	3553.333333
0.108504	 	3560.000000
-0.067967	 	3566.666667
1.755563	 	3573.333333
-1.067967	 	3580.000000
0.755563	 	3586.666667
0.579092	 	3593.333333
0.461445	 	3600.000000
0.579092	 	3606.666667
0.932033	 	3613.333333
0.343798	 	3620.000000
0.226151	 	3626.666667
-0.538555	 	3633.333333
-1.067967	 	3640.000000
0.696739	 	3646.666667
0.637916	 	3653.333333
0.755563	 	3660.000000
-0.009143	 	3666.666667
2.108504	 	3673.333333
0.873210	 	3680.000000
1.167328	 	3686.666667
0.873210	 	3693.333333
1.049680	 	3700.000000
1.226151	 	3706.666667
-1.656202	 	3713.333333
0.579092	 	3720.000000
0.932033	 	3726.666667
0.755563	 	3733.333333
0.637916	 	3740.000000
2.284975	 	3746.666667
-0.950320	 	3753.333333
1.049680	 	3760.000000
0.167328	 	3766.666667
1.343798	 	3773.333333
-0.244437	 	3780.000000
0.226151	 	3786.666667
-0.538555	 	3793.333333
1.108504	 	3800.000000
-0.362084	 	3806.666667
1.226151	 	3813.333333
-1.126790	 	3820.000000
1.108504	 	3826.666667
0.579092	 	3833.333333
0.402622	 	3840.000000
-0.832672	 	3846.666667
0.284975	 	3853.333333
-0.538555	 	3860.000000
-0.185614	 	3866.666667
-0.773849	 	3873.333333
-0.303261	 	3880.000000
0.696739	 	3886.666667
-0.067967	 	3893.333333
-0.656202	 	3900.000000
-0.303261	 	3906.666667
-0.832672	 	3913.333333
-1.773849	 	3920.000000
-1.126790	 	3926.666667
0.343798	 	3933.333333
0.343798	 	3940.000000
0.402622	 	3946.666667
-1.479731	 	3953.333333
-1.009143	 	3960.000000
-1.950320	 	3966.666667
-0.185614	 	3973.333333
-1.715025	 	3980.000000
-1.479731	 	3986.666667
0.520269	 	3993.333333
-0.420908	 	4000.000000
-1.185614	 	4006.666667
2.873210	 	4013.333333
0.579092	 	4020.000000
1.637916	 	4026.666667
1.167328	 	4033.333333
1.990857	 	4040.000000
2.637916	 	4046.666667
2.049680	 	4053.333333
2.226151	 	4060.000000
2.520269	 	4066.666667
1.520269	 	4073.333333
1.167328	 	4080.000000
1.990857	 	4086.666667
1.696739	 	4093.333333
0.284975	 	4100.000000
1.520269	 	4106.666667
1.990857	 	4113.333333
1.755563	 	4120.000000
-0.009143	 	4126.666667
2.167328	 	4133.333333
1.402622	 	4140.000000
1.873210	 	4146.666667
1.637916	 	4153.333333
1.579092	 	4160.000000
1.226151	 	4166.666667
2.696739	 	4173.333333
1.814386	 	4180.000000
2.990857	 	4186.666667
1.990857	 	4193.333333
1.226151	 	4200.000000
2.461445	 	4206.666667
3.226151	 	4213.333333
2.461445	 	4220.000000
1.284975	 	4226.666667
1.167328	 	4233.333333
0.108504	 	4240.000000
1.226151	 	4246.666667
2.167328	 	4253.333333
1.343798	 	4260.000000
0.932033	 	4266.666667
0.343798	 	4273.333333
-0.009143	 	4280.000000
0.402622	 	4286.666667
0.226151	 	4293.333333
-0.126790	 	4300.000000
-0.244437	 	4306.666667
-0.067967	 	4313.333333
0.284975	 	4320.000000
-0.773849	 	4326.666667
0.108504	 	4333.333333
0.167328	 	4340.000000
-0.244437	 	4346.666667
-0.479731	 	4353.333333
-1.303261	 	4360.000000
-0.244437	 	4366.666667
1.226151	 	4373.333333
0.284975	 	4380.000000
1.873210	 	4386.666667
2.167328	 	4393.333333
0.049680	 	4400.000000
1.696739	 	4406.666667
1.108504	 	4413.333333
2.461445	 	4420.000000
1.990857	 	4426.666667
2.226151	 	4433.333333
3.284975	 	4440.000000
4.108504	 	4446.666667
3.167328	 	4453.333333
4.226151	 	4460.000000
4.108504	 	4466.666667
4.520269	 	4473.333333
3.284975	 	4480.000000
4.226151	 	4486.666667
4.167328	 	4493.333333
5.696739	 	4500.000000
5.461445	 	4506.666667
6.520269	 	4513.333333
6.343798	 	4520.000000
5.402622	 	4526.666667
6.696739	 	4533.333333
4.873210	 	4540.000000
3.990857	 	4546.666667
6.284975	 	4553.333333
3.520269	 	4560.000000
4.579092	 	4566.666667
5.049680	 	4573.333333
3.520269	 	4580.000000
4.108504	 	4586.666667
3.696739	 	4593.333333
3.814386	 	4600.000000
4.461445	 	4606.666667
3.814386	 	4613.333333
3.579092	 	4620.000000
3.873210	 	4626.666667
2.402622	 	4633.333333
3.990857	 	4640.000000
3.461445	 	4646.666667
3.696739	 	4653.333333
3.579092	 	4660.000000
4.461445	 	4666.666667
3.990857	 	4673.333333
4.226151	 	4680.000000
3.579092	 	4686.666667
3.461445	 	4693.333333
3.049680	 	4700.000000
3.637916	 	4706.666667
3.873210	 	4713.333333
3.579092	 	4720.000000
4.343798	 	4726.666667
3.755563	 	4733.333333
4.461445	 	4740.000000
4.343798	 	4746.666667
2.637916	 	4753.333333
4.755563	 	4760.000000
2.873210	 	4766.666667
3.696739	 	4773.333333
3.932033	 	4780.000000
3.402622	 	4786.666667
4.637916	 	4793.333333
4.167328	 	4800.000000
3.755563	 	4806.666667
3.049680	 	4813.333333
3.579092	 	4820.000000
4.167328	 	4826.666667
4.167328	 	4833.333333
3.637916	 	4840.000000
1.932033	 	4846.666667
2.932033	 	4853.333333
2.343798	 	4860.000000
3.579092	 	4866.666667
2.637916	 	4873.333333
2.637916	 	4880.000000
2.461445	 	4886.666667
0.990857	 	4893.333333
2.049680	 	4900.000000
1.167328	 	4906.666667
1.402622	 	4913.333333
1.579092	 	4920.000000
2.108504	 	4926.666667
2.343798	 	4933.333333
2.226151	 	4940.000000
2.402622	 	4946.666667
3.167328	 	4953.333333
3.696739	 	4960.000000
3.814386	 	4966.666667
3.520269	 	4973.333333
2.637916	 	4980.000000
3.343798	 	4986.666667
2.932033	 	4993.333333
3.284975	 	5000.000000
3.049680	 	5006.666667
3.402622	 	5013.333333
2.932033	 	5020.000000
2.049680	 	5026.666667
2.049680	 	5033.333333
3.049680	 	5040.000000
3.167328	 	5046.666667
2.049680	 	5053.333333
2.520269	 	5060.000000
1.226151	 	5066.666667
3.049680	 	5073.333333
2.461445	 	5080.000000
2.932033	 	5086.666667
2.579092	 	5093.333333
1.932033	 	5100.000000
0.932033	 	5106.666667
0.402622	 	5113.333333
0.696739	 	5120.000000
1.226151	 	5126.666667
1.402622	 	5133.333333
2.226151	 	5140.000000
-0.067967	 	5146.666667
0.049680	 	5153.333333
0.402622	 	5160.000000
-0.362084	 	5166.666667
0.284975	 	5173.333333
0.637916	 	5180.000000
0.226151	 	5186.666667
0.579092	 	5193.333333
0.932033	 	5200.000000
0.814386	 	5206.666667
-0.185614	 	5213.333333
0.402622	 	5220.000000
-0.891496	 	5226.666667
-0.126790	 	5233.333333
0.226151	 	5240.000000
0.579092	 	5246.666667
0.461445	 	5253.333333
1.226151	 	5260.000000
1.049680	 	5266.666667
-0.950320	 	5273.333333
1.226151	 	5280.000000
0.284975	 	5286.666667
-0.479731	 	5293.333333
-0.832672	 	5300.000000
1.696739	 	5306.666667
0.637916	 	5313.333333
1.637916	 	5320.000000
9.108504	 	5326.666667
28.932033	 	5333.333333
50.108504	 	5340.000000
82.696739	 	5346.666667
165.108504	 	5353.333333
265.049680	 	5360.000000
372.343798	 	5366.666667
516.343798	 	5373.333333
686.343798	 	5380.000000
832.814386	 	5386.666667
974.637916	 	5393.333333
1173.167328	 	5400.000000
1397.579092	 	5406.666667
1623.226151	 	5413.333333
1936.049680	 	5420.000000
2223.343798	 	5426.666667
2459.167328	 	5433.333333
2658.696739	 	5440.000000
2847.755563	 	5446.666667
3003.755563	 	5453.333333
3114.108504	 	5460.000000
3190.990857	 	5466.666667
3243.932033	 	5473.333333
3280.402622	 	5480.000000
3292.049680	 	5486.666667
3292.520269	 	5493.333333
3278.167328	 	5500.000000
3252.814386	 	5506.666667
3213.461445	 	5513.333333
3173.049680	 	5520.000000
3125.108504	 	5526.666667
3073.108504	 	5533.333333
3021.108504	 	5540.000000
2975.990857	 	5546.666667
2923.461445	 	5553.333333
2873.226151	 	5560.000000
2819.873210	 	5566.666667
2771.226151	 	5573.333333
2717.461445	 	5580.000000
2672.402622	 	5586.666667
2622.637916	 	5593.333333
2579.108504	 	5600.000000
2532.755563	 	5606.666667
2500.755563	 	5613.333333
2463.226151	 	5620.000000
2428.755563	 	5626.666667
2395.167328	 	5633.333333
2360.990857	 	5640.000000
2326.579092	 	5646.666667
2300.402622	 	5653.333333
2262.637916	 	5660.000000
2227.461445	 	5666.666667
2199.402622	 	5673.333333
2165.696739	 	5680.000000
2132.167328	 	5686.666667
2099.461445	 	5693.333333
2069.814386	 	5700.000000
2046.990857	 	5706.666667
2019.696739	 	5713.333333
1992.814386	 	5720.000000
1974.814386	 	5726.666667
1953.343798	 	5733.333333
1929.755563	 	5740.000000
1904.343798	 	5746.666667
1880.990857	 	5753.333333
1852.226151	 	5760.000000
1830.108504	 	5766.666667
1807.284975	 	5773.333333
1783.637916	 	5780.000000
1755.814386	 	5786.666667
1728.461445	 	5793.333333
1702.108504	 	5800.000000
1679.579092	 	5806.666667
1656.284975	 	5813.333333
1634.873210	 	5820.000000
1619.226151	 	5826.666667
1596.108504	 	5833.333333
1579.461445	 	5840.000000
1558.461445	 	5846.666667
1540.814386	 	5853.333333
1519.579092	 	5860.000000
1499.520269	 	5866.666667
1481.932033	 	5873.333333
1459.814386	 	5880.000000
1441.049680	 	5886.666667
1422.873210	 	5893.333333
1401.049680	 	5900.000000
1384.461445	 	5906.666667
1366.637916	 	5913.333333
1350.637916	 	5920.000000
1334.520269	 	5926.666667
1315.461445	 	5933.333333
1300.284975	 	5940.000000
1283.049680	 	5946.666667
1263.049680	 	5953.333333
1248.167328	 	5960.000000
1232.520269	 	5966.666667
1215.932033	 	5973.333333
1200.696739	 	5980.000000
1186.990857	 	5986.666667
1167.343798	 	5993.333333
1151.932033	 	6000.000000
1132.049680	 	6006.666667
1117.873210	 	6013.333333
1104.814386	 	6020.000000
1086.579092	 	6026.666667
1069.990857	 	6033.333333
1055.696739	 	6040.000000
1045.461445	 	6046.666667
1029.167328	 	6053.333333
1016.932033	 	6060.000000
1003.226151	 	6066.666667
990.108504	 	6073.333333
977.402622	 	6080.000000
967.932033	 	6086.666667
959.343798	 	6093.333333
952.461445	 	6100.000000
940.049680	 	6106.666667
929.167328	 	6113.333333
918.932033	 	6120.000000
911.402622	 	6126.666667
901.873210	 	6133.333333
891.108504	 	6140.000000
881.461445	 	6146.666667
868.990857	 	6153.333333
856.108504	 	6160.000000
846.108504	 	6166.666667
832.814386	 	6173.333333
826.049680	 	6180.000000
819.402622	 	6186.666667
810.520269	 	6193.333333
798.990857	 	6200.000000
790.226151	 	6206.666667
782.284975	 	6213.333333
777.755563	 	6220.000000
766.579092	 	6226.666667
759.755563	 	6233.333333
748.343798	 	6240.000000
738.343798	 	6246.666667
731.343798	 	6253.333333
720.343798	 	6260.000000
716.520269	 	6266.666667
708.990857	 	6273.333333
697.343798	 	6280.000000
690.343798	 	6286.666667
684.108504	 	6293.333333
671.402622	 	6300.000000
661.284975	 	6306.666667
651.402622	 	6313.333333
641.755563	 	6320.000000
629.461445	 	6326.666667
620.343798	 	6333.333333
611.637916	 	6340.000000
605.637916	 	6346.666667
599.696739	 	6353.333333
593.520269	 	6360.000000
584.696739	 	6366.666667
579.343798	 	6373.333333
575.637916	 	6380.000000
568.814386	 	6386.666667
563.579092	 	6393.333333
555.579092	 	6400.000000
547.932033	 	6406.666667
541.814386	 	6413.333333
533.755563	 	6420.000000
527.755563	 	6426.666667
520.637916	 	6433.333333
514.932033	 	6440.000000
510.461445	 	6446.666667
507.402622	 	6453.333333
501.696739	 	6460.000000
496.579092	 	6466.666667
491.226151	 	6473.333333
483.814386	 	6480.000000
477.343798	 	6486.666667
475.049680	 	6493.333333
468.167328	 	6500.000000
459.108504	 	6506.666667
454.167328	 	6513.333333
448.343798	 	6520.000000
439.108504	 	6526.666667
434.049680	 	6533.333333
429.520269	 	6540.000000
423.343798	 	6546.666667
416.167328	 	6553.333333
410.579092	 	6560.000000
404.932033	 	6566.666667
397.049680	 	6573.333333
392.461445	 	6580.000000
386.167328	 	6586.666667
379.402622	 	6593.333333
371.990857	 	6600.000000
367.108504	 	6606.666667
361.932033	 	6613.333333
358.167328	 	6620.000000
352.814386	 	6626.666667
349.755563	 	6633.333333
346.637916	 	6640.000000
341.343798	 	6646.666667
338.637916	 	6653.333333
333.579092	 	6660.000000
331.637916	 	6666.666667
332.402622	 	6673.333333
328.520269	 	6680.000000
324.637916	 	6686.666667
324.520269	 	6693.333333
321.990857	 	6700.000000
318.755563	 	6706.666667
316.343798	 	6713.333333
315.343798	 	6720.000000
311.637916	 	6726.666667
306.284975	 	6733.333333
304.402622	 	6740.000000
301.108504	 	6746.666667
297.755563	 	6753.333333
293.049680	 	6760.000000
290.108504	 	6766.666667
286.049680	 	6773.333333
284.461445	 	6780.000000
278.814386	 	6786.666667
274.990857	 	6793.333333
273.226151	 	6800.000000
272.049680	 	6806.666667
270.343798	 	6813.333333
265.343798	 	6820.000000
261.226151	 	6826.666667
259.873210	 	6833.333333
256.637916	 	6840.000000
252.520269	 	6846.666667
250.049680	 	6853.333333
247.226151	 	6860.000000
243.108504	 	6866.666667
240.932033	 	6873.333333
236.167328	 	6880.000000
232.049680	 	6886.666667
227.461445	 	6893.333333
224.402622	 	6900.000000
221.108504	 	6906.666667
218.108504	 	6913.333333
215.696739	 	6920.000000
211.520269	 	6926.666667
207.696739	 	6933.333333
204.226151	 	6940.000000
201.755563	 	6946.666667
199.637916	 	6953.333333
195.990857	 	6960.000000
193.108504	 	6966.666667
190.696739	 	6973.333333
186.696739	 	6980.000000
183.343798	 	6986.666667
180.873210	 	6993.333333
179.402622	 	7000.000000
177.284975	 	7006.666667
174.814386	 	7013.333333
171.696739	 	7020.000000
167.990857	 	7026.666667
166.049680	 	7033.333333
166.049680	 	7040.000000
164.108504	 	7046.666667
163.284975	 	7053.333333
160.520269	 	7060.000000
160.696739	 	7066.666667
159.520269	 	7073.333333
159.520269	 	7080.000000
159.226151	 	7086.666667
159.049680	 	7093.333333
156.520269	 	7100.000000
155.814386	 	7106.666667
156.755563	 	7113.333333
155.637916	 	7120.000000
156.461445	 	7126.666667
155.049680	 	7133.333333
155.226151	 	7140.000000
155.873210	 	7146.666667
155.343798	 	7153.333333
153.226151	 	7160.000000
152.108504	 	7166.666667
151.637916	 	7173.333333
148.755563	 	7180.000000
149.226151	 	7186.666667
150.696739	 	7193.333333
147.873210	 	7200.000000
146.579092	 	7206.666667
145.696739	 	7213.333333
145.696739	 	7220.000000
141.990857	 	7226.666667
140.461445	 	7233.333333
138.402622	 	7240.000000
138.167328	 	7246.666667
134.814386	 	7253.333333
134.343798	 	7260.000000
133.108504	 	7266.666667
132.637916	 	7273.333333
130.579092	 	7280.000000
126.990857	 	7286.666667
127.402622	 	7293.333333
125.755563	 	7300.000000
123.932033	 	7306.666667
122.755563	 	7313.333333
121.990857	 	7320.000000
119.226151	 	7326.666667
119.108504	 	7333.333333
115.284975	 	7340.000000
115.520269	 	7346.666667
112.814386	 	7353.333333
111.696739	 	7360.000000
109.461445	 	7366.666667
107.461445	 	7373.333333
107.108504	 	7380.000000
107.343798	 	7386.666667
104.755563	 	7393.333333
104.814386	 	7400.000000
105.167328	 	7406.666667
103.579092	 	7413.333333
101.402622	 	7420.000000
100.226151	 	7426.666667
99.814386	 	7433.333333
96.579092	 	7440.000000
97.284975	 	7446.666667
95.049680	 	7453.333333
93.167328	 	7460.000000
93.637916	 	7466.666667
92.990857	 	7473.333333
89.343798	 	7480.000000
89.520269	 	7486.666667
89.167328	 	7493.333333
88.579092	 	7500.000000
87.343798	 	7506.666667
85.873210	 	7513.333333
87.284975	 	7520.000000
86.755563	 	7526.666667
84.637916	 	7533.333333
83.873210	 	7540.000000
83.402622	 	7546.666667
81.696739	 	7553.333333
79.461445	 	7560.000000
81.402622	 	7566.666667
79.402622	 	7573.333333
79.167328	 	7580.000000
78.167328	 	7586.666667
77.637916	 	7593.333333
77.167328	 	7600.000000
75.226151	 	7606.666667
74.696739	 	7613.333333
73.284975	 	7620.000000
72.814386	 	7626.666667
70.461445	 	7633.333333
70.579092	 	7640.000000
69.284975	 	7646.666667
68.755563	 	7653.333333
67.167328	 	7660.000000
66.461445	 	7666.666667
64.814386	 	7673.333333
64.343798	 	7680.000000
63.167328	 	7686.666667
61.461445	 	7693.333333
59.520269	 	7700.000000
59.579092	 	7706.666667
58.637916	 	7713.333333
58.167328	 	7720.000000
56.579092	 	7726.666667
56.461445	 	7733.333333
54.755563	 	7740.000000
53.049680	 	7746.666667
50.579092	 	7753.333333
49.637916	 	7760.000000
50.284975	 	7766.666667
48.579092	 	7773.333333
47.520269	 	7780.000000
47.637916	 	7786.666667
49.343798	 	7793.333333
48.696739	 	7800.000000
47.343798	 	7806.666667
51.226151	 	7813.333333
51.108504	 	7820.000000
51.108504	 	7826.666667
51.520269	 	7833.333333
52.637916	 	7840.000000
52.226151	 	7846.666667
52.226151	 	7853.333333
52.108504	 	7860.000000
49.814386	 	7866.666667
49.932033	 	7873.333333
49.167328	 	7880.000000
49.284975	 	7886.666667
49.108504	 	7893.333333
48.873210	 	7900.000000
50.402622	 	7906.666667
48.990857	 	7913.333333
50.461445	 	7920.000000
49.932033	 	7926.666667
47.402622	 	7933.333333
48.402622	 	7940.000000
47.226151	 	7946.666667
46.932033	 	7953.333333
46.579092	 	7960.000000
47.167328	 	7966.666667
45.520269	 	7973.333333
44.755563	 	7980.000000
43.932033	 	7986.666667
43.402622	 	7993.333333
44.226151	 	8000.000000
43.049680	 	8006.666667
42.049680	 	8013.333333
41.167328	 	8020.000000
41.402622	 	8026.666667
40.873210	 	8033.333333
40.226151	 	8040.000000
39.755563	 	8046.666667
39.167328	 	8053.333333
37.755563	 	8060.000000
36.049680	 	8066.666667
34.932033	 	8073.333333
33.579092	 	8080.000000
34.932033	 	8086.666667
32.637916	 	8093.333333
32.167328	 	8100.000000
33.461445	 	8106.666667
32.932033	 	8113.333333
33.579092	 	8120.000000
31.343798	 	8126.666667
30.520269	 	8133.333333
31.402622	 	8140.000000
31.579092	 	8146.666667
31.226151	 	8153.333333
30.696739	 	8160.000000
29.932033	 	8166.666667
29.402622	 	8173.333333
29.284975	 	8180.000000
28.873210	 	8186.666667
27.284975	 	8193.333333
27.579092	 	8200.000000
28.461445	 	8206.666667
26.461445	 	8213.333333
25.049680	 	8220.000000
26.049680	 	8226.666667
25.579092	 	8233.333333
25.108504	 	8240.000000
24.284975	 	8246.666667
25.108504	 	8253.333333
25.402622	 	8260.000000
25.049680	 	8266.666667
25.932033	 	8273.333333
26.932033	 	8280.000000
26.108504	 	8286.666667
25.932033	 	8293.333333
28.814386	 	8300.000000
27.461445	 	8306.666667
26.637916	 	8313.333333
27.696739	 	8320.000000
27.226151	 	8326.666667
27.402622	 	8333.333333
26.520269	 	8340.000000
26.167328	 	8346.666667
24.755563	 	8353.333333
23.520269	 	8360.000000
25.226151	 	8366.666667
23.579092	 	8373.333333
23.696739	 	8380.000000
22.696739	 	8386.666667
22.579092	 	8393.333333
23.343798	 	8400.000000
23.696739	 	8406.666667
22.167328	 	8413.333333
21.814386	 	8420.000000
22.343798	 	8426.666667
20.990857	 	8433.333333
21.167328	 	8440.000000
21.990857	 	8446.666667
21.226151	 	8453.333333
21.579092	 	8460.000000
21.873210	 	8466.666667
20.167328	 	8473.333333
20.108504	 	8480.000000
20.873210	 	8486.666667
19.461445	 	8493.333333
19.049680	 	8500.000000
18.932033	 	8506.666667
17.343798	 	8513.333333
16.696739	 	8520.000000
16.696739	 	8526.666667
16.108504	 	8533.333333
17.049680	 	8540.000000
16.167328	 	8546.666667
14.226151	 	8553.333333
14.814386	 	8560.000000
14.873210	 	8566.666667
15.108504	 	8573.333333
14.932033	 	8580.000000
15.343798	 	8586.666667
14.579092	 	8593.333333
14.814386	 	8600.000000
14.873210	 	8606.666667
14.755563	 	8613.333333
13.284975	 	8620.000000
15.049680	 	8626.666667
15.049680	 	8633.333333
14.520269	 	8640.000000
15.284975	 	8646.666667
14.402622	 	8653.333333
16.226151	 	8660.000000
15.990857	 	8666.666667
15.637916	 	8673.333333
13.226151	 	8680.000000
15.343798	 	8686.666667
14.049680	 	8693.333333
13.108504	 	8700.000000
13.814386	 	8706.666667
11.049680	 	8713.333333
11.755563	 	8720.000000
11.226151	 	8726.666667
11.696739	 	8733.333333
11.932033	 	8740.000000
12.343798	 	8746.666667
10.461445	 	8753.333333
10.990857	 	8760.000000
9.226151	 	8766.666667
10.461445	 	8773.333333
9.049680	 	8780.000000
7.108504	 	8786.666667
8.461445	 	8793.333333
7.814386	 	8800.000000
9.049680	 	8806.666667
8.461445	 	8813.333333
9.990857	 	8820.000000
10.637916	 	8826.666667
10.284975	 	8833.333333
11.461445	 	8840.000000
8.696739	 	8846.666667
10.402622	 	8853.333333
12.284975	 	8860.000000
11.108504	 	8866.666667
10.402622	 	8873.333333
11.873210	 	8880.000000
11.990857	 	8886.666667
12.990857	 	8893.333333
13.990857	 	8900.000000
14.755563	 	8906.666667
14.932033	 	8913.333333
14.873210	 	8920.000000
14.696739	 	8926.666667
16.343798	 	8933.333333
14.755563	 	8940.000000
16.167328	 	8946.666667
15.049680	 	8953.333333
15.990857	 	8960.000000
15.284975	 	8966.666667
13.755563	 	8973.333333
12.579092	 	8980.000000
13.343798	 	8986.666667
12.814386	 	8993.333333
11.932033	 	9000.000000
11.755563	 	9006.666667
10.637916	 	9013.333333
10.637916	 	9020.000000
12.461445	 	9026.666667
11.755563	 	9033.333333
11.990857	 	9040.000000
11.579092	 	9046.666667
11.284975	 	9053.333333
11.049680	 	9060.000000
8.932033	 	9066.666667
9.226151	 	9073.333333
9.520269	 	9080.000000
10.343798	 	9086.666667
10.579092	 	9093.333333
9.284975	 	9100.000000
9.755563	 	9106.666667
9.579092	 	9113.333333
9.461445	 	9120.000000
8.873210	 	9126.666667
8.637916	 	9133.333333
8.226151	 	9140.000000
7.167328	 	9146.666667
7.402622	 	9153.333333
7.637916	 	9160.000000
6.520269	 	9166.666667
8.579092	 	9173.333333
6.990857	 	9180.000000
7.696739	 	9186.666667
6.814386	 	9193.333333
6.990857	 	9200.000000
7.284975	 	9206.666667
5.990857	 	9213.333333
5.402622	 	9220.000000
5.226151	 	9226.666667
5.755563	 	9233.333333
5.932033	 	9240.000000
7.461445	 	9246.666667
7.461445	 	9253.333333
10.226151	 	9260.000000
8.284975	 	9266.666667
7.990857	 	9273.333333
9.167328	 	9280.000000
9.167328	 	9286.666667
9.049680	 	9293.333333
9.579092	 	9300.000000
8.696739	 	9306.666667
10.284975	 	9313.333333
10.108504	 	9320.000000
9.167328	 	9326.666667
8.932033	 	9333.333333
9.579092	 	9340.000000
8.990857	 	9346.666667
9.814386	 	9353.333333
8.755563	 	9360.000000
8.579092	 	9366.666667
7.520269	 	9373.333333
7.637916	 	9380.000000
7.990857	 	9386.666667
9.402622	 	9393.333333
8.520269	 	9400.000000
9.049680	 	9406.666667
7.108504	 	9413.333333
7.814386	 	9420.000000
7.343798	 	9426.666667
8.226151	 	9433.333333
7.637916	 	9440.000000
7.520269	 	9446.666667
6.990857	 	9453.333333
6.461445	 	9460.000000
6.520269	 	9466.666667
5.932033	 	9473.333333
6.520269	 	9480.000000
6.696739	 	9486.666667
7.226151	 	9493.333333
7.049680	 	9500.000000
6.696739	 	9506.666667
5.932033	 	9513.333333
7.049680	 	9520.000000
7.226151	 	9526.666667
4.873210	 	9533.333333
6.343798	 	9540.000000
6.108504	 	9546.666667
5.814386	 	9553.333333
5.461445	 	9560.000000
5.284975	 	9566.666667
6.226151	 	9573.333333
4.637916	 	9580.000000
4.873210	 	9586.666667
4.755563	 	9593.333333
6.108504	 	9600.000000
5.167328	 	9606.666667
5.520269	 	9613.333333
8.402622	 	9620.000000
6.167328	 	9626.666667
6.932033	 	9633.333333
7.226151	 	9640.000000
7.814386	 	9646.666667
9.696739	 	9653.333333
6.402622	 	9660.000000
8.520269	 	9666.666667
9.755563	 	9673.333333
8.108504	 	9680.000000
9.226151	 	9686.666667
8.696739	 	9693.333333
7.343798	 	9700.000000
9.520269	 	9706.666667
7.343798	 	9713.333333
7.226151	 	9720.000000
8.108504	 	9726.666667
7.579092	 	9733.333333
8.167328	 	9740.000000
7.696739	 	9746.666667
7.637916	 	9753.333333
7.343798	 	9760.000000
6.343798	 	9766.666667
5.696739	 	9773.333333
5.520269	 	9780.000000
6.049680	 	9786.666667
4.637916	 	9793.333333
4.814386	 	9800.000000
4.990857	 	9806.666667
4.755563	 	9813.333333
3.579092	 	9820.000000
4.167328	 	9826.666667
2.284975	 	9833.333333
3.284975	 	9840.000000
3.284975	 	9846.666667
1.932033	 	9853.333333
1.579092	 	9860.000000
2.814386	 	9866.666667
2.343798	 	9873.333333
-0.420908	 	9880.000000
2.284975	 	9886.666667
1.637916	 	9893.333333
1.049680	 	9900.000000
0.226151	 	9906.666667
0.343798	 	9913.333333
-0.479731	 	9920.000000
-1.479731	 	9926.666667
-0.303261	 	9933.333333
-1.303261	 	9940.000000
0.579092	 	9946.666667
-2.009143	 	9953.333333
-1.362084	 	9960.000000
-1.950320	 	9966.666667
-2.597378	 	9973.333333
-1.244437	 	9980.000000
-2.479731	 	9986.666667
-3.067967	 	9993.333333
-1.656202	 	10000.000000
-1.597378	 	10006.666667
-2.185614	 	10013.333333
-1.362084	 	10020.000000
-2.950320	 	10026.666667
-2.597378	 	10033.333333
-2.656202	 	10040.000000
-1.715025	 	10046.666667
-0.832672	 	10053.333333
-3.362084	 	10060.000000
-1.891496	 	10066.666667
-2.597378	 	10073.333333
-1.479731	 	10080.000000
-1.185614	 	10086.666667
-1.891496	 	10093.333333
-2.244437	 	10100.000000
-3.185614	 	10106.666667
-2.244437	 	10113.333333
-2.479731	 	10120.000000
-1.656202	 	10126.666667
-3.067967	 	10133.333333
-1.420908	 	10140.000000
-1.715025	 	10146.666667
-2.597378	 	10153.333333
-1.538555	 	10160.000000
-2.126790	 	10166.666667
-3.067967	 	10173.333333
-0.597378	 	10180.000000
-1.950320	 	10186.666667
-1.126790	 	10193.333333
-1.715025	 	10200.000000
-0.303261	 	10206.666667
-0.067967	 	10213.333333
0.284975	 	10220.000000
-1.597378	 	10226.666667
-0.538555	 	10233.333333
-1.538555	 	10240.000000
-0.773849	 	10246.666667
0.343798	 	10253.333333
-0.891496	 	10260.000000
-0.832672	 	10266.666667
-0.891496	 	10273.333333
-0.126790	 	10280.000000
-0.067967	 	10286.666667
-1.067967	 	10293.333333
-1.067967	 	10300.000000
-1.656202	 	10306.666667
-0.597378	 	10313.333333
0.226151	 	10320.000000
0.108504	 	10326.666667
-1.067967	 	10333.333333
0.049680	 	10340.000000
0.402622	 	10346.666667
1.226151	 	10353.333333
1.226151	 	10360.000000
0.990857	 	10366.666667
0.990857	 	10373.333333
0.402622	 	10380.000000
1.755563	 	10386.666667
0.049680	 	10393.333333
2.284975	 	10400.000000
1.873210	 	10406.666667
1.579092	 	10413.333333
3.755563	 	10420.000000
1.696739	 	10426.666667
4.108504	 	10433.333333
3.520269	 	10440.000000
4.814386	 	10446.666667
5.226151	 	10453.333333
4.343798	 	10460.000000
4.814386	 	10466.666667
5.343798	 	10473.333333
5.343798	 	10480.000000
4.932033	 	10486.666667
4.696739	 	10493.333333
4.402622	 	10500.000000
4.284975	 	10506.666667
4.049680	 	10513.333333
4.814386	 	10520.000000
2.637916	 	10526.666667
3.226151	 	10533.333333
2.755563	 	10540.000000
2.049680	 	10546.666667
3.049680	 	10553.333333
1.461445	 	10560.000000
2.579092	 	10566.666667
3.284975	 	10573.333333
2.696739	 	10580.000000
1.461445	 	10586.666667
2.520269	 	10593.333333
2.696739	 	10600.000000
4.108504	 	10606.666667
4.461445	 	10613.333333
4.461445	 	10620.000000
4.343798	 	10626.666667
3.226151	 	10633.333333
4.461445	 	10640.000000
4.814386	 	10646.666667
3.696739	 	10653.333333
2.814386	 	10660.000000
3.755563	 	10666.666667
2.108504	 	10673.333333
1.343798	 	10680.000000
3.108504	 	10686.666667
5.226151	 	10693.333333
3.696739	 	10700.000000
4.637916	 	10706.666667
2.990857	 	10713.333333
2.814386	 	10720.000000
2.461445	 	10726.666667
2.755563	 	10733.333333
0.814386	 	10740.000000
2.755563	 	10746.666667
0.579092	 	10753.333333
-0.126790	 	10760.000000
-0.656202	 	10766.666667
-0.244437	 	10773.333333
0.579092	 	10780.000000
-0.715025	 	10786.666667
-0.597378	 	10793.333333
0.167328	 	10800.000000
-0.126790	 	10806.666667
-0.950320	 	10813.333333
-0.479731	 	10820.000000
0.284975	 	10826.666667
1.637916	 	10833.333333
1.108504	 	10840.000000
0.932033	 	10846.666667
1.520269	 	10853.333333
1.108504	 	10860.000000
1.226151	 	10866.666667
0.873210	 	10873.333333
0.579092	 	10880.000000
-0.891496	 	10886.666667
-1.715025	 	10893.333333
-0.656202	 	10900.000000
-0.656202	 	10906.666667
-0.950320	 	10913.333333
-0.362084	 	10920.000000
-0.420908	 	10926.666667
0.873210	 	10933.333333
0.167328	 	10940.000000
-1.597378	 	10946.666667
-2.244437	 	10953.333333
-1.126790	 	10960.000000
-2.126790	 	10966.666667
-2.420908	 	10973.333333
-1.420908	 	10980.000000
-2.067967	 	10986.666667
-1.891496	 	10993.333333
-2.656202	 	11000.000000
-0.656202	 	11006.666667
2.343798	 	11013.333333
2.108504	 	11020.000000
3.167328	 	11026.666667
3.402622	 	11033.333333
4.990857	 	11040.000000
6.873210	 	11046.666667
5.814386	 	11053.333333
4.932033	 	11060.000000
6.755563	 	11066.666667
6.520269	 	11073.333333
5.520269	 	11080.000000
4.226151	 	11086.666667
4.814386	 	11093.333333
4.755563	 	11100.000000
4.049680	 	11106.666667
3.637916	 	11113.333333
4.108504	 	11120.000000
3.932033	 	11126.666667
5.108504	 	11133.333333
6.049680	 	11140.000000
3.579092	 	11146.666667
2.637916	 	11153.333333
4.226151	 	11160.000000
3.108504	 	11166.666667
2.814386	 	11173.333333
1.284975	 	11180.000000
1.755563	 	11186.666667
2.167328	 	11193.333333
2.284975	 	11200.000000
1.873210	 	11206.666667
3.814386	 	11213.333333
1.520269	 	11220.000000
1.814386	 	11226.666667
0.696739	 	11233.333333
-0.185614	 	11240.000000
0.284975	 	11246.666667
1.579092	 	11253.333333
1.990857	 	11260.000000
2.990857	 	11266.666667
1.932033	 	11273.333333
0.343798	 	11280.000000
2.108504	 	11286.666667
0.108504	 	11293.333333
1.402622	 	11300.000000
1.990857	 	11306.666667
1.226151	 	11313.333333
0.814386	 	11320.000000
1.520269	 	11326.666667
0.696739	 	11333.333333
2.461445	 	11340.000000
0.814386	 	11346.666667
0.461445	 	11353.333333
1.108504	 	11360.000000
0.284975	 	11366.666667
-0.479731	 	11373.333333
-0.538555	 	11380.000000
0.696739	 	11386.666667
0.637916	 	11393.333333
0.873210	 	11400.000000
-0.950320	 	11406.666667
-1.656202	 	11413.333333
-1.715025	 	11420.000000
-2.362084	 	11426.666667
-1.891496	 	11433.333333
-1.597378	 	11440.000000
-1.185614	 	11446.666667
-2.244437	 	11453.333333
-2.715025	 	11460.000000
-1.715025	 	11466.666667
-1.773849	 	11473.333333
-3.891496	 	11480.000000
-1.715025	 	11486.666667
-3.244437	 	11493.333333
-2.656202	 	11500.000000
-2.950320	 	11506.666667
-2.715025	 	11513.333333
-4.303261	 	11520.000000
-1.891496	 	11526.666667
-4.185614	 	11533.333333
-4.126790	 	11540.000000
-5.126790	 	11546.666667
-4.656202	 	11553.333333
-4.126790	 	11560.000000
-5.715025	 	11566.666667
-3.950320	 	11573.333333
-4.067967	 	11580.000000
-4.538555	 	11586.666667
-3.950320	 	11593.333333
-3.891496	 	11600.000000
-3.009143	 	11606.666667
-3.185614	 	11613.333333
-3.009143	 	11620.000000
-2.597378	 	11626.666667
-2.244437	 	11633.333333
-2.950320	 	11640.000000
-1.479731	 	11646.666667
-2.244437	 	11653.333333
-2.009143	 	11660.000000
-2.597378	 	11666.666667
-2.362084	 	11673.333333
-2.362084	 	11680.000000
-1.009143	 	11686.666667
-0.126790	 	11693.333333
-1.303261	 	11700.000000
-0.009143	 	11706.666667
-0.715025	 	11713.333333
-1.597378	 	11720.000000
-1.773849	 	11726.666667
-0.950320	 	11733.333333
-1.185614	 	11740.000000
-1.362084	 	11746.666667
-0.244437	 	11753.333333
-1.126790	 	11760.000000
-2.303261	 	11766.666667
0.049680	 	11773.333333
-1.656202	 	11780.000000
-1.185614	 	11786.666667
-1.009143	 	11793.333333
-0.479731	 	11800.000000
-1.832672	 	11806.666667
-2.126790	 	11813.333333
-2.715025	 	11820.000000
-0.950320	 	11826.666667
-2.185614	 	11833.333333
-2.126790	 	11840.000000
-1.303261	 	11846.666667
-0.009143	 	11853.333333
-0.009143	 	11860.000000
1.579092	 	11866.666667
0.873210	 	11873.333333
-0.009143	 	11880.000000
1.520269	 	11886.666667
2.284975	 	11893.333333
1.873210	 	11900.000000
2.343798	 	11906.666667
1.814386	 	11913.333333
2.108504	 	11920.000000
2.167328	 	11926.666667
2.873210	 	11933.333333
2.461445	 	11940.000000
2.579092	 	11946.666667
3.284975	 	11953.333333
3.696739	 	11960.000000
1.755563	 	11966.666667
2.108504	 	11973.333333
1.814386	 	11980.000000
2.637916	 	11986.666667
1.990857	 	11993.333333
3.402622	 	12000.000000
2.402622	 	12006.666667
1.226151	 	12013.333333
1.696739	 	12020.000000
0.637916	 	12026.666667
0.873210	 	12033.333333
1.226151	 	12040.000000
-0.009143	 	12046.666667
-0.773849	 	12053.333333
-0.656202	 	12060.000000
-0.303261	 	12066.666667
0.343798	 	12073.333333
-1.715025	 	12080.000000
-0.891496	 	12086.666667
-1.891496	 	12093.333333
-2.420908	 	12100.000000
-2.538555	 	12106.666667
-2.009143	 	12113.333333
-2.538555	 	12120.000000
-0.362084	 	12126.666667
-1.773849	 	12133.333333
-2.538555	 	12140.000000
-1.715025	 	12146.666667
-2.773849	 	12153.333333
-4.362084	 	12160.000000
-4.538555	 	12166.666667
-4.597378	 	12173.333333
-3.244437	 	12180.000000
-4.009143	 	12186.666667
-3.715025	 	12193.333333
-4.303261	 	12200.000000
-5.303261	 	12206.666667
-3.362084	 	12213.333333
-4.009143	 	12220.000000
-4.362084	 	12226.666667
-4.597378	 	12233.333333
-4.303261	 	12240.000000
-5.009143	 	12246.666667
-4.009143	 	12253.333333
-4.950320	 	12260.000000
-5.420908	 	12266.666667
-5.832672	 	12273.333333
-5.067967	 	12280.000000
-5.185614	 	12286.666667
-5.067967	 	12293.333333
-5.950320	 	12300.000000
-6.597378	 	12306.666667
-5.303261	 	12313.333333
-4.656202	 	12320.000000
-5.362084	 	12326.666667
-4.773849	 	12333.333333
-4.715025	 	12340.000000
-4.126790	 	12346.666667
-5.009143	 	12353.333333
-4.656202	 	12360.000000
-4.715025	 	12366.666667
-3.303261	 	12373.333333
-4.832672	 	12380.000000
-4.597378	 	12386.666667
-5.009143	 	12393.333333
-4.362084	 	12400.000000
-5.832672	 	12406.666667
-3.891496	 	12413.333333
-4.715025	 	12420.000000
-5.832672	 	12426.666667
-5.715025	 	12433.333333
-5.656202	 	12440.000000
-6.362084	 	12446.666667
-5.185614	 	12453.333333
-5.362084	 	12460.000000
-6.244437	 	12466.666667
-5.597378	 	12473.333333
-5.773849	 	12480.000000
-5.420908	 	12486.666667
-5.832672	 	12493.333333
-5.126790	 	12500.000000
-5.597378	 	12506.666667
-6.244437	 	12513.333333
-6.715025	 	12520.000000
-7.185614	 	12526.666667
-5.891496	 	12533.333333
-5.420908	 	12540.000000
-4.832672	 	12546.666667
-4.832672	 	12553.333333
-5.479731	 	12560.000000
-4.832672	 	12566.666667
-4.715025	 	12573.333333
-4.832672	 	12580.000000
-5.126790	 	12586.666667
-5.126790	 	12593.333333
-4.656202	 	12600.000000
-3.832672	 	12606.666667
-4.067967	 	12613.333333
-4.538555	 	12620.000000
-4.891496	 	12626.666667
-6.126790	 	12633.333333
-5.597378	 	12640.000000
-5.891496	 	12646.666667
-4.773849	 	12653.333333
-4.656202	 	12660.000000
-5.009143	 	12666.666667
-3.420908	 	12673.333333
-4.773849	 	12680.000000
-3.479731	 	12686.666667
-4.362084	 	12693.333333
-4.538555	 	12700.000000
-4.420908	 	12706.666667
-4.597378	 	12713.333333
-3.950320	 	12720.000000
-5.067967	 	12726.666667
-2.656202	 	12733.333333
-5.067967	 	12740.000000
-4.362084	 	12746.666667
-5.538555	 	12753.333333
-5.891496	 	12760.000000
-5.420908	 	12766.666667
-5.715025	 	12773.333333
-4.597378	 	12780.000000
-5.832672	 	12786.666667
-4.597378	 	12793.333333
-5.479731	 	12800.000000
-5.244437	 	12806.666667
-5.538555	 	12813.333333
-6.185614	 	12820.000000
-6.479731	 	12826.666667
-6.479731	 	12833.333333
-5.773849	 	12840.000000
-5.420908	 	12846.666667
-4.597378	 	12853.333333
-5.420908	 	12860.000000
-4.420908	 	12866.666667
-4.950320	 	12873.333333
-5.067967	 	12880.000000
-4.362084	 	12886.666667
-4.597378	 	12893.333333
-6.067967	 	12900.000000
-6.303261	 	12906.666667
-4.420908	 	12913.333333
-4.832672	 	12920.000000
-4.067967	 	12926.666667
-2.185614	 	12933.333333
-2.715025	 	12940.000000
-3.009143	 	12946.666667
-3.067967	 	12953.333333
-3.420908	 	12960.000000
-2.832672	 	12966.666667
-3.597378	 	12973.333333
-3.244437	 	12980.000000
-3.303261	 	12986.666667
-4.362084	 	12993.333333
-3.891496	 	13000.000000
-4.656202	 	13006.666667
-4.538555	 	13013.333333
-4.126790	 	13020.000000
-4.950320	 	13026.666667
-4.597378	 	13033.333333
-4.126790	 	13040.000000
-3.009143	 	13046.666667
-4.773849	 	13053.333333
-4.420908	 	13060.000000
-4.832672	 	13066.666667
-5.479731	 	13073.333333
-3.891496	 	13080.000000
-4.715025	 	13086.666667
-4.950320	 	13093.333333
-5.715025	 	13100.000000
-5.715025	 	13106.666667
-5.773849	 	13113.333333
-6.420908	 	13120.000000
-5.479731	 	13126.666667
-5.773849	 	13133.333333
-5.832672	 	13140.000000
-5.362084	 	13146.666667
-5.185614	 	13153.333333
-4.126790	 	13160.000000
-4.479731	 	13166.666667
-2.891496	 	13173.333333
-3.832672	 	13180.000000
-4.009143	 	13186.666667
-4.009143	 	13193.333333
-5.067967	 	13200.000000
-4.185614	 	13206.666667
-4.362084	 	13213.333333
-2.832672	 	13220.000000
-3.126790	 	13226.666667
-3.891496	 	13233.333333
-2.479731	 	13240.000000
-2.832672	 	13246.666667
-1.832672	 	13253.333333
-2.009143	 	13260.000000
-2.126790	 	13266.666667
-2.362084	 	13273.333333
-2.185614	 	13280.000000
-2.832672	 	13286.666667
-1.479731	 	13293.333333
-1.126790	 	13300.000000
-2.009143	 	13306.666667
-2.009143	 	13313.333333
-2.538555	 	13320.000000
-2.832672	 	13326.666667
