#peak 	 	#time 
2.592119	 	0.000000
3.511695	 	6.666667
4.940266	 	13.333333
5.963846	 	20.000000
5.463846	 	26.666667
4.678132	 	33.333333
4.320989	 	40.000000
5.249560	 	46.666667
3.973347	 	53.333333
4.830490	 	60.000000
3.616204	 	66.666667
1.973347	 	73.333333
2.687633	 	80.000000
2.473347	 	86.666667
3.616204	 	93.333333
4.473347	 	100.000000
2.330490	 	106.666667
3.401919	 	113.333333
2.473347	 	120.000000
4.759062	 	126.666667
3.830490	 	133.333333
1.901919	 	140.000000
3.973347	 	146.666667
3.759062	 	153.333333
3.187633	 	160.000000
3.901919	 	166.666667
4.330490	 	173.333333
2.616204	 	180.000000
3.401919	 	186.666667
3.044776	 	193.333333
3.401919	 	200.000000
1.759062	 	206.666667
2.401919	 	213.333333
1.544776	 	220.000000
1.401919	 	226.666667
1.830490	 	233.333333
4.044776	 	240.000000
1.687633	 	246.666667
1.901919	 	253.333333
2.116204	 	260.000000
2.044776	 	266.666667
2.259062	 	273.333333
3.044776	 	280.000000
1.973347	 	286.666667
2.687633	 	293.333333
2.330490	 	300.000000
3.187633	 	306.666667
0.901919	 	313.333333
2.830490	 	320.000000
0.044776	 	326.666667
3.044776	 	333.333333
1.330490	 	340.000000
2.901919	 	346.666667
2.044776	 	353.333333
2.330490	 	360.000000
1.259062	 	366.666667
1.187633	 	373.333333
0.544776	 	380.000000
2.330490	 	386.666667
0.759062	 	393.333333
0.759062	 	400.000000
1.473347	 	406.666667
2.401919	 	413.333333
0.973347	 	420.000000
2.044776	 	426.666667
-0.526653	 	433.333333
1.116204	 	440.000000
1.544776	 	446.666667
1.830490	 	453.333333
0.687633	 	460.000000
0.901919	 	466.666667
0.759062	 	473.333333
1.687633	 	480.000000
1.187633	 	486.666667
1.830490	 	493.333333
1.401919	 	500.000000
3.044776	 	506.666667
4.187633	 	513.333333
5.116204	 	520.000000
3.687633	 	526.666667
2.901919	 	533.333333
1.973347	 	540.000000
2.544776	 	546.666667
5.044776	 	553.333333
5.187633	 	560.000000
2.759062	 	566.666667
2.473347	 	573.333333
3.187633	 	580.000000
3.759062	 	586.666667
2.830490	 	593.333333
3.830490	 	600.000000
2.187633	 	606.666667
3.044776	 	613.333333
2.901919	 	620.000000
2.187633	 	626.666667
4.259062	 	633.333333
2.187633	 	640.000000
3.830490	 	646.666667
3.544776	 	653.333333
4.544776	 	660.000000
2.830490	 	666.666667
4.759062	 	673.333333
2.973347	 	680.000000
4.259062	 	686.666667
4.330490	 	693.333333
3.330490	 	700.000000
3.687633	 	706.666667
3.044776	 	713.333333
1.687633	 	720.000000
3.687633	 	726.666667
2.116204	 	733.333333
5.616204	 	740.000000
4.044776	 	746.666667
2.973347	 	753.333333
0.759062	 	760.000000
3.330490	 	766.666667
1.759062	 	773.333333
3.616204	 	780.000000
3.044776	 	786.666667
2.330490	 	793.333333
0.401919	 	800.000000
1.616204	 	806.666667
3.901919	 	813.333333
2.687633	 	820.000000
1.973347	 	826.666667
1.259062	 	833.333333
2.187633	 	840.000000
2.044776	 	846.666667
1.687633	 	853.333333
4.473347	 	860.000000
0.973347	 	866.666667
3.901919	 	873.333333
2.830490	 	880.000000
2.330490	 	886.666667
1.187633	 	893.333333
2.401919	 	900.000000
1.901919	 	906.666667
3.330490	 	913.333333
-0.383796	 	920.000000
1.544776	 	926.666667
2.044776	 	933.333333
2.187633	 	940.000000
1.473347	 	946.666667
2.116204	 	953.333333
0.901919	 	960.000000
1.330490	 	966.666667
2.973347	 	973.333333
3.830490	 	980.000000
1.259062	 	986.666667
3.616204	 	993.333333
1.616204	 	1000.000000
3.616204	 	1006.666667
1.330490	 	1013.333333
3.330490	 	1020.000000
4.044776	 	1026.666667
3.616204	 	1033.333333
1.759062	 	1040.000000
4.044776	 	1046.666667
2.401919	 	1053.333333
3.401919	 	1060.000000
2.044776	 	1066.666667
3.687633	 	1073.333333
2.830490	 	1080.000000
2.473347	 	1086.666667
1.187633	 	1093.333333
2.473347	 	1100.000000
1.473347	 	1106.666667
1.901919	 	1113.333333
1.973347	 	1120.000000
3.259062	 	1126.666667
1.401919	 	1133.333333
1.330490	 	1140.000000
0.401919	 	1146.666667
2.544776	 	1153.333333
1.616204	 	1160.000000
1.616204	 	1166.666667
2.044776	 	1173.333333
1.330490	 	1180.000000
0.830490	 	1186.666667
2.259062	 	1193.333333
3.901919	 	1200.000000
4.116204	 	1206.666667
4.544776	 	1213.333333
3.473347	 	1220.000000
6.830490	 	1226.666667
5.044776	 	1233.333333
4.473347	 	1240.000000
4.259062	 	1246.666667
4.973347	 	1253.333333
3.687633	 	1260.000000
5.759062	 	1266.666667
3.259062	 	1273.333333
4.187633	 	1280.000000
2.259062	 	1286.666667
2.330490	 	1293.333333
4.259062	 	1300.000000
4.759062	 	1306.666667
2.187633	 	1313.333333
4.830490	 	1320.000000
3.401919	 	1326.666667
4.259062	 	1333.333333
3.973347	 	1340.000000
4.973347	 	1346.666667
5.259062	 	1353.333333
5.616204	 	1360.000000
4.901919	 	1366.666667
3.830490	 	1373.333333
5.973347	 	1380.000000
8.330490	 	1386.666667
7.330490	 	1393.333333
8.116204	 	1400.000000
7.116204	 	1406.666667
5.187633	 	1413.333333
5.187633	 	1420.000000
5.616204	 	1426.666667
5.401919	 	1433.333333
5.401919	 	1440.000000
5.616204	 	1446.666667
6.616204	 	1453.333333
5.401919	 	1460.000000
4.330490	 	1466.666667
6.759062	 	1473.333333
4.830490	 	1480.000000
4.330490	 	1486.666667
4.687633	 	1493.333333
5.544776	 	1500.000000
5.401919	 	1506.666667
3.973347	 	1513.333333
4.401919	 	1520.000000
3.259062	 	1526.666667
5.687633	 	1533.333333
3.687633	 	1540.000000
5.044776	 	1546.666667
3.330490	 	1553.333333
2.401919	 	1560.000000
4.687633	 	1566.666667
2.973347	 	1573.333333
4.616204	 	1580.000000
5.473347	 	1586.666667
3.901919	 	1593.333333
3.187633	 	1600.000000
3.044776	 	1606.666667
4.759062	 	1613.333333
3.973347	 	1620.000000
1.401919	 	1626.666667
4.044776	 	1633.333333
2.259062	 	1640.000000
2.830490	 	1646.666667
2.544776	 	1653.333333
2.901919	 	1660.000000
3.259062	 	1666.666667
3.830490	 	1673.333333
2.616204	 	1680.000000
1.759062	 	1686.666667
2.901919	 	1693.333333
2.401919	 	1700.000000
1.330490	 	1706.666667
3.116204	 	1713.333333
2.259062	 	1720.000000
3.973347	 	1726.666667
2.973347	 	1733.333333
2.759062	 	1740.000000
4.116204	 	1746.666667
0.973347	 	1753.333333
1.330490	 	1760.000000
3.187633	 	1766.666667
2.544776	 	1773.333333
-0.026653	 	1780.000000
1.544776	 	1786.666667
1.759062	 	1793.333333
3.187633	 	1800.000000
2.187633	 	1806.666667
3.187633	 	1813.333333
2.830490	 	1820.000000
0.544776	 	1826.666667
2.044776	 	1833.333333
2.044776	 	1840.000000
1.259062	 	1846.666667
1.473347	 	1853.333333
1.259062	 	1860.000000
1.044776	 	1866.666667
1.473347	 	1873.333333
2.759062	 	1880.000000
1.687633	 	1886.666667
1.259062	 	1893.333333
0.901919	 	1900.000000
0.687633	 	1906.666667
-0.026653	 	1913.333333
0.259062	 	1920.000000
1.259062	 	1926.666667
0.759062	 	1933.333333
2.544776	 	1940.000000
1.330490	 	1946.666667
1.687633	 	1953.333333
-0.240938	 	1960.000000
3.187633	 	1966.666667
2.687633	 	1973.333333
3.830490	 	1980.000000
2.116204	 	1986.666667
2.687633	 	1993.333333
2.687633	 	2000.000000
2.973347	 	2006.666667
1.973347	 	2013.333333
4.044776	 	2020.000000
2.473347	 	2026.666667
1.759062	 	2033.333333
1.544776	 	2040.000000
0.830490	 	2046.666667
1.473347	 	2053.333333
2.759062	 	2060.000000
0.759062	 	2066.666667
3.687633	 	2073.333333
2.473347	 	2080.000000
2.473347	 	2086.666667
1.473347	 	2093.333333
3.759062	 	2100.000000
2.259062	 	2106.666667
2.901919	 	2113.333333
1.330490	 	2120.000000
0.259062	 	2126.666667
4.259062	 	2133.333333
1.473347	 	2140.000000
1.544776	 	2146.666667
1.330490	 	2153.333333
1.830490	 	2160.000000
0.687633	 	2166.666667
1.259062	 	2173.333333
1.401919	 	2180.000000
3.187633	 	2186.666667
3.830490	 	2193.333333
1.044776	 	2200.000000
0.759062	 	2206.666667
1.116204	 	2213.333333
0.259062	 	2220.000000
2.830490	 	2226.666667
3.187633	 	2233.333333
0.616204	 	2240.000000
0.973347	 	2246.666667
2.259062	 	2253.333333
-0.026653	 	2260.000000
2.901919	 	2266.666667
0.401919	 	2273.333333
1.401919	 	2280.000000
0.473347	 	2286.666667
0.187633	 	2293.333333
-0.026653	 	2300.000000
0.401919	 	2306.666667
1.544776	 	2313.333333
2.116204	 	2320.000000
1.830490	 	2326.666667
3.044776	 	2333.333333
-0.812367	 	2340.000000
1.259062	 	2346.666667
-0.740938	 	2353.333333
2.901919	 	2360.000000
0.973347	 	2366.666667
3.187633	 	2373.333333
-0.598081	 	2380.000000
3.187633	 	2386.666667
0.259062	 	2393.333333
4.259062	 	2400.000000
2.973347	 	2406.666667
2.259062	 	2413.333333
3.401919	 	2420.000000
0.187633	 	2426.666667
1.330490	 	2433.333333
2.544776	 	2440.000000
1.687633	 	2446.666667
2.830490	 	2453.333333
2.544776	 	2460.000000
1.759062	 	2466.666667
1.973347	 	2473.333333
3.401919	 	2480.000000
3.187633	 	2486.666667
4.901919	 	2493.333333
2.187633	 	2500.000000
2.473347	 	2506.666667
2.401919	 	2513.333333
3.044776	 	2520.000000
4.259062	 	2526.666667
2.973347	 	2533.333333
3.473347	 	2540.000000
1.973347	 	2546.666667
1.259062	 	2553.333333
3.901919	 	2560.000000
2.759062	 	2566.666667
2.259062	 	2573.333333
1.901919	 	2580.000000
2.473347	 	2586.666667
1.830490	 	2593.333333
2.330490	 	2600.000000
1.901919	 	2606.666667
1.401919	 	2613.333333
2.401919	 	2620.000000
2.259062	 	2626.666667
2.044776	 	2633.333333
2.473347	 	2640.000000
1.759062	 	2646.666667
2.044776	 	2653.333333
2.401919	 	2660.000000
1.187633	 	2666.666667
2.616204	 	2673.333333
2.259062	 	2680.000000
2.901919	 	2686.666667
1.973347	 	2693.333333
2.401919	 	2700.000000
0.901919	 	2706.666667
1.259062	 	2713.333333
2.616204	 	2720.000000
1.901919	 	2726.666667
2.259062	 	2733.333333
1.973347	 	2740.000000
1.401919	 	2746.666667
1.187633	 	2753.333333
1.830490	 	2760.000000
0.259062	 	2766.666667
0.973347	 	2773.333333
1.687633	 	2780.000000
1.973347	 	2786.666667
2.187633	 	2793.333333
1.259062	 	2800.000000
0.259062	 	2806.666667
2.044776	 	2813.333333
1.116204	 	2820.000000
2.901919	 	2826.666667
-0.026653	 	2833.333333
1.544776	 	2840.000000
0.330490	 	2846.666667
2.044776	 	2853.333333
1.759062	 	2860.000000
2.473347	 	2866.666667
2.044776	 	2873.333333
3.401919	 	2880.000000
3.687633	 	2886.666667
4.044776	 	2893.333333
0.830490	 	2900.000000
2.044776	 	2906.666667
2.044776	 	2913.333333
1.473347	 	2920.000000
4.401919	 	2926.666667
2.901919	 	2933.333333
2.544776	 	2940.000000
1.330490	 	2946.666667
3.259062	 	2953.333333
1.759062	 	2960.000000
0.830490	 	2966.666667
2.116204	 	2973.333333
1.759062	 	2980.000000
1.759062	 	2986.666667
0.259062	 	2993.333333
0.116204	 	3000.000000
3.044776	 	3006.666667
1.830490	 	3013.333333
2.330490	 	3020.000000
0.901919	 	3026.666667
3.259062	 	3033.333333
3.044776	 	3040.000000
3.544776	 	3046.666667
1.830490	 	3053.333333
3.830490	 	3060.000000
2.973347	 	3066.666667
2.187633	 	3073.333333
1.401919	 	3080.000000
2.330490	 	3086.666667
0.830490	 	3093.333333
3.187633	 	3100.000000
2.473347	 	3106.666667
2.473347	 	3113.333333
1.473347	 	3120.000000
0.759062	 	3126.666667
2.259062	 	3133.333333
1.259062	 	3140.000000
2.973347	 	3146.666667
3.116204	 	3153.333333
2.687633	 	3160.000000
0.901919	 	3166.666667
2.759062	 	3173.333333
0.901919	 	3180.000000
3.259062	 	3186.666667
1.616204	 	3193.333333
1.330490	 	3200.000000
1.259062	 	3206.666667
1.116204	 	3213.333333
2.330490	 	3220.000000
1.401919	 	3226.666667
2.044776	 	3233.333333
1.759062	 	3240.000000
0.544776	 	3246.666667
1.187633	 	3253.333333
0.259062	 	3260.000000
1.044776	 	3266.666667
0.901919	 	3273.333333
2.116204	 	3280.000000
1.830490	 	3286.666667
2.830490	 	3293.333333
0.330490	 	3300.000000
0.901919	 	3306.666667
1.330490	 	3313.333333
0.687633	 	3320.000000
-0.169510	 	3326.666667
2.044776	 	3333.333333
3.330490	 	3340.000000
2.973347	 	3346.666667
0.544776	 	3353.333333
1.401919	 	3360.000000
0.473347	 	3366.666667
0.687633	 	3373.333333
1.473347	 	3380.000000
0.116204	 	3386.666667
0.044776	 	3393.333333
0.259062	 	3400.000000
0.116204	 	3406.666667
0.401919	 	3413.333333
1.616204	 	3420.000000
1.830490	 	3426.666667
0.401919	 	3433.333333
1.473347	 	3440.000000
2.044776	 	3446.666667
1.759062	 	3453.333333
2.116204	 	3460.000000
2.687633	 	3466.666667
1.759062	 	3473.333333
2.973347	 	3480.000000
2.616204	 	3486.666667
2.901919	 	3493.333333
2.473347	 	3500.000000
2.401919	 	3506.666667
3.687633	 	3513.333333
2.973347	 	3520.000000
3.044776	 	3526.666667
2.259062	 	3533.333333
0.401919	 	3540.000000
2.544776	 	3546.666667
2.330490	 	3553.333333
1.973347	 	3560.000000
1.330490	 	3566.666667
1.330490	 	3573.333333
0.616204	 	3580.000000
1.330490	 	3586.666667
2.544776	 	3593.333333
1.401919	 	3600.000000
2.687633	 	3606.666667
2.044776	 	3613.333333
4.473347	 	3620.000000
1.687633	 	3626.666667
1.830490	 	3633.333333
0.401919	 	3640.000000
2.116204	 	3646.666667
1.473347	 	3653.333333
2.044776	 	3660.000000
1.616204	 	3666.666667
-0.098081	 	3673.333333
1.259062	 	3680.000000
1.687633	 	3686.666667
2.259062	 	3693.333333
1.116204	 	3700.000000
1.116204	 	3706.666667
2.830490	 	3713.333333
0.759062	 	3720.000000
-0.383796	 	3726.666667
0.687633	 	3733.333333
0.330490	 	3740.000000
1.259062	 	3746.666667
0.187633	 	3753.333333
1.973347	 	3760.000000
0.830490	 	3766.666667
0.901919	 	3773.333333
-2.026653	 	3780.000000
0.187633	 	3786.666667
0.187633	 	3793.333333
0.473347	 	3800.000000
0.116204	 	3806.666667
-0.883796	 	3813.333333
-0.098081	 	3820.000000
0.330490	 	3826.666667
1.044776	 	3833.333333
0.759062	 	3840.000000
1.116204	 	3846.666667
0.687633	 	3853.333333
0.830490	 	3860.000000
1.330490	 	3866.666667
0.473347	 	3873.333333
0.687633	 	3880.000000
0.116204	 	3886.666667
1.759062	 	3893.333333
0.687633	 	3900.000000
1.401919	 	3906.666667
1.187633	 	3913.333333
1.044776	 	3920.000000
1.687633	 	3926.666667
-0.026653	 	3933.333333
-0.526653	 	3940.000000
0.116204	 	3946.666667
0.901919	 	3953.333333
1.116204	 	3960.000000
1.044776	 	3966.666667
0.473347	 	3973.333333
1.044776	 	3980.000000
0.616204	 	3986.666667
0.044776	 	3993.333333
1.544776	 	4000.000000
-1.740938	 	4006.666667
1.330490	 	4013.333333
0.044776	 	4020.000000
2.401919	 	4026.666667
-0.098081	 	4033.333333
1.473347	 	4040.000000
-0.455224	 	4046.666667
0.401919	 	4053.333333
0.973347	 	4060.000000
1.330490	 	4066.666667
0.830490	 	4073.333333
0.259062	 	4080.000000
-2.526653	 	4086.666667
0.473347	 	4093.333333
-0.955224	 	4100.000000
-0.812367	 	4106.666667
0.901919	 	4113.333333
-0.455224	 	4120.000000
-0.883796	 	4126.666667
-1.812367	 	4133.333333
-0.026653	 	4140.000000
1.187633	 	4146.666667
-0.026653	 	4153.333333
0.901919	 	4160.000000
-0.312367	 	4166.666667
1.544776	 	4173.333333
-1.026653	 	4180.000000
-0.812367	 	4186.666667
-1.383796	 	4193.333333
-0.598081	 	4200.000000
0.759062	 	4206.666667
-0.669510	 	4213.333333
-0.240938	 	4220.000000
0.901919	 	4226.666667
0.259062	 	4233.333333
-0.098081	 	4240.000000
1.544776	 	4246.666667
-0.455224	 	4253.333333
-1.098081	 	4260.000000
-1.026653	 	4266.666667
-1.455224	 	4273.333333
1.973347	 	4280.000000
0.687633	 	4286.666667
1.044776	 	4293.333333
0.330490	 	4300.000000
-0.669510	 	4306.666667
0.759062	 	4313.333333
-0.312367	 	4320.000000
0.259062	 	4326.666667
1.330490	 	4333.333333
0.830490	 	4340.000000
-0.598081	 	4346.666667
1.116204	 	4353.333333
3.544776	 	4360.000000
3.187633	 	4366.666667
5.116204	 	4373.333333
5.259062	 	4380.000000
5.473347	 	4386.666667
6.759062	 	4393.333333
5.187633	 	4400.000000
5.116204	 	4406.666667
5.044776	 	4413.333333
5.901919	 	4420.000000
4.544776	 	4426.666667
6.544776	 	4433.333333
4.973347	 	4440.000000
5.759062	 	4446.666667
5.259062	 	4453.333333
4.687633	 	4460.000000
5.901919	 	4466.666667
4.330490	 	4473.333333
5.187633	 	4480.000000
3.330490	 	4486.666667
4.687633	 	4493.333333
2.759062	 	4500.000000
6.544776	 	4506.666667
6.473347	 	4513.333333
5.259062	 	4520.000000
3.116204	 	4526.666667
2.901919	 	4533.333333
4.473347	 	4540.000000
4.759062	 	4546.666667
4.259062	 	4553.333333
2.473347	 	4560.000000
4.116204	 	4566.666667
2.116204	 	4573.333333
2.473347	 	4580.000000
3.187633	 	4586.666667
4.759062	 	4593.333333
4.330490	 	4600.000000
4.544776	 	4606.666667
3.259062	 	4613.333333
2.330490	 	4620.000000
2.473347	 	4626.666667
1.901919	 	4633.333333
2.401919	 	4640.000000
4.187633	 	4646.666667
3.759062	 	4653.333333
4.116204	 	4660.000000
0.687633	 	4666.666667
0.973347	 	4673.333333
1.044776	 	4680.000000
1.473347	 	4686.666667
3.401919	 	4693.333333
1.330490	 	4700.000000
1.687633	 	4706.666667
2.973347	 	4713.333333
2.116204	 	4720.000000
1.544776	 	4726.666667
3.044776	 	4733.333333
1.544776	 	4740.000000
1.401919	 	4746.666667
3.759062	 	4753.333333
1.044776	 	4760.000000
2.544776	 	4766.666667
1.973347	 	4773.333333
2.116204	 	4780.000000
0.330490	 	4786.666667
0.330490	 	4793.333333
0.759062	 	4800.000000
1.401919	 	4806.666667
-0.026653	 	4813.333333
1.544776	 	4820.000000
1.044776	 	4826.666667
1.687633	 	4833.333333
-1.240938	 	4840.000000
1.616204	 	4846.666667
2.473347	 	4853.333333
2.473347	 	4860.000000
1.616204	 	4866.666667
2.044776	 	4873.333333
0.401919	 	4880.000000
0.830490	 	4886.666667
0.901919	 	4893.333333
2.116204	 	4900.000000
1.259062	 	4906.666667
1.830490	 	4913.333333
2.259062	 	4920.000000
3.044776	 	4926.666667
1.401919	 	4933.333333
1.401919	 	4940.000000
1.330490	 	4946.666667
1.259062	 	4953.333333
2.187633	 	4960.000000
2.401919	 	4966.666667
3.544776	 	4973.333333
3.901919	 	4980.000000
2.116204	 	4986.666667
2.187633	 	4993.333333
3.473347	 	5000.000000
1.830490	 	5006.666667
1.044776	 	5013.333333
1.259062	 	5020.000000
1.473347	 	5026.666667
2.259062	 	5033.333333
2.687633	 	5040.000000
4.187633	 	5046.666667
1.473347	 	5053.333333
0.830490	 	5060.000000
1.259062	 	5066.666667
-0.669510	 	5073.333333
0.259062	 	5080.000000
1.116204	 	5086.666667
0.973347	 	5093.333333
2.116204	 	5100.000000
0.759062	 	5106.666667
1.473347	 	5113.333333
1.901919	 	5120.000000
2.687633	 	5126.666667
1.330490	 	5133.333333
0.544776	 	5140.000000
1.044776	 	5146.666667
2.044776	 	5153.333333
-0.098081	 	5160.000000
1.616204	 	5166.666667
0.901919	 	5173.333333
2.473347	 	5180.000000
1.473347	 	5186.666667
1.044776	 	5193.333333
-0.240938	 	5200.000000
-0.169510	 	5206.666667
-0.526653	 	5213.333333
0.759062	 	5220.000000
0.830490	 	5226.666667
2.187633	 	5233.333333
0.116204	 	5240.000000
2.401919	 	5246.666667
0.687633	 	5253.333333
0.616204	 	5260.000000
0.973347	 	5266.666667
1.687633	 	5273.333333
2.044776	 	5280.000000
1.187633	 	5286.666667
2.259062	 	5293.333333
0.687633	 	5300.000000
1.401919	 	5306.666667
0.830490	 	5313.333333
0.544776	 	5320.000000
1.830490	 	5326.666667
1.044776	 	5333.333333
8.544776	 	5340.000000
33.473347	 	5346.666667
69.973347	 	5353.333333
136.401919	 	5360.000000
311.830490	 	5366.666667
540.473347	 	5373.333333
747.544776	 	5380.000000
960.330490	 	5386.666667
1208.044776	 	5393.333333
1500.687633	 	5400.000000
1835.187633	 	5406.666667
2148.330490	 	5413.333333
2454.401919	 	5420.000000
2681.616204	 	5426.666667
2853.687633	 	5433.333333
2983.616204	 	5440.000000
3074.830490	 	5446.666667
3137.973347	 	5453.333333
3169.830490	 	5460.000000
3181.116204	 	5466.666667
3163.830490	 	5473.333333
3143.259062	 	5480.000000
3122.330490	 	5486.666667
3098.901919	 	5493.333333
3062.830490	 	5500.000000
3030.830490	 	5506.666667
2999.544776	 	5513.333333
2974.901919	 	5520.000000
2950.259062	 	5526.666667
2932.544776	 	5533.333333
2902.973347	 	5540.000000
2876.473347	 	5546.666667
2845.973347	 	5553.333333
2828.901919	 	5560.000000
2799.401919	 	5566.666667
2778.616204	 	5573.333333
2765.687633	 	5580.000000
2751.544776	 	5586.666667
2738.830490	 	5593.333333
2726.473347	 	5600.000000
2708.401919	 	5606.666667
2684.759062	 	5613.333333
2665.616204	 	5620.000000
2645.687633	 	5626.666667
2621.401919	 	5633.333333
2597.473347	 	5640.000000
2576.187633	 	5646.666667
2557.616204	 	5653.333333
2539.401919	 	5660.000000
2521.616204	 	5666.666667
2501.544776	 	5673.333333
2478.544776	 	5680.000000
2459.044776	 	5686.666667
2439.687633	 	5693.333333
2420.616204	 	5700.000000
2405.259062	 	5706.666667
2400.259062	 	5713.333333
2389.259062	 	5720.000000
2374.973347	 	5726.666667
2355.473347	 	5733.333333
2340.330490	 	5740.000000
2325.187633	 	5746.666667
2304.259062	 	5753.333333
2282.973347	 	5760.000000
2265.616204	 	5766.666667
2244.901919	 	5773.333333
2225.616204	 	5780.000000
2204.901919	 	5786.666667
2185.901919	 	5793.333333
2163.759062	 	5800.000000
2138.116204	 	5806.666667
2114.401919	 	5813.333333
2099.544776	 	5820.000000
2084.973347	 	5826.666667
2069.759062	 	5833.333333
2050.901919	 	5840.000000
2032.330490	 	5846.666667
2009.687633	 	5853.333333
1993.544776	 	5860.000000
1976.687633	 	5866.666667
1959.973347	 	5873.333333
1940.544776	 	5880.000000
1922.187633	 	5886.666667
1900.044776	 	5893.333333
1883.973347	 	5900.000000
1863.044776	 	5906.666667
1841.830490	 	5913.333333
1821.259062	 	5920.000000
1810.830490	 	5926.666667
1792.687633	 	5933.333333
1774.473347	 	5940.000000
1757.973347	 	5946.666667
1745.830490	 	5953.333333
1732.330490	 	5960.000000
1721.616204	 	5966.666667
1707.616204	 	5973.333333
1690.330490	 	5980.000000
1674.473347	 	5986.666667
1659.687633	 	5993.333333
1643.830490	 	6000.000000
1626.259062	 	6006.666667
1609.116204	 	6013.333333
1595.473347	 	6020.000000
1579.116204	 	6026.666667
1561.759062	 	6033.333333
1547.259062	 	6040.000000
1531.473347	 	6046.666667
1513.259062	 	6053.333333
1500.759062	 	6060.000000
1487.759062	 	6066.666667
1475.687633	 	6073.333333
1464.187633	 	6080.000000
1455.544776	 	6086.666667
1445.973347	 	6093.333333
1437.544776	 	6100.000000
1422.759062	 	6106.666667
1410.259062	 	6113.333333
1395.544776	 	6120.000000
1381.401919	 	6126.666667
1368.187633	 	6133.333333
1354.759062	 	6140.000000
1343.830490	 	6146.666667
1331.116204	 	6153.333333
1321.187633	 	6160.000000
1308.187633	 	6166.666667
1294.759062	 	6173.333333
1281.901919	 	6180.000000
1269.116204	 	6186.666667
1255.401919	 	6193.333333
1243.687633	 	6200.000000
1231.259062	 	6206.666667
1222.044776	 	6213.333333
1209.044776	 	6220.000000
1196.044776	 	6226.666667
1186.044776	 	6233.333333
1174.687633	 	6240.000000
1164.544776	 	6246.666667
1152.259062	 	6253.333333
1143.616204	 	6260.000000
1137.616204	 	6266.666667
1125.830490	 	6273.333333
1116.116204	 	6280.000000
1106.973347	 	6286.666667
1096.759062	 	6293.333333
1086.901919	 	6300.000000
1075.830490	 	6306.666667
1063.473347	 	6313.333333
1053.330490	 	6320.000000
1042.401919	 	6326.666667
1029.544776	 	6333.333333
1020.401919	 	6340.000000
1013.830490	 	6346.666667
999.830490	 	6353.333333
991.187633	 	6360.000000
984.187633	 	6366.666667
975.830490	 	6373.333333
965.473347	 	6380.000000
954.401919	 	6386.666667
946.973347	 	6393.333333
936.330490	 	6400.000000
925.830490	 	6406.666667
915.616204	 	6413.333333
906.330490	 	6420.000000
895.401919	 	6426.666667
887.330490	 	6433.333333
876.759062	 	6440.000000
865.901919	 	6446.666667
852.044776	 	6453.333333
845.116204	 	6460.000000
834.830490	 	6466.666667
824.116204	 	6473.333333
813.973347	 	6480.000000
803.187633	 	6486.666667
793.830490	 	6493.333333
784.259062	 	6500.000000
781.044776	 	6506.666667
768.401919	 	6513.333333
762.901919	 	6520.000000
754.044776	 	6526.666667
750.044776	 	6533.333333
741.616204	 	6540.000000
733.259062	 	6546.666667
723.901919	 	6553.333333
716.759062	 	6560.000000
712.187633	 	6566.666667
706.901919	 	6573.333333
702.044776	 	6580.000000
696.044776	 	6586.666667
686.401919	 	6593.333333
680.044776	 	6600.000000
673.616204	 	6606.666667
667.401919	 	6613.333333
656.759062	 	6620.000000
649.830490	 	6626.666667
647.044776	 	6633.333333
642.330490	 	6640.000000
634.330490	 	6646.666667
631.687633	 	6653.333333
626.687633	 	6660.000000
620.759062	 	6666.666667
614.973347	 	6673.333333
609.830490	 	6680.000000
601.544776	 	6686.666667
597.187633	 	6693.333333
589.973347	 	6700.000000
580.473347	 	6706.666667
575.401919	 	6713.333333
567.187633	 	6720.000000
560.616204	 	6726.666667
557.616204	 	6733.333333
552.759062	 	6740.000000
546.187633	 	6746.666667
542.330490	 	6753.333333
535.544776	 	6760.000000
529.473347	 	6766.666667
523.830490	 	6773.333333
519.759062	 	6780.000000
517.330490	 	6786.666667
513.044776	 	6793.333333
506.973347	 	6800.000000
504.973347	 	6806.666667
498.473347	 	6813.333333
492.687633	 	6820.000000
489.330490	 	6826.666667
483.044776	 	6833.333333
476.473347	 	6840.000000
475.759062	 	6846.666667
470.473347	 	6853.333333
464.259062	 	6860.000000
459.830490	 	6866.666667
457.044776	 	6873.333333
450.687633	 	6880.000000
444.401919	 	6886.666667
439.901919	 	6893.333333
433.901919	 	6900.000000
428.401919	 	6906.666667
423.687633	 	6913.333333
421.473347	 	6920.000000
414.401919	 	6926.666667
409.330490	 	6933.333333
408.401919	 	6940.000000
402.330490	 	6946.666667
398.544776	 	6953.333333
393.759062	 	6960.000000
394.687633	 	6966.666667
386.544776	 	6973.333333
386.116204	 	6980.000000
381.259062	 	6986.666667
377.401919	 	6993.333333
371.973347	 	7000.000000
368.330490	 	7006.666667
363.401919	 	7013.333333
356.544776	 	7020.000000
352.759062	 	7026.666667
347.544776	 	7033.333333
342.330490	 	7040.000000
338.473347	 	7046.666667
335.901919	 	7053.333333
333.473347	 	7060.000000
328.759062	 	7066.666667
327.759062	 	7073.333333
324.544776	 	7080.000000
321.616204	 	7086.666667
316.759062	 	7093.333333
315.687633	 	7100.000000
313.187633	 	7106.666667
309.116204	 	7113.333333
307.401919	 	7120.000000
304.473347	 	7126.666667
301.187633	 	7133.333333
299.330490	 	7140.000000
298.044776	 	7146.666667
292.044776	 	7153.333333
288.401919	 	7160.000000
284.187633	 	7166.666667
280.830490	 	7173.333333
275.830490	 	7180.000000
272.901919	 	7186.666667
267.901919	 	7193.333333
265.187633	 	7200.000000
261.616204	 	7206.666667
260.830490	 	7213.333333
259.044776	 	7220.000000
257.544776	 	7226.666667
253.401919	 	7233.333333
250.401919	 	7240.000000
245.544776	 	7246.666667
243.901919	 	7253.333333
240.687633	 	7260.000000
237.544776	 	7266.666667
233.973347	 	7273.333333
232.544776	 	7280.000000
228.544776	 	7286.666667
226.259062	 	7293.333333
223.259062	 	7300.000000
224.401919	 	7306.666667
223.616204	 	7313.333333
220.259062	 	7320.000000
217.544776	 	7326.666667
215.687633	 	7333.333333
214.830490	 	7340.000000
212.544776	 	7346.666667
208.044776	 	7353.333333
207.473347	 	7360.000000
205.044776	 	7366.666667
203.973347	 	7373.333333
201.687633	 	7380.000000
198.473347	 	7386.666667
195.973347	 	7393.333333
190.759062	 	7400.000000
187.330490	 	7406.666667
187.259062	 	7413.333333
183.187633	 	7420.000000
178.901919	 	7426.666667
176.259062	 	7433.333333
174.901919	 	7440.000000
172.616204	 	7446.666667
171.330490	 	7453.333333
169.116204	 	7460.000000
166.187633	 	7466.666667
163.830490	 	7473.333333
161.187633	 	7480.000000
160.259062	 	7486.666667
155.830490	 	7493.333333
155.330490	 	7500.000000
151.330490	 	7506.666667
150.759062	 	7513.333333
148.116204	 	7520.000000
146.616204	 	7526.666667
145.187633	 	7533.333333
142.616204	 	7540.000000
142.259062	 	7546.666667
139.544776	 	7553.333333
136.544776	 	7560.000000
136.187633	 	7566.666667
134.759062	 	7573.333333
133.759062	 	7580.000000
130.044776	 	7586.666667
128.401919	 	7593.333333
126.687633	 	7600.000000
124.687633	 	7606.666667
122.544776	 	7613.333333
124.616204	 	7620.000000
122.759062	 	7626.666667
122.901919	 	7633.333333
120.330490	 	7640.000000
118.401919	 	7646.666667
120.116204	 	7653.333333
118.759062	 	7660.000000
116.044776	 	7666.666667
114.044776	 	7673.333333
111.901919	 	7680.000000
109.044776	 	7686.666667
108.401919	 	7693.333333
106.473347	 	7700.000000
105.330490	 	7706.666667
103.616204	 	7713.333333
101.187633	 	7720.000000
99.187633	 	7726.666667
97.330490	 	7733.333333
97.187633	 	7740.000000
94.330490	 	7746.666667
96.044776	 	7753.333333
93.187633	 	7760.000000
92.973347	 	7766.666667
90.401919	 	7773.333333
90.901919	 	7780.000000
89.973347	 	7786.666667
85.616204	 	7793.333333
86.830490	 	7800.000000
85.044776	 	7806.666667
84.687633	 	7813.333333
81.901919	 	7820.000000
83.973347	 	7826.666667
81.401919	 	7833.333333
80.687633	 	7840.000000
77.830490	 	7846.666667
78.616204	 	7853.333333
77.759062	 	7860.000000
76.116204	 	7866.666667
74.544776	 	7873.333333
72.973347	 	7880.000000
73.830490	 	7886.666667
74.044776	 	7893.333333
71.544776	 	7900.000000
73.687633	 	7906.666667
71.687633	 	7913.333333
70.616204	 	7920.000000
69.330490	 	7926.666667
68.116204	 	7933.333333
66.473347	 	7940.000000
66.401919	 	7946.666667
65.973347	 	7953.333333
65.473347	 	7960.000000
66.259062	 	7966.666667
64.401919	 	7973.333333
63.116204	 	7980.000000
63.973347	 	7986.666667
63.544776	 	7993.333333
61.544776	 	8000.000000
61.759062	 	8006.666667
58.687633	 	8013.333333
58.401919	 	8020.000000
56.616204	 	8026.666667
55.401919	 	8033.333333
56.759062	 	8040.000000
54.330490	 	8046.666667
53.259062	 	8053.333333
53.259062	 	8060.000000
54.544776	 	8066.666667
54.544776	 	8073.333333
53.401919	 	8080.000000
52.544776	 	8086.666667
50.616204	 	8093.333333
49.259062	 	8100.000000
48.973347	 	8106.666667
48.687633	 	8113.333333
51.759062	 	8120.000000
51.616204	 	8126.666667
47.473347	 	8133.333333
47.901919	 	8140.000000
46.044776	 	8146.666667
46.544776	 	8153.333333
48.116204	 	8160.000000
47.401919	 	8166.666667
46.544776	 	8173.333333
45.473347	 	8180.000000
44.544776	 	8186.666667
43.830490	 	8193.333333
42.687633	 	8200.000000
41.687633	 	8206.666667
42.473347	 	8213.333333
41.901919	 	8220.000000
41.973347	 	8226.666667
40.687633	 	8233.333333
38.687633	 	8240.000000
39.759062	 	8246.666667
39.473347	 	8253.333333
38.330490	 	8260.000000
37.473347	 	8266.666667
38.044776	 	8273.333333
37.973347	 	8280.000000
37.901919	 	8286.666667
38.759062	 	8293.333333
40.973347	 	8300.000000
40.616204	 	8306.666667
39.401919	 	8313.333333
40.687633	 	8320.000000
40.616204	 	8326.666667
40.044776	 	8333.333333
39.973347	 	8340.000000
39.259062	 	8346.666667
38.687633	 	8353.333333
37.616204	 	8360.000000
37.044776	 	8366.666667
35.544776	 	8373.333333
36.330490	 	8380.000000
35.687633	 	8386.666667
33.116204	 	8393.333333
36.187633	 	8400.000000
35.187633	 	8406.666667
35.901919	 	8413.333333
34.473347	 	8420.000000
35.901919	 	8426.666667
34.044776	 	8433.333333
31.759062	 	8440.000000
30.687633	 	8446.666667
31.401919	 	8453.333333
30.187633	 	8460.000000
30.401919	 	8466.666667
28.116204	 	8473.333333
29.330490	 	8480.000000
27.973347	 	8486.666667
27.830490	 	8493.333333
26.116204	 	8500.000000
25.544776	 	8506.666667
25.116204	 	8513.333333
24.330490	 	8520.000000
24.830490	 	8526.666667
23.401919	 	8533.333333
23.830490	 	8540.000000
23.330490	 	8546.666667
20.901919	 	8553.333333
22.473347	 	8560.000000
20.973347	 	8566.666667
21.830490	 	8573.333333
20.259062	 	8580.000000
20.330490	 	8586.666667
18.901919	 	8593.333333
20.616204	 	8600.000000
18.330490	 	8606.666667
19.473347	 	8613.333333
17.044776	 	8620.000000
17.044776	 	8626.666667
17.901919	 	8633.333333
14.973347	 	8640.000000
15.544776	 	8646.666667
15.687633	 	8653.333333
15.901919	 	8660.000000
15.473347	 	8666.666667
15.544776	 	8673.333333
14.401919	 	8680.000000
15.259062	 	8686.666667
14.116204	 	8693.333333
13.759062	 	8700.000000
15.187633	 	8706.666667
14.401919	 	8713.333333
17.473347	 	8720.000000
15.687633	 	8726.666667
18.473347	 	8733.333333
16.116204	 	8740.000000
15.830490	 	8746.666667
17.259062	 	8753.333333
15.973347	 	8760.000000
14.973347	 	8766.666667
12.901919	 	8773.333333
14.973347	 	8780.000000
13.330490	 	8786.666667
13.544776	 	8793.333333
13.830490	 	8800.000000
13.044776	 	8806.666667
13.901919	 	8813.333333
11.544776	 	8820.000000
13.044776	 	8826.666667
13.044776	 	8833.333333
11.830490	 	8840.000000
10.544776	 	8846.666667
11.044776	 	8853.333333
10.116204	 	8860.000000
11.259062	 	8866.666667
10.473347	 	8873.333333
9.616204	 	8880.000000
9.616204	 	8886.666667
7.830490	 	8893.333333
9.330490	 	8900.000000
8.544776	 	8906.666667
9.187633	 	8913.333333
8.473347	 	8920.000000
8.973347	 	8926.666667
9.044776	 	8933.333333
6.973347	 	8940.000000
7.901919	 	8946.666667
7.116204	 	8953.333333
6.044776	 	8960.000000
9.044776	 	8966.666667
7.759062	 	8973.333333
7.901919	 	8980.000000
6.544776	 	8986.666667
8.330490	 	8993.333333
6.401919	 	9000.000000
8.973347	 	9006.666667
7.330490	 	9013.333333
7.044776	 	9020.000000
6.973347	 	9026.666667
7.901919	 	9033.333333
8.187633	 	9040.000000
6.616204	 	9046.666667
7.616204	 	9053.333333
9.401919	 	9060.000000
9.616204	 	9066.666667
9.401919	 	9073.333333
10.116204	 	9080.000000
9.544776	 	9086.666667
10.401919	 	9093.333333
9.330490	 	9100.000000
7.759062	 	9106.666667
7.973347	 	9113.333333
7.973347	 	9120.000000
8.044776	 	9126.666667
8.901919	 	9133.333333
9.401919	 	9140.000000
11.401919	 	9146.666667
8.973347	 	9153.333333
8.687633	 	9160.000000
10.759062	 	9166.666667
11.473347	 	9173.333333
10.830490	 	9180.000000
10.116204	 	9186.666667
10.259062	 	9193.333333
9.473347	 	9200.000000
11.330490	 	9206.666667
8.973347	 	9213.333333
10.830490	 	9220.000000
7.259062	 	9226.666667
8.116204	 	9233.333333
7.259062	 	9240.000000
7.187633	 	9246.666667
6.616204	 	9253.333333
6.473347	 	9260.000000
6.544776	 	9266.666667
4.830490	 	9273.333333
5.544776	 	9280.000000
5.759062	 	9286.666667
6.187633	 	9293.333333
4.616204	 	9300.000000
4.259062	 	9306.666667
5.044776	 	9313.333333
5.973347	 	9320.000000
5.901919	 	9326.666667
8.044776	 	9333.333333
5.473347	 	9340.000000
5.544776	 	9346.666667
5.544776	 	9353.333333
7.544776	 	9360.000000
8.830490	 	9366.666667
9.259062	 	9373.333333
7.259062	 	9380.000000
7.187633	 	9386.666667
7.401919	 	9393.333333
7.973347	 	9400.000000
5.759062	 	9406.666667
6.901919	 	9413.333333
6.687633	 	9420.000000
5.544776	 	9426.666667
3.973347	 	9433.333333
5.759062	 	9440.000000
4.973347	 	9446.666667
4.830490	 	9453.333333
5.044776	 	9460.000000
4.901919	 	9466.666667
5.044776	 	9473.333333
6.330490	 	9480.000000
5.187633	 	9486.666667
8.401919	 	9493.333333
6.401919	 	9500.000000
8.187633	 	9506.666667
7.044776	 	9513.333333
9.616204	 	9520.000000
7.187633	 	9526.666667
6.116204	 	9533.333333
5.544776	 	9540.000000
6.830490	 	9546.666667
7.473347	 	9553.333333
6.330490	 	9560.000000
5.687633	 	9566.666667
5.473347	 	9573.333333
5.259062	 	9580.000000
4.473347	 	9586.666667
5.187633	 	9593.333333
5.901919	 	9600.000000
4.759062	 	9606.666667
5.116204	 	9613.333333
5.473347	 	9620.000000
4.830490	 	9626.666667
4.687633	 	9633.333333
5.259062	 	9640.000000
5.473347	 	9646.666667
5.187633	 	9653.333333
4.330490	 	9660.000000
3.901919	 	9666.666667
4.187633	 	9673.333333
4.616204	 	9680.000000
3.044776	 	9686.666667
4.759062	 	9693.333333
2.544776	 	9700.000000
3.759062	 	9706.666667
2.830490	 	9713.333333
3.473347	 	9720.000000
2.116204	 	9726.666667
2.473347	 	9733.333333
0.473347	 	9740.000000
1.544776	 	9746.666667
2.044776	 	9753.333333
1.116204	 	9760.000000
0.544776	 	9766.666667
-0.026653	 	9773.333333
2.401919	 	9780.000000
1.259062	 	9786.666667
0.973347	 	9793.333333
1.616204	 	9800.000000
0.616204	 	9806.666667
1.687633	 	9813.333333
1.116204	 	9820.000000
1.187633	 	9826.666667
-1.240938	 	9833.333333
-1.669510	 	9840.000000
-0.526653	 	9846.666667
-0.812367	 	9853.333333
1.544776	 	9860.000000
-0.383796	 	9866.666667
-1.169510	 	9873.333333
-1.383796	 	9880.000000
-0.526653	 	9886.666667
-2.526653	 	9893.333333
-0.740938	 	9900.000000
-1.526653	 	9906.666667
-1.669510	 	9913.333333
-0.955224	 	9920.000000
-2.169510	 	9926.666667
-1.455224	 	9933.333333
-0.455224	 	9940.000000
-0.883796	 	9946.666667
0.830490	 	9953.333333
-1.098081	 	9960.000000
-1.098081	 	9966.666667
-3.169510	 	9973.333333
-2.455224	 	9980.000000
0.544776	 	9986.666667
-1.883796	 	9993.333333
-0.740938	 	10000.000000
-2.240938	 	10006.666667
-2.669510	 	10013.333333
-3.098081	 	10020.000000
-1.455224	 	10026.666667
-1.526653	 	10033.333333
-1.812367	 	10040.000000
-1.740938	 	10046.666667
-4.883796	 	10053.333333
-3.383796	 	10060.000000
-6.098081	 	10066.666667
-3.383796	 	10073.333333
-1.455224	 	10080.000000
-2.169510	 	10086.666667
-2.455224	 	10093.333333
-3.026653	 	10100.000000
-4.883796	 	10106.666667
-3.169510	 	10113.333333
-3.169510	 	10120.000000
-2.883796	 	10126.666667
-2.812367	 	10133.333333
-3.169510	 	10140.000000
-5.383796	 	10146.666667
-4.383796	 	10153.333333
-4.598081	 	10160.000000
-3.740938	 	10166.666667
-4.098081	 	10173.333333
-6.098081	 	10180.000000
-6.526653	 	10186.666667
-5.240938	 	10193.333333
-3.955224	 	10200.000000
-3.312367	 	10206.666667
-3.598081	 	10213.333333
-4.240938	 	10220.000000
-6.240938	 	10226.666667
-3.526653	 	10233.333333
-2.669510	 	10240.000000
-2.669510	 	10246.666667
-3.240938	 	10253.333333
-4.312367	 	10260.000000
-3.740938	 	10266.666667
-4.669510	 	10273.333333
-3.098081	 	10280.000000
-3.455224	 	10286.666667
-4.312367	 	10293.333333
-3.669510	 	10300.000000
-5.098081	 	10306.666667
-3.669510	 	10313.333333
-4.383796	 	10320.000000
-4.312367	 	10326.666667
-4.240938	 	10333.333333
-4.098081	 	10340.000000
-4.240938	 	10346.666667
-5.312367	 	10353.333333
-4.812367	 	10360.000000
-5.812367	 	10366.666667
-4.598081	 	10373.333333
-5.740938	 	10380.000000
-4.883796	 	10386.666667
-7.098081	 	10393.333333
-5.669510	 	10400.000000
-4.169510	 	10406.666667
-1.383796	 	10413.333333
-2.098081	 	10420.000000
-1.026653	 	10426.666667
-2.240938	 	10433.333333
-3.669510	 	10440.000000
-1.383796	 	10446.666667
-4.312367	 	10453.333333
-2.955224	 	10460.000000
-3.312367	 	10466.666667
-2.455224	 	10473.333333
-5.455224	 	10480.000000
-4.526653	 	10486.666667
-1.740938	 	10493.333333
-3.098081	 	10500.000000
-1.169510	 	10506.666667
-2.169510	 	10513.333333
-2.240938	 	10520.000000
-2.883796	 	10526.666667
-4.026653	 	10533.333333
-2.383796	 	10540.000000
-1.669510	 	10546.666667
-2.240938	 	10553.333333
-3.169510	 	10560.000000
-2.955224	 	10566.666667
-2.026653	 	10573.333333
-1.598081	 	10580.000000
-4.098081	 	10586.666667
-4.740938	 	10593.333333
-3.812367	 	10600.000000
-4.812367	 	10606.666667
-3.526653	 	10613.333333
-4.598081	 	10620.000000
-1.812367	 	10626.666667
-3.383796	 	10633.333333
-4.598081	 	10640.000000
-3.883796	 	10646.666667
-4.383796	 	10653.333333
-2.883796	 	10660.000000
-2.455224	 	10666.666667
-2.740938	 	10673.333333
-1.098081	 	10680.000000
-0.312367	 	10686.666667
-3.098081	 	10693.333333
-3.812367	 	10700.000000
-4.598081	 	10706.666667
-3.240938	 	10713.333333
-2.526653	 	10720.000000
-2.883796	 	10726.666667
-4.098081	 	10733.333333
-5.169510	 	10740.000000
-4.526653	 	10746.666667
-2.526653	 	10753.333333
-2.455224	 	10760.000000
-4.812367	 	10766.666667
-4.169510	 	10773.333333
-4.312367	 	10780.000000
-3.740938	 	10786.666667
-3.240938	 	10793.333333
-4.598081	 	10800.000000
-3.526653	 	10806.666667
-3.312367	 	10813.333333
-3.383796	 	10820.000000
-5.240938	 	10826.666667
-3.812367	 	10833.333333
-2.955224	 	10840.000000
-6.383796	 	10846.666667
-4.026653	 	10853.333333
-5.740938	 	10860.000000
-5.526653	 	10866.666667
-4.455224	 	10873.333333
-4.455224	 	10880.000000
-4.598081	 	10886.666667
-6.669510	 	10893.333333
-5.526653	 	10900.000000
-5.598081	 	10906.666667
-4.240938	 	10913.333333
-4.812367	 	10920.000000
-4.312367	 	10926.666667
-5.812367	 	10933.333333
-5.669510	 	10940.000000
-5.026653	 	10946.666667
-6.669510	 	10953.333333
-6.740938	 	10960.000000
-5.098081	 	10966.666667
-3.740938	 	10973.333333
-5.883796	 	10980.000000
-4.812367	 	10986.666667
-4.169510	 	10993.333333
-2.669510	 	11000.000000
-3.455224	 	11006.666667
-2.455224	 	11013.333333
-2.026653	 	11020.000000
-2.026653	 	11026.666667
-0.455224	 	11033.333333
-1.883796	 	11040.000000
-2.312367	 	11046.666667
-1.740938	 	11053.333333
-2.955224	 	11060.000000
-1.455224	 	11066.666667
-1.883796	 	11073.333333
-0.955224	 	11080.000000
-1.383796	 	11086.666667
-1.955224	 	11093.333333
-1.455224	 	11100.000000
-1.812367	 	11106.666667
-3.669510	 	11113.333333
-1.669510	 	11120.000000
-2.883796	 	11126.666667
-2.098081	 	11133.333333
-2.740938	 	11140.000000
-5.098081	 	11146.666667
-3.383796	 	11153.333333
-3.312367	 	11160.000000
-2.740938	 	11166.666667
-2.669510	 	11173.333333
-4.669510	 	11180.000000
-2.955224	 	11186.666667
-2.883796	 	11193.333333
-4.169510	 	11200.000000
-4.098081	 	11206.666667
-4.312367	 	11213.333333
-2.812367	 	11220.000000
-2.526653	 	11226.666667
-4.812367	 	11233.333333
-5.240938	 	11240.000000
-3.026653	 	11246.666667
-3.598081	 	11253.333333
-4.526653	 	11260.000000
-3.026653	 	11266.666667
-4.812367	 	11273.333333
-3.240938	 	11280.000000
-3.169510	 	11286.666667
-3.098081	 	11293.333333
-2.455224	 	11300.000000
-2.526653	 	11306.666667
-1.383796	 	11313.333333
0.544776	 	11320.000000
-1.383796	 	11326.666667
-0.169510	 	11333.333333
1.616204	 	11340.000000
2.401919	 	11346.666667
0.687633	 	11353.333333
1.759062	 	11360.000000
0.187633	 	11366.666667
-0.026653	 	11373.333333
-0.598081	 	11380.000000
-0.169510	 	11386.666667
1.473347	 	11393.333333
-0.312367	 	11400.000000
-0.383796	 	11406.666667
-2.598081	 	11413.333333
-2.455224	 	11420.000000
-2.598081	 	11426.666667
-2.026653	 	11433.333333
-0.740938	 	11440.000000
-2.240938	 	11446.666667
-2.383796	 	11453.333333
-2.669510	 	11460.000000
-2.169510	 	11466.666667
-0.240938	 	11473.333333
-0.169510	 	11480.000000
1.116204	 	11486.666667
-0.955224	 	11493.333333
-0.812367	 	11500.000000
-1.312367	 	11506.666667
-1.740938	 	11513.333333
-0.455224	 	11520.000000
-1.955224	 	11526.666667
-1.883796	 	11533.333333
-0.955224	 	11540.000000
-2.526653	 	11546.666667
-1.169510	 	11553.333333
-1.955224	 	11560.000000
-0.526653	 	11566.666667
-0.955224	 	11573.333333
-2.740938	 	11580.000000
-2.312367	 	11586.666667
-3.169510	 	11593.333333
-2.598081	 	11600.000000
-2.169510	 	11606.666667
-2.169510	 	11613.333333
-2.312367	 	11620.000000
-3.312367	 	11626.666667
-3.383796	 	11633.333333
-1.669510	 	11640.000000
-2.598081	 	11646.666667
-1.240938	 	11653.333333
-2.098081	 	11660.000000
-0.098081	 	11666.666667
-2.740938	 	11673.333333
-1.169510	 	11680.000000
-0.955224	 	11686.666667
-1.812367	 	11693.333333
-0.669510	 	11700.000000
-0.169510	 	11706.666667
-1.383796	 	11713.333333
-0.240938	 	11720.000000
-1.526653	 	11726.666667
-2.026653	 	11733.333333
-1.169510	 	11740.000000
-1.526653	 	11746.666667
-1.526653	 	11753.333333
0.616204	 	11760.000000
-0.598081	 	11766.666667
0.687633	 	11773.333333
-1.026653	 	11780.000000
1.044776	 	11786.666667
-1.812367	 	11793.333333
0.330490	 	11800.000000
-0.883796	 	11806.666667
0.116204	 	11813.333333
-0.383796	 	11820.000000
-1.669510	 	11826.666667
-0.812367	 	11833.333333
-2.455224	 	11840.000000
-2.740938	 	11846.666667
-1.455224	 	11853.333333
-2.526653	 	11860.000000
-2.955224	 	11866.666667
-2.812367	 	11873.333333
-1.883796	 	11880.000000
-0.669510	 	11886.666667
-2.026653	 	11893.333333
-0.955224	 	11900.000000
-3.026653	 	11906.666667
-3.383796	 	11913.333333
-1.955224	 	11920.000000
-0.740938	 	11926.666667
-1.526653	 	11933.333333
-3.669510	 	11940.000000
-3.669510	 	11946.666667
-3.455224	 	11953.333333
-2.098081	 	11960.000000
-0.955224	 	11966.666667
-3.883796	 	11973.333333
-3.026653	 	11980.000000
-3.669510	 	11986.666667
-3.383796	 	11993.333333
-3.526653	 	12000.000000
-3.098081	 	12006.666667
-3.955224	 	12013.333333
-4.169510	 	12020.000000
-5.240938	 	12026.666667
-3.812367	 	12033.333333
-3.240938	 	12040.000000
-3.026653	 	12046.666667
-3.526653	 	12053.333333
-4.740938	 	12060.000000
-3.098081	 	12066.666667
-5.098081	 	12073.333333
-5.669510	 	12080.000000
-5.883796	 	12086.666667
-6.240938	 	12093.333333
-5.883796	 	12100.000000
-4.169510	 	12106.666667
-4.669510	 	12113.333333
-4.598081	 	12120.000000
-6.598081	 	12126.666667
-5.526653	 	12133.333333
-4.883796	 	12140.000000
-3.312367	 	12146.666667
-5.169510	 	12153.333333
-3.740938	 	12160.000000
-2.598081	 	12166.666667
-0.669510	 	12173.333333
-1.026653	 	12180.000000
-1.455224	 	12186.666667
-0.669510	 	12193.333333
0.187633	 	12200.000000
-1.026653	 	12206.666667
-1.026653	 	12213.333333
0.687633	 	12220.000000
1.544776	 	12226.666667
3.616204	 	12233.333333
2.616204	 	12240.000000
2.830490	 	12246.666667
2.901919	 	12253.333333
2.401919	 	12260.000000
1.616204	 	12266.666667
2.616204	 	12273.333333
3.187633	 	12280.000000
1.473347	 	12286.666667
2.616204	 	12293.333333
0.759062	 	12300.000000
3.044776	 	12306.666667
0.616204	 	12313.333333
0.187633	 	12320.000000
-0.598081	 	12326.666667
2.259062	 	12333.333333
2.544776	 	12340.000000
1.901919	 	12346.666667
1.973347	 	12353.333333
0.830490	 	12360.000000
1.330490	 	12366.666667
2.187633	 	12373.333333
1.401919	 	12380.000000
0.687633	 	12386.666667
0.044776	 	12393.333333
-0.526653	 	12400.000000
-0.312367	 	12406.666667
0.044776	 	12413.333333
0.330490	 	12420.000000
-0.812367	 	12426.666667
-0.240938	 	12433.333333
-0.955224	 	12440.000000
0.044776	 	12446.666667
-0.883796	 	12453.333333
-2.455224	 	12460.000000
-0.098081	 	12466.666667
-0.240938	 	12473.333333
-0.812367	 	12480.000000
-0.312367	 	12486.666667
-0.169510	 	12493.333333
-3.098081	 	12500.000000
-2.312367	 	12506.666667
-2.669510	 	12513.333333
-2.098081	 	12520.000000
-1.383796	 	12526.666667
-0.812367	 	12533.333333
-2.598081	 	12540.000000
-2.026653	 	12546.666667
-3.883796	 	12553.333333
-1.740938	 	12560.000000
-2.669510	 	12566.666667
-2.098081	 	12573.333333
-2.526653	 	12580.000000
-4.455224	 	12586.666667
-1.669510	 	12593.333333
-4.312367	 	12600.000000
-1.026653	 	12606.666667
-4.169510	 	12613.333333
-1.955224	 	12620.000000
-2.026653	 	12626.666667
-2.955224	 	12633.333333
-3.169510	 	12640.000000
-4.026653	 	12646.666667
-4.098081	 	12653.333333
-3.526653	 	12660.000000
-3.740938	 	12666.666667
-4.955224	 	12673.333333
-1.883796	 	12680.000000
-4.812367	 	12686.666667
-4.526653	 	12693.333333
-3.312367	 	12700.000000
-3.598081	 	12706.666667
-3.598081	 	12713.333333
-4.383796	 	12720.000000
-2.598081	 	12726.666667
-4.455224	 	12733.333333
-4.455224	 	12740.000000
-3.883796	 	12746.666667
-4.740938	 	12753.333333
-4.883796	 	12760.000000
-5.812367	 	12766.666667
-6.169510	 	12773.333333
-4.812367	 	12780.000000
-4.812367	 	12786.666667
-3.812367	 	12793.333333
-4.098081	 	12800.000000
-5.312367	 	12806.666667
-5.240938	 	12813.333333
-5.883796	 	12820.000000
-6.526653	 	12826.666667
-3.240938	 	12833.333333
-5.526653	 	12840.000000
-4.312367	 	12846.666667
-5.240938	 	12853.333333
-7.169510	 	12860.000000
-5.383796	 	12866.666667
-3.812367	 	12873.333333
-5.526653	 	12880.000000
-5.169510	 	12886.666667
-4.312367	 	12893.333333
-6.240938	 	12900.000000
-5.812367	 	12906.666667
-5.598081	 	12913.333333
-6.312367	 	12920.000000
-5.740938	 	12926.666667
-4.598081	 	12933.333333
-5.669510	 	12940.000000
-6.383796	 	12946.666667
-5.598081	 	12953.333333
-6.455224	 	12960.000000
-5.169510	 	12966.666667
-6.026653	 	12973.333333
-5.169510	 	12980.000000
-5.883796	 	12986.666667
-6.312367	 	12993.333333
-7.312367	 	13000.000000
-5.598081	 	13006.666667
-7.169510	 	13013.333333
-5.240938	 	13020.000000
-7.098081	 	13026.666667
-6.455224	 	13033.333333
-8.669510	 	13040.000000
-5.955224	 	13046.666667
-7.669510	 	13053.333333
-5.883796	 	13060.000000
-7.169510	 	13066.666667
-7.455224	 	13073.333333
-6.526653	 	13080.000000
-6.955224	 	13086.666667
-5.812367	 	13093.333333
-7.455224	 	13100.000000
-6.883796	 	13106.666667
-6.026653	 	13113.333333
-6.883796	 	13120.000000
-3.812367	 	13126.666667
-7.740938	 	13133.333333
-5.883796	 	13140.000000
-6.240938	 	13146.666667
-5.526653	 	13153.333333
-6.669510	 	13160.000000
-4.955224	 	13166.666667
-6.312367	 	13173.333333
-5.169510	 	13180.000000
-7.240938	 	13186.666667
-6.312367	 	13193.333333
-6.812367	 	13200.000000
-6.098081	 	13206.666667
-6.312367	 	13213.333333
-6.455224	 	13220.000000
-7.740938	 	13226.666667
-6.740938	 	13233.333333
-6.669510	 	13240.000000
-5.955224	 	13246.666667
-5.598081	 	13253.333333
-6.383796	 	13260.000000
-6.169510	 	13266.666667
-7.598081	 	13273.333333
-6.383796	 	13280.000000
-6.526653	 	13286.666667
-7.098081	 	13293.333333
-5.955224	 	13300.000000
-7.240938	 	13306.666667
-6.026653	 	13313.333333
-5.669510	 	13320.000000
-7.169510	 	13326.666667
