#peak 	 	#time 
1.883380	 	0.000000
1.472772	 	6.666667
1.948879	 	13.333333
2.366112	 	20.000000
3.463999	 	26.666667
2.612583	 	33.333333
2.954688	 	40.000000
2.579913	 	46.666667
3.162568	 	53.333333
4.346439	 	60.000000
2.733104	 	66.666667
2.729285	 	73.333333
2.492443	 	80.000000
3.913495	 	86.666667
3.676653	 	93.333333
2.702969	 	100.000000
2.334548	 	106.666667
3.597706	 	113.333333
4.150337	 	120.000000
3.255600	 	126.666667
2.492443	 	133.333333
3.413495	 	140.000000
2.492443	 	146.666667
2.860864	 	153.333333
2.966127	 	160.000000
1.781916	 	166.666667
2.124022	 	173.333333
2.808232	 	180.000000
2.808232	 	186.666667
2.071390	 	193.333333
2.597706	 	200.000000
3.124022	 	206.666667
2.781916	 	213.333333
2.939811	 	220.000000
3.150337	 	226.666667
3.124022	 	233.333333
2.545074	 	240.000000
3.097706	 	246.666667
3.308232	 	253.333333
2.966127	 	260.000000
3.229285	 	266.666667
3.097706	 	273.333333
3.308232	 	280.000000
2.624022	 	286.666667
3.755600	 	293.333333
3.334548	 	300.000000
2.992443	 	306.666667
3.729285	 	313.333333
3.992443	 	320.000000
3.650337	 	326.666667
3.808232	 	333.333333
4.571390	 	340.000000
3.571390	 	346.666667
2.913495	 	353.333333
3.150337	 	360.000000
3.413495	 	366.666667
3.387179	 	373.333333
2.992443	 	380.000000
3.176653	 	386.666667
3.887179	 	393.333333
4.729285	 	400.000000
4.018758	 	406.666667
4.202969	 	413.333333
4.360864	 	420.000000
2.729285	 	426.666667
5.124022	 	433.333333
4.466127	 	440.000000
4.176653	 	446.666667
4.413495	 	453.333333
5.281916	 	460.000000
4.466127	 	466.666667
5.018758	 	473.333333
5.913495	 	480.000000
4.281916	 	486.666667
4.229285	 	493.333333
3.992443	 	500.000000
5.650337	 	506.666667
4.624022	 	513.333333
3.176653	 	520.000000
4.624022	 	526.666667
3.676653	 	533.333333
4.202969	 	540.000000
3.439811	 	546.666667
4.071390	 	553.333333
4.202969	 	560.000000
4.334548	 	566.666667
3.624022	 	573.333333
3.860864	 	580.000000
3.045074	 	586.666667
3.545074	 	593.333333
4.124022	 	600.000000
3.729285	 	606.666667
4.018758	 	613.333333
3.571390	 	620.000000
3.229285	 	626.666667
3.255600	 	633.333333
4.702969	 	640.000000
3.387179	 	646.666667
3.781916	 	653.333333
3.624022	 	660.000000
2.702969	 	666.666667
3.308232	 	673.333333
2.939811	 	680.000000
2.992443	 	686.666667
2.755600	 	693.333333
2.018758	 	700.000000
2.939811	 	706.666667
2.887179	 	713.333333
2.071390	 	720.000000
2.571390	 	726.666667
3.124022	 	733.333333
2.834548	 	740.000000
2.887179	 	746.666667
3.334548	 	753.333333
2.045074	 	760.000000
2.702969	 	766.666667
3.439811	 	773.333333
2.755600	 	780.000000
3.571390	 	786.666667
4.097706	 	793.333333
3.097706	 	800.000000
3.413495	 	806.666667
3.702969	 	813.333333
4.571390	 	820.000000
4.255600	 	826.666667
3.281916	 	833.333333
4.413495	 	840.000000
3.860864	 	846.666667
3.913495	 	853.333333
3.860864	 	860.000000
4.387179	 	866.666667
4.124022	 	873.333333
4.308232	 	880.000000
3.624022	 	886.666667
3.808232	 	893.333333
3.808232	 	900.000000
3.281916	 	906.666667
4.150337	 	913.333333
3.624022	 	920.000000
3.439811	 	926.666667
2.939811	 	933.333333
3.308232	 	940.000000
2.966127	 	946.666667
2.597706	 	953.333333
3.624022	 	960.000000
3.597706	 	966.666667
3.413495	 	973.333333
2.808232	 	980.000000
2.124022	 	986.666667
3.545074	 	993.333333
2.492443	 	1000.000000
3.018758	 	1006.666667
3.018758	 	1013.333333
2.281916	 	1020.000000
2.650337	 	1026.666667
2.545074	 	1033.333333
2.492443	 	1040.000000
2.124022	 	1046.666667
2.439811	 	1053.333333
2.571390	 	1060.000000
1.992443	 	1066.666667
2.518758	 	1073.333333
2.518758	 	1080.000000
2.255600	 	1086.666667
2.808232	 	1093.333333
2.202969	 	1100.000000
1.702969	 	1106.666667
2.755600	 	1113.333333
3.071390	 	1120.000000
2.939811	 	1126.666667
2.097706	 	1133.333333
3.071390	 	1140.000000
2.202969	 	1146.666667
3.202969	 	1153.333333
3.255600	 	1160.000000
3.334548	 	1166.666667
3.018758	 	1173.333333
2.676653	 	1180.000000
2.176653	 	1186.666667
3.150337	 	1193.333333
3.150337	 	1200.000000
1.887179	 	1206.666667
2.466127	 	1213.333333
2.887179	 	1220.000000
2.334548	 	1226.666667
3.334548	 	1233.333333
2.624022	 	1240.000000
2.624022	 	1246.666667
2.702969	 	1253.333333
2.255600	 	1260.000000
1.860864	 	1266.666667
2.676653	 	1273.333333
2.492443	 	1280.000000
2.360864	 	1286.666667
2.860864	 	1293.333333
2.466127	 	1300.000000
2.545074	 	1306.666667
2.887179	 	1313.333333
2.992443	 	1320.000000
2.650337	 	1326.666667
2.597706	 	1333.333333
1.860864	 	1340.000000
2.676653	 	1346.666667
2.781916	 	1353.333333
2.571390	 	1360.000000
3.571390	 	1366.666667
2.597706	 	1373.333333
3.018758	 	1380.000000
3.466127	 	1386.666667
3.124022	 	1393.333333
3.045074	 	1400.000000
3.466127	 	1406.666667
3.466127	 	1413.333333
3.702969	 	1420.000000
3.124022	 	1426.666667
3.913495	 	1433.333333
4.202969	 	1440.000000
3.071390	 	1446.666667
3.492443	 	1453.333333
4.413495	 	1460.000000
4.097706	 	1466.666667
4.597706	 	1473.333333
4.308232	 	1480.000000
4.124022	 	1486.666667
3.387179	 	1493.333333
4.387179	 	1500.000000
3.492443	 	1506.666667
4.281916	 	1513.333333
3.729285	 	1520.000000
4.650337	 	1526.666667
2.992443	 	1533.333333
3.518758	 	1540.000000
3.255600	 	1546.666667
2.308232	 	1553.333333
3.071390	 	1560.000000
3.413495	 	1566.666667
2.939811	 	1573.333333
2.150337	 	1580.000000
2.413495	 	1586.666667
3.387179	 	1593.333333
3.676653	 	1600.000000
2.992443	 	1606.666667
2.624022	 	1613.333333
2.492443	 	1620.000000
2.518758	 	1626.666667
3.492443	 	1633.333333
2.939811	 	1640.000000
3.281916	 	1646.666667
3.729285	 	1653.333333
5.045074	 	1660.000000
3.913495	 	1666.666667
3.545074	 	1673.333333
3.597706	 	1680.000000
4.229285	 	1686.666667
3.808232	 	1693.333333
4.097706	 	1700.000000
4.071390	 	1706.666667
3.571390	 	1713.333333
3.413495	 	1720.000000
3.439811	 	1726.666667
3.281916	 	1733.333333
3.755600	 	1740.000000
3.281916	 	1746.666667
2.781916	 	1753.333333
2.518758	 	1760.000000
3.045074	 	1766.666667
2.308232	 	1773.333333
3.597706	 	1780.000000
2.624022	 	1786.666667
3.650337	 	1793.333333
3.308232	 	1800.000000
2.018758	 	1806.666667
2.387179	 	1813.333333
2.966127	 	1820.000000
2.650337	 	1826.666667
2.597706	 	1833.333333
3.097706	 	1840.000000
2.360864	 	1846.666667
2.597706	 	1853.333333
3.018758	 	1860.000000
1.729285	 	1866.666667
3.334548	 	1873.333333
2.624022	 	1880.000000
1.913495	 	1886.666667
2.045074	 	1893.333333
2.229285	 	1900.000000
2.255600	 	1906.666667
2.229285	 	1913.333333
0.992443	 	1920.000000
1.729285	 	1926.666667
2.624022	 	1933.333333
1.334548	 	1940.000000
2.571390	 	1946.666667
1.255600	 	1953.333333
1.729285	 	1960.000000
1.887179	 	1966.666667
2.913495	 	1973.333333
2.334548	 	1980.000000
1.702969	 	1986.666667
0.913495	 	1993.333333
2.229285	 	2000.000000
2.387179	 	2006.666667
2.281916	 	2013.333333
2.150337	 	2020.000000
2.229285	 	2026.666667
1.518758	 	2033.333333
2.702969	 	2040.000000
2.018758	 	2046.666667
2.439811	 	2053.333333
2.676653	 	2060.000000
1.545074	 	2066.666667
1.466127	 	2073.333333
2.229285	 	2080.000000
2.466127	 	2086.666667
1.966127	 	2093.333333
2.571390	 	2100.000000
1.966127	 	2106.666667
1.781916	 	2113.333333
1.308232	 	2120.000000
0.966127	 	2126.666667
2.255600	 	2133.333333
2.045074	 	2140.000000
1.334548	 	2146.666667
1.755600	 	2153.333333
1.860864	 	2160.000000
1.518758	 	2166.666667
0.887179	 	2173.333333
1.650337	 	2180.000000
2.360864	 	2186.666667
2.229285	 	2193.333333
1.439811	 	2200.000000
2.466127	 	2206.666667
2.150337	 	2213.333333
1.913495	 	2220.000000
2.966127	 	2226.666667
1.887179	 	2233.333333
1.150337	 	2240.000000
2.150337	 	2246.666667
2.150337	 	2253.333333
1.229285	 	2260.000000
1.702969	 	2266.666667
2.150337	 	2273.333333
2.466127	 	2280.000000
2.281916	 	2286.666667
2.071390	 	2293.333333
2.202969	 	2300.000000
1.702969	 	2306.666667
1.755600	 	2313.333333
0.808232	 	2320.000000
1.518758	 	2326.666667
1.834548	 	2333.333333
0.834548	 	2340.000000
1.860864	 	2346.666667
0.755600	 	2353.333333
2.071390	 	2360.000000
1.781916	 	2366.666667
1.334548	 	2373.333333
1.071390	 	2380.000000
0.229285	 	2386.666667
1.255600	 	2393.333333
1.992443	 	2400.000000
1.071390	 	2406.666667
1.650337	 	2413.333333
1.387179	 	2420.000000
1.571390	 	2426.666667
1.650337	 	2433.333333
1.702969	 	2440.000000
1.887179	 	2446.666667
1.124022	 	2453.333333
1.439811	 	2460.000000
0.913495	 	2466.666667
2.071390	 	2473.333333
1.702969	 	2480.000000
0.255600	 	2486.666667
1.729285	 	2493.333333
0.518758	 	2500.000000
2.202969	 	2506.666667
1.860864	 	2513.333333
1.334548	 	2520.000000
1.124022	 	2526.666667
1.413495	 	2533.333333
2.045074	 	2540.000000
1.702969	 	2546.666667
2.176653	 	2553.333333
1.939811	 	2560.000000
3.124022	 	2566.666667
1.597706	 	2573.333333
1.229285	 	2580.000000
2.308232	 	2586.666667
1.545074	 	2593.333333
2.624022	 	2600.000000
2.176653	 	2606.666667
2.334548	 	2613.333333
3.071390	 	2620.000000
0.571390	 	2626.666667
1.045074	 	2633.333333
2.334548	 	2640.000000
1.571390	 	2646.666667
1.413495	 	2653.333333
1.992443	 	2660.000000
1.781916	 	2666.666667
2.308232	 	2673.333333
2.966127	 	2680.000000
0.492443	 	2686.666667
2.624022	 	2693.333333
0.597706	 	2700.000000
1.071390	 	2706.666667
1.071390	 	2713.333333
1.202969	 	2720.000000
1.308232	 	2726.666667
1.966127	 	2733.333333
1.702969	 	2740.000000
1.729285	 	2746.666667
1.834548	 	2753.333333
2.124022	 	2760.000000
2.071390	 	2766.666667
2.045074	 	2773.333333
1.860864	 	2780.000000
2.781916	 	2786.666667
2.466127	 	2793.333333
1.518758	 	2800.000000
2.650337	 	2806.666667
0.939811	 	2813.333333
2.781916	 	2820.000000
2.097706	 	2826.666667
1.413495	 	2833.333333
1.755600	 	2840.000000
2.176653	 	2846.666667
1.624022	 	2853.333333
1.992443	 	2860.000000
1.255600	 	2866.666667
1.650337	 	2873.333333
0.887179	 	2880.000000
1.808232	 	2886.666667
1.413495	 	2893.333333
2.202969	 	2900.000000
2.439811	 	2906.666667
1.755600	 	2913.333333
1.360864	 	2920.000000
2.202969	 	2926.666667
1.360864	 	2933.333333
1.202969	 	2940.000000
2.360864	 	2946.666667
2.255600	 	2953.333333
1.624022	 	2960.000000
1.992443	 	2966.666667
2.281916	 	2973.333333
1.808232	 	2980.000000
1.071390	 	2986.666667
1.492443	 	2993.333333
2.308232	 	3000.000000
1.150337	 	3006.666667
1.176653	 	3013.333333
0.860864	 	3020.000000
2.018758	 	3026.666667
1.545074	 	3033.333333
1.229285	 	3040.000000
1.939811	 	3046.666667
1.150337	 	3053.333333
1.571390	 	3060.000000
1.097706	 	3066.666667
1.702969	 	3073.333333
2.281916	 	3080.000000
1.887179	 	3086.666667
1.413495	 	3093.333333
1.729285	 	3100.000000
1.176653	 	3106.666667
1.045074	 	3113.333333
1.808232	 	3120.000000
3.966127	 	3126.666667
22.334548	 	3133.333333
76.124022	 	3140.000000
148.439811	 	3146.666667
228.624022	 	3153.333333
301.492443	 	3160.000000
366.387179	 	3166.666667
435.018758	 	3173.333333
502.466127	 	3180.000000
574.992443	 	3186.666667
659.466127	 	3193.333333
753.334548	 	3200.000000
851.729285	 	3206.666667
958.571390	 	3213.333333
1066.439811	 	3220.000000
1185.281916	 	3226.666667
1324.334548	 	3233.333333
1461.281916	 	3240.000000
1592.808232	 	3246.666667
1718.466127	 	3253.333333
1858.281916	 	3260.000000
1999.071390	 	3266.666667
2131.492443	 	3273.333333
2270.624022	 	3280.000000
2408.966127	 	3286.666667
2541.387179	 	3293.333333
2681.624022	 	3300.000000
2816.308232	 	3306.666667
2933.071390	 	3313.333333
3058.650337	 	3320.000000
3179.202969	 	3326.666667
3295.150337	 	3333.333333
3413.097706	 	3340.000000
3522.150337	 	3346.666667
3629.229285	 	3353.333333
3739.702969	 	3360.000000
3848.439811	 	3366.666667
3940.913495	 	3373.333333
4034.097706	 	3380.000000
4113.729285	 	3386.666667
4184.808232	 	3393.333333
4258.624022	 	3400.000000
4328.808232	 	3406.666667
4392.492443	 	3413.333333
4452.518758	 	3420.000000
4502.781916	 	3426.666667
4549.413495	 	3433.333333
4588.439811	 	3440.000000
4626.334548	 	3446.666667
4649.571390	 	3453.333333
4655.887179	 	3460.000000
4673.334548	 	3466.666667
4684.281916	 	3473.333333
4679.413495	 	3480.000000
4671.939811	 	3486.666667
4662.650337	 	3493.333333
4647.624022	 	3500.000000
4632.676653	 	3506.666667
4612.676653	 	3513.333333
4595.150337	 	3520.000000
4573.913495	 	3526.666667
4548.860864	 	3533.333333
4521.992443	 	3540.000000
4492.913495	 	3546.666667
4462.860864	 	3553.333333
4431.702969	 	3560.000000
4399.045074	 	3566.666667
4366.229285	 	3573.333333
4327.492443	 	3580.000000
4288.702969	 	3586.666667
4252.492443	 	3593.333333
4214.808232	 	3600.000000
4181.202969	 	3606.666667
4145.624022	 	3613.333333
4105.755600	 	3620.000000
4068.466127	 	3626.666667
4029.545074	 	3633.333333
3985.624022	 	3640.000000
3943.466127	 	3646.666667
3900.150337	 	3653.333333
3855.992443	 	3660.000000
3814.702969	 	3666.666667
3768.360864	 	3673.333333
3727.755600	 	3680.000000
3685.124022	 	3686.666667
3641.124022	 	3693.333333
3601.834548	 	3700.000000
3561.729285	 	3706.666667
3523.860864	 	3713.333333
3483.439811	 	3720.000000
3435.387179	 	3726.666667
3392.281916	 	3733.333333
3352.702969	 	3740.000000
3314.150337	 	3746.666667
3277.124022	 	3753.333333
3241.124022	 	3760.000000
3200.808232	 	3766.666667
3163.097706	 	3773.333333
3123.045074	 	3780.000000
3083.702969	 	3786.666667
3043.834548	 	3793.333333
3006.545074	 	3800.000000
2969.518758	 	3806.666667
2926.571390	 	3813.333333
2887.887179	 	3820.000000
2848.150337	 	3826.666667
2808.781916	 	3833.333333
2772.124022	 	3840.000000
2733.150337	 	3846.666667
2697.545074	 	3853.333333
2662.597706	 	3860.000000
2625.255600	 	3866.666667
2586.992443	 	3873.333333
2551.466127	 	3880.000000
2516.202969	 	3886.666667
2480.308232	 	3893.333333
2449.045074	 	3900.000000
2418.518758	 	3906.666667
2384.624022	 	3913.333333
2353.018758	 	3920.000000
2320.045074	 	3926.666667
2288.755600	 	3933.333333
2257.281916	 	3940.000000
2229.492443	 	3946.666667
2200.571390	 	3953.333333
2170.676653	 	3960.000000
2142.176653	 	3966.666667
2112.808232	 	3973.333333
2085.624022	 	3980.000000
2057.097706	 	3986.666667
2027.624022	 	3993.333333
2001.018758	 	4000.000000
1971.466127	 	4006.666667
1946.360864	 	4013.333333
1918.518758	 	4020.000000
1892.755600	 	4026.666667
1864.334548	 	4033.333333
1839.045074	 	4040.000000
1814.071390	 	4046.666667
1787.781916	 	4053.333333
1760.729285	 	4060.000000
1736.124022	 	4066.666667
1709.097706	 	4073.333333
1683.466127	 	4080.000000
1659.518758	 	4086.666667
1636.124022	 	4093.333333
1613.860864	 	4100.000000
1593.150337	 	4106.666667
1570.966127	 	4113.333333
1549.597706	 	4120.000000
1529.755600	 	4126.666667
1509.913495	 	4133.333333
1488.624022	 	4140.000000
1470.571390	 	4146.666667
1451.334548	 	4153.333333
1433.492443	 	4160.000000
1413.229285	 	4166.666667
1394.071390	 	4173.333333
1375.808232	 	4180.000000
1356.176653	 	4186.666667
1337.202969	 	4193.333333
1318.939811	 	4200.000000
1301.650337	 	4206.666667
1283.176653	 	4213.333333
1264.860864	 	4220.000000
1246.781916	 	4226.666667
1228.702969	 	4233.333333
1211.018758	 	4240.000000
1194.334548	 	4246.666667
1176.913495	 	4253.333333
1159.439811	 	4260.000000
1141.545074	 	4266.666667
1126.702969	 	4273.333333
1110.308232	 	4280.000000
1095.281916	 	4286.666667
1078.150337	 	4293.333333
1063.624022	 	4300.000000
1047.939811	 	4306.666667
1033.387179	 	4313.333333
1018.939811	 	4320.000000
1006.229285	 	4326.666667
994.650337	 	4333.333333
980.860864	 	4340.000000
968.308232	 	4346.666667
958.834548	 	4353.333333
946.308232	 	4360.000000
936.992443	 	4366.666667
925.439811	 	4373.333333
914.255600	 	4380.000000
901.045074	 	4386.666667
888.887179	 	4393.333333
875.624022	 	4400.000000
865.097706	 	4406.666667
853.545074	 	4413.333333
842.097706	 	4420.000000
830.387179	 	4426.666667
820.308232	 	4433.333333
809.229285	 	4440.000000
799.466127	 	4446.666667
787.676653	 	4453.333333
779.071390	 	4460.000000
767.571390	 	4466.666667
758.781916	 	4473.333333
749.202969	 	4480.000000
738.229285	 	4486.666667
728.150337	 	4493.333333
717.755600	 	4500.000000
707.229285	 	4506.666667
699.571390	 	4513.333333
689.097706	 	4520.000000
679.966127	 	4526.666667
671.887179	 	4533.333333
663.071390	 	4540.000000
654.676653	 	4546.666667
644.597706	 	4553.333333
635.781916	 	4560.000000
627.124022	 	4566.666667
617.071390	 	4573.333333
609.939811	 	4580.000000
602.045074	 	4586.666667
593.097706	 	4593.333333
587.071390	 	4600.000000
576.913495	 	4606.666667
570.545074	 	4613.333333
562.018758	 	4620.000000
557.229285	 	4626.666667
545.334548	 	4633.333333
541.439811	 	4640.000000
533.018758	 	4646.666667
525.939811	 	4653.333333
520.702969	 	4660.000000
513.018758	 	4666.666667
508.887179	 	4673.333333
500.518758	 	4680.000000
493.624022	 	4686.666667
487.992443	 	4693.333333
479.624022	 	4700.000000
475.518758	 	4706.666667
466.676653	 	4713.333333
460.834548	 	4720.000000
454.676653	 	4726.666667
449.966127	 	4733.333333
440.466127	 	4740.000000
439.413495	 	4746.666667
432.571390	 	4753.333333
427.360864	 	4760.000000
423.702969	 	4766.666667
414.387179	 	4773.333333
412.939811	 	4780.000000
405.702969	 	4786.666667
400.466127	 	4793.333333
397.124022	 	4800.000000
392.966127	 	4806.666667
389.518758	 	4813.333333
385.571390	 	4820.000000
383.281916	 	4826.666667
379.439811	 	4833.333333
376.650337	 	4840.000000
370.255600	 	4846.666667
371.466127	 	4853.333333
366.597706	 	4860.000000
360.492443	 	4866.666667
357.887179	 	4873.333333
350.992443	 	4880.000000
347.571390	 	4886.666667
344.702969	 	4893.333333
340.387179	 	4900.000000
335.334548	 	4906.666667
330.887179	 	4913.333333
327.624022	 	4920.000000
323.834548	 	4926.666667
322.124022	 	4933.333333
316.387179	 	4940.000000
314.650337	 	4946.666667
312.887179	 	4953.333333
307.492443	 	4960.000000
305.229285	 	4966.666667
302.492443	 	4973.333333
298.150337	 	4980.000000
296.992443	 	4986.666667
293.624022	 	4993.333333
288.860864	 	5000.000000
287.255600	 	5006.666667
282.597706	 	5013.333333
278.439811	 	5020.000000
276.045074	 	5026.666667
270.624022	 	5033.333333
270.466127	 	5040.000000
267.413495	 	5046.666667
261.939811	 	5053.333333
259.860864	 	5060.000000
257.150337	 	5066.666667
254.097706	 	5073.333333
252.545074	 	5080.000000
249.255600	 	5086.666667
247.492443	 	5093.333333
243.808232	 	5100.000000
241.334548	 	5106.666667
237.992443	 	5113.333333
233.913495	 	5120.000000
230.413495	 	5126.666667
227.176653	 	5133.333333
225.255600	 	5140.000000
222.281916	 	5146.666667
219.860864	 	5153.333333
219.334548	 	5160.000000
216.624022	 	5166.666667
213.939811	 	5173.333333
211.255600	 	5180.000000
211.124022	 	5186.666667
207.939811	 	5193.333333
205.966127	 	5200.000000
202.229285	 	5206.666667
201.492443	 	5213.333333
200.202969	 	5220.000000
199.202969	 	5226.666667
198.439811	 	5233.333333
197.176653	 	5240.000000
195.518758	 	5246.666667
193.518758	 	5253.333333
190.834548	 	5260.000000
189.676653	 	5266.666667
187.729285	 	5273.333333
185.781916	 	5280.000000
184.676653	 	5286.666667
181.860864	 	5293.333333
179.834548	 	5300.000000
179.518758	 	5306.666667
177.360864	 	5313.333333
175.439811	 	5320.000000
173.834548	 	5326.666667
170.466127	 	5333.333333
168.702969	 	5340.000000
167.202969	 	5346.666667
164.281916	 	5353.333333
163.518758	 	5360.000000
160.913495	 	5366.666667
159.150337	 	5373.333333
157.413495	 	5380.000000
154.860864	 	5386.666667
154.518758	 	5393.333333
153.360864	 	5400.000000
151.860864	 	5406.666667
150.887179	 	5413.333333
148.992443	 	5420.000000
148.702969	 	5426.666667
146.018758	 	5433.333333
144.413495	 	5440.000000
142.834548	 	5446.666667
140.202969	 	5453.333333
139.913495	 	5460.000000
138.518758	 	5466.666667
136.860864	 	5473.333333
136.518758	 	5480.000000
135.597706	 	5486.666667
134.729285	 	5493.333333
133.229285	 	5500.000000
131.176653	 	5506.666667
130.571390	 	5513.333333
129.150337	 	5520.000000
128.729285	 	5526.666667
128.545074	 	5533.333333
125.518758	 	5540.000000
123.676653	 	5546.666667
123.045074	 	5553.333333
121.913495	 	5560.000000
120.545074	 	5566.666667
118.676653	 	5573.333333
117.992443	 	5580.000000
116.808232	 	5586.666667
115.545074	 	5593.333333
116.097706	 	5600.000000
114.097706	 	5606.666667
112.887179	 	5613.333333
111.966127	 	5620.000000
111.702969	 	5626.666667
109.597706	 	5633.333333
108.729285	 	5640.000000
108.097706	 	5646.666667
107.887179	 	5653.333333
105.860864	 	5660.000000
103.992443	 	5666.666667
103.702969	 	5673.333333
102.702969	 	5680.000000
101.860864	 	5686.666667
99.650337	 	5693.333333
97.702969	 	5700.000000
98.150337	 	5706.666667
96.387179	 	5713.333333
95.124022	 	5720.000000
93.492443	 	5726.666667
93.992443	 	5733.333333
93.492443	 	5740.000000
93.308232	 	5746.666667
91.597706	 	5753.333333
90.202969	 	5760.000000
89.439811	 	5766.666667
87.992443	 	5773.333333
86.834548	 	5780.000000
84.755600	 	5786.666667
84.045074	 	5793.333333
82.124022	 	5800.000000
81.387179	 	5806.666667
79.571390	 	5813.333333
78.492443	 	5820.000000
78.729285	 	5826.666667
76.834548	 	5833.333333
76.597706	 	5840.000000
75.939811	 	5846.666667
74.229285	 	5853.333333
74.966127	 	5860.000000
73.702969	 	5866.666667
73.624022	 	5873.333333
72.018758	 	5880.000000
70.439811	 	5886.666667
70.097706	 	5893.333333
69.571390	 	5900.000000
67.992443	 	5906.666667
67.281916	 	5913.333333
66.466127	 	5920.000000
64.492443	 	5926.666667
64.071390	 	5933.333333
63.887179	 	5940.000000
62.255600	 	5946.666667
63.150337	 	5953.333333
61.413495	 	5960.000000
60.939811	 	5966.666667
58.702969	 	5973.333333
60.439811	 	5980.000000
58.202969	 	5986.666667
59.097706	 	5993.333333
57.702969	 	6000.000000
56.360864	 	6006.666667
56.545074	 	6013.333333
56.755600	 	6020.000000
55.360864	 	6026.666667
56.545074	 	6033.333333
55.808232	 	6040.000000
55.466127	 	6046.666667
55.176653	 	6053.333333
54.939811	 	6060.000000
53.650337	 	6066.666667
53.887179	 	6073.333333
54.150337	 	6080.000000
52.492443	 	6086.666667
53.360864	 	6093.333333
53.702969	 	6100.000000
53.071390	 	6106.666667
53.071390	 	6113.333333
50.992443	 	6120.000000
50.018758	 	6126.666667
49.492443	 	6133.333333
49.939811	 	6140.000000
48.808232	 	6146.666667
48.466127	 	6153.333333
47.834548	 	6160.000000
48.597706	 	6166.666667
47.202969	 	6173.333333
46.597706	 	6180.000000
47.650337	 	6186.666667
45.966127	 	6193.333333
44.255600	 	6200.000000
44.887179	 	6206.666667
43.071390	 	6213.333333
44.097706	 	6220.000000
41.413495	 	6226.666667
41.097706	 	6233.333333
41.492443	 	6240.000000
39.492443	 	6246.666667
39.097706	 	6253.333333
39.413495	 	6260.000000
38.650337	 	6266.666667
39.492443	 	6273.333333
38.676653	 	6280.000000
37.308232	 	6286.666667
39.097706	 	6293.333333
38.466127	 	6300.000000
38.887179	 	6306.666667
38.966127	 	6313.333333
38.966127	 	6320.000000
38.755600	 	6326.666667
38.545074	 	6333.333333
36.781916	 	6340.000000
36.966127	 	6346.666667
36.150337	 	6353.333333
36.308232	 	6360.000000
35.071390	 	6366.666667
35.308232	 	6373.333333
35.676653	 	6380.000000
34.334548	 	6386.666667
34.597706	 	6393.333333
34.597706	 	6400.000000
33.913495	 	6406.666667
34.255600	 	6413.333333
33.071390	 	6420.000000
32.045074	 	6426.666667
32.808232	 	6433.333333
32.913495	 	6440.000000
32.545074	 	6446.666667
31.334548	 	6453.333333
31.887179	 	6460.000000
30.255600	 	6466.666667
30.334548	 	6473.333333
29.360864	 	6480.000000
28.176653	 	6486.666667
29.650337	 	6493.333333
28.939811	 	6500.000000
28.887179	 	6506.666667
29.308232	 	6513.333333
27.624022	 	6520.000000
29.597706	 	6526.666667
27.966127	 	6533.333333
28.545074	 	6540.000000
27.466127	 	6546.666667
26.729285	 	6553.333333
27.045074	 	6560.000000
26.545074	 	6566.666667
24.729285	 	6573.333333
26.413495	 	6580.000000
24.808232	 	6586.666667
25.439811	 	6593.333333
23.571390	 	6600.000000
23.492443	 	6606.666667
25.702969	 	6613.333333
24.387179	 	6620.000000
24.808232	 	6626.666667
24.255600	 	6633.333333
24.097706	 	6640.000000
25.281916	 	6646.666667
24.466127	 	6653.333333
23.992443	 	6660.000000
23.808232	 	6666.666667
23.045074	 	6673.333333
23.992443	 	6680.000000
23.018758	 	6686.666667
21.913495	 	6693.333333
22.071390	 	6700.000000
21.966127	 	6706.666667
22.071390	 	6713.333333
21.097706	 	6720.000000
21.571390	 	6726.666667
21.439811	 	6733.333333
21.887179	 	6740.000000
21.281916	 	6746.666667
21.966127	 	6753.333333
21.176653	 	6760.000000
20.729285	 	6766.666667
20.124022	 	6773.333333
20.518758	 	6780.000000
18.308232	 	6786.666667
18.071390	 	6793.333333
16.992443	 	6800.000000
18.676653	 	6806.666667
18.939811	 	6813.333333
20.281916	 	6820.000000
18.939811	 	6826.666667
20.124022	 	6833.333333
20.992443	 	6840.000000
21.966127	 	6846.666667
21.939811	 	6853.333333
22.360864	 	6860.000000
22.966127	 	6866.666667
24.071390	 	6873.333333
22.702969	 	6880.000000
23.966127	 	6886.666667
24.150337	 	6893.333333
24.097706	 	6900.000000
23.676653	 	6906.666667
24.624022	 	6913.333333
24.966127	 	6920.000000
23.913495	 	6926.666667
22.860864	 	6933.333333
23.124022	 	6940.000000
22.150337	 	6946.666667
22.913495	 	6953.333333
23.992443	 	6960.000000
23.781916	 	6966.666667
23.281916	 	6973.333333
24.808232	 	6980.000000
24.071390	 	6986.666667
24.308232	 	6993.333333
23.597706	 	7000.000000
22.387179	 	7006.666667
22.229285	 	7013.333333
22.755600	 	7020.000000
21.466127	 	7026.666667
21.597706	 	7033.333333
20.808232	 	7040.000000
19.702969	 	7046.666667
19.676653	 	7053.333333
18.492443	 	7060.000000
17.913495	 	7066.666667
17.571390	 	7073.333333
16.860864	 	7080.000000
16.992443	 	7086.666667
17.518758	 	7093.333333
16.808232	 	7100.000000
16.913495	 	7106.666667
18.071390	 	7113.333333
17.966127	 	7120.000000
17.650337	 	7126.666667
17.887179	 	7133.333333
17.702969	 	7140.000000
17.545074	 	7146.666667
17.202969	 	7153.333333
16.466127	 	7160.000000
18.071390	 	7166.666667
16.650337	 	7173.333333
18.045074	 	7180.000000
17.808232	 	7186.666667
16.492443	 	7193.333333
15.966127	 	7200.000000
15.571390	 	7206.666667
14.466127	 	7213.333333
15.255600	 	7220.000000
15.387179	 	7226.666667
13.992443	 	7233.333333
14.545074	 	7240.000000
14.281916	 	7246.666667
13.781916	 	7253.333333
13.913495	 	7260.000000
15.334548	 	7266.666667
15.466127	 	7273.333333
16.202969	 	7280.000000
15.281916	 	7286.666667
15.150337	 	7293.333333
15.334548	 	7300.000000
14.281916	 	7306.666667
14.755600	 	7313.333333
14.729285	 	7320.000000
15.571390	 	7326.666667
13.966127	 	7333.333333
14.413495	 	7340.000000
14.781916	 	7346.666667
14.150337	 	7353.333333
12.597706	 	7360.000000
13.439811	 	7366.666667
12.124022	 	7373.333333
11.992443	 	7380.000000
12.887179	 	7386.666667
12.650337	 	7393.333333
12.229285	 	7400.000000
12.676653	 	7406.666667
12.202969	 	7413.333333
11.676653	 	7420.000000
11.439811	 	7426.666667
13.097706	 	7433.333333
11.571390	 	7440.000000
11.387179	 	7446.666667
10.939811	 	7453.333333
10.702969	 	7460.000000
11.018758	 	7466.666667
10.992443	 	7473.333333
11.808232	 	7480.000000
11.176653	 	7486.666667
11.176653	 	7493.333333
11.018758	 	7500.000000
10.492443	 	7506.666667
10.439811	 	7513.333333
10.255600	 	7520.000000
9.913495	 	7526.666667
10.071390	 	7533.333333
10.387179	 	7540.000000
10.571390	 	7546.666667
9.939811	 	7553.333333
10.097706	 	7560.000000
9.834548	 	7566.666667
10.887179	 	7573.333333
10.045074	 	7580.000000
10.545074	 	7586.666667
9.966127	 	7593.333333
10.466127	 	7600.000000
10.387179	 	7606.666667
9.992443	 	7613.333333
10.913495	 	7620.000000
11.124022	 	7626.666667
9.834548	 	7633.333333
9.676653	 	7640.000000
11.992443	 	7646.666667
11.492443	 	7653.333333
12.150337	 	7660.000000
12.781916	 	7666.666667
12.202969	 	7673.333333
11.545074	 	7680.000000
12.018758	 	7686.666667
10.860864	 	7693.333333
10.887179	 	7700.000000
10.597706	 	7706.666667
9.887179	 	7713.333333
11.624022	 	7720.000000
8.624022	 	7726.666667
9.545074	 	7733.333333
8.571390	 	7740.000000
10.202969	 	7746.666667
9.202969	 	7753.333333
10.045074	 	7760.000000
8.966127	 	7766.666667
8.545074	 	7773.333333
8.913495	 	7780.000000
7.413495	 	7786.666667
7.045074	 	7793.333333
6.545074	 	7800.000000
6.676653	 	7806.666667
7.334548	 	7813.333333
6.387179	 	7820.000000
5.966127	 	7826.666667
6.255600	 	7833.333333
6.176653	 	7840.000000
5.860864	 	7846.666667
6.439811	 	7853.333333
5.887179	 	7860.000000
6.992443	 	7866.666667
7.939811	 	7873.333333
6.676653	 	7880.000000
7.571390	 	7886.666667
7.334548	 	7893.333333
8.729285	 	7900.000000
7.124022	 	7906.666667
7.702969	 	7913.333333
7.439811	 	7920.000000
6.571390	 	7926.666667
7.229285	 	7933.333333
7.650337	 	7940.000000
6.650337	 	7946.666667
5.966127	 	7953.333333
5.887179	 	7960.000000
6.255600	 	7966.666667
6.097706	 	7973.333333
6.176653	 	7980.000000
5.808232	 	7986.666667
4.781916	 	7993.333333
5.466127	 	8000.000000
4.255600	 	8006.666667
3.966127	 	8013.333333
5.387179	 	8020.000000
3.755600	 	8026.666667
3.755600	 	8033.333333
4.071390	 	8040.000000
3.571390	 	8046.666667
3.545074	 	8053.333333
3.518758	 	8060.000000
3.781916	 	8066.666667
5.071390	 	8073.333333
5.702969	 	8080.000000
4.071390	 	8086.666667
4.808232	 	8093.333333
6.124022	 	8100.000000
6.729285	 	8106.666667
6.597706	 	8113.333333
5.913495	 	8120.000000
6.834548	 	8126.666667
5.360864	 	8133.333333
5.387179	 	8140.000000
6.202969	 	8146.666667
5.334548	 	8153.333333
4.124022	 	8160.000000
4.097706	 	8166.666667
4.729285	 	8173.333333
3.597706	 	8180.000000
4.597706	 	8186.666667
5.387179	 	8193.333333
3.860864	 	8200.000000
5.492443	 	8206.666667
4.387179	 	8213.333333
4.360864	 	8220.000000
5.729285	 	8226.666667
5.624022	 	8233.333333
5.729285	 	8240.000000
5.518758	 	8246.666667
4.624022	 	8253.333333
4.808232	 	8260.000000
5.413495	 	8266.666667
5.150337	 	8273.333333
5.018758	 	8280.000000
4.229285	 	8286.666667
3.887179	 	8293.333333
4.702969	 	8300.000000
4.466127	 	8306.666667
5.492443	 	8313.333333
4.360864	 	8320.000000
3.860864	 	8326.666667
3.755600	 	8333.333333
4.308232	 	8340.000000
2.387179	 	8346.666667
2.650337	 	8353.333333
4.229285	 	8360.000000
4.939811	 	8366.666667
3.729285	 	8373.333333
3.702969	 	8380.000000
3.281916	 	8386.666667
3.755600	 	8393.333333
2.624022	 	8400.000000
4.045074	 	8406.666667
3.334548	 	8413.333333
3.150337	 	8420.000000
4.518758	 	8426.666667
3.308232	 	8433.333333
2.966127	 	8440.000000
1.808232	 	8446.666667
2.518758	 	8453.333333
3.466127	 	8460.000000
2.992443	 	8466.666667
1.676653	 	8473.333333
2.229285	 	8480.000000
2.466127	 	8486.666667
1.308232	 	8493.333333
2.387179	 	8500.000000
2.334548	 	8506.666667
2.466127	 	8513.333333
3.571390	 	8520.000000
3.071390	 	8526.666667
3.439811	 	8533.333333
3.781916	 	8540.000000
3.387179	 	8546.666667
3.387179	 	8553.333333
2.860864	 	8560.000000
2.545074	 	8566.666667
2.150337	 	8573.333333
3.413495	 	8580.000000
4.045074	 	8586.666667
2.808232	 	8593.333333
3.571390	 	8600.000000
2.492443	 	8606.666667
2.624022	 	8613.333333
2.308232	 	8620.000000
1.387179	 	8626.666667
2.176653	 	8633.333333
1.308232	 	8640.000000
1.492443	 	8646.666667
2.650337	 	8653.333333
0.781916	 	8660.000000
0.966127	 	8666.666667
0.492443	 	8673.333333
-0.033873	 	8680.000000
0.413495	 	8686.666667
1.545074	 	8693.333333
2.176653	 	8700.000000
2.624022	 	8706.666667
1.597706	 	8713.333333
1.781916	 	8720.000000
1.518758	 	8726.666667
2.018758	 	8733.333333
2.071390	 	8740.000000
1.992443	 	8746.666667
2.781916	 	8753.333333
2.255600	 	8760.000000
1.834548	 	8766.666667
1.150337	 	8773.333333
1.966127	 	8780.000000
2.150337	 	8786.666667
0.913495	 	8793.333333
1.466127	 	8800.000000
0.071390	 	8806.666667
1.255600	 	8813.333333
1.729285	 	8820.000000
1.966127	 	8826.666667
2.229285	 	8833.333333
2.176653	 	8840.000000
0.650337	 	8846.666667
1.545074	 	8853.333333
1.281916	 	8860.000000
0.650337	 	8866.666667
-0.481242	 	8873.333333
-0.481242	 	8880.000000
-0.402294	 	8886.666667
-0.191768	 	8893.333333
-1.060189	 	8900.000000
-0.165452	 	8906.666667
-0.349663	 	8913.333333
-0.612821	 	8920.000000
-2.060189	 	8926.666667
-0.533873	 	8933.333333
-1.507557	 	8940.000000
-1.507557	 	8946.666667
-1.560189	 	8953.333333
-2.507557	 	8960.000000
-1.665452	 	8966.666667
-1.586505	 	8973.333333
-2.718084	 	8980.000000
-2.033873	 	8986.666667
-2.428610	 	8993.333333
-2.560189	 	9000.000000
-3.165452	 	9006.666667
-2.744400	 	9013.333333
-2.033873	 	9020.000000
-1.797031	 	9026.666667
-2.770715	 	9033.333333
-2.244400	 	9040.000000
-1.191768	 	9046.666667
-2.639136	 	9053.333333
-1.560189	 	9060.000000
-1.691768	 	9066.666667
-3.402294	 	9073.333333
-2.349663	 	9080.000000
-2.533873	 	9086.666667
-2.586505	 	9093.333333
-2.428610	 	9100.000000
-2.007557	 	9106.666667
-1.718084	 	9113.333333
-1.823347	 	9120.000000
-1.191768	 	9126.666667
-1.349663	 	9133.333333
-1.823347	 	9140.000000
-0.954926	 	9146.666667
-1.191768	 	9153.333333
-1.297031	 	9160.000000
-1.981242	 	9166.666667
-2.191768	 	9173.333333
-2.533873	 	9180.000000
-2.007557	 	9186.666667
-2.744400	 	9193.333333
-3.007557	 	9200.000000
-2.612821	 	9206.666667
-2.402294	 	9213.333333
-3.033873	 	9220.000000
-2.718084	 	9226.666667
-3.481242	 	9233.333333
-2.454926	 	9240.000000
-2.612821	 	9246.666667
-3.112821	 	9253.333333
-3.770715	 	9260.000000
-3.612821	 	9266.666667
-2.718084	 	9273.333333
-2.639136	 	9280.000000
-2.665452	 	9286.666667
-2.902294	 	9293.333333
-1.718084	 	9300.000000
-3.060189	 	9306.666667
-3.481242	 	9313.333333
-3.086505	 	9320.000000
-2.823347	 	9326.666667
-2.191768	 	9333.333333
-2.902294	 	9340.000000
-2.823347	 	9346.666667
-3.218084	 	9353.333333
-4.007557	 	9360.000000
-3.533873	 	9366.666667
-3.718084	 	9373.333333
-3.928610	 	9380.000000
-3.297031	 	9386.666667
-3.665452	 	9393.333333
-3.533873	 	9400.000000
-2.639136	 	9406.666667
-4.086505	 	9413.333333
-3.981242	 	9420.000000
-4.349663	 	9426.666667
-4.507557	 	9433.333333
-3.533873	 	9440.000000
-2.928610	 	9446.666667
-4.086505	 	9453.333333
-3.954926	 	9460.000000
-4.086505	 	9466.666667
-4.402294	 	9473.333333
-3.323347	 	9480.000000
-4.139136	 	9486.666667
-4.928610	 	9493.333333
-4.086505	 	9500.000000
-4.875978	 	9506.666667
-2.981242	 	9513.333333
-4.270715	 	9520.000000
-5.297031	 	9526.666667
-5.139136	 	9533.333333
-4.507557	 	9540.000000
-3.928610	 	9546.666667
-4.691768	 	9553.333333
-4.560189	 	9560.000000
-4.533873	 	9566.666667
-3.770715	 	9573.333333
-4.454926	 	9580.000000
-4.218084	 	9586.666667
-2.612821	 	9593.333333
-3.349663	 	9600.000000
-3.612821	 	9606.666667
-3.375978	 	9613.333333
-2.139136	 	9620.000000
-3.586505	 	9626.666667
-3.586505	 	9633.333333
-3.744400	 	9640.000000
-2.928610	 	9646.666667
-3.454926	 	9653.333333
-4.533873	 	9660.000000
-3.823347	 	9666.666667
-4.191768	 	9673.333333
-4.139136	 	9680.000000
-3.612821	 	9686.666667
-3.928610	 	9693.333333
-3.270715	 	9700.000000
-3.823347	 	9706.666667
-2.902294	 	9713.333333
-2.507557	 	9720.000000
-2.981242	 	9726.666667
-4.428610	 	9733.333333
-4.086505	 	9740.000000
-3.639136	 	9746.666667
-4.086505	 	9753.333333
-3.928610	 	9760.000000
-4.112821	 	9766.666667
-4.191768	 	9773.333333
-3.481242	 	9780.000000
-3.033873	 	9786.666667
-3.218084	 	9793.333333
-3.428610	 	9800.000000
-2.823347	 	9806.666667
-3.007557	 	9813.333333
-1.928610	 	9820.000000
-3.165452	 	9826.666667
-2.191768	 	9833.333333
-2.165452	 	9840.000000
-3.691768	 	9846.666667
-3.428610	 	9853.333333
-3.349663	 	9860.000000
-3.270715	 	9866.666667
-2.718084	 	9873.333333
-2.270715	 	9880.000000
-3.481242	 	9886.666667
-2.902294	 	9893.333333
-3.112821	 	9900.000000
-2.954926	 	9906.666667
-3.402294	 	9913.333333
-3.744400	 	9920.000000
-4.191768	 	9926.666667
-3.007557	 	9933.333333
-3.060189	 	9940.000000
-3.507557	 	9946.666667
-3.770715	 	9953.333333
-4.244400	 	9960.000000
-4.218084	 	9966.666667
-4.665452	 	9973.333333
-5.033873	 	9980.000000
-4.481242	 	9986.666667
-4.797031	 	9993.333333
-4.428610	 	10000.000000
-4.349663	 	10006.666667
-5.349663	 	10013.333333
-4.218084	 	10020.000000
-5.218084	 	10026.666667
-4.086505	 	10033.333333
-3.902294	 	10040.000000
-4.165452	 	10046.666667
-4.981242	 	10053.333333
-3.112821	 	10060.000000
-4.270715	 	10066.666667
-3.744400	 	10073.333333
-3.507557	 	10080.000000
-3.928610	 	10086.666667
-3.875978	 	10093.333333
-3.744400	 	10100.000000
-4.586505	 	10106.666667
-4.297031	 	10113.333333
-3.270715	 	10120.000000
-4.139136	 	10126.666667
-3.402294	 	10133.333333
-4.349663	 	10140.000000
-3.797031	 	10146.666667
-3.454926	 	10153.333333
-4.007557	 	10160.000000
-4.928610	 	10166.666667
-3.691768	 	10173.333333
-4.323347	 	10180.000000
-4.165452	 	10186.666667
-4.981242	 	10193.333333
-4.981242	 	10200.000000
-4.718084	 	10206.666667
-4.533873	 	10213.333333
-4.849663	 	10220.000000
-4.928610	 	10226.666667
-6.165452	 	10233.333333
-5.349663	 	10240.000000
-5.586505	 	10246.666667
-4.770715	 	10253.333333
-5.033873	 	10260.000000
-3.797031	 	10266.666667
-3.665452	 	10273.333333
-4.428610	 	10280.000000
-3.218084	 	10286.666667
-3.691768	 	10293.333333
-3.981242	 	10300.000000
-3.270715	 	10306.666667
-3.428610	 	10313.333333
-4.454926	 	10320.000000
-4.849663	 	10326.666667
-3.954926	 	10333.333333
-4.270715	 	10340.000000
-5.007557	 	10346.666667
-4.586505	 	10353.333333
-3.797031	 	10360.000000
-4.507557	 	10366.666667
-3.639136	 	10373.333333
-2.402294	 	10380.000000
-3.270715	 	10386.666667
-1.849663	 	10393.333333
-3.033873	 	10400.000000
-2.902294	 	10406.666667
-3.297031	 	10413.333333
-3.007557	 	10420.000000
-3.428610	 	10426.666667
-3.375978	 	10433.333333
-3.823347	 	10440.000000
-2.823347	 	10446.666667
-4.428610	 	10453.333333
-3.928610	 	10460.000000
-3.586505	 	10466.666667
-4.375978	 	10473.333333
-4.218084	 	10480.000000
-5.139136	 	10486.666667
-4.875978	 	10493.333333
-5.139136	 	10500.000000
-5.165452	 	10506.666667
-5.007557	 	10513.333333
-5.902294	 	10520.000000
-5.112821	 	10526.666667
-5.560189	 	10533.333333
-5.718084	 	10540.000000
-4.981242	 	10546.666667
-5.218084	 	10553.333333
-4.612821	 	10560.000000
-5.244400	 	10566.666667
-6.375978	 	10573.333333
-4.718084	 	10580.000000
-6.797031	 	10586.666667
-4.533873	 	10593.333333
-4.875978	 	10600.000000
-5.691768	 	10606.666667
-5.139136	 	10613.333333
-4.849663	 	10620.000000
-6.402294	 	10626.666667
-5.033873	 	10633.333333
-4.744400	 	10640.000000
-5.033873	 	10646.666667
-5.033873	 	10653.333333
-3.849663	 	10660.000000
-4.902294	 	10666.666667
-5.139136	 	10673.333333
-4.797031	 	10680.000000
-4.586505	 	10686.666667
-4.665452	 	10693.333333
-5.139136	 	10700.000000
-4.533873	 	10706.666667
-6.402294	 	10713.333333
-5.165452	 	10720.000000
-5.481242	 	10726.666667
-5.612821	 	10733.333333
-5.586505	 	10740.000000
-5.718084	 	10746.666667
-6.244400	 	10753.333333
-6.191768	 	10760.000000
-5.060189	 	10766.666667
-5.849663	 	10773.333333
-5.902294	 	10780.000000
-5.928610	 	10786.666667
-6.112821	 	10793.333333
-6.349663	 	10800.000000
-6.744400	 	10806.666667
-6.086505	 	10813.333333
-6.402294	 	10820.000000
-6.375978	 	10826.666667
-4.849663	 	10833.333333
-5.402294	 	10840.000000
-5.533873	 	10846.666667
-5.428610	 	10853.333333
-4.691768	 	10860.000000
-6.218084	 	10866.666667
-4.244400	 	10873.333333
-3.402294	 	10880.000000
-4.323347	 	10886.666667
-3.060189	 	10893.333333
-3.981242	 	10900.000000
-4.191768	 	10906.666667
-3.191768	 	10913.333333
-2.665452	 	10920.000000
-2.954926	 	10926.666667
-2.297031	 	10933.333333
-1.849663	 	10940.000000
-2.928610	 	10946.666667
-3.139136	 	10953.333333
-3.770715	 	10960.000000
-3.375978	 	10966.666667
-3.112821	 	10973.333333
-3.349663	 	10980.000000
-3.928610	 	10986.666667
-3.297031	 	10993.333333
-4.033873	 	11000.000000
-3.797031	 	11006.666667
-3.849663	 	11013.333333
-3.375978	 	11020.000000
-3.139136	 	11026.666667
-3.639136	 	11033.333333
-3.691768	 	11040.000000
-3.849663	 	11046.666667
-3.033873	 	11053.333333
-4.112821	 	11060.000000
-3.639136	 	11066.666667
-3.691768	 	11073.333333
-4.612821	 	11080.000000
-4.349663	 	11086.666667
-4.612821	 	11093.333333
-4.139136	 	11100.000000
-3.981242	 	11106.666667
-4.691768	 	11113.333333
-4.612821	 	11120.000000
-4.507557	 	11126.666667
-4.402294	 	11133.333333
-4.349663	 	11140.000000
-5.139136	 	11146.666667
-5.191768	 	11153.333333
-6.033873	 	11160.000000
-5.691768	 	11166.666667
-5.507557	 	11173.333333
-5.718084	 	11180.000000
-6.297031	 	11186.666667
-5.928610	 	11193.333333
-5.849663	 	11200.000000
-6.033873	 	11206.666667
-6.507557	 	11213.333333
-6.112821	 	11220.000000
-6.270715	 	11226.666667
-6.218084	 	11233.333333
-6.928610	 	11240.000000
-7.086505	 	11246.666667
-5.797031	 	11253.333333
-7.218084	 	11260.000000
-7.165452	 	11266.666667
-5.928610	 	11273.333333
-6.665452	 	11280.000000
-7.270715	 	11286.666667
-8.086505	 	11293.333333
-6.849663	 	11300.000000
-6.691768	 	11306.666667
-6.718084	 	11313.333333
-6.139136	 	11320.000000
-4.849663	 	11326.666667
-5.612821	 	11333.333333
-5.402294	 	11340.000000
-5.639136	 	11346.666667
-5.665452	 	11353.333333
-6.033873	 	11360.000000
-5.744400	 	11366.666667
-5.665452	 	11373.333333
-6.244400	 	11380.000000
-5.533873	 	11386.666667
-6.112821	 	11393.333333
-6.007557	 	11400.000000
-4.612821	 	11406.666667
-4.533873	 	11413.333333
-4.902294	 	11420.000000
-5.060189	 	11426.666667
-5.428610	 	11433.333333
-6.007557	 	11440.000000
-5.902294	 	11446.666667
-4.875978	 	11453.333333
-3.481242	 	11460.000000
-3.823347	 	11466.666667
-5.375978	 	11473.333333
-3.981242	 	11480.000000
-4.691768	 	11486.666667
-3.323347	 	11493.333333
-4.928610	 	11500.000000
-3.718084	 	11506.666667
-3.744400	 	11513.333333
-3.033873	 	11520.000000
-4.375978	 	11526.666667
-4.507557	 	11533.333333
-4.823347	 	11540.000000
-4.797031	 	11546.666667
-4.033873	 	11553.333333
-4.770715	 	11560.000000
-3.560189	 	11566.666667
-4.218084	 	11573.333333
-4.191768	 	11580.000000
-4.612821	 	11586.666667
-5.428610	 	11593.333333
-2.770715	 	11600.000000
-4.718084	 	11606.666667
-3.402294	 	11613.333333
-3.823347	 	11620.000000
-3.586505	 	11626.666667
-3.875978	 	11633.333333
-3.218084	 	11640.000000
-4.481242	 	11646.666667
-5.244400	 	11653.333333
-4.507557	 	11660.000000
-4.797031	 	11666.666667
-4.823347	 	11673.333333
-4.402294	 	11680.000000
-5.033873	 	11686.666667
-4.402294	 	11693.333333
-4.875978	 	11700.000000
-3.797031	 	11706.666667
-5.165452	 	11713.333333
-3.902294	 	11720.000000
-4.507557	 	11726.666667
-5.797031	 	11733.333333
-4.139136	 	11740.000000
-4.139136	 	11746.666667
-4.849663	 	11753.333333
-4.586505	 	11760.000000
-4.770715	 	11766.666667
-5.086505	 	11773.333333
-3.902294	 	11780.000000
-4.507557	 	11786.666667
-4.849663	 	11793.333333
-4.797031	 	11800.000000
-4.086505	 	11806.666667
-4.270715	 	11813.333333
-4.691768	 	11820.000000
-3.954926	 	11826.666667
-3.718084	 	11833.333333
-2.612821	 	11840.000000
-4.612821	 	11846.666667
-4.454926	 	11853.333333
-4.375978	 	11860.000000
-4.797031	 	11866.666667
-3.165452	 	11873.333333
-3.691768	 	11880.000000
-3.270715	 	11886.666667
-4.533873	 	11893.333333
-3.533873	 	11900.000000
-4.244400	 	11906.666667
-3.612821	 	11913.333333
-3.297031	 	11920.000000
-4.428610	 	11926.666667
-5.112821	 	11933.333333
-4.928610	 	11940.000000
-3.902294	 	11946.666667
-4.560189	 	11953.333333
-5.481242	 	11960.000000
-5.323347	 	11966.666667
-5.560189	 	11973.333333
-5.586505	 	11980.000000
-5.349663	 	11986.666667
-5.086505	 	11993.333333
-5.849663	 	12000.000000
-6.112821	 	12006.666667
-6.507557	 	12013.333333
-5.297031	 	12020.000000
-6.928610	 	12026.666667
-6.481242	 	12033.333333
-6.875978	 	12040.000000
-6.797031	 	12046.666667
-6.586505	 	12053.333333
-6.297031	 	12060.000000
-6.402294	 	12066.666667
-7.744400	 	12073.333333
-5.823347	 	12080.000000
-6.507557	 	12086.666667
-7.349663	 	12093.333333
-6.297031	 	12100.000000
-7.375978	 	12106.666667
-7.612821	 	12113.333333
-7.612821	 	12120.000000
-7.270715	 	12126.666667
-6.244400	 	12133.333333
-7.033873	 	12140.000000
-7.033873	 	12146.666667
-6.612821	 	12153.333333
-6.507557	 	12160.000000
-7.218084	 	12166.666667
-5.954926	 	12173.333333
-7.560189	 	12180.000000
-7.060189	 	12186.666667
-6.218084	 	12193.333333
-6.902294	 	12200.000000
-5.244400	 	12206.666667
-6.007557	 	12213.333333
-7.270715	 	12220.000000
-7.875978	 	12226.666667
-7.375978	 	12233.333333
-6.639136	 	12240.000000
-6.875978	 	12246.666667
-6.665452	 	12253.333333
-6.428610	 	12260.000000
-5.928610	 	12266.666667
-6.954926	 	12273.333333
-5.691768	 	12280.000000
-7.270715	 	12286.666667
-7.323347	 	12293.333333
-6.875978	 	12300.000000
-6.033873	 	12306.666667
-6.533873	 	12313.333333
-7.560189	 	12320.000000
-6.454926	 	12326.666667
-7.033873	 	12333.333333
-6.375978	 	12340.000000
-5.507557	 	12346.666667
-5.902294	 	12353.333333
-6.718084	 	12360.000000
-6.191768	 	12366.666667
-6.165452	 	12373.333333
-6.928610	 	12380.000000
-5.718084	 	12386.666667
-6.270715	 	12393.333333
-7.060189	 	12400.000000
-6.165452	 	12406.666667
-6.954926	 	12413.333333
-6.744400	 	12420.000000
-5.954926	 	12426.666667
-6.481242	 	12433.333333
-7.218084	 	12440.000000
-6.665452	 	12446.666667
-6.244400	 	12453.333333
-6.270715	 	12460.000000
-4.875978	 	12466.666667
-4.823347	 	12473.333333
-5.112821	 	12480.000000
-4.402294	 	12486.666667
-3.718084	 	12493.333333
-4.244400	 	12500.000000
-4.744400	 	12506.666667
-3.981242	 	12513.333333
-4.297031	 	12520.000000
-5.902294	 	12526.666667
-4.270715	 	12533.333333
-6.533873	 	12540.000000
-5.718084	 	12546.666667
-4.981242	 	12553.333333
-5.270715	 	12560.000000
-5.270715	 	12566.666667
-6.244400	 	12573.333333
-6.586505	 	12580.000000
-5.875978	 	12586.666667
-6.112821	 	12593.333333
-4.718084	 	12600.000000
-5.112821	 	12606.666667
-5.875978	 	12613.333333
-5.586505	 	12620.000000
-5.481242	 	12626.666667
-5.665452	 	12633.333333
-4.639136	 	12640.000000
-5.560189	 	12646.666667
-4.981242	 	12653.333333
-5.323347	 	12660.000000
-5.902294	 	12666.666667
-5.139136	 	12673.333333
-5.191768	 	12680.000000
-4.954926	 	12686.666667
-6.033873	 	12693.333333
-4.244400	 	12700.000000
-5.639136	 	12706.666667
-4.139136	 	12713.333333
-5.270715	 	12720.000000
-6.428610	 	12726.666667
-4.928610	 	12733.333333
-4.770715	 	12740.000000
-4.507557	 	12746.666667
-5.744400	 	12753.333333
-5.007557	 	12760.000000
-5.875978	 	12766.666667
-5.086505	 	12773.333333
-6.033873	 	12780.000000
-6.191768	 	12786.666667
-5.139136	 	12793.333333
-4.797031	 	12800.000000
-5.165452	 	12806.666667
-4.323347	 	12813.333333
-2.902294	 	12820.000000
-3.428610	 	12826.666667
-3.533873	 	12833.333333
-2.297031	 	12840.000000
-3.533873	 	12846.666667
-2.823347	 	12853.333333
-3.191768	 	12860.000000
-2.691768	 	12866.666667
-1.849663	 	12873.333333
-3.165452	 	12880.000000
-3.323347	 	12886.666667
-4.191768	 	12893.333333
-3.165452	 	12900.000000
-4.586505	 	12906.666667
-4.481242	 	12913.333333
-4.402294	 	12920.000000
-3.797031	 	12926.666667
-4.270715	 	12933.333333
-3.954926	 	12940.000000
-3.612821	 	12946.666667
-2.797031	 	12953.333333
-2.481242	 	12960.000000
-2.139136	 	12966.666667
-2.744400	 	12973.333333
-2.375978	 	12980.000000
-2.060189	 	12986.666667
-1.454926	 	12993.333333
-2.060189	 	13000.000000
-1.349663	 	13006.666667
-1.902294	 	13013.333333
-2.191768	 	13020.000000
-1.691768	 	13026.666667
-3.112821	 	13033.333333
-2.902294	 	13040.000000
-2.191768	 	13046.666667
-3.297031	 	13053.333333
-3.165452	 	13060.000000
-3.507557	 	13066.666667
-3.086505	 	13073.333333
-2.849663	 	13080.000000
-3.033873	 	13086.666667
-2.954926	 	13093.333333
-2.954926	 	13100.000000
-3.428610	 	13106.666667
-3.086505	 	13113.333333
-3.375978	 	13120.000000
-3.902294	 	13126.666667
-3.191768	 	13133.333333
-3.297031	 	13140.000000
-3.218084	 	13146.666667
-4.454926	 	13153.333333
-3.665452	 	13160.000000
-3.507557	 	13166.666667
-3.954926	 	13173.333333
-2.297031	 	13180.000000
-2.797031	 	13186.666667
-2.954926	 	13193.333333
-3.112821	 	13200.000000
-3.954926	 	13206.666667
-3.454926	 	13213.333333
-3.191768	 	13220.000000
-3.270715	 	13226.666667
-2.033873	 	13233.333333
-1.797031	 	13240.000000
-1.060189	 	13246.666667
-1.139136	 	13253.333333
-1.086505	 	13260.000000
-1.718084	 	13266.666667
-1.533873	 	13273.333333
-1.981242	 	13280.000000
-1.454926	 	13286.666667
-0.560189	 	13293.333333
-1.007557	 	13300.000000
-1.770715	 	13306.666667
-1.928610	 	13313.333333
-1.849663	 	13320.000000
-0.770715	 	13326.666667
