#peak 	 	#time 
2.298417	 	0.000000
2.652182	 	6.666667
3.129567	 	13.333333
2.598018	 	20.000000
2.739662	 	26.666667
2.656123	 	33.333333
3.061148	 	40.000000
2.487977	 	46.666667
3.311389	 	53.333333
3.165047	 	60.000000
3.616267	 	66.666667
3.921145	 	73.333333
3.384560	 	80.000000
3.543096	 	86.666667
3.213828	 	93.333333
3.140657	 	100.000000
3.616267	 	106.666667
2.957730	 	113.333333
3.908950	 	120.000000
3.762608	 	126.666667
4.238218	 	133.333333
3.774803	 	140.000000
3.994316	 	146.666667
3.299194	 	153.333333
3.872364	 	160.000000
3.762608	 	166.666667
3.774803	 	173.333333
4.323584	 	180.000000
4.628462	 	186.666667
4.482121	 	193.333333
4.201633	 	200.000000
4.067486	 	206.666667
4.128462	 	213.333333
3.530901	 	220.000000
3.786999	 	226.666667
4.152852	 	233.333333
3.786999	 	240.000000
3.945535	 	246.666667
4.128462	 	253.333333
3.713828	 	260.000000
4.445535	 	266.666667
4.006511	 	273.333333
3.457730	 	280.000000
4.128462	 	286.666667
4.530901	 	293.333333
4.128462	 	300.000000
4.030901	 	306.666667
4.421145	 	313.333333
3.872364	 	320.000000
4.177242	 	326.666667
3.652852	 	333.333333
4.189438	 	340.000000
4.384560	 	346.666667
4.189438	 	353.333333
3.165047	 	360.000000
4.018706	 	366.666667
3.823584	 	373.333333
3.933340	 	380.000000
3.347974	 	386.666667
3.872364	 	393.333333
3.872364	 	400.000000
3.957730	 	406.666667
3.433340	 	413.333333
2.823584	 	420.000000
3.847974	 	426.666667
3.945535	 	433.333333
3.079682	 	440.000000
3.518706	 	446.666667
3.140657	 	453.333333
3.384560	 	460.000000
3.555291	 	466.666667
3.616267	 	473.333333
4.165047	 	480.000000
4.030901	 	486.666667
3.994316	 	493.333333
4.213828	 	500.000000
4.665047	 	506.666667
3.957730	 	513.333333
3.811389	 	520.000000
3.969925	 	526.666667
4.226023	 	533.333333
4.372364	 	540.000000
4.494316	 	546.666667
4.067486	 	553.333333
4.555291	 	560.000000
5.286999	 	566.666667
4.738218	 	573.333333
4.433340	 	580.000000
4.884560	 	586.666667
5.323584	 	593.333333
4.847974	 	600.000000
5.067486	 	606.666667
4.518706	 	613.333333
4.152852	 	620.000000
4.567486	 	626.666667
4.360169	 	633.333333
4.030901	 	640.000000
3.640657	 	646.666667
3.774803	 	653.333333
3.872364	 	660.000000
4.006511	 	666.666667
4.286999	 	673.333333
4.104072	 	680.000000
4.238218	 	686.666667
3.982121	 	693.333333
3.933340	 	700.000000
3.774803	 	706.666667
3.311389	 	713.333333
3.847974	 	720.000000
3.530901	 	726.666667
4.226023	 	733.333333
3.652852	 	740.000000
4.091877	 	746.666667
3.738218	 	753.333333
4.116267	 	760.000000
3.847974	 	766.666667
3.311389	 	773.333333
3.299194	 	780.000000
3.701633	 	786.666667
4.165047	 	793.333333
3.896755	 	800.000000
3.482121	 	806.666667
3.433340	 	813.333333
3.750413	 	820.000000
3.116267	 	826.666667
4.006511	 	833.333333
3.421145	 	840.000000
3.091877	 	846.666667
3.372364	 	853.333333
3.384560	 	860.000000
3.969925	 	866.666667
3.847974	 	873.333333
3.128462	 	880.000000
3.384560	 	886.666667
3.165047	 	893.333333
3.628462	 	900.000000
3.226023	 	906.666667
3.189438	 	913.333333
4.189438	 	920.000000
4.506511	 	926.666667
4.482121	 	933.333333
4.067486	 	940.000000
3.555291	 	946.666667
3.750413	 	953.333333
4.043096	 	960.000000
3.957730	 	966.666667
4.286999	 	973.333333
4.652852	 	980.000000
4.043096	 	986.666667
4.030901	 	993.333333
3.530901	 	1000.000000
3.738218	 	1006.666667
4.274803	 	1013.333333
4.384560	 	1020.000000
3.604072	 	1026.666667
3.835779	 	1033.333333
3.360169	 	1040.000000
3.543096	 	1046.666667
3.774803	 	1053.333333
3.896755	 	1060.000000
3.652852	 	1066.666667
3.786999	 	1073.333333
3.726023	 	1080.000000
3.677242	 	1086.666667
4.445535	 	1093.333333
3.896755	 	1100.000000
4.213828	 	1106.666667
3.896755	 	1113.333333
3.018706	 	1120.000000
3.957730	 	1126.666667
4.006511	 	1133.333333
3.652852	 	1140.000000
4.006511	 	1146.666667
4.165047	 	1153.333333
4.055291	 	1160.000000
3.494316	 	1166.666667
3.969925	 	1173.333333
3.555291	 	1180.000000
4.116267	 	1186.666667
3.079682	 	1193.333333
3.884560	 	1200.000000
4.030901	 	1206.666667
4.433340	 	1213.333333
3.726023	 	1220.000000
3.677242	 	1226.666667
4.079682	 	1233.333333
3.469925	 	1240.000000
3.665047	 	1246.666667
3.677242	 	1253.333333
3.494316	 	1260.000000
3.823584	 	1266.666667
3.323584	 	1273.333333
3.201633	 	1280.000000
3.091877	 	1286.666667
3.982121	 	1293.333333
4.055291	 	1300.000000
3.994316	 	1306.666667
3.811389	 	1313.333333
3.908950	 	1320.000000
3.982121	 	1326.666667
3.640657	 	1333.333333
3.567486	 	1340.000000
4.408950	 	1346.666667
4.713828	 	1353.333333
4.384560	 	1360.000000
4.091877	 	1366.666667
4.518706	 	1373.333333
4.421145	 	1380.000000
4.469925	 	1386.666667
5.055291	 	1393.333333
4.567486	 	1400.000000
4.982121	 	1406.666667
4.323584	 	1413.333333
4.445535	 	1420.000000
4.372364	 	1426.666667
3.762608	 	1433.333333
3.774803	 	1440.000000
4.799194	 	1446.666667
3.847974	 	1453.333333
4.140657	 	1460.000000
4.067486	 	1466.666667
4.250413	 	1473.333333
3.933340	 	1480.000000
3.884560	 	1486.666667
3.957730	 	1493.333333
3.408950	 	1500.000000
4.030901	 	1506.666667
3.433340	 	1513.333333
4.421145	 	1520.000000
3.555291	 	1526.666667
3.628462	 	1533.333333
3.677242	 	1540.000000
3.665047	 	1546.666667
3.762608	 	1553.333333
3.274803	 	1560.000000
3.567486	 	1566.666667
3.286999	 	1573.333333
2.994316	 	1580.000000
3.579682	 	1586.666667
3.030901	 	1593.333333
3.189438	 	1600.000000
3.250413	 	1606.666667
2.994316	 	1613.333333
3.165047	 	1620.000000
3.543096	 	1626.666667
3.701633	 	1633.333333
3.396755	 	1640.000000
3.299194	 	1646.666667
3.689438	 	1653.333333
3.006511	 	1660.000000
3.311389	 	1666.666667
3.128462	 	1673.333333
2.530901	 	1680.000000
3.823584	 	1686.666667
3.445535	 	1693.333333
4.128462	 	1700.000000
3.896755	 	1706.666667
3.933340	 	1713.333333
3.677242	 	1720.000000
3.945535	 	1726.666667
3.835779	 	1733.333333
3.152852	 	1740.000000
3.835779	 	1746.666667
4.323584	 	1753.333333
4.067486	 	1760.000000
3.421145	 	1766.666667
3.872364	 	1773.333333
4.665047	 	1780.000000
5.104072	 	1786.666667
5.372364	 	1793.333333
5.689438	 	1800.000000
5.152852	 	1806.666667
5.262608	 	1813.333333
5.750413	 	1820.000000
5.372364	 	1826.666667
5.689438	 	1833.333333
6.226023	 	1840.000000
6.018706	 	1846.666667
5.957730	 	1853.333333
5.860169	 	1860.000000
5.945535	 	1866.666667
6.384560	 	1873.333333
6.165047	 	1880.000000
6.177242	 	1886.666667
5.921145	 	1893.333333
6.469925	 	1900.000000
6.286999	 	1906.666667
6.421145	 	1913.333333
7.372364	 	1920.000000
6.799194	 	1926.666667
6.396755	 	1933.333333
5.823584	 	1940.000000
6.347974	 	1946.666667
6.372364	 	1953.333333
6.286999	 	1960.000000
6.555291	 	1966.666667
6.835779	 	1973.333333
6.469925	 	1980.000000
6.165047	 	1986.666667
6.201633	 	1993.333333
6.079682	 	2000.000000
6.799194	 	2006.666667
6.506511	 	2013.333333
6.384560	 	2020.000000
6.604072	 	2026.666667
6.408950	 	2033.333333
6.201633	 	2040.000000
5.982121	 	2046.666667
6.774803	 	2053.333333
6.530901	 	2060.000000
6.189438	 	2066.666667
6.982121	 	2073.333333
6.726023	 	2080.000000
7.482121	 	2086.666667
6.689438	 	2093.333333
6.982121	 	2100.000000
7.323584	 	2106.666667
7.347974	 	2113.333333
7.396755	 	2120.000000
7.079682	 	2126.666667
6.774803	 	2133.333333
7.372364	 	2140.000000
6.823584	 	2146.666667
6.908950	 	2153.333333
6.445535	 	2160.000000
6.067486	 	2166.666667
6.226023	 	2173.333333
6.213828	 	2180.000000
6.043096	 	2186.666667
6.043096	 	2193.333333
6.177242	 	2200.000000
5.555291	 	2206.666667
6.506511	 	2213.333333
6.091877	 	2220.000000
5.799194	 	2226.666667
6.323584	 	2233.333333
6.445535	 	2240.000000
7.201633	 	2246.666667
6.774803	 	2253.333333
6.408950	 	2260.000000
6.969925	 	2266.666667
7.347974	 	2273.333333
7.262608	 	2280.000000
7.128462	 	2286.666667
6.847974	 	2293.333333
6.469925	 	2300.000000
6.104072	 	2306.666667
5.921145	 	2313.333333
5.762608	 	2320.000000
6.701633	 	2326.666667
6.616267	 	2333.333333
5.774803	 	2340.000000
5.738218	 	2346.666667
5.299194	 	2353.333333
5.408950	 	2360.000000
5.738218	 	2366.666667
5.738218	 	2373.333333
5.921145	 	2380.000000
4.640657	 	2386.666667
5.043096	 	2393.333333
5.396755	 	2400.000000
5.396755	 	2406.666667
5.945535	 	2413.333333
6.262608	 	2420.000000
6.299194	 	2426.666667
6.384560	 	2433.333333
6.347974	 	2440.000000
5.384560	 	2446.666667
5.506511	 	2453.333333
5.921145	 	2460.000000
6.518706	 	2466.666667
6.957730	 	2473.333333
6.055291	 	2480.000000
6.628462	 	2486.666667
6.811389	 	2493.333333
6.384560	 	2500.000000
6.579682	 	2506.666667
6.165047	 	2513.333333
6.116267	 	2520.000000
5.726023	 	2526.666667
5.774803	 	2533.333333
6.286999	 	2540.000000
5.872364	 	2546.666667
5.445535	 	2553.333333
5.884560	 	2560.000000
6.884560	 	2566.666667
5.689438	 	2573.333333
6.250413	 	2580.000000
5.286999	 	2586.666667
5.713828	 	2593.333333
6.408950	 	2600.000000
6.335779	 	2606.666667
5.994316	 	2613.333333
6.030901	 	2620.000000
6.274803	 	2626.666667
6.286999	 	2633.333333
6.774803	 	2640.000000
5.128462	 	2646.666667
5.933340	 	2653.333333
5.238218	 	2660.000000
6.055291	 	2666.666667
5.823584	 	2673.333333
5.299194	 	2680.000000
6.043096	 	2686.666667
5.982121	 	2693.333333
5.957730	 	2700.000000
5.274803	 	2706.666667
4.896755	 	2713.333333
5.347974	 	2720.000000
4.921145	 	2726.666667
4.835779	 	2733.333333
4.701633	 	2740.000000
4.762608	 	2746.666667
5.311389	 	2753.333333
5.226023	 	2760.000000
4.604072	 	2766.666667
5.335779	 	2773.333333
4.604072	 	2780.000000
4.762608	 	2786.666667
4.726023	 	2793.333333
4.750413	 	2800.000000
4.689438	 	2806.666667
4.665047	 	2813.333333
5.006511	 	2820.000000
4.506511	 	2826.666667
4.421145	 	2833.333333
5.079682	 	2840.000000
4.433340	 	2846.666667
3.786999	 	2853.333333
3.811389	 	2860.000000
4.201633	 	2866.666667
4.408950	 	2873.333333
4.055291	 	2880.000000
3.823584	 	2886.666667
3.677242	 	2893.333333
4.189438	 	2900.000000
4.226023	 	2906.666667
3.799194	 	2913.333333
3.482121	 	2920.000000
4.238218	 	2926.666667
4.494316	 	2933.333333
3.177242	 	2940.000000
3.726023	 	2946.666667
4.030901	 	2953.333333
4.543096	 	2960.000000
4.591877	 	2966.666667
3.908950	 	2973.333333
4.555291	 	2980.000000
3.616267	 	2986.666667
4.152852	 	2993.333333
4.457730	 	3000.000000
4.530901	 	3006.666667
4.555291	 	3013.333333
4.030901	 	3020.000000
3.786999	 	3026.666667
4.335779	 	3033.333333
4.286999	 	3040.000000
4.786999	 	3046.666667
5.091877	 	3053.333333
5.091877	 	3060.000000
4.604072	 	3066.666667
4.786999	 	3073.333333
4.933340	 	3080.000000
5.433340	 	3086.666667
4.969925	 	3093.333333
5.469925	 	3100.000000
5.921145	 	3106.666667
5.006511	 	3113.333333
4.847974	 	3120.000000
6.299194	 	3126.666667
41.335779	 	3133.333333
184.116267	 	3140.000000
397.189438	 	3146.666667
612.421145	 	3153.333333
803.323584	 	3160.000000
969.445535	 	3166.666667
1131.238218	 	3173.333333
1286.311389	 	3180.000000
1434.274803	 	3186.666667
1572.908950	 	3193.333333
1707.726023	 	3200.000000
1840.579682	 	3206.666667
1979.165047	 	3213.333333
2116.128462	 	3220.000000
2256.774803	 	3226.666667
2398.969925	 	3233.333333
2543.189438	 	3240.000000
2686.128462	 	3246.666667
2836.908950	 	3253.333333
2980.421145	 	3260.000000
3127.177242	 	3266.666667
3270.982121	 	3273.333333
3408.640657	 	3280.000000
3544.994316	 	3286.666667
3691.421145	 	3293.333333
3831.713828	 	3300.000000
3961.018706	 	3306.666667
4086.762608	 	3313.333333
4215.835779	 	3320.000000
4339.628462	 	3326.666667
4454.677242	 	3333.333333
4564.933340	 	3340.000000
4680.652852	 	3346.666667
4776.823584	 	3353.333333
4868.530901	 	3360.000000
4958.762608	 	3366.666667
5030.530901	 	3373.333333
5095.116267	 	3380.000000
5154.396755	 	3386.666667
5213.665047	 	3393.333333
5263.908950	 	3400.000000
5298.335779	 	3406.666667
5328.226023	 	3413.333333
5357.945535	 	3420.000000
5363.177242	 	3426.666667
5366.177242	 	3433.333333
5375.165047	 	3440.000000
5369.896755	 	3446.666667
5352.250413	 	3453.333333
5337.652852	 	3460.000000
5323.299194	 	3466.666667
5300.494316	 	3473.333333
5273.555291	 	3480.000000
5241.018706	 	3486.666667
5216.360169	 	3493.333333
5188.652852	 	3500.000000
5157.104072	 	3506.666667
5116.128462	 	3513.333333
5080.945535	 	3520.000000
5043.165047	 	3526.666667
4996.652852	 	3533.333333
4954.945535	 	3540.000000
4912.604072	 	3546.666667
4865.213828	 	3553.333333
4816.213828	 	3560.000000
4766.689438	 	3566.666667
4715.738218	 	3573.333333
4663.494316	 	3580.000000
4614.945535	 	3586.666667
4562.250413	 	3593.333333
4507.945535	 	3600.000000
4449.201633	 	3606.666667
4392.104072	 	3613.333333
4333.628462	 	3620.000000
4275.128462	 	3626.666667
4219.713828	 	3633.333333
4160.140657	 	3640.000000
4099.860169	 	3646.666667
4045.384560	 	3653.333333
3989.360169	 	3660.000000
3932.543096	 	3666.666667
3877.701633	 	3673.333333
3820.055291	 	3680.000000
3767.494316	 	3686.666667
3710.530901	 	3693.333333
3654.738218	 	3700.000000
3602.189438	 	3706.666667
3550.652852	 	3713.333333
3497.896755	 	3720.000000
3443.982121	 	3726.666667
3390.945535	 	3733.333333
3340.250413	 	3740.000000
3288.933340	 	3746.666667
3237.750413	 	3753.333333
3190.250413	 	3760.000000
3140.665047	 	3766.666667
3090.957730	 	3773.333333
3042.689438	 	3780.000000
2993.104072	 	3786.666667
2942.591877	 	3793.333333
2894.738218	 	3800.000000
2846.665047	 	3806.666667
2799.665047	 	3813.333333
2754.555291	 	3820.000000
2710.701633	 	3826.666667
2663.201633	 	3833.333333
2619.006511	 	3840.000000
2574.604072	 	3846.666667
2532.079682	 	3853.333333
2488.482121	 	3860.000000
2446.238218	 	3866.666667
2405.567486	 	3873.333333
2366.799194	 	3880.000000
2328.238218	 	3886.666667
2287.713828	 	3893.333333
2250.969925	 	3900.000000
2214.055291	 	3906.666667
2177.396755	 	3913.333333
2141.055291	 	3920.000000
2106.604072	 	3926.666667
2070.713828	 	3933.333333
2037.067486	 	3940.000000
2003.640657	 	3946.666667
1969.872364	 	3953.333333
1937.616267	 	3960.000000
1903.238218	 	3966.666667
1872.433340	 	3973.333333
1840.518706	 	3980.000000
1809.445535	 	3986.666667
1778.506511	 	3993.333333
1749.262608	 	4000.000000
1719.677242	 	4006.666667
1691.774803	 	4013.333333
1662.640657	 	4020.000000
1636.384560	 	4026.666667
1610.860169	 	4033.333333
1584.799194	 	4040.000000
1558.482121	 	4046.666667
1533.177242	 	4053.333333
1508.677242	 	4060.000000
1484.994316	 	4066.666667
1460.104072	 	4073.333333
1436.494316	 	4080.000000
1412.726023	 	4086.666667
1390.835779	 	4093.333333
1370.177242	 	4100.000000
1349.116267	 	4106.666667
1327.262608	 	4113.333333
1307.457730	 	4120.000000
1288.579682	 	4126.666667
1270.384560	 	4133.333333
1250.762608	 	4140.000000
1230.982121	 	4146.666667
1212.347974	 	4153.333333
1193.908950	 	4160.000000
1176.762608	 	4166.666667
1158.835779	 	4173.333333
1140.726023	 	4180.000000
1124.347974	 	4186.666667
1107.482121	 	4193.333333
1091.274803	 	4200.000000
1074.689438	 	4206.666667
1058.433340	 	4213.333333
1042.604072	 	4220.000000
1028.665047	 	4226.666667
1013.165047	 	4233.333333
997.774803	 	4240.000000
983.921145	 	4246.666667
969.774803	 	4253.333333
955.274803	 	4260.000000
941.750413	 	4266.666667
927.969925	 	4273.333333
913.689438	 	4280.000000
901.372364	 	4286.666667
889.482121	 	4293.333333
876.335779	 	4300.000000
864.128462	 	4306.666667
851.665047	 	4313.333333
839.104072	 	4320.000000
826.957730	 	4326.666667
815.811389	 	4333.333333
803.408950	 	4340.000000
791.091877	 	4346.666667
778.128462	 	4353.333333
767.445535	 	4360.000000
756.762608	 	4366.666667
746.567486	 	4373.333333
734.738218	 	4380.000000
724.189438	 	4386.666667
714.177242	 	4393.333333
703.786999	 	4400.000000
692.555291	 	4406.666667
682.579682	 	4413.333333
673.543096	 	4420.000000
663.835779	 	4426.666667
655.262608	 	4433.333333
645.908950	 	4440.000000
637.750413	 	4446.666667
628.762608	 	4453.333333
619.811389	 	4460.000000
612.945535	 	4466.666667
603.604072	 	4473.333333
594.799194	 	4480.000000
586.347974	 	4486.666667
578.884560	 	4493.333333
570.823584	 	4500.000000
562.494316	 	4506.666667
555.543096	 	4513.333333
547.969925	 	4520.000000
540.396755	 	4526.666667
533.165047	 	4533.333333
527.445535	 	4540.000000
520.457730	 	4546.666667
515.043096	 	4553.333333
508.445535	 	4560.000000
502.140657	 	4566.666667
496.982121	 	4573.333333
490.250413	 	4580.000000
483.908950	 	4586.666667
478.323584	 	4593.333333
472.872364	 	4600.000000
466.994316	 	4606.666667
460.286999	 	4613.333333
455.311389	 	4620.000000
448.604072	 	4626.666667
442.226023	 	4633.333333
437.006511	 	4640.000000
430.408950	 	4646.666667
425.299194	 	4653.333333
419.933340	 	4660.000000
412.896755	 	4666.666667
407.884560	 	4673.333333
400.799194	 	4680.000000
397.079682	 	4686.666667
390.738218	 	4693.333333
384.555291	 	4700.000000
380.957730	 	4706.666667
374.860169	 	4713.333333
370.591877	 	4720.000000
366.128462	 	4726.666667
361.018706	 	4733.333333
356.104072	 	4740.000000
352.665047	 	4746.666667
347.128462	 	4753.333333
343.774803	 	4760.000000
339.555291	 	4766.666667
334.152852	 	4773.333333
331.226023	 	4780.000000
326.408950	 	4786.666667
323.677242	 	4793.333333
319.543096	 	4800.000000
314.018706	 	4806.666667
312.201633	 	4813.333333
307.128462	 	4820.000000
304.604072	 	4826.666667
300.933340	 	4833.333333
296.921145	 	4840.000000
293.311389	 	4846.666667
290.140657	 	4853.333333
285.518706	 	4860.000000
281.750413	 	4866.666667
279.433340	 	4873.333333
274.994316	 	4880.000000
272.811389	 	4886.666667
269.543096	 	4893.333333
265.689438	 	4900.000000
263.030901	 	4906.666667
259.835779	 	4913.333333
258.238218	 	4920.000000
253.628462	 	4926.666667
251.689438	 	4933.333333
248.945535	 	4940.000000
246.140657	 	4946.666667
243.311389	 	4953.333333
239.847974	 	4960.000000
237.543096	 	4966.666667
235.299194	 	4973.333333
232.847974	 	4980.000000
229.396755	 	4986.666667
227.957730	 	4993.333333
225.847974	 	5000.000000
223.713828	 	5006.666667
221.445535	 	5013.333333
219.604072	 	5020.000000
218.226023	 	5026.666667
215.408950	 	5033.333333
213.347974	 	5040.000000
211.518706	 	5046.666667
208.628462	 	5053.333333
206.823584	 	5060.000000
204.543096	 	5066.666667
202.616267	 	5073.333333
200.738218	 	5080.000000
198.408950	 	5086.666667
196.189438	 	5093.333333
192.945535	 	5100.000000
191.311389	 	5106.666667
189.665047	 	5113.333333
186.945535	 	5120.000000
185.201633	 	5126.666667
183.457730	 	5133.333333
181.591877	 	5140.000000
180.786999	 	5146.666667
178.969925	 	5153.333333
177.884560	 	5160.000000
176.494316	 	5166.666667
175.165047	 	5173.333333
172.908950	 	5180.000000
172.055291	 	5186.666667
170.786999	 	5193.333333
169.652852	 	5200.000000
167.604072	 	5206.666667
165.616267	 	5213.333333
163.689438	 	5220.000000
162.506511	 	5226.666667
160.799194	 	5233.333333
158.482121	 	5240.000000
156.433340	 	5246.666667
155.262608	 	5253.333333
152.469925	 	5260.000000
151.896755	 	5266.666667
149.835779	 	5273.333333
147.713828	 	5280.000000
147.445535	 	5286.666667
145.774803	 	5293.333333
144.469925	 	5300.000000
142.884560	 	5306.666667
141.372364	 	5313.333333
139.860169	 	5320.000000
137.921145	 	5326.666667
136.323584	 	5333.333333
134.689438	 	5340.000000
132.030901	 	5346.666667
131.640657	 	5353.333333
129.616267	 	5360.000000
128.311389	 	5366.666667
127.067486	 	5373.333333
125.116267	 	5380.000000
123.555291	 	5386.666667
122.628462	 	5393.333333
121.238218	 	5400.000000
119.262608	 	5406.666667
118.396755	 	5413.333333
116.604072	 	5420.000000
115.823584	 	5426.666667
115.055291	 	5433.333333
114.604072	 	5440.000000
113.945535	 	5446.666667
112.543096	 	5453.333333
111.213828	 	5460.000000
110.360169	 	5466.666667
108.445535	 	5473.333333
107.762608	 	5480.000000
107.433340	 	5486.666667
105.616267	 	5493.333333
104.689438	 	5500.000000
102.738218	 	5506.666667
102.262608	 	5513.333333
101.494316	 	5520.000000
100.043096	 	5526.666667
98.494316	 	5533.333333
97.860169	 	5540.000000
97.018706	 	5546.666667
96.506511	 	5553.333333
95.494316	 	5560.000000
94.530901	 	5566.666667
92.994316	 	5573.333333
92.738218	 	5580.000000
91.518706	 	5586.666667
90.140657	 	5593.333333
88.652852	 	5600.000000
88.006511	 	5606.666667
86.677242	 	5613.333333
85.945535	 	5620.000000
84.835779	 	5626.666667
84.128462	 	5633.333333
83.421145	 	5640.000000
82.530901	 	5646.666667
81.738218	 	5653.333333
80.604072	 	5660.000000
78.921145	 	5666.666667
77.274803	 	5673.333333
77.104072	 	5680.000000
76.140657	 	5686.666667
75.726023	 	5693.333333
74.506511	 	5700.000000
74.140657	 	5706.666667
72.799194	 	5713.333333
72.079682	 	5720.000000
70.823584	 	5726.666667
70.030901	 	5733.333333
70.226023	 	5740.000000
69.152852	 	5746.666667
68.677242	 	5753.333333
67.445535	 	5760.000000
67.286999	 	5766.666667
66.677242	 	5773.333333
66.896755	 	5780.000000
66.055291	 	5786.666667
65.738218	 	5793.333333
65.079682	 	5800.000000
64.677242	 	5806.666667
64.128462	 	5813.333333
63.384560	 	5820.000000
63.482121	 	5826.666667
63.640657	 	5833.333333
62.543096	 	5840.000000
62.030901	 	5846.666667
61.128462	 	5853.333333
60.408950	 	5860.000000
60.652852	 	5866.666667
59.933340	 	5873.333333
59.213828	 	5880.000000
58.408950	 	5886.666667
57.311389	 	5893.333333
56.311389	 	5900.000000
56.299194	 	5906.666667
55.774803	 	5913.333333
55.226023	 	5920.000000
54.726023	 	5926.666667
54.104072	 	5933.333333
53.774803	 	5940.000000
53.067486	 	5946.666667
51.860169	 	5953.333333
51.713828	 	5960.000000
51.030901	 	5966.666667
49.957730	 	5973.333333
49.177242	 	5980.000000
48.372364	 	5986.666667
48.189438	 	5993.333333
47.555291	 	6000.000000
46.616267	 	6006.666667
46.286999	 	6013.333333
45.726023	 	6020.000000
44.652852	 	6026.666667
45.177242	 	6033.333333
44.177242	 	6040.000000
43.457730	 	6046.666667
42.591877	 	6053.333333
43.055291	 	6060.000000
41.201633	 	6066.666667
41.652852	 	6073.333333
41.665047	 	6080.000000
41.165047	 	6086.666667
41.152852	 	6093.333333
40.591877	 	6100.000000
40.469925	 	6106.666667
40.238218	 	6113.333333
40.311389	 	6120.000000
40.323584	 	6126.666667
40.969925	 	6133.333333
40.518706	 	6140.000000
40.799194	 	6146.666667
41.506511	 	6153.333333
40.750413	 	6160.000000
41.774803	 	6166.666667
42.091877	 	6173.333333
41.616267	 	6180.000000
41.689438	 	6186.666667
41.896755	 	6193.333333
41.299194	 	6200.000000
42.043096	 	6206.666667
41.616267	 	6213.333333
41.030901	 	6220.000000
41.335779	 	6226.666667
41.177242	 	6233.333333
39.921145	 	6240.000000
40.762608	 	6246.666667
41.006511	 	6253.333333
39.201633	 	6260.000000
38.506511	 	6266.666667
38.165047	 	6273.333333
37.689438	 	6280.000000
37.762608	 	6286.666667
37.189438	 	6293.333333
37.213828	 	6300.000000
36.982121	 	6306.666667
37.299194	 	6313.333333
36.165047	 	6320.000000
35.835779	 	6326.666667
35.921145	 	6333.333333
37.018706	 	6340.000000
36.189438	 	6346.666667
36.396755	 	6353.333333
35.933340	 	6360.000000
35.835779	 	6366.666667
34.665047	 	6373.333333
34.104072	 	6380.000000
33.677242	 	6386.666667
32.640657	 	6393.333333
32.786999	 	6400.000000
32.494316	 	6406.666667
32.543096	 	6413.333333
32.274803	 	6420.000000
32.043096	 	6426.666667
32.079682	 	6433.333333
32.713828	 	6440.000000
32.079682	 	6446.666667
31.811389	 	6453.333333
31.689438	 	6460.000000
31.177242	 	6466.666667
31.616267	 	6473.333333
31.238218	 	6480.000000
29.872364	 	6486.666667
30.323584	 	6493.333333
30.469925	 	6500.000000
31.311389	 	6506.666667
29.957730	 	6513.333333
30.957730	 	6520.000000
31.226023	 	6526.666667
30.591877	 	6533.333333
30.567486	 	6540.000000
30.726023	 	6546.666667
30.213828	 	6553.333333
29.908950	 	6560.000000
29.701633	 	6566.666667
29.786999	 	6573.333333
29.567486	 	6580.000000
29.530901	 	6586.666667
29.311389	 	6593.333333
29.616267	 	6600.000000
28.555291	 	6606.666667
27.957730	 	6613.333333
28.030901	 	6620.000000
27.689438	 	6626.666667
27.091877	 	6633.333333
26.396755	 	6640.000000
25.847974	 	6646.666667
26.116267	 	6653.333333
25.116267	 	6660.000000
24.908950	 	6666.666667
25.018706	 	6673.333333
24.116267	 	6680.000000
24.555291	 	6686.666667
23.957730	 	6693.333333
24.567486	 	6700.000000
23.652852	 	6706.666667
23.238218	 	6713.333333
23.189438	 	6720.000000
23.250413	 	6726.666667
22.543096	 	6733.333333
21.665047	 	6740.000000
21.762608	 	6746.666667
21.360169	 	6753.333333
21.616267	 	6760.000000
21.165047	 	6766.666667
20.067486	 	6773.333333
19.811389	 	6780.000000
19.494316	 	6786.666667
19.811389	 	6793.333333
18.506511	 	6800.000000
18.201633	 	6806.666667
18.872364	 	6813.333333
19.726023	 	6820.000000
20.286999	 	6826.666667
19.689438	 	6833.333333
20.116267	 	6840.000000
19.860169	 	6846.666667
20.091877	 	6853.333333
19.433340	 	6860.000000
18.982121	 	6866.666667
18.372364	 	6873.333333
18.189438	 	6880.000000
17.762608	 	6886.666667
17.933340	 	6893.333333
17.689438	 	6900.000000
17.860169	 	6906.666667
17.591877	 	6913.333333
17.079682	 	6920.000000
16.689438	 	6926.666667
16.604072	 	6933.333333
17.128462	 	6940.000000
16.372364	 	6946.666667
16.665047	 	6953.333333
16.213828	 	6960.000000
16.957730	 	6966.666667
16.652852	 	6973.333333
16.360169	 	6980.000000
16.018706	 	6986.666667
16.201633	 	6993.333333
15.994316	 	7000.000000
15.543096	 	7006.666667
15.116267	 	7013.333333
15.091877	 	7020.000000
15.226023	 	7026.666667
14.616267	 	7033.333333
15.006511	 	7040.000000
14.652852	 	7046.666667
14.408950	 	7053.333333
14.360169	 	7060.000000
14.396755	 	7066.666667
15.201633	 	7073.333333
14.823584	 	7080.000000
15.091877	 	7086.666667
14.957730	 	7093.333333
15.908950	 	7100.000000
16.201633	 	7106.666667
16.530901	 	7113.333333
16.043096	 	7120.000000
16.726023	 	7126.666667
17.457730	 	7133.333333
17.165047	 	7140.000000
16.847974	 	7146.666667
17.299194	 	7153.333333
16.616267	 	7160.000000
16.591877	 	7166.666667
15.860169	 	7173.333333
15.335779	 	7180.000000
15.335779	 	7186.666667
14.591877	 	7193.333333
14.921145	 	7200.000000
13.665047	 	7206.666667
13.921145	 	7213.333333
12.835779	 	7220.000000
12.433340	 	7226.666667
12.384560	 	7233.333333
11.872364	 	7240.000000
11.689438	 	7246.666667
11.665047	 	7253.333333
11.665047	 	7260.000000
11.872364	 	7266.666667
11.665047	 	7273.333333
11.018706	 	7280.000000
11.579682	 	7286.666667
10.969925	 	7293.333333
10.518706	 	7300.000000
10.738218	 	7306.666667
11.067486	 	7313.333333
11.408950	 	7320.000000
10.347974	 	7326.666667
10.177242	 	7333.333333
10.116267	 	7340.000000
10.994316	 	7346.666667
10.786999	 	7353.333333
10.104072	 	7360.000000
10.421145	 	7366.666667
10.335779	 	7373.333333
9.750413	 	7380.000000
9.933340	 	7386.666667
9.591877	 	7393.333333
9.713828	 	7400.000000
9.116267	 	7406.666667
9.201633	 	7413.333333
9.396755	 	7420.000000
9.616267	 	7426.666667
8.372364	 	7433.333333
8.957730	 	7440.000000
9.238218	 	7446.666667
9.323584	 	7453.333333
9.738218	 	7460.000000
9.713828	 	7466.666667
9.543096	 	7473.333333
9.177242	 	7480.000000
9.360169	 	7486.666667
9.591877	 	7493.333333
9.726023	 	7500.000000
9.543096	 	7506.666667
9.018706	 	7513.333333
9.347974	 	7520.000000
8.604072	 	7526.666667
8.896755	 	7533.333333
9.189438	 	7540.000000
9.067486	 	7546.666667
8.847974	 	7553.333333
8.579682	 	7560.000000
8.189438	 	7566.666667
7.994316	 	7573.333333
7.872364	 	7580.000000
8.494316	 	7586.666667
8.079682	 	7593.333333
7.860169	 	7600.000000
7.201633	 	7606.666667
7.213828	 	7613.333333
7.482121	 	7620.000000
8.457730	 	7626.666667
6.969925	 	7633.333333
7.726023	 	7640.000000
7.591877	 	7646.666667
7.360169	 	7653.333333
6.811389	 	7660.000000
6.957730	 	7666.666667
6.347974	 	7673.333333
6.994316	 	7680.000000
6.567486	 	7686.666667
6.884560	 	7693.333333
6.847974	 	7700.000000
7.360169	 	7706.666667
6.055291	 	7713.333333
6.201633	 	7720.000000
5.823584	 	7726.666667
5.884560	 	7733.333333
6.189438	 	7740.000000
6.750413	 	7746.666667
5.969925	 	7753.333333
5.908950	 	7760.000000
6.518706	 	7766.666667
6.908950	 	7773.333333
6.701633	 	7780.000000
5.872364	 	7786.666667
6.201633	 	7793.333333
6.579682	 	7800.000000
6.274803	 	7806.666667
5.311389	 	7813.333333
5.213828	 	7820.000000
5.433340	 	7826.666667
5.518706	 	7833.333333
5.750413	 	7840.000000
6.213828	 	7846.666667
6.457730	 	7853.333333
6.006511	 	7860.000000
5.579682	 	7866.666667
5.457730	 	7873.333333
5.567486	 	7880.000000
5.786999	 	7886.666667
5.811389	 	7893.333333
5.226023	 	7900.000000
5.274803	 	7906.666667
4.994316	 	7913.333333
4.347974	 	7920.000000
4.433340	 	7926.666667
4.823584	 	7933.333333
4.347974	 	7940.000000
4.286999	 	7946.666667
4.177242	 	7953.333333
4.774803	 	7960.000000
4.665047	 	7966.666667
4.384560	 	7973.333333
3.847974	 	7980.000000
3.738218	 	7986.666667
3.604072	 	7993.333333
4.055291	 	8000.000000
3.726023	 	8006.666667
3.616267	 	8013.333333
3.665047	 	8020.000000
4.177242	 	8026.666667
4.055291	 	8033.333333
4.165047	 	8040.000000
4.262608	 	8046.666667
3.713828	 	8053.333333
3.860169	 	8060.000000
4.177242	 	8066.666667
3.555291	 	8073.333333
3.835779	 	8080.000000
3.677242	 	8086.666667
4.091877	 	8093.333333
4.091877	 	8100.000000
4.384560	 	8106.666667
4.152852	 	8113.333333
4.555291	 	8120.000000
4.201633	 	8126.666667
4.055291	 	8133.333333
3.433340	 	8140.000000
3.018706	 	8146.666667
3.104072	 	8153.333333
3.811389	 	8160.000000
3.994316	 	8166.666667
4.043096	 	8173.333333
4.238218	 	8180.000000
3.055291	 	8186.666667
3.201633	 	8193.333333
3.335779	 	8200.000000
3.177242	 	8206.666667
3.116267	 	8213.333333
3.421145	 	8220.000000
4.604072	 	8226.666667
3.482121	 	8233.333333
3.335779	 	8240.000000
3.604072	 	8246.666667
3.530901	 	8253.333333
3.543096	 	8260.000000
2.786999	 	8266.666667
2.372364	 	8273.333333
2.884560	 	8280.000000
2.213828	 	8286.666667
1.347974	 	8293.333333
1.982121	 	8300.000000
1.677242	 	8306.666667
1.555291	 	8313.333333
0.482121	 	8320.000000
0.726023	 	8326.666667
0.457730	 	8333.333333
0.811389	 	8340.000000
0.421145	 	8346.666667
0.835779	 	8353.333333
1.384560	 	8360.000000
0.921145	 	8366.666667
1.360169	 	8373.333333
1.006511	 	8380.000000
0.847974	 	8386.666667
1.347974	 	8393.333333
1.262608	 	8400.000000
1.262608	 	8406.666667
1.189438	 	8413.333333
0.567486	 	8420.000000
0.872364	 	8426.666667
0.128462	 	8433.333333
0.518706	 	8440.000000
0.652852	 	8446.666667
0.043096	 	8453.333333
0.433340	 	8460.000000
0.421145	 	8466.666667
0.055291	 	8473.333333
0.201633	 	8480.000000
0.872364	 	8486.666667
0.750413	 	8493.333333
0.591877	 	8500.000000
0.689438	 	8506.666667
1.067486	 	8513.333333
0.872364	 	8520.000000
0.604072	 	8526.666667
0.091877	 	8533.333333
0.457730	 	8540.000000
-0.091050	 	8546.666667
0.091877	 	8553.333333
-0.005684	 	8560.000000
-0.286172	 	8566.666667
0.969925	 	8573.333333
0.506511	 	8580.000000
0.213828	 	8586.666667
1.079682	 	8593.333333
0.786999	 	8600.000000
0.189438	 	8606.666667
0.530901	 	8613.333333
0.457730	 	8620.000000
-0.091050	 	8626.666667
-0.127636	 	8633.333333
0.238218	 	8640.000000
0.762608	 	8646.666667
0.604072	 	8653.333333
1.262608	 	8660.000000
0.408950	 	8666.666667
1.433340	 	8673.333333
1.738218	 	8680.000000
1.969925	 	8686.666667
2.104072	 	8693.333333
2.506511	 	8700.000000
2.677242	 	8706.666667
2.347974	 	8713.333333
2.762608	 	8720.000000
2.384560	 	8726.666667
1.689438	 	8733.333333
2.006511	 	8740.000000
1.835779	 	8746.666667
2.152852	 	8753.333333
1.189438	 	8760.000000
0.518706	 	8766.666667
0.762608	 	8773.333333
0.116267	 	8780.000000
0.713828	 	8786.666667
-0.078855	 	8793.333333
0.555291	 	8800.000000
0.213828	 	8806.666667
0.104072	 	8813.333333
-0.237392	 	8820.000000
0.408950	 	8826.666667
0.043096	 	8833.333333
0.506511	 	8840.000000
0.396755	 	8846.666667
-0.017879	 	8853.333333
-0.054465	 	8860.000000
-0.456904	 	8866.666667
-0.261782	 	8873.333333
0.055291	 	8880.000000
0.177242	 	8886.666667
0.433340	 	8893.333333
0.799194	 	8900.000000
-0.298367	 	8906.666667
-0.725197	 	8913.333333
-0.542270	 	8920.000000
-0.773977	 	8926.666667
-0.847148	 	8933.333333
-1.249587	 	8940.000000
-1.310562	 	8946.666667
-1.237392	 	8953.333333
-1.078855	 	8960.000000
-1.078855	 	8966.666667
-0.761782	 	8973.333333
-1.371538	 	8980.000000
-1.359343	 	8986.666667
-1.347148	 	8993.333333
-1.664221	 	9000.000000
-1.469099	 	9006.666667
-2.017879	 	9013.333333
-1.334953	 	9020.000000
-1.591050	 	9026.666667
-1.200806	 	9033.333333
-0.700806	 	9040.000000
-1.115440	 	9046.666667
-0.981294	 	9053.333333
-0.237392	 	9060.000000
-0.127636	 	9066.666667
-0.603245	 	9073.333333
-0.432514	 	9080.000000
0.299194	 	9086.666667
-0.456904	 	9093.333333
0.043096	 	9100.000000
0.433340	 	9106.666667
0.384560	 	9113.333333
0.738218	 	9120.000000
-0.139831	 	9126.666667
0.372364	 	9133.333333
-0.078855	 	9140.000000
0.408950	 	9146.666667
-0.237392	 	9153.333333
0.323584	 	9160.000000
0.152852	 	9166.666667
0.360169	 	9173.333333
0.311389	 	9180.000000
-0.359343	 	9186.666667
0.079682	 	9193.333333
0.213828	 	9200.000000
-0.310562	 	9206.666667
-0.298367	 	9213.333333
0.128462	 	9220.000000
-0.542270	 	9226.666667
0.091877	 	9233.333333
-0.603245	 	9240.000000
-0.176416	 	9246.666667
0.262608	 	9253.333333
0.152852	 	9260.000000
0.067486	 	9266.666667
-0.164221	 	9273.333333
-0.322758	 	9280.000000
-0.359343	 	9286.666667
-0.676416	 	9293.333333
-0.505684	 	9300.000000
-0.627636	 	9306.666667
-0.603245	 	9313.333333
-0.017879	 	9320.000000
-1.127636	 	9326.666667
-1.603245	 	9333.333333
-1.469099	 	9340.000000
-1.773977	 	9346.666667
-0.944709	 	9353.333333
-1.273977	 	9360.000000
-2.237392	 	9366.666667
-1.810562	 	9373.333333
-1.444709	 	9380.000000
-1.273977	 	9386.666667
-1.115440	 	9393.333333
-1.249587	 	9400.000000
-1.822758	 	9406.666667
-1.688611	 	9413.333333
-1.444709	 	9420.000000
-1.615440	 	9426.666667
-1.030075	 	9433.333333
-1.017879	 	9440.000000
-0.786172	 	9446.666667
-1.139831	 	9453.333333
-1.688611	 	9460.000000
-1.688611	 	9466.666667
-1.164221	 	9473.333333
-1.139831	 	9480.000000
-1.334953	 	9486.666667
-0.859343	 	9493.333333
-1.542270	 	9500.000000
-1.091050	 	9506.666667
-1.652026	 	9513.333333
-1.334953	 	9520.000000
-2.761782	 	9526.666667
-2.347148	 	9533.333333
-2.761782	 	9540.000000
-2.676416	 	9546.666667
-2.164221	 	9553.333333
-2.408123	 	9560.000000
-1.969099	 	9566.666667
-2.127636	 	9573.333333
-2.639831	 	9580.000000
-1.956904	 	9586.666667
-2.249587	 	9593.333333
-2.566660	 	9600.000000
-1.615440	 	9606.666667
-2.091050	 	9613.333333
-2.103245	 	9620.000000
-1.469099	 	9626.666667
-1.627636	 	9633.333333
-1.773977	 	9640.000000
-1.469099	 	9646.666667
-1.127636	 	9653.333333
-1.286172	 	9660.000000
-1.334953	 	9666.666667
-0.530075	 	9673.333333
-0.761782	 	9680.000000
-0.359343	 	9686.666667
-0.859343	 	9693.333333
-0.152026	 	9700.000000
-0.066660	 	9706.666667
-0.273977	 	9713.333333
-0.627636	 	9720.000000
-0.127636	 	9726.666667
-0.103245	 	9733.333333
-0.359343	 	9740.000000
-0.432514	 	9746.666667
-0.615440	 	9753.333333
-0.591050	 	9760.000000
-0.091050	 	9766.666667
-0.273977	 	9773.333333
-0.188611	 	9780.000000
0.128462	 	9786.666667
-0.847148	 	9793.333333
-1.456904	 	9800.000000
-2.176416	 	9806.666667
-2.493489	 	9813.333333
-2.615440	 	9820.000000
-2.578855	 	9826.666667
-2.261782	 	9833.333333
-2.359343	 	9840.000000
-2.395928	 	9846.666667
-2.456904	 	9853.333333
-2.481294	 	9860.000000
-2.493489	 	9866.666667
-2.493489	 	9873.333333
-2.164221	 	9880.000000
-2.408123	 	9886.666667
-2.444709	 	9893.333333
-3.188611	 	9900.000000
-2.530075	 	9906.666667
-2.847148	 	9913.333333
-2.859343	 	9920.000000
-2.847148	 	9926.666667
-3.115440	 	9933.333333
-4.322758	 	9940.000000
-3.505684	 	9946.666667
-4.042270	 	9953.333333
-3.456904	 	9960.000000
-3.517879	 	9966.666667
-3.591050	 	9973.333333
-3.639831	 	9980.000000
-3.810562	 	9986.666667
-3.969099	 	9993.333333
-3.200806	 	10000.000000
-3.225197	 	10006.666667
-3.200806	 	10013.333333
-3.237392	 	10020.000000
-3.371538	 	10026.666667
-3.115440	 	10033.333333
-3.469099	 	10040.000000
-3.322758	 	10046.666667
-3.798367	 	10053.333333
-4.017879	 	10060.000000
-4.542270	 	10066.666667
-4.286172	 	10073.333333
-5.005684	 	10080.000000
-4.834953	 	10086.666667
-4.322758	 	10093.333333
-4.895928	 	10100.000000
-5.371538	 	10106.666667
-5.456904	 	10113.333333
-4.505684	 	10120.000000
-4.639831	 	10126.666667
-4.810562	 	10133.333333
-4.444709	 	10140.000000
-4.286172	 	10146.666667
-4.298367	 	10153.333333
-3.859343	 	10160.000000
-4.481294	 	10166.666667
-4.371538	 	10173.333333
-4.688611	 	10180.000000
-3.773977	 	10186.666667
-4.347148	 	10193.333333
-4.456904	 	10200.000000
-4.432514	 	10206.666667
-4.993489	 	10213.333333
-5.237392	 	10220.000000
-5.152026	 	10226.666667
-5.481294	 	10233.333333
-5.371538	 	10240.000000
-6.261782	 	10246.666667
-5.286172	 	10253.333333
-5.895928	 	10260.000000
-6.286172	 	10266.666667
-5.871538	 	10273.333333
-5.469099	 	10280.000000
-5.749587	 	10286.666667
-5.847148	 	10293.333333
-5.798367	 	10300.000000
-4.542270	 	10306.666667
-5.310562	 	10313.333333
-5.030075	 	10320.000000
-5.091050	 	10326.666667
-4.054465	 	10333.333333
-3.505684	 	10340.000000
-4.505684	 	10346.666667
-4.371538	 	10353.333333
-4.420318	 	10360.000000
-3.773977	 	10366.666667
-4.152026	 	10373.333333
-3.700806	 	10380.000000
-3.310562	 	10386.666667
-3.395928	 	10393.333333
-3.456904	 	10400.000000
-3.664221	 	10406.666667
-3.566660	 	10413.333333
-3.761782	 	10420.000000
-4.115440	 	10426.666667
-3.261782	 	10433.333333
-3.847148	 	10440.000000
-3.005684	 	10446.666667
-3.103245	 	10453.333333
-2.761782	 	10460.000000
-3.334953	 	10466.666667
-2.883733	 	10473.333333
-3.078855	 	10480.000000
-3.030075	 	10486.666667
-2.444709	 	10493.333333
-2.530075	 	10500.000000
-2.786172	 	10506.666667
-2.676416	 	10513.333333
-2.810562	 	10520.000000
-3.115440	 	10526.666667
-3.152026	 	10533.333333
-3.078855	 	10540.000000
-2.652026	 	10546.666667
-3.432514	 	10553.333333
-2.798367	 	10560.000000
-3.030075	 	10566.666667
-2.908123	 	10573.333333
-3.761782	 	10580.000000
-3.127636	 	10586.666667
-3.042270	 	10593.333333
-3.152026	 	10600.000000
-3.749587	 	10606.666667
-3.347148	 	10613.333333
-4.273977	 	10620.000000
-4.091050	 	10626.666667
-4.115440	 	10633.333333
-4.030075	 	10640.000000
-3.432514	 	10646.666667
-3.005684	 	10653.333333
-2.798367	 	10660.000000
-2.420318	 	10666.666667
-2.773977	 	10673.333333
-2.956904	 	10680.000000
-2.713001	 	10686.666667
-3.127636	 	10693.333333
-2.786172	 	10700.000000
-2.859343	 	10706.666667
-3.798367	 	10713.333333
-3.298367	 	10720.000000
-3.334953	 	10726.666667
-3.213001	 	10733.333333
-3.688611	 	10740.000000
-3.091050	 	10746.666667
-3.725197	 	10753.333333
-3.298367	 	10760.000000
-2.127636	 	10766.666667
-2.859343	 	10773.333333
-3.688611	 	10780.000000
-3.078855	 	10786.666667
-2.615440	 	10793.333333
-2.627636	 	10800.000000
-2.908123	 	10806.666667
-3.700806	 	10813.333333
-3.176416	 	10820.000000
-3.615440	 	10826.666667
-3.700806	 	10833.333333
-3.749587	 	10840.000000
-3.505684	 	10846.666667
-3.737392	 	10853.333333
-3.993489	 	10860.000000
-4.176416	 	10866.666667
-3.737392	 	10873.333333
-4.737392	 	10880.000000
-4.676416	 	10886.666667
-4.359343	 	10893.333333
-4.164221	 	10900.000000
-3.993489	 	10906.666667
-4.347148	 	10913.333333
-3.383733	 	10920.000000
-4.627636	 	10926.666667
-4.054465	 	10933.333333
-4.054465	 	10940.000000
-3.334953	 	10946.666667
-3.591050	 	10953.333333
-4.286172	 	10960.000000
-4.420318	 	10966.666667
-3.627636	 	10973.333333
-4.225197	 	10980.000000
-3.676416	 	10986.666667
-4.213001	 	10993.333333
-4.615440	 	11000.000000
-4.456904	 	11006.666667
-4.152026	 	11013.333333
-4.871538	 	11020.000000
-4.908123	 	11026.666667
-5.249587	 	11033.333333
-5.176416	 	11040.000000
-4.652026	 	11046.666667
-4.481294	 	11053.333333
-4.103245	 	11060.000000
-4.603245	 	11066.666667
-4.530075	 	11073.333333
-4.725197	 	11080.000000
-4.932514	 	11086.666667
-5.103245	 	11093.333333
-4.786172	 	11100.000000
-4.810562	 	11106.666667
-5.152026	 	11113.333333
-5.749587	 	11120.000000
-5.883733	 	11126.666667
-5.700806	 	11133.333333
-5.713001	 	11140.000000
-6.176416	 	11146.666667
-6.603245	 	11153.333333
-6.115440	 	11160.000000
-6.444709	 	11166.666667
-6.152026	 	11173.333333
-6.286172	 	11180.000000
-6.078855	 	11186.666667
-6.493489	 	11193.333333
-6.017879	 	11200.000000
-6.127636	 	11206.666667
-5.591050	 	11213.333333
-5.871538	 	11220.000000
-6.249587	 	11226.666667
-6.225197	 	11233.333333
-5.847148	 	11240.000000
-6.261782	 	11246.666667
-6.237392	 	11253.333333
-5.627636	 	11260.000000
-5.237392	 	11266.666667
-4.725197	 	11273.333333
-4.981294	 	11280.000000
-4.871538	 	11286.666667
-4.566660	 	11293.333333
-4.517879	 	11300.000000
-3.554465	 	11306.666667
-3.761782	 	11313.333333
-3.603245	 	11320.000000
-3.164221	 	11326.666667
-3.298367	 	11333.333333
-3.603245	 	11340.000000
-3.871538	 	11346.666667
-3.676416	 	11353.333333
-3.786172	 	11360.000000
-3.859343	 	11366.666667
-2.834953	 	11373.333333
-3.505684	 	11380.000000
-3.322758	 	11386.666667
-4.115440	 	11393.333333
-3.944709	 	11400.000000
-3.591050	 	11406.666667
-3.505684	 	11413.333333
-4.237392	 	11420.000000
-4.505684	 	11426.666667
-3.822758	 	11433.333333
-4.139831	 	11440.000000
-4.298367	 	11446.666667
-3.249587	 	11453.333333
-2.615440	 	11460.000000
-3.176416	 	11466.666667
-3.273977	 	11473.333333
-3.359343	 	11480.000000
-3.822758	 	11486.666667
-3.639831	 	11493.333333
-4.200806	 	11500.000000
-3.017879	 	11506.666667
-3.042270	 	11513.333333
-4.286172	 	11520.000000
-3.737392	 	11526.666667
-4.334953	 	11533.333333
-4.749587	 	11540.000000
-4.676416	 	11546.666667
-4.200806	 	11553.333333
-4.725197	 	11560.000000
-4.286172	 	11566.666667
-4.591050	 	11573.333333
-4.981294	 	11580.000000
-4.761782	 	11586.666667
-3.920318	 	11593.333333
-4.164221	 	11600.000000
-4.749587	 	11606.666667
-4.969099	 	11613.333333
-4.761782	 	11620.000000
-4.225197	 	11626.666667
-4.798367	 	11633.333333
-4.749587	 	11640.000000
-4.395928	 	11646.666667
-4.956904	 	11653.333333
-4.432514	 	11660.000000
-5.152026	 	11666.666667
-3.761782	 	11673.333333
-3.895928	 	11680.000000
-4.578855	 	11686.666667
-4.639831	 	11693.333333
-5.578855	 	11700.000000
-5.152026	 	11706.666667
-5.127636	 	11713.333333
-5.408123	 	11720.000000
-5.469099	 	11726.666667
-5.615440	 	11733.333333
-5.432514	 	11740.000000
-6.200806	 	11746.666667
-5.700806	 	11753.333333
-6.176416	 	11760.000000
-6.420318	 	11766.666667
-6.456904	 	11773.333333
-6.761782	 	11780.000000
-6.773977	 	11786.666667
-7.078855	 	11793.333333
-6.883733	 	11800.000000
-7.054465	 	11806.666667
-7.505684	 	11813.333333
-6.066660	 	11820.000000
-6.432514	 	11826.666667
-5.725197	 	11833.333333
-5.664221	 	11840.000000
-5.213001	 	11846.666667
-5.347148	 	11853.333333
-5.066660	 	11860.000000
-4.773977	 	11866.666667
-5.542270	 	11873.333333
-5.237392	 	11880.000000
-5.591050	 	11886.666667
-4.883733	 	11893.333333
-5.127636	 	11900.000000
-6.066660	 	11906.666667
-4.786172	 	11913.333333
-4.993489	 	11920.000000
-5.030075	 	11926.666667
-4.798367	 	11933.333333
-4.371538	 	11940.000000
-4.591050	 	11946.666667
-3.517879	 	11953.333333
-4.152026	 	11960.000000
-4.334953	 	11966.666667
-4.066660	 	11973.333333
-3.883733	 	11980.000000
-3.834953	 	11986.666667
-3.932514	 	11993.333333
-3.847148	 	12000.000000
-4.213001	 	12006.666667
-5.420318	 	12013.333333
-4.700806	 	12020.000000
-5.469099	 	12026.666667
-4.639831	 	12033.333333
-4.639831	 	12040.000000
-5.164221	 	12046.666667
-4.798367	 	12053.333333
-4.944709	 	12060.000000
-5.469099	 	12066.666667
-5.676416	 	12073.333333
-5.139831	 	12080.000000
-4.834953	 	12086.666667
-5.017879	 	12093.333333
-4.542270	 	12100.000000
-4.200806	 	12106.666667
-4.066660	 	12113.333333
-3.639831	 	12120.000000
-3.956904	 	12126.666667
-3.432514	 	12133.333333
-3.493489	 	12140.000000
-3.054465	 	12146.666667
-2.737392	 	12153.333333
-2.225197	 	12160.000000
-1.908123	 	12166.666667
-2.603245	 	12173.333333
-2.115440	 	12180.000000
-1.481294	 	12186.666667
-2.103245	 	12193.333333
-2.200806	 	12200.000000
-1.786172	 	12206.666667
-1.627636	 	12213.333333
-1.383733	 	12220.000000
-2.091050	 	12226.666667
-2.042270	 	12233.333333
-1.956904	 	12240.000000
-2.005684	 	12246.666667
-2.420318	 	12253.333333
-1.956904	 	12260.000000
-1.969099	 	12266.666667
-2.432514	 	12273.333333
-2.505684	 	12280.000000
-2.347148	 	12286.666667
-2.517879	 	12293.333333
-3.005684	 	12300.000000
-2.676416	 	12306.666667
-2.786172	 	12313.333333
-2.810562	 	12320.000000
-2.676416	 	12326.666667
-1.932514	 	12333.333333
-2.517879	 	12340.000000
-2.810562	 	12346.666667
-3.078855	 	12353.333333
-2.700806	 	12360.000000
-3.664221	 	12366.666667
-3.078855	 	12373.333333
-2.420318	 	12380.000000
-3.078855	 	12386.666667
-2.993489	 	12393.333333
-2.981294	 	12400.000000
-2.908123	 	12406.666667
-3.798367	 	12413.333333
-3.639831	 	12420.000000
-3.944709	 	12426.666667
-3.871538	 	12433.333333
-4.042270	 	12440.000000
-3.359343	 	12446.666667
-3.261782	 	12453.333333
-3.237392	 	12460.000000
-3.603245	 	12466.666667
-3.639831	 	12473.333333
-3.225197	 	12480.000000
-4.164221	 	12486.666667
-4.017879	 	12493.333333
-4.725197	 	12500.000000
-3.688611	 	12506.666667
-4.420318	 	12513.333333
-4.408123	 	12520.000000
-4.298367	 	12526.666667
-4.030075	 	12533.333333
-4.164221	 	12540.000000
-4.871538	 	12546.666667
-4.871538	 	12553.333333
-4.639831	 	12560.000000
-5.030075	 	12566.666667
-5.103245	 	12573.333333
-4.834953	 	12580.000000
-5.359343	 	12586.666667
-4.908123	 	12593.333333
-5.213001	 	12600.000000
-4.810562	 	12606.666667
-4.944709	 	12613.333333
-5.164221	 	12620.000000
-3.810562	 	12626.666667
-4.042270	 	12633.333333
-4.273977	 	12640.000000
-4.298367	 	12646.666667
-4.554465	 	12653.333333
-3.639831	 	12660.000000
-3.798367	 	12666.666667
-3.932514	 	12673.333333
-3.469099	 	12680.000000
-2.761782	 	12686.666667
-2.725197	 	12693.333333
-2.688611	 	12700.000000
-2.664221	 	12706.666667
-2.054465	 	12713.333333
-2.688611	 	12720.000000
-2.615440	 	12726.666667
-3.213001	 	12733.333333
-2.786172	 	12740.000000
-2.530075	 	12746.666667
-2.408123	 	12753.333333
-2.615440	 	12760.000000
-2.676416	 	12766.666667
-2.981294	 	12773.333333
-2.493489	 	12780.000000
-3.322758	 	12786.666667
-2.676416	 	12793.333333
-1.944709	 	12800.000000
-2.334953	 	12806.666667
-1.956904	 	12813.333333
-2.688611	 	12820.000000
-2.091050	 	12826.666667
-2.310562	 	12833.333333
-2.139831	 	12840.000000
-1.652026	 	12846.666667
-1.773977	 	12853.333333
-1.810562	 	12860.000000
-2.213001	 	12866.666667
-2.359343	 	12873.333333
-2.347148	 	12880.000000
-2.493489	 	12886.666667
-2.481294	 	12893.333333
-3.200806	 	12900.000000
-3.103245	 	12906.666667
-2.688611	 	12913.333333
-2.993489	 	12920.000000
-3.395928	 	12926.666667
-3.652026	 	12933.333333
-3.164221	 	12940.000000
-3.688611	 	12946.666667
-3.591050	 	12953.333333
-3.859343	 	12960.000000
-4.298367	 	12966.666667
-3.444709	 	12973.333333
-4.469099	 	12980.000000
-4.932514	 	12986.666667
-4.603245	 	12993.333333
-4.505684	 	13000.000000
-4.749587	 	13006.666667
-5.030075	 	13013.333333
-5.652026	 	13020.000000
-5.030075	 	13026.666667
-4.822758	 	13033.333333
-5.261782	 	13040.000000
-5.444709	 	13046.666667
-5.030075	 	13053.333333
-5.700806	 	13060.000000
-5.213001	 	13066.666667
-5.505684	 	13073.333333
-5.176416	 	13080.000000
-5.261782	 	13086.666667
-5.481294	 	13093.333333
-5.469099	 	13100.000000
-4.871538	 	13106.666667
-5.456904	 	13113.333333
-4.578855	 	13120.000000
-5.115440	 	13126.666667
-5.505684	 	13133.333333
-5.578855	 	13140.000000
-5.395928	 	13146.666667
-5.542270	 	13153.333333
-4.822758	 	13160.000000
-4.895928	 	13166.666667
-5.652026	 	13173.333333
-5.773977	 	13180.000000
-4.761782	 	13186.666667
-5.395928	 	13193.333333
-5.627636	 	13200.000000
-5.725197	 	13206.666667
-5.359343	 	13213.333333
-5.286172	 	13220.000000
-5.432514	 	13226.666667
-5.139831	 	13233.333333
-4.578855	 	13240.000000
-4.859343	 	13246.666667
-4.225197	 	13253.333333
-4.408123	 	13260.000000
-4.042270	 	13266.666667
-3.944709	 	13273.333333
-4.273977	 	13280.000000
-4.249587	 	13286.666667
-3.871538	 	13293.333333
-4.261782	 	13300.000000
-3.932514	 	13306.666667
-3.554465	 	13313.333333
-4.127636	 	13320.000000
-4.249587	 	13326.666667
