#peak 	 	#time 
-999.999198	 	0.000000
-999.999037	 	6.666667
-999.999000	 	13.333333
-999.999536	 	20.000000
-999.999585	 	26.666667
-999.999040	 	33.333333
-999.999837	 	40.000000
-999.999652	 	46.666667
-999.999919	 	53.333333
-999.999174	 	60.000000
-1000.000000	 	66.666667
-1000.000000	 	73.333333
-1000.000000	 	80.000000
-1000.000000	 	86.666667
33161.291470	 	93.333333
-999.998870	 	100.000000
-999.998871	 	106.666667
-999.998876	 	113.333333
-999.998889	 	120.000000
-999.998879	 	126.666667
-999.998881	 	133.333333
-999.998877	 	140.000000
-999.998870	 	146.666667
-999.998867	 	153.333333
-999.998868	 	160.000000
-999.998866	 	166.666667
-999.998864	 	173.333333
-999.998864	 	180.000000
-999.651133	 	186.666667
5360.084532	 	193.333333
-183.676949	 	200.000000
-805.855040	 	206.666667
-853.104384	 	213.333333
-648.632399	 	220.000000
7.425922	 	226.666667
233.038728	 	233.333333
274.389968	 	240.000000
145.717298	 	246.666667
-330.545789	 	253.333333
131.007332	 	260.000000
-266.740716	 	266.666667
-309.714434	 	273.333333
82.180562	 	280.000000
-418.862670	 	286.666667
444.172918	 	293.333333
-8.644010	 	300.000000
-117.164229	 	306.666667
-193.152170	 	313.333333
153.043486	 	320.000000
146.955416	 	326.666667
-112.451371	 	333.333333
-386.010491	 	340.000000
62.486080	 	346.666667
-22.426665	 	353.333333
540.842393	 	360.000000
102.606992	 	366.666667
-326.016739	 	373.333333
-297.891998	 	380.000000
-175.531145	 	386.666667
-119.027375	 	393.333333
354.050614	 	400.000000
371.896415	 	406.666667
-359.466972	 	413.333333
328.566894	 	420.000000
-130.932222	 	426.666667
-401.347071	 	433.333333
136.584650	 	440.000000
-235.081938	 	446.666667
169.583351	 	453.333333
207.346906	 	460.000000
200.669663	 	466.666667
-42.324675	 	473.333333
-256.343701	 	480.000000
-139.519295	 	486.666667
99.359906	 	493.333333
175.704007	 	500.000000
352.914246	 	506.666667
-232.209702	 	513.333333
-175.847229	 	520.000000
114.113923	 	526.666667
-17.481594	 	533.333333
-242.881937	 	540.000000
223.158842	 	546.666667
160.388534	 	553.333333
-157.956140	 	560.000000
-115.388543	 	566.666667
210.954966	 	573.333333
107.110245	 	580.000000
-56.305670	 	586.666667
-425.299124	 	593.333333
304.372392	 	600.000000
49.222134	 	606.666667
105.735246	 	613.333333
-165.574743	 	620.000000
-60.101915	 	626.666667
167.383017	 	633.333333
125.514501	 	640.000000
-18.383807	 	646.666667
-73.702071	 	653.333333
-293.442605	 	660.000000
-17.436522	 	666.666667
331.805214	 	673.333333
22.520455	 	680.000000
85.975080	 	686.666667
-96.202376	 	693.333333
-210.296366	 	700.000000
19.039264	 	706.666667
180.659772	 	713.333333
66.517737	 	720.000000
-135.191211	 	726.666667
38.367279	 	733.333333
-23.038220	 	740.000000
23.877300	 	746.666667
-25.277995	 	753.333333
-47.491104	 	760.000000
48.326714	 	766.666667
142.308491	 	773.333333
-124.957433	 	780.000000
-4.300119	 	786.666667
121.928024	 	793.333333
-51.087889	 	800.000000
-34.100609	 	806.666667
-88.256330	 	813.333333
88.165990	 	820.000000
49.443919	 	826.666667
-83.025845	 	833.333333
12.557791	 	840.000000
113.245790	 	846.666667
-25.270600	 	853.333333
2.624902	 	860.000000
-108.893675	 	866.666667
82.418397	 	873.333333
49.123439	 	880.000000
-65.279748	 	886.666667
-24.574240	 	893.333333
49.642412	 	900.000000
34.134996	 	906.666667
-36.810488	 	913.333333
15.834037	 	920.000000
-33.652910	 	926.666667
-8.145806	 	933.333333
26.994498	 	940.000000
36.999364	 	946.666667
52.844692	 	953.333333
-13.696923	 	960.000000
-91.200165	 	966.666667
-9.406487	 	973.333333
68.606120	 	980.000000
3.255512	 	986.666667
-5.450429	 	993.333333
21.964764	 	1000.000000
10.593355	 	1006.666667
-24.068738	 	1013.333333
-5.466142	 	1020.000000
-2.096817	 	1026.666667
4.278177	 	1033.333333
5.129823	 	1040.000000
24.568678	 	1046.666667
19.903912	 	1053.333333
-14.391122	 	1060.000000
-9.109170	 	1066.666667
-1.042380	 	1073.333333
28.009626	 	1080.000000
-15.796636	 	1086.666667
6.077921	 	1093.333333
21.100092	 	1100.000000
-2.743949	 	1106.666667
8.340807	 	1113.333333
-1.751718	 	1120.000000
-3.352039	 	1126.666667
0.570220	 	1133.333333
-17.340927	 	1140.000000
17.673045	 	1146.666667
2.791759	 	1153.333333
29.516221	 	1160.000000
3.858970	 	1166.666667
-19.083904	 	1173.333333
0.330918	 	1180.000000
7.741567	 	1186.666667
-0.466502	 	1193.333333
-0.279860	 	1200.000000
-2.595307	 	1206.666667
32.352929	 	1213.333333
14.035421	 	1220.000000
-0.056240	 	1226.666667
-44.497975	 	1233.333333
-4.470513	 	1240.000000
26.843052	 	1246.666667
32.616503	 	1253.333333
14.197793	 	1260.000000
-29.439067	 	1266.666667
6.852153	 	1273.333333
14.460278	 	1280.000000
-11.728658	 	1286.666667
22.823838	 	1293.333333
-9.516196	 	1300.000000
1.534760	 	1306.666667
5.394638	 	1313.333333
17.246783	 	1320.000000
11.531532	 	1326.666667
-19.334956	 	1333.333333
2.940961	 	1340.000000
20.139505	 	1346.666667
0.147991	 	1353.333333
0.650516	 	1360.000000
9.458481	 	1366.666667
-17.462454	 	1373.333333
19.738920	 	1380.000000
12.371208	 	1386.666667
-28.095496	 	1393.333333
11.589509	 	1400.000000
32.965289	 	1406.666667
-1.911920	 	1413.333333
11.637680	 	1420.000000
-22.166135	 	1426.666667
1.918814	 	1433.333333
21.931204	 	1440.000000
-10.025929	 	1446.666667
-9.551381	 	1453.333333
14.602101	 	1460.000000
15.888778	 	1466.666667
10.296921	 	1473.333333
-10.692168	 	1480.000000
3.473855	 	1486.666667
5.314835	 	1493.333333
13.385840	 	1500.000000
-13.211067	 	1506.666667
3.536494	 	1513.333333
10.282214	 	1520.000000
-8.957269	 	1526.666667
15.648810	 	1533.333333
21.052052	 	1540.000000
3.758902	 	1546.666667
-7.509826	 	1553.333333
-8.546345	 	1560.000000
-7.790338	 	1566.666667
25.589792	 	1573.333333
16.108079	 	1580.000000
-3.402287	 	1586.666667
-7.334921	 	1593.333333
-3.768969	 	1600.000000
9.669967	 	1606.666667
14.477664	 	1613.333333
18.084079	 	1620.000000
6.103763	 	1626.666667
-20.868282	 	1633.333333
-13.264393	 	1640.000000
22.210333	 	1646.666667
14.664858	 	1653.333333
33.639692	 	1660.000000
-29.428822	 	1666.666667
-24.492289	 	1673.333333
30.234642	 	1680.000000
34.451640	 	1686.666667
-24.908936	 	1693.333333
-0.095677	 	1700.000000
20.678752	 	1706.666667
10.589856	 	1713.333333
-19.632438	 	1720.000000
3.933538	 	1726.666667
19.094960	 	1733.333333
11.649995	 	1740.000000
-4.031891	 	1746.666667
5.049139	 	1753.333333
-7.649153	 	1760.000000
22.513318	 	1766.666667
6.685498	 	1773.333333
-6.574812	 	1780.000000
-11.830753	 	1786.666667
32.021439	 	1793.333333
17.880565	 	1800.000000
-7.241206	 	1806.666667
-8.223201	 	1813.333333
-7.127283	 	1820.000000
-7.331440	 	1826.666667
22.262439	 	1833.333333
15.149169	 	1840.000000
1.490146	 	1846.666667
-9.008761	 	1853.333333
28.443350	 	1860.000000
6.649951	 	1866.666667
-21.252401	 	1873.333333
2.873229	 	1880.000000
7.109680	 	1886.666667
-0.274107	 	1893.333333
27.631726	 	1900.000000
4.079057	 	1906.666667
-23.697027	 	1913.333333
9.680729	 	1920.000000
13.979694	 	1926.666667
0.019590	 	1933.333333
17.663515	 	1940.000000
-12.144356	 	1946.666667
11.278102	 	1953.333333
-1.316138	 	1960.000000
-5.205422	 	1966.666667
2.626747	 	1973.333333
17.630969	 	1980.000000
7.611225	 	1986.666667
24.678172	 	1993.333333
-19.612700	 	2000.000000
-25.125609	 	2006.666667
-11.039810	 	2013.333333
31.819092	 	2020.000000
23.715928	 	2026.666667
20.023360	 	2033.333333
-34.026355	 	2040.000000
-7.373624	 	2046.666667
21.245128	 	2053.333333
19.813992	 	2060.000000
7.919226	 	2066.666667
-4.841436	 	2073.333333
-28.230722	 	2080.000000
17.715644	 	2086.666667
19.297580	 	2093.333333
12.308727	 	2100.000000
-7.290349	 	2106.666667
-14.782033	 	2113.333333
26.842424	 	2120.000000
13.311097	 	2126.666667
-7.310868	 	2133.333333
-16.547927	 	2140.000000
10.104379	 	2146.666667
4.388872	 	2153.333333
9.315591	 	2160.000000
8.251540	 	2166.666667
-1.003929	 	2173.333333
-7.356710	 	2180.000000
17.215712	 	2186.666667
8.972792	 	2193.333333
10.726742	 	2200.000000
-21.964005	 	2206.666667
-3.538316	 	2213.333333
28.518360	 	2220.000000
10.278789	 	2226.666667
-18.019010	 	2233.333333
3.494365	 	2240.000000
-18.934885	 	2246.666667
39.866518	 	2253.333333
-18.112641	 	2260.000000
4.580143	 	2266.666667
15.480734	 	2273.333333
4.900162	 	2280.000000
-23.733468	 	2286.666667
24.922311	 	2293.333333
6.586097	 	2300.000000
0.200060	 	2306.666667
8.958973	 	2313.333333
11.846146	 	2320.000000
-21.774214	 	2326.666667
5.076370	 	2333.333333
-2.373286	 	2340.000000
9.846265	 	2346.666667
24.492905	 	2353.333333
-3.989558	 	2360.000000
-11.481513	 	2366.666667
0.608428	 	2373.333333
17.152098	 	2380.000000
5.868084	 	2386.666667
-7.896537	 	2393.333333
-4.155613	 	2400.000000
11.962031	 	2406.666667
1.854094	 	2413.333333
13.569167	 	2420.000000
19.231774	 	2426.666667
-16.134119	 	2433.333333
-16.885517	 	2440.000000
31.732555	 	2446.666667
-7.688714	 	2453.333333
18.466437	 	2460.000000
-1.298515	 	2466.666667
-10.698618	 	2473.333333
16.084931	 	2480.000000
6.375924	 	2486.666667
7.557937	 	2493.333333
-16.618618	 	2500.000000
-1.084637	 	2506.666667
23.196758	 	2513.333333
4.946686	 	2520.000000
10.904849	 	2526.666667
-21.217955	 	2533.333333
12.131441	 	2540.000000
12.770605	 	2546.666667
3.299761	 	2553.333333
7.318713	 	2560.000000
-11.529125	 	2566.666667
-0.726513	 	2573.333333
19.415971	 	2580.000000
25.369896	 	2586.666667
-18.851617	 	2593.333333
-14.081107	 	2600.000000
0.602933	 	2606.666667
8.762902	 	2613.333333
27.967053	 	2620.000000
-3.886184	 	2626.666667
0.979313	 	2633.333333
7.122882	 	2640.000000
-14.628150	 	2646.666667
12.469965	 	2653.333333
21.949212	 	2660.000000
2.336197	 	2666.666667
0.369726	 	2673.333333
-25.869955	 	2680.000000
17.696301	 	2686.666667
14.793784	 	2693.333333
14.712467	 	2700.000000
3.339054	 	2706.666667
-24.384500	 	2713.333333
-10.250588	 	2720.000000
25.523571	 	2726.666667
36.286398	 	2733.333333
-41.213219	 	2740.000000
-26.162983	 	2746.666667
28.962650	 	2753.333333
35.151531	 	2760.000000
29.378607	 	2766.666667
-28.930527	 	2773.333333
-8.911963	 	2780.000000
-11.716243	 	2786.666667
27.381337	 	2793.333333
30.005301	 	2800.000000
-14.506712	 	2806.666667
-36.527266	 	2813.333333
10.198162	 	2820.000000
40.936060	 	2826.666667
8.563615	 	2833.333333
-30.550456	 	2840.000000
28.877756	 	2846.666667
-12.422465	 	2853.333333
18.888677	 	2860.000000
-9.617832	 	2866.666667
-8.295991	 	2873.333333
41.112437	 	2880.000000
-17.165302	 	2886.666667
-7.298124	 	2893.333333
20.866379	 	2900.000000
4.399110	 	2906.666667
10.220285	 	2913.333333
-13.323981	 	2920.000000
-11.357377	 	2926.666667
26.881129	 	2933.333333
-5.525338	 	2940.000000
-10.554434	 	2946.666667
28.822201	 	2953.333333
-10.476540	 	2960.000000
-19.322024	 	2966.666667
37.444099	 	2973.333333
31.616969	 	2980.000000
-15.608962	 	2986.666667
-24.010036	 	2993.333333
-15.779582	 	3000.000000
36.297763	 	3006.666667
11.469111	 	3013.333333
5.166150	 	3020.000000
-1.917795	 	3026.666667
0.057746	 	3033.333333
11.932619	 	3040.000000
-10.636166	 	3046.666667
-12.849602	 	3053.333333
22.824300	 	3060.000000
9.598782	 	3066.666667
13.946174	 	3073.333333
-10.181955	 	3080.000000
-10.933424	 	3086.666667
2.133164	 	3093.333333
17.675450	 	3100.000000
3.801674	 	3106.666667
7.615553	 	3113.333333
-11.524541	 	3120.000000
8.106873	 	3126.666667
-8.348333	 	3133.333333
21.027562	 	3140.000000
56.000526	 	3146.666667
107.058964	 	3153.333333
141.963036	 	3160.000000
78.524267	 	3166.666667
92.132601	 	3173.333333
295.232408	 	3180.000000
870.348154	 	3186.666667
1990.093607	 	3193.333333
2722.876183	 	3200.000000
2180.053068	 	3206.666667
2024.758625	 	3213.333333
2550.408737	 	3220.000000
3578.842315	 	3226.666667
4326.123253	 	3233.333333
4670.951257	 	3240.000000
4917.659997	 	3246.666667
5036.880246	 	3253.333333
4927.698101	 	3260.000000
5091.867116	 	3266.666667
5297.125742	 	3273.333333
5673.068586	 	3280.000000
5696.905357	 	3286.666667
5633.556944	 	3293.333333
5057.569918	 	3300.000000
4812.731194	 	3306.666667
5178.398422	 	3313.333333
5721.890124	 	3320.000000
5257.586685	 	3326.666667
4722.876088	 	3333.333333
4454.954503	 	3340.000000
4905.689625	 	3346.666667
4953.687213	 	3353.333333
4472.393824	 	3360.000000
3864.020219	 	3366.666667
3868.691677	 	3373.333333
3884.895042	 	3380.000000
3697.278159	 	3386.666667
3627.611520	 	3393.333333
3461.650187	 	3400.000000
2957.417308	 	3406.666667
2973.298994	 	3413.333333
3136.538866	 	3420.000000
3037.910103	 	3426.666667
2879.316097	 	3433.333333
2639.218398	 	3440.000000
2531.243272	 	3446.666667
2639.279807	 	3453.333333
2604.094813	 	3460.000000
2514.287112	 	3466.666667
2366.521237	 	3473.333333
2321.321845	 	3480.000000
2132.206407	 	3486.666667
2216.512084	 	3493.333333
2218.864880	 	3500.000000
2229.012912	 	3506.666667
2070.958254	 	3513.333333
2073.390769	 	3520.000000
2016.720098	 	3526.666667
1948.117893	 	3533.333333
1872.827131	 	3540.000000
1907.612275	 	3546.666667
1897.446558	 	3553.333333
1936.530774	 	3560.000000
1825.520914	 	3566.666667
1695.612279	 	3573.333333
1709.045961	 	3580.000000
1770.508475	 	3586.666667
1775.956322	 	3593.333333
1730.355906	 	3600.000000
1612.352135	 	3606.666667
1618.031108	 	3613.333333
1680.394589	 	3620.000000
1701.493597	 	3626.666667
1583.469805	 	3633.333333
1448.047050	 	3640.000000
1514.397448	 	3646.666667
1660.201062	 	3653.333333
1602.331075	 	3660.000000
1508.207431	 	3666.666667
1421.209310	 	3673.333333
1373.540074	 	3680.000000
1459.037845	 	3686.666667
1496.274940	 	3693.333333
1403.521432	 	3700.000000
1366.398551	 	3706.666667
1382.935788	 	3713.333333
1358.440055	 	3720.000000
1365.073827	 	3726.666667
1274.295286	 	3733.333333
1231.856635	 	3740.000000
1220.636266	 	3746.666667
1286.949434	 	3753.333333
1311.069381	 	3760.000000
1287.416839	 	3766.666667
1163.527511	 	3773.333333
1133.954429	 	3780.000000
1169.220702	 	3786.666667
1200.191739	 	3793.333333
1126.146356	 	3800.000000
1140.150852	 	3806.666667
1117.091143	 	3813.333333
1096.580404	 	3820.000000
1104.507303	 	3826.666667
1075.205528	 	3833.333333
984.387067	 	3840.000000
1023.389672	 	3846.666667
1037.299699	 	3853.333333
1074.306776	 	3860.000000
1082.510274	 	3866.666667
943.447029	 	3873.333333
862.039578	 	3880.000000
887.897360	 	3886.666667
954.374303	 	3893.333333
1032.105926	 	3900.000000
962.647203	 	3906.666667
890.769920	 	3913.333333
798.913791	 	3920.000000
869.986746	 	3926.666667
897.250370	 	3933.333333
878.642054	 	3940.000000
806.106866	 	3946.666667
822.215003	 	3953.333333
850.732645	 	3960.000000
880.666993	 	3966.666667
773.069697	 	3973.333333
721.830595	 	3980.000000
723.409654	 	3986.666667
765.906971	 	3993.333333
781.481200	 	4000.000000
769.300128	 	4006.666667
685.774557	 	4013.333333
709.771894	 	4020.000000
694.214448	 	4026.666667
720.178283	 	4033.333333
697.160580	 	4040.000000
657.625638	 	4046.666667
657.786492	 	4053.333333
669.419414	 	4060.000000
671.953413	 	4066.666667
643.138902	 	4073.333333
606.145470	 	4080.000000
581.804527	 	4086.666667
628.959586	 	4093.333333
657.374712	 	4100.000000
588.025433	 	4106.666667
591.760490	 	4113.333333
551.403123	 	4120.000000
587.468588	 	4126.666667
619.846640	 	4133.333333
580.512707	 	4140.000000
501.608461	 	4146.666667
495.362199	 	4153.333333
546.000636	 	4160.000000
526.033812	 	4166.666667
592.370124	 	4173.333333
515.916156	 	4180.000000
505.971925	 	4186.666667
454.531683	 	4193.333333
519.778698	 	4200.000000
475.562265	 	4206.666667
492.905916	 	4213.333333
478.207912	 	4220.000000
442.078183	 	4226.666667
522.332013	 	4233.333333
448.245273	 	4240.000000
435.397298	 	4246.666667
507.223490	 	4253.333333
374.555340	 	4260.000000
479.492780	 	4266.666667
429.319206	 	4273.333333
432.599979	 	4280.000000
393.163350	 	4286.666667
403.067610	 	4293.333333
412.733359	 	4300.000000
473.224206	 	4306.666667
340.745095	 	4313.333333
379.347781	 	4320.000000
410.221362	 	4326.666667
361.422193	 	4333.333333
423.381998	 	4340.000000
417.253229	 	4346.666667
288.015709	 	4353.333333
407.062015	 	4360.000000
320.549365	 	4366.666667
361.996642	 	4373.333333
401.800471	 	4380.000000
296.755676	 	4386.666667
366.592929	 	4393.333333
363.226832	 	4400.000000
270.337278	 	4406.666667
358.341498	 	4413.333333
288.840386	 	4420.000000
368.311186	 	4426.666667
298.074318	 	4433.333333
343.843682	 	4440.000000
255.906275	 	4446.666667
291.294546	 	4453.333333
286.032409	 	4460.000000
382.797261	 	4466.666667
282.031408	 	4473.333333
257.370396	 	4480.000000
345.604357	 	4486.666667
197.319483	 	4493.333333
253.230201	 	4500.000000
380.749235	 	4506.666667
233.104382	 	4513.333333
318.489622	 	4520.000000
185.058512	 	4526.666667
306.928603	 	4533.333333
249.781367	 	4540.000000
170.862748	 	4546.666667
312.998652	 	4553.333333
280.270105	 	4560.000000
223.895900	 	4566.666667
287.209168	 	4573.333333
168.701958	 	4580.000000
196.928277	 	4586.666667
340.412379	 	4593.333333
182.734465	 	4600.000000
210.251783	 	4606.666667
232.627285	 	4613.333333
270.880889	 	4620.000000
205.867623	 	4626.666667
198.142904	 	4633.333333
143.410809	 	4640.000000
313.599761	 	4646.666667
87.158182	 	4653.333333
287.796143	 	4660.000000
156.423748	 	4666.666667
338.432649	 	4673.333333
195.006637	 	4680.000000
113.249286	 	4686.666667
16.411768	 	4693.333333
518.470936	 	4700.000000
-9.975781	 	4706.666667
271.236301	 	4713.333333
180.291637	 	4720.000000
222.519299	 	4726.666667
164.988076	 	4733.333333
122.759367	 	4740.000000
164.786606	 	4746.666667
310.511012	 	4753.333333
35.104199	 	4760.000000
320.255384	 	4766.666667
-24.065835	 	4773.333333
314.314787	 	4780.000000
165.215087	 	4786.666667
38.943603	 	4793.333333
151.873734	 	4800.000000
463.824900	 	4806.666667
-139.612224	 	4813.333333
279.307059	 	4820.000000
98.269609	 	4826.666667
124.245941	 	4833.333333
399.990219	 	4840.000000
-102.675244	 	4846.666667
107.711723	 	4853.333333
299.862820	 	4860.000000
-16.142448	 	4866.666667
373.054041	 	4873.333333
39.719246	 	4880.000000
25.525768	 	4886.666667
316.294369	 	4893.333333
8.591976	 	4900.000000
75.320021	 	4906.666667
376.715642	 	4913.333333
-29.496285	 	4920.000000
59.919590	 	4926.666667
292.639074	 	4933.333333
-15.623121	 	4940.000000
183.480916	 	4946.666667
214.496154	 	4953.333333
27.193145	 	4960.000000
43.059934	 	4966.666667
197.685134	 	4973.333333
93.026890	 	4980.000000
208.375124	 	4986.666667
132.945407	 	4993.333333
-61.217198	 	5000.000000
176.434955	 	5006.666667
254.522521	 	5013.333333
-37.626990	 	5020.000000
183.144259	 	5026.666667
18.223636	 	5033.333333
75.504417	 	5040.000000
287.806314	 	5046.666667
30.037960	 	5053.333333
62.784016	 	5060.000000
209.162667	 	5066.666667
-68.838596	 	5073.333333
164.398704	 	5080.000000
190.651783	 	5086.666667
-16.521174	 	5093.333333
193.583984	 	5100.000000
85.938477	 	5106.666667
-18.969795	 	5113.333333
247.645920	 	5120.000000
24.621681	 	5126.666667
49.377786	 	5133.333333
182.030616	 	5140.000000
17.003872	 	5146.666667
63.603944	 	5153.333333
166.468278	 	5160.000000
77.781376	 	5166.666667
79.792744	 	5173.333333
62.622632	 	5180.000000
42.760208	 	5186.666667
191.277810	 	5193.333333
67.511862	 	5200.000000
-7.698984	 	5206.666667
131.879447	 	5213.333333
83.226809	 	5220.000000
37.018903	 	5226.666667
134.102191	 	5233.333333
62.915763	 	5240.000000
62.875001	 	5246.666667
104.143617	 	5253.333333
73.247704	 	5260.000000
52.254143	 	5266.666667
126.713514	 	5273.333333
18.782649	 	5280.000000
75.026985	 	5286.666667
108.146554	 	5293.333333
68.400608	 	5300.000000
61.352379	 	5306.666667
30.109128	 	5313.333333
58.295028	 	5320.000000
161.876909	 	5326.666667
29.142568	 	5333.333333
50.672087	 	5340.000000
90.298984	 	5346.666667
33.780131	 	5353.333333
53.612288	 	5360.000000
97.193240	 	5366.666667
2.555418	 	5373.333333
120.329146	 	5380.000000
92.401101	 	5386.666667
16.602864	 	5393.333333
79.569779	 	5400.000000
52.189735	 	5406.666667
15.736663	 	5413.333333
81.383198	 	5420.000000
45.002114	 	5426.666667
84.239801	 	5433.333333
74.780655	 	5440.000000
7.945339	 	5446.666667
80.180405	 	5453.333333
38.374622	 	5460.000000
29.756329	 	5466.666667
130.443719	 	5473.333333
27.344546	 	5480.000000
37.576492	 	5486.666667
59.240831	 	5493.333333
28.150296	 	5500.000000
67.935302	 	5506.666667
79.500494	 	5513.333333
39.796663	 	5520.000000
52.559919	 	5526.666667
47.235365	 	5533.333333
47.051297	 	5540.000000
39.253543	 	5546.666667
64.179694	 	5553.333333
10.222908	 	5560.000000
63.448521	 	5566.666667
64.467869	 	5573.333333
53.363253	 	5580.000000
39.012862	 	5586.666667
5.320515	 	5593.333333
24.300343	 	5600.000000
122.726770	 	5606.666667
44.818817	 	5613.333333
14.947451	 	5620.000000
32.915264	 	5626.666667
37.180663	 	5633.333333
48.729618	 	5640.000000
54.521569	 	5646.666667
23.220822	 	5653.333333
65.353602	 	5660.000000
34.626314	 	5666.666667
15.483055	 	5673.333333
54.227842	 	5680.000000
28.139212	 	5686.666667
35.838827	 	5693.333333
64.813275	 	5700.000000
6.557790	 	5706.666667
60.989747	 	5713.333333
48.924545	 	5720.000000
-1.245362	 	5726.666667
56.904083	 	5733.333333
30.559931	 	5740.000000
27.063982	 	5746.666667
50.752213	 	5753.333333
35.396074	 	5760.000000
45.377806	 	5766.666667
51.046608	 	5773.333333
-13.251244	 	5780.000000
13.924365	 	5786.666667
60.227824	 	5793.333333
40.913090	 	5800.000000
24.604730	 	5806.666667
57.965885	 	5813.333333
13.538537	 	5820.000000
16.609382	 	5826.666667
31.524973	 	5833.333333
-3.162717	 	5840.000000
70.383278	 	5846.666667
64.271767	 	5853.333333
5.576122	 	5860.000000
33.714078	 	5866.666667
20.989269	 	5873.333333
-2.579625	 	5880.000000
50.146089	 	5886.666667
36.017981	 	5893.333333
13.944909	 	5900.000000
52.927283	 	5906.666667
25.820174	 	5913.333333
37.526240	 	5920.000000
5.355813	 	5926.666667
-10.974528	 	5933.333333
57.520446	 	5940.000000
39.990899	 	5946.666667
5.955511	 	5953.333333
41.895428	 	5960.000000
25.837713	 	5966.666667
18.046085	 	5973.333333
38.972856	 	5980.000000
19.169118	 	5986.666667
22.326406	 	5993.333333
50.961372	 	6000.000000
42.051859	 	6006.666667
11.506340	 	6013.333333
19.598932	 	6020.000000
-12.173890	 	6026.666667
13.820341	 	6033.333333
92.080724	 	6040.000000
15.725213	 	6046.666667
6.373193	 	6053.333333
15.507419	 	6060.000000
17.363580	 	6066.666667
30.704579	 	6073.333333
19.594144	 	6080.000000
12.189565	 	6086.666667
50.067253	 	6093.333333
28.715575	 	6100.000000
23.447490	 	6106.666667
24.850130	 	6113.333333
-11.683999	 	6120.000000
5.101365	 	6126.666667
47.432558	 	6133.333333
30.779636	 	6140.000000
23.626498	 	6146.666667
30.635700	 	6153.333333
-18.711840	 	6160.000000
22.922602	 	6166.666667
31.658082	 	6173.333333
28.026992	 	6180.000000
28.003228	 	6186.666667
13.994331	 	6193.333333
3.637702	 	6200.000000
14.095959	 	6206.666667
33.775357	 	6213.333333
44.281824	 	6220.000000
-2.346355	 	6226.666667
1.622519	 	6233.333333
10.136275	 	6240.000000
61.344307	 	6246.666667
4.609156	 	6253.333333
19.569880	 	6260.000000
25.394269	 	6266.666667
4.135896	 	6273.333333
-9.653645	 	6280.000000
66.441769	 	6286.666667
26.945450	 	6293.333333
15.728948	 	6300.000000
-29.187356	 	6306.666667
5.562112	 	6313.333333
41.177703	 	6320.000000
53.672337	 	6326.666667
-0.768527	 	6333.333333
10.126812	 	6340.000000
-0.324867	 	6346.666667
38.042453	 	6353.333333
19.394766	 	6360.000000
3.459227	 	6366.666667
3.029076	 	6373.333333
38.718935	 	6380.000000
13.906077	 	6386.666667
54.392530	 	6393.333333
-32.105444	 	6400.000000
8.635043	 	6406.666667
44.509282	 	6413.333333
21.062018	 	6420.000000
-5.270181	 	6426.666667
12.265496	 	6433.333333
17.780554	 	6440.000000
11.003585	 	6446.666667
28.233499	 	6453.333333
16.000707	 	6460.000000
8.430806	 	6466.666667
12.973383	 	6473.333333
-5.123518	 	6480.000000
30.729044	 	6486.666667
12.246677	 	6493.333333
4.521301	 	6500.000000
23.457020	 	6506.666667
29.780424	 	6513.333333
-17.662569	 	6520.000000
22.545129	 	6526.666667
1.739716	 	6533.333333
25.117772	 	6540.000000
10.415426	 	6546.666667
17.077837	 	6553.333333
8.447724	 	6560.000000
30.710737	 	6566.666667
1.724170	 	6573.333333
-14.464531	 	6580.000000
18.082361	 	6586.666667
55.560533	 	6593.333333
-1.524112	 	6600.000000
2.299086	 	6606.666667
-1.188715	 	6613.333333
20.731646	 	6620.000000
39.418444	 	6626.666667
-4.332358	 	6633.333333
-7.318023	 	6640.000000
16.522690	 	6646.666667
14.323106	 	6653.333333
26.937550	 	6660.000000
3.540649	 	6666.666667
6.332665	 	6673.333333
14.794229	 	6680.000000
23.245760	 	6686.666667
14.393754	 	6693.333333
-3.484702	 	6700.000000
28.284310	 	6706.666667
2.820995	 	6713.333333
12.877989	 	6720.000000
-0.261778	 	6726.666667
25.214929	 	6733.333333
-5.708061	 	6740.000000
21.785134	 	6746.666667
4.000355	 	6753.333333
19.529528	 	6760.000000
3.656387	 	6766.666667
27.177843	 	6773.333333
3.132721	 	6780.000000
2.457197	 	6786.666667
1.693246	 	6793.333333
17.516767	 	6800.000000
29.948419	 	6806.666667
15.595687	 	6813.333333
-7.844953	 	6820.000000
-4.980437	 	6826.666667
18.629315	 	6833.333333
13.505516	 	6840.000000
4.321184	 	6846.666667
15.070062	 	6853.333333
15.059565	 	6860.000000
15.673945	 	6866.666667
-7.901930	 	6873.333333
16.158747	 	6880.000000
-9.820551	 	6886.666667
31.678973	 	6893.333333
13.867897	 	6900.000000
-11.597531	 	6906.666667
23.593203	 	6913.333333
3.914563	 	6920.000000
9.364628	 	6926.666667
-3.783303	 	6933.333333
3.157117	 	6940.000000
-4.697092	 	6946.666667
33.947623	 	6953.333333
-2.202608	 	6960.000000
-7.248530	 	6966.666667
36.207579	 	6973.333333
32.952949	 	6980.000000
-16.179732	 	6986.666667
-15.608371	 	6993.333333
-1.910534	 	7000.000000
20.699030	 	7006.666667
22.034730	 	7013.333333
19.438870	 	7020.000000
25.119221	 	7026.666667
-43.539621	 	7033.333333
-1.873574	 	7040.000000
38.770172	 	7046.666667
8.917530	 	7053.333333
11.078583	 	7060.000000
-4.475087	 	7066.666667
24.136547	 	7073.333333
0.607248	 	7080.000000
-5.662159	 	7086.666667
-7.401708	 	7093.333333
19.541039	 	7100.000000
31.053126	 	7106.666667
9.936129	 	7113.333333
-25.410412	 	7120.000000
-6.167302	 	7126.666667
21.252824	 	7133.333333
45.798359	 	7140.000000
12.458353	 	7146.666667
-15.711492	 	7153.333333
0.208695	 	7160.000000
-4.399176	 	7166.666667
-0.734825	 	7173.333333
34.457937	 	7180.000000
10.096221	 	7186.666667
-12.036305	 	7193.333333
-11.168713	 	7200.000000
21.696317	 	7206.666667
15.481161	 	7213.333333
8.081579	 	7220.000000
-11.833697	 	7226.666667
-3.623691	 	7233.333333
14.986802	 	7240.000000
19.285236	 	7246.666667
2.896208	 	7253.333333
12.575508	 	7260.000000
1.637631	 	7266.666667
-13.935715	 	7273.333333
-5.819720	 	7280.000000
0.723991	 	7286.666667
34.913905	 	7293.333333
-3.261572	 	7300.000000
5.450814	 	7306.666667
-1.092602	 	7313.333333
9.543013	 	7320.000000
-11.126213	 	7326.666667
16.505164	 	7333.333333
7.910183	 	7340.000000
8.150632	 	7346.666667
-16.019140	 	7353.333333
2.532660	 	7360.000000
28.056620	 	7366.666667
13.966478	 	7373.333333
-13.070331	 	7380.000000
-5.683742	 	7386.666667
-6.229982	 	7393.333333
21.195863	 	7400.000000
18.722465	 	7406.666667
13.026418	 	7413.333333
-30.196506	 	7420.000000
-8.873743	 	7426.666667
21.341155	 	7433.333333
12.367825	 	7440.000000
5.865463	 	7446.666667
10.191055	 	7453.333333
-12.889039	 	7460.000000
14.320713	 	7466.666667
23.459622	 	7473.333333
-17.562821	 	7480.000000
-27.651326	 	7486.666667
11.664209	 	7493.333333
38.289027	 	7500.000000
-2.776602	 	7506.666667
6.091180	 	7513.333333
-4.730258	 	7520.000000
-6.307184	 	7526.666667
-6.195080	 	7533.333333
29.690178	 	7540.000000
2.766415	 	7546.666667
-16.103906	 	7553.333333
10.545317	 	7560.000000
13.544998	 	7566.666667
6.278816	 	7573.333333
10.630004	 	7580.000000
-6.589909	 	7586.666667
-0.379562	 	7593.333333
3.504055	 	7600.000000
-9.896060	 	7606.666667
7.625175	 	7613.333333
31.053469	 	7620.000000
-11.570144	 	7626.666667
-7.292072	 	7633.333333
-1.587190	 	7640.000000
3.482125	 	7646.666667
-2.201052	 	7653.333333
3.918683	 	7660.000000
23.698090	 	7666.666667
24.576934	 	7673.333333
-24.412047	 	7680.000000
-8.377167	 	7686.666667
11.293072	 	7693.333333
8.327135	 	7700.000000
17.280044	 	7706.666667
0.556575	 	7713.333333
19.878321	 	7720.000000
-9.304984	 	7726.666667
-13.184095	 	7733.333333
-8.457616	 	7740.000000
29.518028	 	7746.666667
27.331130	 	7753.333333
12.223383	 	7760.000000
-3.588756	 	7766.666667
-25.698593	 	7773.333333
-6.531807	 	7780.000000
6.234924	 	7786.666667
20.043268	 	7793.333333
9.885101	 	7800.000000
2.177029	 	7806.666667
17.690786	 	7813.333333
-2.611937	 	7820.000000
-18.702806	 	7826.666667
5.107596	 	7833.333333
4.715568	 	7840.000000
22.847773	 	7846.666667
0.409819	 	7853.333333
-12.651870	 	7860.000000
-6.106185	 	7866.666667
-3.902188	 	7873.333333
24.191480	 	7880.000000
13.103191	 	7886.666667
-4.539405	 	7893.333333
-4.927359	 	7900.000000
-9.498296	 	7906.666667
19.450686	 	7913.333333
11.597798	 	7920.000000
-17.558164	 	7926.666667
-12.147524	 	7933.333333
20.083539	 	7940.000000
14.567032	 	7946.666667
-6.394974	 	7953.333333
-3.194908	 	7960.000000
20.744402	 	7966.666667
-14.411115	 	7973.333333
-7.797898	 	7980.000000
5.861422	 	7986.666667
13.805891	 	7993.333333
15.651125	 	8000.000000
-9.829589	 	8006.666667
-2.121529	 	8013.333333
15.587529	 	8020.000000
-10.590722	 	8026.666667
0.921989	 	8033.333333
5.579898	 	8040.000000
5.865006	 	8046.666667
-3.357199	 	8053.333333
-9.450853	 	8060.000000
32.893474	 	8066.666667
4.637942	 	8073.333333
-27.061435	 	8080.000000
3.335278	 	8086.666667
-10.654908	 	8093.333333
26.001006	 	8100.000000
21.765528	 	8106.666667
-22.704507	 	8113.333333
3.748753	 	8120.000000
-1.802358	 	8126.666667
-17.417495	 	8133.333333
29.833916	 	8140.000000
4.657408	 	8146.666667
-2.896073	 	8153.333333
-3.717654	 	8160.000000
-18.988186	 	8166.666667
19.133753	 	8173.333333
14.766382	 	8180.000000
-13.473998	 	8186.666667
-3.662169	 	8193.333333
-14.558195	 	8200.000000
3.564309	 	8206.666667
29.143021	 	8213.333333
8.987644	 	8220.000000
4.778607	 	8226.666667
-22.108036	 	8233.333333
-3.584832	 	8240.000000
4.391031	 	8246.666667
39.709567	 	8253.333333
14.520355	 	8260.000000
-30.441043	 	8266.666667
-20.837998	 	8273.333333
23.756433	 	8280.000000
5.213510	 	8286.666667
20.998765	 	8293.333333
-17.318704	 	8300.000000
-12.617681	 	8306.666667
11.189253	 	8313.333333
10.287975	 	8320.000000
19.256931	 	8326.666667
-15.737208	 	8333.333333
-19.645282	 	8340.000000
19.876433	 	8346.666667
-14.547750	 	8353.333333
-2.673919	 	8360.000000
21.610678	 	8366.666667
-8.124319	 	8373.333333
13.377117	 	8380.000000
18.896340	 	8386.666667
-27.758552	 	8393.333333
1.325898	 	8400.000000
26.969042	 	8406.666667
7.080293	 	8413.333333
-10.983259	 	8420.000000
-17.699528	 	8426.666667
-4.843505	 	8433.333333
27.894103	 	8440.000000
0.066032	 	8446.666667
-6.104650	 	8453.333333
8.195174	 	8460.000000
-2.604398	 	8466.666667
-20.828065	 	8473.333333
-0.889578	 	8480.000000
26.919625	 	8486.666667
11.576330	 	8493.333333
-21.227070	 	8500.000000
-5.313002	 	8506.666667
1.776512	 	8513.333333
7.686018	 	8520.000000
5.338189	 	8526.666667
4.175114	 	8533.333333
-4.696108	 	8540.000000
16.947031	 	8546.666667
0.354576	 	8553.333333
-23.027765	 	8560.000000
2.858027	 	8566.666667
15.746852	 	8573.333333
7.652344	 	8580.000000
7.002746	 	8586.666667
-13.464688	 	8593.333333
0.649768	 	8600.000000
30.780000	 	8606.666667
-17.987553	 	8613.333333
-18.831418	 	8620.000000
12.305174	 	8626.666667
12.238214	 	8633.333333
-20.895296	 	8640.000000
27.128194	 	8646.666667
-4.651737	 	8653.333333
-8.409605	 	8660.000000
-26.208498	 	8666.666667
8.824830	 	8673.333333
53.210909	 	8680.000000
10.528427	 	8686.666667
-38.178678	 	8693.333333
-11.415789	 	8700.000000
-4.693583	 	8706.666667
31.028038	 	8713.333333
-8.749223	 	8720.000000
-11.111427	 	8726.666667
4.823940	 	8733.333333
12.483698	 	8740.000000
6.781428	 	8746.666667
10.270699	 	8753.333333
-21.372302	 	8760.000000
-17.402863	 	8766.666667
27.953410	 	8773.333333
11.547307	 	8780.000000
-11.126960	 	8786.666667
-5.127284	 	8793.333333
-8.751299	 	8800.000000
-8.810889	 	8806.666667
23.404081	 	8813.333333
-7.903133	 	8820.000000
2.861486	 	8826.666667
7.696563	 	8833.333333
-0.847345	 	8840.000000
-11.514588	 	8846.666667
-1.332945	 	8853.333333
6.385440	 	8860.000000
4.705752	 	8866.666667
-7.092552	 	8873.333333
9.116535	 	8880.000000
-0.351447	 	8886.666667
-18.544859	 	8893.333333
15.646753	 	8900.000000
8.775795	 	8906.666667
3.730199	 	8913.333333
4.166714	 	8920.000000
-12.804144	 	8926.666667
-14.971366	 	8933.333333
-0.358652	 	8940.000000
7.653550	 	8946.666667
19.350613	 	8953.333333
6.299235	 	8960.000000
-25.562663	 	8966.666667
0.785275	 	8973.333333
-12.203728	 	8980.000000
7.880981	 	8986.666667
40.730576	 	8993.333333
-6.431913	 	9000.000000
-28.615253	 	9006.666667
-1.185186	 	9013.333333
-2.269684	 	9020.000000
-7.004336	 	9026.666667
35.933706	 	9033.333333
-31.886372	 	9040.000000
20.867218	 	9046.666667
7.961017	 	9053.333333
-5.108265	 	9060.000000
-20.230584	 	9066.666667
15.799711	 	9073.333333
-8.370930	 	9080.000000
20.266401	 	9086.666667
-5.551791	 	9093.333333
7.426791	 	9100.000000
-3.941387	 	9106.666667
-0.428320	 	9113.333333
6.085090	 	9120.000000
-3.578419	 	9126.666667
-31.521110	 	9133.333333
32.073351	 	9140.000000
25.825243	 	9146.666667
-19.078911	 	9153.333333
-9.100463	 	9160.000000
-3.985424	 	9166.666667
14.925021	 	9173.333333
3.734784	 	9180.000000
-2.490841	 	9186.666667
-1.046978	 	9193.333333
16.313375	 	9200.000000
-12.484489	 	9206.666667
-11.391946	 	9213.333333
11.587330	 	9220.000000
8.432134	 	9226.666667
-9.833951	 	9233.333333
-0.405190	 	9240.000000
-3.654898	 	9246.666667
12.079466	 	9253.333333
-12.063412	 	9260.000000
43.218395	 	9266.666667
-29.028985	 	9273.333333
-7.746430	 	9280.000000
-1.468003	 	9286.666667
-10.403002	 	9293.333333
2.332535	 	9300.000000
15.469095	 	9306.666667
-8.541069	 	9313.333333
5.487168	 	9320.000000
6.463913	 	9326.666667
2.143814	 	9333.333333
-28.219233	 	9340.000000
23.506094	 	9346.666667
12.069815	 	9353.333333
-8.777039	 	9360.000000
-13.208877	 	9366.666667
-1.592335	 	9373.333333
11.087705	 	9380.000000
4.175315	 	9386.666667
-40.760444	 	9393.333333
-0.798593	 	9400.000000
25.374722	 	9406.666667
9.402561	 	9413.333333
-9.680716	 	9420.000000
-6.429105	 	9426.666667
-10.548834	 	9433.333333
16.726232	 	9440.000000
1.950780	 	9446.666667
-40.716790	 	9453.333333
23.505887	 	9460.000000
9.953996	 	9466.666667
9.988404	 	9473.333333
-10.024732	 	9480.000000
-28.783914	 	9486.666667
4.603999	 	9493.333333
27.981866	 	9500.000000
-7.092724	 	9506.666667
-17.539875	 	9513.333333
2.032774	 	9520.000000
10.620653	 	9526.666667
-1.625946	 	9533.333333
-7.979076	 	9540.000000
-9.973241	 	9546.666667
2.352475	 	9553.333333
23.783535	 	9560.000000
-19.605381	 	9566.666667
1.035289	 	9573.333333
12.642825	 	9580.000000
-16.212082	 	9586.666667
-4.034255	 	9593.333333
-13.825570	 	9600.000000
21.006149	 	9606.666667
-13.837621	 	9613.333333
8.869625	 	9620.000000
10.848624	 	9626.666667
4.037740	 	9633.333333
-2.193609	 	9640.000000
-13.633541	 	9646.666667
9.350822	 	9653.333333
-4.211077	 	9660.000000
9.069147	 	9666.666667
-1.485541	 	9673.333333
-4.879446	 	9680.000000
14.836528	 	9686.666667
4.737167	 	9693.333333
-19.855813	 	9700.000000
5.900963	 	9706.666667
3.586262	 	9713.333333
-1.380708	 	9720.000000
0.105531	 	9726.666667
2.442865	 	9733.333333
-8.439041	 	9740.000000
-5.450798	 	9746.666667
4.401300	 	9753.333333
3.898190	 	9760.000000
6.316697	 	9766.666667
-25.828139	 	9773.333333
-6.175603	 	9780.000000
19.608292	 	9786.666667
11.505109	 	9793.333333
-3.659047	 	9800.000000
-11.557663	 	9806.666667
12.795161	 	9813.333333
-4.876932	 	9820.000000
-4.539185	 	9826.666667
2.955171	 	9833.333333
-9.723086	 	9840.000000
-6.653424	 	9846.666667
1.811565	 	9853.333333
20.835984	 	9860.000000
0.682289	 	9866.666667
5.761334	 	9873.333333
-23.519351	 	9880.000000
-7.483179	 	9886.666667
1.437558	 	9893.333333
22.720755	 	9900.000000
-13.416511	 	9906.666667
9.229884	 	9913.333333
2.945439	 	9920.000000
-4.158621	 	9926.666667
-34.530229	 	9933.333333
-6.407482	 	9940.000000
36.997818	 	9946.666667
3.548111	 	9953.333333
4.775218	 	9960.000000
-21.546899	 	9966.666667
-12.469440	 	9973.333333
-0.092287	 	9980.000000
15.394048	 	9986.666667
9.083058	 	9993.333333
-19.662942	 	10000.000000
2.707779	 	10006.666667
-6.878453	 	10013.333333
-6.803300	 	10020.000000
20.590256	 	10026.666667
1.689439	 	10033.333333
-23.644271	 	10040.000000
6.292007	 	10046.666667
28.808893	 	10053.333333
-27.898048	 	10060.000000
-3.698517	 	10066.666667
-5.414166	 	10073.333333
0.774717	 	10080.000000
-3.014891	 	10086.666667
11.211161	 	10093.333333
-11.190438	 	10100.000000
-10.077743	 	10106.666667
-2.200566	 	10113.333333
23.551261	 	10120.000000
-19.833385	 	10126.666667
1.933216	 	10133.333333
-15.120098	 	10140.000000
18.880004	 	10146.666667
3.273585	 	10153.333333
10.071615	 	10160.000000
-24.754380	 	10166.666667
-9.379916	 	10173.333333
3.861605	 	10180.000000
16.218575	 	10186.666667
-5.165181	 	10193.333333
8.344362	 	10200.000000
-23.113570	 	10206.666667
-3.472494	 	10213.333333
-0.275766	 	10220.000000
34.688664	 	10226.666667
-27.945353	 	10233.333333
3.386348	 	10240.000000
-1.441405	 	10246.666667
-0.164862	 	10253.333333
-18.237659	 	10260.000000
19.199954	 	10266.666667
-2.921850	 	10273.333333
11.110919	 	10280.000000
-6.708638	 	10286.666667
-2.356205	 	10293.333333
-8.580327	 	10300.000000
5.575036	 	10306.666667
3.240523	 	10313.333333
-0.605728	 	10320.000000
3.720339	 	10326.666667
2.180373	 	10333.333333
-1.834576	 	10340.000000
-4.176475	 	10346.666667
-5.329327	 	10353.333333
-1.801103	 	10360.000000
-2.670425	 	10366.666667
6.216709	 	10373.333333
11.294369	 	10380.000000
-3.903264	 	10386.666667
-8.547325	 	10393.333333
-7.818209	 	10400.000000
-10.234364	 	10406.666667
5.030231	 	10413.333333
24.965528	 	10420.000000
-27.365491	 	10426.666667
1.840662	 	10433.333333
21.095073	 	10440.000000
1.602356	 	10446.666667
-34.227786	 	10453.333333
-5.918222	 	10460.000000
-4.800833	 	10466.666667
6.423665	 	10473.333333
21.685834	 	10480.000000
3.666153	 	10486.666667
-2.194594	 	10493.333333
-7.286144	 	10500.000000
-8.046458	 	10506.666667
-19.385093	 	10513.333333
29.455762	 	10520.000000
-6.514156	 	10526.666667
-7.182757	 	10533.333333
-19.924766	 	10540.000000
14.399218	 	10546.666667
21.314999	 	10553.333333
-18.675601	 	10560.000000
-15.302017	 	10566.666667
9.985080	 	10573.333333
-1.286453	 	10580.000000
21.382708	 	10586.666667
-7.065801	 	10593.333333
-25.132048	 	10600.000000
26.433504	 	10606.666667
-3.567541	 	10613.333333
-32.953534	 	10620.000000
4.436747	 	10626.666667
23.476817	 	10633.333333
10.330794	 	10640.000000
17.510440	 	10646.666667
-22.830239	 	10653.333333
-18.521777	 	10660.000000
3.339331	 	10666.666667
19.915954	 	10673.333333
-4.664333	 	10680.000000
-9.936870	 	10686.666667
-4.331604	 	10693.333333
18.685519	 	10700.000000
-15.574424	 	10706.666667
-4.789843	 	10713.333333
5.356707	 	10720.000000
10.287374	 	10726.666667
-17.430170	 	10733.333333
10.225643	 	10740.000000
3.950683	 	10746.666667
3.021601	 	10753.333333
-18.780804	 	10760.000000
-2.138565	 	10766.666667
13.060374	 	10773.333333
11.130800	 	10780.000000
-31.496959	 	10786.666667
-6.408514	 	10793.333333
5.472048	 	10800.000000
10.390190	 	10806.666667
-7.209308	 	10813.333333
18.454102	 	10820.000000
0.691867	 	10826.666667
-26.313311	 	10833.333333
-12.422204	 	10840.000000
-3.554986	 	10846.666667
21.854532	 	10853.333333
24.011992	 	10860.000000
-12.261279	 	10866.666667
-8.889686	 	10873.333333
-35.837777	 	10880.000000
26.714551	 	10886.666667
10.672867	 	10893.333333
1.637259	 	10900.000000
-7.029745	 	10906.666667
-9.178775	 	10913.333333
-0.340294	 	10920.000000
20.340324	 	10926.666667
-19.728110	 	10933.333333
-11.070494	 	10940.000000
-0.631134	 	10946.666667
19.957721	 	10953.333333
-3.585452	 	10960.000000
18.415341	 	10966.666667
-24.062727	 	10973.333333
-6.560281	 	10980.000000
-10.953599	 	10986.666667
4.627090	 	10993.333333
44.583966	 	11000.000000
-22.979761	 	11006.666667
-29.322611	 	11013.333333
4.548307	 	11020.000000
-1.975076	 	11026.666667
29.993636	 	11033.333333
11.448882	 	11040.000000
-36.485206	 	11046.666667
-3.219216	 	11053.333333
7.427943	 	11060.000000
10.286546	 	11066.666667
-8.260504	 	11073.333333
5.852131	 	11080.000000
-12.080149	 	11086.666667
0.276905	 	11093.333333
6.251526	 	11100.000000
0.126740	 	11106.666667
-11.817230	 	11113.333333
9.671637	 	11120.000000
-13.834467	 	11126.666667
6.389204	 	11133.333333
0.927584	 	11140.000000
2.411035	 	11146.666667
9.780950	 	11153.333333
-7.772306	 	11160.000000
-0.967911	 	11166.666667
-2.588330	 	11173.333333
-21.247488	 	11180.000000
23.206490	 	11186.666667
2.986075	 	11193.333333
-22.527826	 	11200.000000
6.806023	 	11206.666667
2.959866	 	11213.333333
-5.424096	 	11220.000000
-0.063719	 	11226.666667
-5.662797	 	11233.333333
5.864182	 	11240.000000
-5.627087	 	11246.666667
-23.678597	 	11253.333333
19.977438	 	11260.000000
13.717916	 	11266.666667
-7.367987	 	11273.333333
-12.472436	 	11280.000000
-4.181018	 	11286.666667
-17.021219	 	11293.333333
12.755966	 	11300.000000
4.783959	 	11306.666667
2.151222	 	11313.333333
1.101233	 	11320.000000
-11.867354	 	11326.666667
-19.879749	 	11333.333333
5.121017	 	11340.000000
8.009606	 	11346.666667
10.172128	 	11353.333333
5.300545	 	11360.000000
0.699797	 	11366.666667
-19.992166	 	11373.333333
-5.583093	 	11380.000000
2.958863	 	11386.666667
9.888379	 	11393.333333
4.135338	 	11400.000000
-9.309563	 	11406.666667
-14.406207	 	11413.333333
-0.336095	 	11420.000000
1.429995	 	11426.666667
7.366990	 	11433.333333
10.460675	 	11440.000000
-6.390316	 	11446.666667
9.245130	 	11453.333333
-27.974264	 	11460.000000
-18.548544	 	11466.666667
36.257508	 	11473.333333
18.380355	 	11480.000000
-10.349113	 	11486.666667
-19.881756	 	11493.333333
-17.808821	 	11500.000000
2.424793	 	11506.666667
10.555700	 	11513.333333
9.223189	 	11520.000000
2.780766	 	11526.666667
-22.661239	 	11533.333333
-8.062806	 	11540.000000
-5.662538	 	11546.666667
19.088118	 	11553.333333
6.031105	 	11560.000000
-15.268078	 	11566.666667
2.333411	 	11573.333333
15.285744	 	11580.000000
-21.389832	 	11586.666667
4.058704	 	11593.333333
2.152326	 	11600.000000
-0.650107	 	11606.666667
-12.787494	 	11613.333333
0.366554	 	11620.000000
-9.435645	 	11626.666667
8.885058	 	11633.333333
-2.060512	 	11640.000000
32.424487	 	11646.666667
-11.250069	 	11653.333333
-22.826733	 	11660.000000
-18.161814	 	11666.666667
-9.918960	 	11673.333333
10.284962	 	11680.000000
19.193486	 	11686.666667
-2.417499	 	11693.333333
-10.870165	 	11700.000000
2.350263	 	11706.666667
-19.386667	 	11713.333333
-10.049844	 	11720.000000
20.959060	 	11726.666667
22.501852	 	11733.333333
-30.121140	 	11740.000000
-0.960978	 	11746.666667
29.123437	 	11753.333333
-22.532911	 	11760.000000
-26.612030	 	11766.666667
13.164628	 	11773.333333
4.583349	 	11780.000000
14.374173	 	11786.666667
-19.160464	 	11793.333333
-6.792637	 	11800.000000
11.729614	 	11806.666667
9.648638	 	11813.333333
-37.385807	 	11820.000000
1.405003	 	11826.666667
30.583840	 	11833.333333
-4.007740	 	11840.000000
-18.843362	 	11846.666667
-0.823506	 	11853.333333
5.083634	 	11860.000000
8.497132	 	11866.666667
11.903959	 	11873.333333
-14.272145	 	11880.000000
-33.987421	 	11886.666667
7.864989	 	11893.333333
8.743582	 	11900.000000
15.078594	 	11906.666667
11.023932	 	11913.333333
-35.953853	 	11920.000000
0.517794	 	11926.666667
1.692073	 	11933.333333
-8.078747	 	11940.000000
21.702780	 	11946.666667
-9.222463	 	11953.333333
18.223911	 	11960.000000
-16.804718	 	11966.666667
-24.007979	 	11973.333333
2.806857	 	11980.000000
22.621804	 	11986.666667
-23.088914	 	11993.333333
12.495088	 	12000.000000
4.850439	 	12006.666667
10.689271	 	12013.333333
-11.392814	 	12020.000000
-8.945583	 	12026.666667
-24.213643	 	12033.333333
27.405403	 	12040.000000
1.040368	 	12046.666667
-18.380457	 	12053.333333
16.493735	 	12060.000000
26.502366	 	12066.666667
-15.287694	 	12073.333333
-51.884755	 	12080.000000
9.571499	 	12086.666667
36.461094	 	12093.333333
-7.433531	 	12100.000000
-38.118391	 	12106.666667
-13.121636	 	12113.333333
57.072876	 	12120.000000
-3.614780	 	12126.666667
-9.007722	 	12133.333333
-32.997352	 	12140.000000
28.617831	 	12146.666667
2.717059	 	12153.333333
-87.385756	 	12160.000000
44.433869	 	12166.666667
89.047632	 	12173.333333
-11.280226	 	12180.000000
-56.476715	 	12186.666667
-40.380531	 	12193.333333
11.783234	 	12200.000000
22.982373	 	12206.666667
-57.544904	 	12213.333333
43.457516	 	12220.000000
61.575126	 	12226.666667
19.580467	 	12233.333333
-108.078463	 	12240.000000
-63.104603	 	12246.666667
28.797802	 	12253.333333
112.300552	 	12260.000000
-24.417068	 	12266.666667
29.349320	 	12273.333333
-87.761529	 	12280.000000
0.266804	 	12286.666667
-29.013138	 	12293.333333
29.724034	 	12300.000000
37.680966	 	12306.666667
-83.891364	 	12313.333333
84.874557	 	12320.000000
-35.310350	 	12326.666667
154.259410	 	12333.333333
-192.469375	 	12340.000000
-61.058612	 	12346.666667
89.980776	 	12353.333333
-24.161199	 	12360.000000
50.311394	 	12366.666667
70.841314	 	12373.333333
-219.030110	 	12380.000000
137.731141	 	12386.666667
38.197731	 	12393.333333
-16.432434	 	12400.000000
-71.027969	 	12406.666667
-100.534545	 	12413.333333
113.705735	 	12420.000000
51.644279	 	12426.666667
15.328713	 	12433.333333
56.753086	 	12440.000000
-188.153780	 	12446.666667
-5.567633	 	12453.333333
124.472808	 	12460.000000
-60.872461	 	12466.666667
-162.160595	 	12473.333333
67.520233	 	12480.000000
320.865347	 	12486.666667
-119.191391	 	12493.333333
-75.353632	 	12500.000000
132.956582	 	12506.666667
-371.099916	 	12513.333333
-230.849793	 	12520.000000
343.715080	 	12526.666667
537.951528	 	12533.333333
-324.248494	 	12540.000000
-150.869547	 	12546.666667
114.910908	 	12553.333333
-354.296828	 	12560.000000
22.282135	 	12566.666667
29.576814	 	12573.333333
772.118592	 	12580.000000
-326.021423	 	12586.666667
-530.313775	 	12593.333333
-224.570588	 	12600.000000
1144.789017	 	12606.666667
-658.934249	 	12613.333333
-873.980160	 	12620.000000
1347.038754	 	12626.666667
-455.350729	 	12633.333333
527.755623	 	12640.000000
-720.952610	 	12646.666667
-692.759598	 	12653.333333
1567.923274	 	12660.000000
-307.351009	 	12666.666667
-872.304562	 	12673.333333
9.165001	 	12680.000000
605.211334	 	12686.666667
498.865330	 	12693.333333
-903.225692	 	12700.000000
-878.127496	 	12706.666667
2232.883634	 	12713.333333
-743.282836	 	12720.000000
-727.045348	 	12726.666667
-75.777465	 	12733.333333
890.063956	 	12740.000000
-709.256601	 	12746.666667
293.126478	 	12753.333333
-630.948185	 	12760.000000
1420.863179	 	12766.666667
-454.755741	 	12773.333333
-863.621949	 	12780.000000
-965.185498	 	12786.666667
1890.019606	 	12793.333333
446.076294	 	12800.000000
-913.290243	 	12806.666667
706.545221	 	12813.333333
-991.111374	 	12820.000000
-966.999442	 	12826.666667
934.003874	 	12833.333333
177.584708	 	12840.000000
1270.437588	 	12846.666667
-789.423836	 	12853.333333
-765.493115	 	12860.000000
-356.259385	 	12866.666667
1877.896485	 	12873.333333
-965.762482	 	12880.000000
-795.533666	 	12886.666667
-999.964693	 	12893.333333
2969.340450	 	12900.000000
-347.330602	 	12906.666667
-807.133656	 	12913.333333
-993.164580	 	12920.000000
-897.935763	 	12926.666667
3181.994073	 	12933.333333
-995.318567	 	12940.000000
-999.706378	 	12946.666667
872.884836	 	12953.333333
-197.948000	 	12960.000000
-999.010177	 	12966.666667
-973.404656	 	12973.333333
3765.908889	 	12980.000000
-997.655936	 	12986.666667
-980.761103	 	12993.333333
-567.952355	 	13000.000000
-141.184803	 	13006.666667
894.516622	 	13013.333333
457.231801	 	13020.000000
443.751332	 	13026.666667
-992.000565	 	13033.333333
-999.835807	 	13040.000000
1559.634462	 	13046.666667
-999.988218	 	13053.333333
-942.421915	 	13060.000000
2205.190749	 	13066.666667
-999.902772	 	13073.333333
1931.879200	 	13080.000000
-991.500936	 	13086.666667
-990.370229	 	13093.333333
-832.146639	 	13100.000000
-904.884112	 	13106.666667
2128.459426	 	13113.333333
1768.878252	 	13120.000000
-728.292313	 	13126.666667
-999.997829	 	13133.333333
-500.758228	 	13140.000000
-999.992953	 	13146.666667
850.407027	 	13153.333333
2163.229402	 	13160.000000
-854.866190	 	13166.666667
-999.126191	 	13173.333333
-170.742623	 	13180.000000
1450.232594	 	13186.666667
-999.951308	 	13193.333333
-999.998864	 	13200.000000
1487.745962	 	13206.666667
-999.973963	 	13213.333333
-999.991901	 	13220.000000
804.659212	 	13226.666667
-983.265138	 	13233.333333
5426.306040	 	13240.000000
-999.998864	 	13246.666667
-999.998864	 	13253.333333
-999.998867	 	13260.000000
-999.998866	 	13266.666667
-999.998872	 	13273.333333
-999.998885	 	13280.000000
-999.998876	 	13286.666667
-999.998879	 	13293.333333
-999.998904	 	13300.000000
-999.998886	 	13306.666667
-999.998998	 	13313.333333
-999.999088	 	13320.000000
-999.998876	 	13326.666667
