#peak 	 	#time 
2.534491	 	0.000000
2.573011	 	6.666667
3.433544	 	13.333333
3.238046	 	20.000000
3.777712	 	26.666667
3.913992	 	33.333333
4.675618	 	40.000000
4.316728	 	46.666667
4.575791	 	53.333333
4.588302	 	60.000000
4.632195	 	66.666667
4.487315	 	73.333333
4.487603	 	80.000000
4.220800	 	86.666667
4.658162	 	93.333333
4.131444	 	100.000000
4.349001	 	106.666667
4.121902	 	113.333333
4.305108	 	120.000000
4.020757	 	126.666667
4.161978	 	133.333333
4.095184	 	140.000000
4.415795	 	146.666667
4.119994	 	153.333333
4.392894	 	160.000000
4.074192	 	166.666667
4.873810	 	173.333333
4.242131	 	180.000000
4.572284	 	186.666667
4.564650	 	193.333333
4.759307	 	200.000000
4.438696	 	206.666667
4.450146	 	213.333333
4.455871	 	220.000000
4.564650	 	226.666667
4.440604	 	233.333333
4.713505	 	240.000000
4.396711	 	246.666667
4.595184	 	253.333333
4.182971	 	260.000000
4.553200	 	266.666667
4.148620	 	273.333333
4.583734	 	280.000000
4.480681	 	286.666667
4.316559	 	293.333333
4.131444	 	300.000000
4.282207	 	306.666667
4.196330	 	313.333333
4.415795	 	320.000000
4.087551	 	326.666667
4.505490	 	333.333333
4.186788	 	340.000000
4.604726	 	346.666667
4.182971	 	353.333333
4.631444	 	360.000000
4.444421	 	366.666667
4.591368	 	373.333333
4.402436	 	380.000000
4.274574	 	386.666667
4.392894	 	393.333333
4.331826	 	400.000000
4.415795	 	406.666667
4.728772	 	413.333333
4.375719	 	420.000000
4.730681	 	426.666667
4.499765	 	433.333333
4.524574	 	440.000000
4.270757	 	446.666667
4.438696	 	453.333333
4.207780	 	460.000000
4.062742	 	466.666667
4.308925	 	473.333333
3.925337	 	480.000000
4.009307	 	486.666667
4.108543	 	493.333333
3.719230	 	500.000000
3.997856	 	506.666667
3.560833	 	513.333333
3.984497	 	520.000000
3.709688	 	526.666667
3.850910	 	533.333333
3.944421	 	540.000000
4.045566	 	546.666667
3.807017	 	553.333333
3.969230	 	560.000000
3.902436	 	566.666667
4.053200	 	573.333333
3.994039	 	580.000000
4.026482	 	586.666667
3.995948	 	593.333333
4.404345	 	600.000000
3.967322	 	606.666667
4.268849	 	613.333333
4.083734	 	620.000000
3.997856	 	626.666667
4.163887	 	633.333333
4.119994	 	640.000000
4.121902	 	646.666667
4.058925	 	653.333333
4.007398	 	660.000000
4.316559	 	666.666667
4.001673	 	673.333333
4.207780	 	680.000000
3.824192	 	686.666667
3.980681	 	693.333333
3.957780	 	700.000000
3.923429	 	706.666667
3.805108	 	713.333333
3.885261	 	720.000000
4.076101	 	726.666667
3.871902	 	733.333333
4.148620	 	740.000000
4.194421	 	746.666667
4.310833	 	753.333333
4.644803	 	760.000000
4.337551	 	766.666667
4.566559	 	773.333333
4.694421	 	780.000000
4.849001	 	786.666667
4.404345	 	793.333333
4.885261	 	800.000000
4.816559	 	806.666667
4.730681	 	813.333333
4.845184	 	820.000000
4.948238	 	826.666667
4.753581	 	833.333333
4.663887	 	840.000000
4.558925	 	846.666667
4.583734	 	853.333333
4.614268	 	860.000000
4.795566	 	866.666667
4.658162	 	873.333333
4.778391	 	880.000000
4.390986	 	886.666667
4.410070	 	893.333333
4.453963	 	900.000000
4.492131	 	906.666667
4.417704	 	913.333333
4.406253	 	920.000000
4.578009	 	926.666667
4.619994	 	933.333333
4.686788	 	940.000000
4.266940	 	946.666667
4.667704	 	953.333333
4.631444	 	960.000000
4.280299	 	966.666667
4.833734	 	973.333333
4.570375	 	980.000000
4.896711	 	986.666667
4.350910	 	993.333333
4.984497	 	1000.000000
4.814650	 	1006.666667
4.801291	 	1013.333333
4.786024	 	1020.000000
4.576101	 	1026.666667
4.408162	 	1033.333333
4.528391	 	1040.000000
4.307017	 	1046.666667
4.511215	 	1053.333333
4.200146	 	1060.000000
4.308925	 	1066.666667
4.366177	 	1073.333333
4.528391	 	1080.000000
4.431062	 	1086.666667
4.366177	 	1093.333333
4.390986	 	1100.000000
4.270757	 	1106.666667
4.371902	 	1113.333333
4.207780	 	1120.000000
4.488314	 	1126.666667
4.549383	 	1133.333333
4.297475	 	1140.000000
4.652436	 	1146.666667
4.410070	 	1153.333333
4.436788	 	1160.000000
4.389078	 	1166.666667
4.684879	 	1173.333333
4.688696	 	1180.000000
4.675337	 	1186.666667
4.593276	 	1193.333333
4.303200	 	1200.000000
4.558925	 	1206.666667
4.245948	 	1213.333333
4.148620	 	1220.000000
4.182971	 	1226.666667
4.194421	 	1233.333333
4.673429	 	1240.000000
4.347093	 	1246.666667
4.591368	 	1253.333333
4.871902	 	1260.000000
4.776482	 	1266.666667
4.854726	 	1273.333333
4.803200	 	1280.000000
4.703963	 	1286.666667
5.024574	 	1293.333333
4.908162	 	1300.000000
5.123810	 	1306.666667
5.142894	 	1313.333333
5.175337	 	1320.000000
5.196330	 	1326.666667
5.173429	 	1333.333333
4.904345	 	1340.000000
5.173429	 	1346.666667
5.051291	 	1353.333333
5.255490	 	1360.000000
5.266940	 	1366.666667
5.131444	 	1373.333333
4.921520	 	1380.000000
5.213505	 	1386.666667
5.076101	 	1393.333333
5.198238	 	1400.000000
5.135261	 	1406.666667
5.282207	 	1413.333333
4.938696	 	1420.000000
4.869994	 	1426.666667
4.738314	 	1433.333333
4.610452	 	1440.000000
4.934879	 	1446.666667
4.736406	 	1453.333333
4.845184	 	1460.000000
4.723047	 	1466.666667
4.696330	 	1473.333333
4.724955	 	1480.000000
4.583734	 	1486.666667
4.618085	 	1493.333333
4.213505	 	1500.000000
4.337551	 	1506.666667
4.625719	 	1513.333333
4.347093	 	1520.000000
4.812742	 	1526.666667
4.686788	 	1533.333333
4.564650	 	1540.000000
4.400528	 	1546.666667
4.558925	 	1553.333333
4.423429	 	1560.000000
4.373810	 	1566.666667
4.215413	 	1573.333333
4.379536	 	1580.000000
4.390986	 	1586.666667
4.432971	 	1593.333333
4.329917	 	1600.000000
4.474955	 	1606.666667
4.349001	 	1613.333333
4.301291	 	1620.000000
4.150528	 	1626.666667
4.301291	 	1633.333333
4.108543	 	1640.000000
4.272665	 	1646.666667
4.442513	 	1653.333333
4.404345	 	1660.000000
3.934879	 	1666.666667
4.181062	 	1673.333333
3.950146	 	1680.000000
4.202055	 	1686.666667
3.768849	 	1693.333333
3.995948	 	1700.000000
3.765032	 	1706.666667
4.125719	 	1713.333333
3.904345	 	1720.000000
4.131444	 	1726.666667
3.961597	 	1733.333333
3.967322	 	1740.000000
3.910070	 	1746.666667
4.211597	 	1753.333333
3.963505	 	1760.000000
3.988314	 	1766.666667
3.766940	 	1773.333333
4.114268	 	1780.000000
3.822284	 	1786.666667
3.900528	 	1793.333333
3.679154	 	1800.000000
3.877627	 	1806.666667
3.497856	 	1813.333333
3.652436	 	1820.000000
3.673429	 	1826.666667
3.967322	 	1833.333333
3.702055	 	1840.000000
3.652436	 	1846.666667
3.520757	 	1853.333333
3.849001	 	1860.000000
3.898620	 	1866.666667
3.688696	 	1873.333333
3.755490	 	1880.000000
3.711597	 	1886.666667
3.543658	 	1893.333333
3.495948	 	1900.000000
3.778391	 	1906.666667
3.656253	 	1913.333333
3.635261	 	1920.000000
3.524574	 	1926.666667
3.721139	 	1933.333333
3.736406	 	1940.000000
3.749765	 	1946.666667
3.637169	 	1953.333333
3.553200	 	1960.000000
3.547475	 	1966.666667
3.887169	 	1973.333333
3.599001	 	1980.000000
3.654345	 	1986.666667
3.572284	 	1993.333333
3.976864	 	2000.000000
3.612360	 	2006.666667
4.280299	 	2013.333333
3.776482	 	2020.000000
3.889078	 	2026.666667
3.854726	 	2033.333333
3.889078	 	2040.000000
4.051291	 	2046.666667
4.171520	 	2053.333333
3.875719	 	2060.000000
4.425337	 	2066.666667
3.820375	 	2073.333333
3.950146	 	2080.000000
3.673429	 	2086.666667
4.070375	 	2093.333333
3.765032	 	2100.000000
4.110452	 	2106.666667
3.969230	 	2113.333333
4.043658	 	2120.000000
3.786024	 	2126.666667
3.807017	 	2133.333333
3.845184	 	2140.000000
4.161978	 	2146.666667
3.765032	 	2153.333333
3.973047	 	2160.000000
3.877627	 	2166.666667
4.003581	 	2173.333333
3.547475	 	2180.000000
3.971139	 	2186.666667
4.215413	 	2193.333333
3.755490	 	2200.000000
3.868085	 	2206.666667
4.186788	 	2213.333333
4.488314	 	2220.000000
4.505490	 	2226.666667
4.280299	 	2233.333333
4.696330	 	2240.000000
4.461597	 	2246.666667
4.766940	 	2253.333333
4.425337	 	2260.000000
4.564650	 	2266.666667
4.549383	 	2273.333333
4.543658	 	2280.000000
4.772665	 	2286.666667
4.738314	 	2293.333333
4.501673	 	2300.000000
4.585642	 	2306.666667
4.578009	 	2313.333333
4.453963	 	2320.000000
4.202055	 	2326.666667
4.163887	 	2333.333333
4.211597	 	2340.000000
4.200146	 	2346.666667
4.026482	 	2353.333333
4.095184	 	2360.000000
4.039841	 	2366.666667
4.337551	 	2373.333333
4.242131	 	2380.000000
3.879536	 	2386.666667
3.766940	 	2393.333333
4.049383	 	2400.000000
3.723047	 	2406.666667
3.776482	 	2413.333333
3.904345	 	2420.000000
4.026482	 	2426.666667
3.742131	 	2433.333333
4.072284	 	2440.000000
3.896711	 	2446.666667
3.850910	 	2453.333333
3.992131	 	2460.000000
3.786024	 	2466.666667
3.950146	 	2473.333333
3.856635	 	2480.000000
3.774574	 	2486.666667
3.812742	 	2493.333333
3.572284	 	2500.000000
3.671520	 	2506.666667
3.570375	 	2513.333333
3.671520	 	2520.000000
4.005490	 	2526.666667
4.076101	 	2533.333333
3.782207	 	2540.000000
3.841368	 	2546.666667
3.690604	 	2553.333333
3.751673	 	2560.000000
3.950146	 	2566.666667
3.911978	 	2573.333333
3.646711	 	2580.000000
3.875719	 	2586.666667
3.467322	 	2593.333333
3.885261	 	2600.000000
3.910070	 	2606.666667
3.723047	 	2613.333333
4.091368	 	2620.000000
3.736406	 	2626.666667
3.755490	 	2633.333333
3.967322	 	2640.000000
3.786024	 	2646.666667
3.625719	 	2653.333333
3.994039	 	2660.000000
3.898620	 	2666.666667
3.753581	 	2673.333333
3.831826	 	2680.000000
3.703963	 	2686.666667
3.793658	 	2693.333333
3.860452	 	2700.000000
3.709688	 	2706.666667
3.736406	 	2713.333333
3.663887	 	2720.000000
3.828009	 	2726.666667
3.541749	 	2733.333333
3.724955	 	2740.000000
3.778391	 	2746.666667
3.536024	 	2753.333333
3.627627	 	2760.000000
3.429154	 	2766.666667
3.476864	 	2773.333333
3.474955	 	2780.000000
3.461597	 	2786.666667
3.707780	 	2793.333333
3.263123	 	2800.000000
3.553200	 	2806.666667
3.408162	 	2813.333333
3.497856	 	2820.000000
3.534116	 	2826.666667
3.221139	 	2833.333333
3.579917	 	2840.000000
3.387169	 	2846.666667
3.526482	 	2853.333333
3.471139	 	2860.000000
3.602818	 	2866.666667
3.349001	 	2873.333333
3.446330	 	2880.000000
3.799383	 	2886.666667
3.436788	 	2893.333333
3.961597	 	2900.000000
3.751673	 	2906.666667
3.931062	 	2913.333333
3.749765	 	2920.000000
3.976864	 	2926.666667
3.675337	 	2933.333333
3.724955	 	2940.000000
3.845184	 	2946.666667
4.076101	 	2953.333333
3.694421	 	2960.000000
3.894803	 	2966.666667
4.238314	 	2973.333333
3.923429	 	2980.000000
3.902436	 	2986.666667
3.797475	 	2993.333333
3.728772	 	3000.000000
3.915795	 	3006.666667
4.001673	 	3013.333333
3.654345	 	3020.000000
3.807017	 	3026.666667
3.652436	 	3033.333333
3.961597	 	3040.000000
3.627627	 	3046.666667
3.978772	 	3053.333333
3.574192	 	3060.000000
4.121902	 	3066.666667
3.875719	 	3073.333333
4.005490	 	3080.000000
4.467322	 	3086.666667
6.100910	 	3093.333333
9.728772	 	3100.000000
14.728772	 	3106.666667
20.249765	 	3113.333333
27.150528	 	3120.000000
34.810833	 	3126.666667
47.694421	 	3133.333333
86.119994	 	3140.000000
172.245948	 	3146.666667
288.726864	 	3153.333333
414.774574	 	3160.000000
542.505490	 	3166.666667
669.373810	 	3173.333333
799.028391	 	3180.000000
934.078009	 	3186.666667
1072.444421	 	3193.333333
1217.301291	 	3200.000000
1363.850910	 	3206.666667
1518.799383	 	3213.333333
1677.667704	 	3220.000000
1837.515032	 	3226.666667
1998.432971	 	3233.333333
2162.852818	 	3240.000000
2325.866177	 	3246.666667
2487.146711	 	3253.333333
2641.570375	 	3260.000000
2795.558925	 	3266.666667
2946.547475	 	3273.333333
3092.219230	 	3280.000000
3229.589459	 	3286.666667
3360.121902	 	3293.333333
3480.890986	 	3300.000000
3595.097093	 	3306.666667
3704.640986	 	3313.333333
3805.566559	 	3320.000000
3897.245948	 	3326.666667
3979.520757	 	3333.333333
4053.948238	 	3340.000000
4120.270757	 	3346.666667
4177.640986	 	3353.333333
4224.646711	 	3360.000000
4261.408162	 	3366.666667
4288.892894	 	3373.333333
4306.992131	 	3380.000000
4318.911978	 	3386.666667
4324.329917	 	3393.333333
4321.791749	 	3400.000000
4315.669612	 	3406.666667
4305.585642	 	3413.333333
4291.974955	 	3420.000000
4271.885261	 	3426.666667
4249.165795	 	3433.333333
4222.833734	 	3440.000000
4192.394803	 	3446.666667
4160.446330	 	3453.333333
4126.616177	 	3460.000000
4090.102818	 	3466.666667
4049.881444	 	3473.333333
4007.690604	 	3480.000000
3964.795566	 	3486.666667
3921.747856	 	3493.333333
3875.144803	 	3500.000000
3828.705871	 	3506.666667
3781.974955	 	3513.333333
3734.385261	 	3520.000000
3685.761215	 	3526.666667
3637.356635	 	3533.333333
3588.289841	 	3540.000000
3541.200146	 	3546.666667
3493.345184	 	3553.333333
3445.894803	 	3560.000000
3397.724955	 	3566.666667
3348.667704	 	3573.333333
3301.289841	 	3580.000000
3254.381444	 	3586.666667
3207.955871	 	3593.333333
3162.119994	 	3600.000000
3115.946330	 	3606.666667
3070.898620	 	3613.333333
3025.948238	 	3620.000000
2981.051291	 	3626.666667
2935.940604	 	3633.333333
2891.724955	 	3640.000000
2848.364268	 	3646.666667
2805.640986	 	3653.333333
2763.709688	 	3660.000000
2722.501673	 	3666.666667
2681.337551	 	3673.333333
2641.190604	 	3680.000000
2601.518849	 	3686.666667
2563.484497	 	3693.333333
2525.890986	 	3700.000000
2488.415795	 	3706.666667
2451.761215	 	3713.333333
2416.230681	 	3720.000000
2380.413887	 	3726.666667
2344.936788	 	3733.333333
2310.329917	 	3740.000000
2276.398620	 	3746.666667
2244.068467	 	3753.333333
2210.875719	 	3760.000000
2178.385261	 	3766.666667
2147.247856	 	3773.333333
2115.847093	 	3780.000000
2085.431062	 	3786.666667
2056.343276	 	3793.333333
2027.633352	 	3800.000000
1998.459688	 	3806.666667
1969.576101	 	3813.333333
1941.251673	 	3820.000000
1913.629536	 	3826.666667
1887.177246	 	3833.333333
1860.079917	 	3840.000000
1833.931062	 	3846.666667
1808.482589	 	3853.333333
1782.656253	 	3860.000000
1757.751673	 	3866.666667
1732.784116	 	3873.333333
1708.810833	 	3880.000000
1685.564650	 	3886.666667
1662.698238	 	3893.333333
1639.986406	 	3900.000000
1618.364268	 	3906.666667
1595.732589	 	3913.333333
1573.698238	 	3920.000000
1552.427246	 	3926.666667
1532.352818	 	3933.333333
1511.287933	 	3940.000000
1491.020757	 	3946.666667
1470.667704	 	3953.333333
1450.473047	 	3960.000000
1430.936788	 	3966.666667
1411.688696	 	3973.333333
1392.871902	 	3980.000000
1374.713505	 	3986.666667
1356.182971	 	3993.333333
1337.810833	 	4000.000000
1319.994039	 	4006.666667
1302.583734	 	4013.333333
1285.322284	 	4020.000000
1268.536024	 	4026.666667
1252.095184	 	4033.333333
1235.404345	 	4040.000000
1219.377627	 	4046.666667
1203.429154	 	4053.333333
1187.524574	 	4060.000000
1172.242131	 	4066.666667
1156.931062	 	4073.333333
1141.929154	 	4080.000000
1127.303200	 	4086.666667
1113.131444	 	4093.333333
1098.543658	 	4100.000000
1084.394803	 	4106.666667
1070.192513	 	4113.333333
1056.404345	 	4120.000000
1042.490223	 	4126.666667
1028.921520	 	4133.333333
1015.398620	 	4140.000000
1002.224955	 	4146.666667
989.408162	 	4153.333333
976.881444	 	4160.000000
964.503581	 	4166.666667
952.335642	 	4173.333333
940.160070	 	4180.000000
928.362360	 	4186.666667
916.852818	 	4193.333333
905.614268	 	4200.000000
894.791749	 	4206.666667
883.807017	 	4213.333333
873.093276	 	4220.000000
862.465413	 	4226.666667
851.658162	 	4233.333333
841.282207	 	4240.000000
830.833734	 	4246.666667
820.404345	 	4253.333333
810.432971	 	4260.000000
800.188696	 	4266.666667
790.839459	 	4273.333333
780.829917	 	4280.000000
771.257398	 	4286.666667
761.965413	 	4293.333333
752.429154	 	4300.000000
743.177246	 	4306.666667
734.083734	 	4313.333333
724.959688	 	4320.000000
716.837551	 	4326.666667
707.507398	 	4333.333333
699.100910	 	4340.000000
690.341368	 	4346.666667
681.959688	 	4353.333333
673.148620	 	4360.000000
664.831826	 	4366.666667
656.898620	 	4373.333333
648.726864	 	4380.000000
640.774574	 	4386.666667
632.534116	 	4393.333333
625.335642	 	4400.000000
618.032207	 	4406.666667
610.146711	 	4413.333333
603.129536	 	4420.000000
595.675337	 	4426.666667
587.808925	 	4433.333333
580.387169	 	4440.000000
573.177246	 	4446.666667
566.255490	 	4453.333333
559.564650	 	4460.000000
553.005490	 	4466.666667
545.864268	 	4473.333333
539.335642	 	4480.000000
532.619994	 	4486.666667
526.119994	 	4493.333333
520.169612	 	4500.000000
514.350910	 	4506.666667
508.766940	 	4513.333333
501.331826	 	4520.000000
496.963505	 	4526.666667
490.333734	 	4533.333333
484.682971	 	4540.000000
478.631444	 	4546.666667
473.486406	 	4553.333333
467.911978	 	4560.000000
462.307017	 	4566.666667
456.070375	 	4573.333333
451.037933	 	4580.000000
445.463505	 	4586.666667
440.322284	 	4593.333333
435.331826	 	4600.000000
430.768849	 	4606.666667
425.953963	 	4613.333333
420.072284	 	4620.000000
416.043658	 	4626.666667
409.778391	 	4633.333333
409.564650	 	4640.000000
398.852818	 	4646.666667
397.562742	 	4653.333333
392.770757	 	4660.000000
388.925337	 	4666.666667
383.165795	 	4673.333333
377.776482	 	4680.000000
375.423429	 	4686.666667
370.528391	 	4693.333333
365.934879	 	4700.000000
361.801291	 	4706.666667
359.022665	 	4713.333333
355.400528	 	4720.000000
348.967322	 	4726.666667
347.648620	 	4733.333333
340.734497	 	4740.000000
340.881444	 	4746.666667
333.845184	 	4753.333333
330.808925	 	4760.000000
327.076101	 	4766.666667
323.608543	 	4773.333333
320.074192	 	4780.000000
315.759307	 	4786.666667
312.173429	 	4793.333333
309.919612	 	4800.000000
304.938696	 	4806.666667
301.953963	 	4813.333333
298.282207	 	4820.000000
296.131444	 	4826.666667
291.602818	 	4833.333333
288.530299	 	4840.000000
286.782207	 	4846.666667
283.133352	 	4853.333333
278.629536	 	4860.000000
275.728772	 	4866.666667
273.450146	 	4873.333333
268.866177	 	4880.000000
266.734497	 	4886.666667
263.226864	 	4893.333333
260.005490	 	4900.000000
257.963505	 	4906.666667
253.453963	 	4913.333333
251.898620	 	4920.000000
248.371902	 	4926.666667
244.747856	 	4933.333333
242.896711	 	4940.000000
239.513123	 	4946.666667
238.375719	 	4953.333333
234.755490	 	4960.000000
231.908162	 	4966.666667
229.413887	 	4973.333333
227.925337	 	4980.000000
224.177246	 	4986.666667
222.558925	 	4993.333333
220.156253	 	5000.000000
217.072284	 	5006.666667
214.982589	 	5013.333333
212.602818	 	5020.000000
210.452055	 	5026.666667
208.967322	 	5033.333333
205.890986	 	5040.000000
203.812742	 	5046.666667
201.297475	 	5053.333333
199.606635	 	5060.000000
196.766940	 	5066.666667
194.694421	 	5073.333333
192.782207	 	5080.000000
190.320375	 	5086.666667
188.663887	 	5093.333333
185.915795	 	5100.000000
184.347093	 	5106.666667
182.343276	 	5113.333333
180.207780	 	5120.000000
178.467322	 	5126.666667
176.574192	 	5133.333333
174.482589	 	5140.000000
172.639078	 	5146.666667
170.682971	 	5153.333333
168.812742	 	5160.000000
167.349001	 	5166.666667
165.829917	 	5173.333333
163.455871	 	5180.000000
162.337551	 	5186.666667
159.652436	 	5193.333333
158.341368	 	5200.000000
156.354726	 	5206.666667
154.469230	 	5213.333333
153.007398	 	5220.000000
151.505490	 	5226.666667
149.371902	 	5233.333333
148.289841	 	5240.000000
146.429154	 	5246.666667
145.308925	 	5253.333333
143.446330	 	5260.000000
142.125719	 	5266.666667
140.869994	 	5273.333333
140.043658	 	5280.000000
138.219230	 	5286.666667
137.188696	 	5293.333333
135.404345	 	5300.000000
133.953963	 	5306.666667
132.490223	 	5313.333333
131.276482	 	5320.000000
129.681062	 	5326.666667
128.799383	 	5333.333333
126.639078	 	5340.000000
125.516940	 	5346.666667
123.646711	 	5353.333333
122.545566	 	5360.000000
120.822284	 	5366.666667
120.026482	 	5373.333333
117.961597	 	5380.000000
117.137169	 	5386.666667
115.835642	 	5393.333333
114.287933	 	5400.000000
113.694421	 	5406.666667
112.728772	 	5413.333333
111.110452	 	5420.000000
109.963505	 	5426.666667
109.058925	 	5433.333333
107.858543	 	5440.000000
106.413887	 	5446.666667
105.310833	 	5453.333333
104.266940	 	5460.000000
103.522665	 	5466.666667
102.190604	 	5473.333333
101.705871	 	5480.000000
100.411978	 	5486.666667
99.612360	 	5493.333333
98.326101	 	5500.000000
97.402436	 	5506.666667
96.455871	 	5513.333333
95.600910	 	5520.000000
94.310833	 	5526.666667
93.221139	 	5533.333333
92.078009	 	5540.000000
91.110452	 	5546.666667
90.562742	 	5553.333333
89.503581	 	5560.000000
88.702055	 	5566.666667
87.524574	 	5573.333333
86.728772	 	5580.000000
86.013123	 	5586.666667
84.948238	 	5593.333333
84.368085	 	5600.000000
83.419612	 	5606.666667
82.369994	 	5613.333333
81.868085	 	5620.000000
80.980681	 	5626.666667
79.879536	 	5633.333333
79.009307	 	5640.000000
78.297475	 	5646.666667
77.165795	 	5653.333333
76.679154	 	5660.000000
75.688696	 	5666.666667
75.150528	 	5673.333333
74.473047	 	5680.000000
73.482589	 	5686.666667
72.711597	 	5693.333333
72.339459	 	5700.000000
71.511215	 	5706.666667
70.656253	 	5713.333333
69.931062	 	5720.000000
69.442513	 	5726.666667
68.759307	 	5733.333333
68.417704	 	5740.000000
67.415795	 	5746.666667
67.188696	 	5753.333333
66.711597	 	5760.000000
65.553200	 	5766.666667
64.889078	 	5773.333333
64.251673	 	5780.000000
63.635261	 	5786.666667
62.799383	 	5793.333333
62.606635	 	5800.000000
61.631444	 	5806.666667
60.898620	 	5813.333333
60.066559	 	5820.000000
59.226864	 	5826.666667
58.555108	 	5833.333333
57.614268	 	5840.000000
57.095184	 	5846.666667
56.469230	 	5853.333333
55.524574	 	5860.000000
55.265032	 	5866.666667
55.036024	 	5873.333333
54.394803	 	5880.000000
53.682971	 	5886.666667
52.843276	 	5893.333333
52.597093	 	5900.000000
51.875719	 	5906.666667
51.610452	 	5913.333333
50.919612	 	5920.000000
50.719230	 	5926.666667
49.812742	 	5933.333333
49.398620	 	5940.000000
48.898620	 	5946.666667
48.744039	 	5953.333333
48.167704	 	5960.000000
47.829917	 	5966.666667
47.518849	 	5973.333333
47.333734	 	5980.000000
47.099001	 	5986.666667
46.768849	 	5993.333333
46.518849	 	6000.000000
46.125719	 	6006.666667
45.326101	 	6013.333333
44.677246	 	6020.000000
44.547475	 	6026.666667
43.831826	 	6033.333333
43.158162	 	6040.000000
42.415795	 	6046.666667
42.429154	 	6053.333333
41.931062	 	6060.000000
41.471139	 	6066.666667
40.925337	 	6073.333333
41.087551	 	6080.000000
40.698238	 	6086.666667
40.639078	 	6093.333333
40.041749	 	6100.000000
40.081826	 	6106.666667
39.284116	 	6113.333333
39.087551	 	6120.000000
38.646711	 	6126.666667
38.579917	 	6133.333333
38.022665	 	6140.000000
37.965413	 	6146.666667
37.398620	 	6153.333333
37.030299	 	6160.000000
36.948238	 	6166.666667
36.467322	 	6173.333333
36.160070	 	6180.000000
35.677246	 	6186.666667
35.547475	 	6193.333333
34.974955	 	6200.000000
35.001673	 	6206.666667
34.688696	 	6213.333333
34.465413	 	6220.000000
34.528391	 	6226.666667
34.253581	 	6233.333333
34.182971	 	6240.000000
33.507398	 	6246.666667
33.438696	 	6253.333333
33.005490	 	6260.000000
33.036024	 	6266.666667
32.673429	 	6273.333333
32.667704	 	6280.000000
32.299383	 	6286.666667
32.037933	 	6293.333333
31.688696	 	6300.000000
31.640986	 	6306.666667
31.047475	 	6313.333333
30.913887	 	6320.000000
30.331826	 	6326.666667
30.310833	 	6333.333333
29.984497	 	6340.000000
29.864268	 	6346.666667
29.826101	 	6353.333333
29.549383	 	6360.000000
29.140986	 	6366.666667
29.011215	 	6373.333333
28.745948	 	6380.000000
28.476864	 	6386.666667
28.394803	 	6393.333333
28.301291	 	6400.000000
28.270757	 	6406.666667
28.148620	 	6413.333333
27.782207	 	6420.000000
27.612360	 	6426.666667
27.551291	 	6433.333333
27.476864	 	6440.000000
27.574192	 	6446.666667
27.228772	 	6453.333333
26.904345	 	6460.000000
26.929154	 	6466.666667
26.730681	 	6473.333333
26.135261	 	6480.000000
26.144803	 	6486.666667
25.869994	 	6493.333333
25.629536	 	6500.000000
25.564650	 	6506.666667
24.868085	 	6513.333333
24.839459	 	6520.000000
24.957780	 	6526.666667
24.352818	 	6533.333333
23.780299	 	6540.000000
23.555108	 	6546.666667
23.917704	 	6553.333333
23.520757	 	6560.000000
23.453963	 	6566.666667
23.165795	 	6573.333333
22.822284	 	6580.000000
22.871902	 	6586.666667
23.022665	 	6593.333333
22.744039	 	6600.000000
22.616177	 	6606.666667
22.175337	 	6613.333333
22.284116	 	6620.000000
21.633352	 	6626.666667
21.526482	 	6633.333333
21.408162	 	6640.000000
21.255490	 	6646.666667
20.976864	 	6653.333333
20.822284	 	6660.000000
20.499765	 	6666.666667
20.440604	 	6673.333333
20.349001	 	6680.000000
20.268849	 	6686.666667
20.158162	 	6693.333333
20.282207	 	6700.000000
19.889078	 	6706.666667
19.742131	 	6713.333333
19.450146	 	6720.000000
19.471139	 	6726.666667
18.890986	 	6733.333333
19.240223	 	6740.000000
18.980681	 	6746.666667
18.368085	 	6753.333333
18.608543	 	6760.000000
18.337551	 	6766.666667
18.400528	 	6773.333333
18.144803	 	6780.000000
17.776482	 	6786.666667
17.808925	 	6793.333333
17.730681	 	6800.000000
17.576101	 	6806.666667
17.770757	 	6813.333333
17.786024	 	6820.000000
17.520757	 	6826.666667
17.427246	 	6833.333333
17.341368	 	6840.000000
17.543658	 	6846.666667
17.486406	 	6853.333333
17.509307	 	6860.000000
17.091368	 	6866.666667
16.707780	 	6873.333333
16.726864	 	6880.000000
16.833734	 	6886.666667
16.265032	 	6893.333333
16.423429	 	6900.000000
16.015032	 	6906.666667
15.849001	 	6913.333333
15.797475	 	6920.000000
15.511215	 	6926.666667
15.415795	 	6933.333333
15.312742	 	6940.000000
14.957780	 	6946.666667
14.810833	 	6953.333333
14.795566	 	6960.000000
15.009307	 	6966.666667
14.518849	 	6973.333333
14.807017	 	6980.000000
14.635261	 	6986.666667
14.730681	 	6993.333333
14.677246	 	7000.000000
14.320375	 	7006.666667
14.224955	 	7013.333333
14.053200	 	7020.000000
14.144803	 	7026.666667
13.698238	 	7033.333333
13.705871	 	7040.000000
13.448238	 	7046.666667
13.486406	 	7053.333333
13.089459	 	7060.000000
12.749765	 	7066.666667
13.171520	 	7073.333333
13.329917	 	7080.000000
12.919612	 	7086.666667
12.952055	 	7093.333333
12.789841	 	7100.000000
12.703963	 	7106.666667
12.682971	 	7113.333333
12.755490	 	7120.000000
13.221139	 	7126.666667
12.682971	 	7133.333333
12.625719	 	7140.000000
12.446330	 	7146.666667
12.555108	 	7153.333333
12.360452	 	7160.000000
12.125719	 	7166.666667
12.028391	 	7173.333333
11.768849	 	7180.000000
12.112360	 	7186.666667
11.539841	 	7193.333333
11.431062	 	7200.000000
11.064650	 	7206.666667
11.182971	 	7213.333333
11.110452	 	7220.000000
10.782207	 	7226.666667
10.654345	 	7233.333333
10.642894	 	7240.000000
10.526482	 	7246.666667
10.307017	 	7253.333333
10.452055	 	7260.000000
10.614268	 	7266.666667
10.413887	 	7273.333333
10.186788	 	7280.000000
9.835642	 	7286.666667
10.036024	 	7293.333333
9.807017	 	7300.000000
9.543658	 	7306.666667
9.709688	 	7313.333333
9.847093	 	7320.000000
9.915795	 	7326.666667
10.093276	 	7333.333333
9.984497	 	7340.000000
10.244039	 	7346.666667
10.381444	 	7353.333333
10.803200	 	7360.000000
10.747856	 	7366.666667
11.146711	 	7373.333333
10.936788	 	7380.000000
11.022665	 	7386.666667
11.240223	 	7393.333333
10.929154	 	7400.000000
11.037933	 	7406.666667
10.812742	 	7413.333333
10.665795	 	7420.000000
10.534116	 	7426.666667
10.490223	 	7433.333333
10.062742	 	7440.000000
10.280299	 	7446.666667
10.232589	 	7453.333333
10.085642	 	7460.000000
10.131444	 	7466.666667
9.755490	 	7473.333333
9.967322	 	7480.000000
9.709688	 	7486.666667
9.362360	 	7493.333333
9.266940	 	7500.000000
9.188696	 	7506.666667
8.950146	 	7513.333333
8.415795	 	7520.000000
8.505490	 	7526.666667
8.480681	 	7533.333333
8.404345	 	7540.000000
8.574192	 	7546.666667
7.810833	 	7553.333333
7.944421	 	7560.000000
7.499765	 	7566.666667
7.488314	 	7573.333333
7.345184	 	7580.000000
7.553200	 	7586.666667
7.810833	 	7593.333333
7.732589	 	7600.000000
7.751673	 	7606.666667
7.515032	 	7613.333333
7.343276	 	7620.000000
7.425337	 	7626.666667
7.249765	 	7633.333333
7.305108	 	7640.000000
7.173429	 	7646.666667
7.024574	 	7653.333333
6.732589	 	7660.000000
6.845184	 	7666.666667
6.698238	 	7673.333333
6.757398	 	7680.000000
6.495948	 	7686.666667
6.744039	 	7693.333333
6.799383	 	7700.000000
6.852818	 	7706.666667
6.585642	 	7713.333333
6.619994	 	7720.000000
6.310833	 	7726.666667
6.715413	 	7733.333333
6.240223	 	7740.000000
6.358543	 	7746.666667
5.896711	 	7753.333333
6.156253	 	7760.000000
5.797475	 	7766.666667
5.852818	 	7773.333333
5.715413	 	7780.000000
5.814650	 	7786.666667
5.581826	 	7793.333333
5.711597	 	7800.000000
5.371902	 	7806.666667
6.194421	 	7813.333333
5.629536	 	7820.000000
6.251673	 	7826.666667
5.858543	 	7833.333333
5.940604	 	7840.000000
5.866177	 	7846.666667
5.805108	 	7853.333333
5.841368	 	7860.000000
5.955871	 	7866.666667
5.927246	 	7873.333333
5.826101	 	7880.000000
5.810833	 	7886.666667
5.879536	 	7893.333333
5.490223	 	7900.000000
5.646711	 	7906.666667
5.786024	 	7913.333333
5.724955	 	7920.000000
5.488314	 	7926.666667
5.358543	 	7933.333333
5.396711	 	7940.000000
5.209688	 	7946.666667
4.980681	 	7953.333333
5.110452	 	7960.000000
4.919612	 	7966.666667
4.986406	 	7973.333333
4.440604	 	7980.000000
4.835642	 	7986.666667
4.263123	 	7993.333333
4.730681	 	8000.000000
4.356635	 	8006.666667
4.270757	 	8013.333333
4.276482	 	8020.000000
4.097093	 	8026.666667
4.368085	 	8033.333333
4.175337	 	8040.000000
4.366177	 	8046.666667
4.583734	 	8053.333333
4.402436	 	8060.000000
4.452055	 	8066.666667
4.072284	 	8073.333333
4.425337	 	8080.000000
3.961597	 	8086.666667
3.845184	 	8093.333333
3.810833	 	8100.000000
3.675337	 	8106.666667
3.757398	 	8113.333333
3.553200	 	8120.000000
3.610452	 	8126.666667
3.102818	 	8133.333333
2.925337	 	8140.000000
3.129536	 	8146.666667
2.948238	 	8153.333333
2.826101	 	8160.000000
2.776482	 	8166.666667
2.814650	 	8173.333333
3.018849	 	8180.000000
2.965413	 	8186.666667
3.171520	 	8193.333333
2.988314	 	8200.000000
2.772665	 	8206.666667
2.820375	 	8213.333333
2.950146	 	8220.000000
3.190604	 	8226.666667
3.137169	 	8233.333333
2.908162	 	8240.000000
2.751673	 	8246.666667
2.925337	 	8253.333333
3.161978	 	8260.000000
3.028391	 	8266.666667
3.640986	 	8273.333333
3.640986	 	8280.000000
3.373810	 	8286.666667
3.425337	 	8293.333333
3.471139	 	8300.000000
3.482589	 	8306.666667
3.341368	 	8313.333333
3.461597	 	8320.000000
3.845184	 	8326.666667
3.354726	 	8333.333333
3.392894	 	8340.000000
3.503581	 	8346.666667
3.660070	 	8353.333333
3.774574	 	8360.000000
3.389078	 	8366.666667
3.810833	 	8373.333333
3.316559	 	8380.000000
3.190604	 	8386.666667
3.337551	 	8393.333333
3.349001	 	8400.000000
3.184879	 	8406.666667
3.280299	 	8413.333333
3.259307	 	8420.000000
3.255490	 	8426.666667
2.883352	 	8433.333333
3.495948	 	8440.000000
3.390986	 	8446.666667
3.389078	 	8453.333333
3.452055	 	8460.000000
3.421520	 	8466.666667
4.081826	 	8473.333333
3.705871	 	8480.000000
3.856635	 	8486.666667
3.740223	 	8493.333333
3.639078	 	8500.000000
3.673429	 	8506.666667
3.295566	 	8513.333333
3.929154	 	8520.000000
3.427246	 	8526.666667
3.849001	 	8533.333333
3.545566	 	8540.000000
3.661978	 	8546.666667
3.604726	 	8553.333333
3.885261	 	8560.000000
3.864268	 	8566.666667
3.759307	 	8573.333333
3.694421	 	8580.000000
3.911978	 	8586.666667
3.503581	 	8593.333333
3.682971	 	8600.000000
3.390986	 	8606.666667
3.442513	 	8613.333333
3.326101	 	8620.000000
3.297475	 	8626.666667
3.310833	 	8633.333333
2.843276	 	8640.000000
3.274574	 	8646.666667
3.276482	 	8653.333333
3.156253	 	8660.000000
3.089459	 	8666.666667
2.793658	 	8673.333333
2.742131	 	8680.000000
2.797475	 	8686.666667
2.688696	 	8693.333333
2.467322	 	8700.000000
2.423429	 	8706.666667
2.242131	 	8713.333333
2.312742	 	8720.000000
2.154345	 	8726.666667
2.051291	 	8733.333333
1.894803	 	8740.000000
1.744039	 	8746.666667
1.625719	 	8753.333333
1.597093	 	8760.000000
1.484497	 	8766.666667
1.686788	 	8773.333333
1.392894	 	8780.000000
1.421520	 	8786.666667
1.476864	 	8793.333333
1.446330	 	8800.000000
1.333734	 	8806.666667
1.074192	 	8813.333333
1.331826	 	8820.000000
1.305108	 	8826.666667
1.339459	 	8833.333333
1.305108	 	8840.000000
1.461597	 	8846.666667
1.444421	 	8853.333333
1.322284	 	8860.000000
1.453963	 	8866.666667
1.390986	 	8873.333333
1.436788	 	8880.000000
1.089459	 	8886.666667
1.137169	 	8893.333333
1.057017	 	8900.000000
1.156253	 	8906.666667
0.763123	 	8913.333333
1.018849	 	8920.000000
1.112360	 	8926.666667
1.127627	 	8933.333333
0.682971	 	8940.000000
0.898620	 	8946.666667
0.824192	 	8953.333333
0.690604	 	8960.000000
0.684879	 	8966.666667
0.639078	 	8973.333333
0.448238	 	8980.000000
0.303200	 	8986.666667
0.419612	 	8993.333333
0.356635	 	9000.000000
0.268849	 	9006.666667
0.654345	 	9013.333333
0.072284	 	9020.000000
0.682971	 	9026.666667
0.524574	 	9033.333333
0.663887	 	9040.000000
0.490223	 	9046.666667
0.635261	 	9053.333333
0.744039	 	9060.000000
0.837551	 	9066.666667
0.766940	 	9073.333333
1.097093	 	9080.000000
0.444421	 	9086.666667
0.942513	 	9093.333333
0.770757	 	9100.000000
0.980681	 	9106.666667
0.627627	 	9113.333333
0.751673	 	9120.000000
0.642894	 	9126.666667
0.982589	 	9133.333333
0.541749	 	9140.000000
0.787933	 	9146.666667
0.648620	 	9153.333333
0.906253	 	9160.000000
0.677246	 	9166.666667
0.810833	 	9173.333333
0.547475	 	9180.000000
0.881444	 	9186.666667
0.625719	 	9193.333333
0.724955	 	9200.000000
0.537933	 	9206.666667
0.730681	 	9213.333333
0.637169	 	9220.000000
0.249765	 	9226.666667
0.240223	 	9233.333333
0.486406	 	9240.000000
0.182971	 	9246.666667
0.539841	 	9253.333333
0.083734	 	9260.000000
0.383352	 	9266.666667
0.436788	 	9273.333333
0.261215	 	9280.000000
0.322284	 	9286.666667
0.287933	 	9293.333333
0.079917	 	9300.000000
0.009307	 	9306.666667
-0.233060	 	9313.333333
0.018849	 	9320.000000
-0.177716	 	9326.666667
0.055108	 	9333.333333
-0.187258	 	9340.000000
-0.063212	 	9346.666667
-0.257869	 	9353.333333
-0.068938	 	9360.000000
0.062742	 	9366.666667
0.022665	 	9373.333333
0.009307	 	9380.000000
0.184879	 	9386.666667
0.013123	 	9393.333333
0.215413	 	9400.000000
-0.109014	 	9406.666667
-0.280770	 	9413.333333
-0.526953	 	9420.000000
-0.271228	 	9426.666667
-0.250235	 	9433.333333
-0.591838	 	9440.000000
-0.641457	 	9446.666667
-0.578480	 	9453.333333
-0.643365	 	9460.000000
-0.738785	 	9466.666667
-0.862831	 	9473.333333
-0.555579	 	9480.000000
-0.677716	 	9486.666667
-0.649090	 	9493.333333
-1.257869	 	9500.000000
-1.204434	 	9506.666667
-1.135732	 	9513.333333
-0.830388	 	9520.000000
-0.967793	 	9526.666667
-1.049854	 	9533.333333
-1.370464	 	9540.000000
-1.187258	 	9546.666667
-1.219701	 	9553.333333
-1.095655	 	9560.000000
-1.255961	 	9566.666667
-1.191075	 	9573.333333
-1.183441	 	9580.000000
-1.164358	 	9586.666667
-1.213976	 	9593.333333
-1.208251	 	9600.000000
-1.227335	 	9606.666667
-1.189167	 	9613.333333
-1.355197	 	9620.000000
-1.131915	 	9626.666667
-1.191075	 	9633.333333
-1.133823	 	9640.000000
-1.580388	 	9646.666667
-1.198709	 	9653.333333
-1.065121	 	9660.000000
-1.166266	 	9666.666667
-1.330388	 	9673.333333
-1.292220	 	9680.000000
-1.351380	 	9686.666667
-1.288403	 	9693.333333
-1.517411	 	9700.000000
-1.202525	 	9706.666667
-1.551762	 	9713.333333
-1.198709	 	9720.000000
-1.259777	 	9726.666667
-1.320846	 	9733.333333
-1.374281	 	9740.000000
-1.252144	 	9746.666667
-1.360922	 	9753.333333
-1.231151	 	9760.000000
-1.135732	 	9766.666667
-0.918174	 	9773.333333
-1.038403	 	9780.000000
-1.021228	 	9786.666667
-0.755961	 	9793.333333
-0.986877	 	9800.000000
-1.023136	 	9806.666667
-0.717793	 	9813.333333
-0.797945	 	9820.000000
-0.664358	 	9826.666667
-0.742602	 	9833.333333
-0.656724	 	9840.000000
-0.742602	 	9846.666667
-0.559396	 	9853.333333
-0.418174	 	9860.000000
-0.610922	 	9866.666667
-0.380006	 	9873.333333
-0.639548	 	9880.000000
-0.450617	 	9886.666667
-0.589930	 	9893.333333
-0.351380	 	9900.000000
-0.765503	 	9906.666667
-0.738785	 	9913.333333
-0.755961	 	9920.000000
-0.860922	 	9926.666667
-1.061304	 	9933.333333
-0.794129	 	9940.000000
-1.093747	 	9946.666667
-0.824663	 	9953.333333
-0.738785	 	9960.000000
-0.990693	 	9966.666667
-0.963976	 	9973.333333
-1.051762	 	9980.000000
-1.000235	 	9986.666667
-1.070846	 	9993.333333
-1.303670	 	10000.000000
-1.145274	 	10006.666667
-1.360922	 	10013.333333
-1.023136	 	10020.000000
-1.130006	 	10026.666667
-0.960159	 	10033.333333
-1.465884	 	10040.000000
-1.275045	 	10046.666667
-1.252144	 	10053.333333
-1.309396	 	10060.000000
-1.324663	 	10066.666667
-1.231151	 	10073.333333
-1.286495	 	10080.000000
-1.160541	 	10086.666667
-1.141457	 	10093.333333
-1.185350	 	10100.000000
-1.002144	 	10106.666667
-1.364739	 	10113.333333
-0.906724	 	10120.000000
-1.297945	 	10126.666667
-1.288403	 	10133.333333
-1.263594	 	10140.000000
-1.034587	 	10146.666667
-1.068938	 	10153.333333
-0.805579	 	10160.000000
-0.845655	 	10166.666667
-0.880006	 	10173.333333
-0.900999	 	10180.000000
-0.748327	 	10186.666667
-0.612831	 	10193.333333
-0.509777	 	10200.000000
-0.944892	 	10206.666667
-0.738785	 	10213.333333
-0.740693	 	10220.000000
-0.668174	 	10226.666667
-0.639548	 	10233.333333
-0.727335	 	10240.000000
-0.878098	 	10246.666667
-1.093747	 	10253.333333
-0.969701	 	10260.000000
-0.841838	 	10266.666667
-0.950617	 	10273.333333
-0.670083	 	10280.000000
-0.906724	 	10286.666667
-0.809396	 	10293.333333
-0.897182	 	10300.000000
-1.078480	 	10306.666667
-0.920083	 	10313.333333
-1.147182	 	10320.000000
-0.601380	 	10326.666667
-0.900999	 	10333.333333
-0.933441	 	10340.000000
-0.820846	 	10346.666667
-1.173899	 	10353.333333
-1.133823	 	10360.000000
-1.282678	 	10366.666667
-1.038403	 	10373.333333
-1.353289	 	10380.000000
-1.597564	 	10386.666667
-1.614739	 	10393.333333
-1.658632	 	10400.000000
-1.444892	 	10406.666667
-1.874281	 	10413.333333
-1.679625	 	10420.000000
-1.881915	 	10426.666667
-1.746419	 	10433.333333
-1.958251	 	10440.000000
-1.918174	 	10446.666667
-1.708251	 	10453.333333
-1.488785	 	10460.000000
-1.641457	 	10466.666667
-1.652907	 	10473.333333
-1.427716	 	10480.000000
-1.263594	 	10486.666667
-1.420083	 	10493.333333
-1.576571	 	10500.000000
-1.559396	 	10506.666667
-1.391457	 	10513.333333
-1.544129	 	10520.000000
-1.462067	 	10526.666667
-1.400999	 	10533.333333
-1.297945	 	10540.000000
-1.061304	 	10546.666667
-1.227335	 	10553.333333
-0.992602	 	10560.000000
-0.969701	 	10566.666667
-1.208251	 	10573.333333
-1.168174	 	10580.000000
-1.259777	 	10586.666667
-0.780770	 	10593.333333
-0.969701	 	10600.000000
-0.965884	 	10606.666667
-0.616648	 	10613.333333
-0.773136	 	10620.000000
-0.755961	 	10626.666667
-0.675808	 	10633.333333
-0.733060	 	10640.000000
-1.023136	 	10646.666667
-1.065121	 	10653.333333
-0.921991	 	10660.000000
-0.990693	 	10666.666667
-0.797945	 	10673.333333
-1.015503	 	10680.000000
-1.185350	 	10686.666667
-0.971609	 	10693.333333
-1.515503	 	10700.000000
-0.939167	 	10706.666667
-1.483060	 	10713.333333
-1.089930	 	10720.000000
-1.156724	 	10726.666667
-1.322754	 	10733.333333
-1.110922	 	10740.000000
-1.425808	 	10746.666667
-1.221609	 	10753.333333
-1.055579	 	10760.000000
-1.126190	 	10766.666667
-1.454434	 	10773.333333
-1.528861	 	10780.000000
-1.004052	 	10786.666667
-1.416266	 	10793.333333
-0.937258	 	10800.000000
-1.196800	 	10806.666667
-1.072754	 	10813.333333
-1.561304	 	10820.000000
-1.376190	 	10826.666667
-1.599472	 	10833.333333
-1.446800	 	10840.000000
-1.429625	 	10846.666667
-1.351380	 	10853.333333
-1.143365	 	10860.000000
-1.559396	 	10866.666667
-1.286495	 	10873.333333
-1.463976	 	10880.000000
-1.713976	 	10886.666667
-1.395274	 	10893.333333
-1.567029	 	10900.000000
-1.492602	 	10906.666667
-1.721609	 	10913.333333
-1.612831	 	10920.000000
-1.694892	 	10926.666667
-1.656724	 	10933.333333
-1.673899	 	10940.000000
-1.383823	 	10946.666667
-1.803670	 	10953.333333
-1.778861	 	10960.000000
-2.053670	 	10966.666667
-1.668174	 	10973.333333
-1.918174	 	10980.000000
-1.742602	 	10986.666667
-1.643365	 	10993.333333
-1.649090	 	11000.000000
-1.849472	 	11006.666667
-1.799854	 	11013.333333
-1.908632	 	11020.000000
-1.983060	 	11026.666667
-2.086113	 	11033.333333
-1.841838	 	11040.000000
-2.023136	 	11046.666667
-1.960159	 	11053.333333
-1.939167	 	11060.000000
-1.870464	 	11066.666667
-2.053670	 	11073.333333
-1.742602	 	11080.000000
-1.807487	 	11086.666667
-1.910541	 	11093.333333
-1.984968	 	11100.000000
-2.049854	 	11106.666667
-1.517411	 	11113.333333
-1.784587	 	11120.000000
-1.391457	 	11126.666667
-1.731151	 	11133.333333
-1.374281	 	11140.000000
-1.475426	 	11146.666667
-1.282678	 	11153.333333
-1.376190	 	11160.000000
-1.452525	 	11166.666667
-1.385732	 	11173.333333
-1.744510	 	11180.000000
-1.521228	 	11186.666667
-1.900999	 	11193.333333
-1.832296	 	11200.000000
-1.483060	 	11206.666667
-1.984968	 	11213.333333
-1.681533	 	11220.000000
-1.811304	 	11226.666667
-1.639548	 	11233.333333
-1.462067	 	11240.000000
-1.645274	 	11246.666667
-1.210159	 	11253.333333
-1.467793	 	11260.000000
-1.402907	 	11266.666667
-1.593747	 	11273.333333
-1.513594	 	11280.000000
-1.477335	 	11286.666667
-1.313212	 	11293.333333
-1.748327	 	11300.000000
-1.559396	 	11306.666667
-1.807487	 	11313.333333
-1.366648	 	11320.000000
-1.727335	 	11326.666667
-1.465884	 	11333.333333
-1.526953	 	11340.000000
-1.370464	 	11346.666667
-1.698709	 	11353.333333
-1.500235	 	11360.000000
-1.511686	 	11366.666667
-1.364739	 	11373.333333
-1.410541	 	11380.000000
-1.519319	 	11386.666667
-1.729243	 	11393.333333
-1.437258	 	11400.000000
-1.628098	 	11406.666667
-1.519319	 	11413.333333
-1.830388	 	11420.000000
-1.336113	 	11426.666667
-1.733060	 	11433.333333
-1.504052	 	11440.000000
-1.773136	 	11446.666667
-2.047945	 	11453.333333
-1.828480	 	11460.000000
-1.725426	 	11466.666667
-1.998327	 	11473.333333
-1.952525	 	11480.000000
-2.002144	 	11486.666667
-2.059396	 	11493.333333
-1.965884	 	11500.000000
-2.150999	 	11506.666667
-2.236877	 	11513.333333
-1.908632	 	11520.000000
-1.921991	 	11526.666667
-1.719701	 	11533.333333
-1.927716	 	11540.000000
-1.902907	 	11546.666667
-2.149090	 	11553.333333
-1.744510	 	11560.000000
-2.233060	 	11566.666667
-1.706342	 	11573.333333
-1.670083	 	11580.000000
-1.561304	 	11586.666667
-1.895274	 	11593.333333
-2.133823	 	11600.000000
-2.217793	 	11606.666667
-2.044129	 	11613.333333
-2.026953	 	11620.000000
-1.830388	 	11626.666667
-1.933441	 	11633.333333
-2.088022	 	11640.000000
-2.294129	 	11646.666667
-1.942983	 	11653.333333
-2.114739	 	11660.000000
-2.334205	 	11666.666667
-2.158632	 	11673.333333
-1.992602	 	11680.000000
-2.433441	 	11686.666667
-1.992602	 	11693.333333
-2.206342	 	11700.000000
-2.278861	 	11706.666667
-2.120464	 	11713.333333
-1.857106	 	11720.000000
-2.206342	 	11726.666667
-1.870464	 	11733.333333
-2.068938	 	11740.000000
-1.742602	 	11746.666667
-1.805579	 	11753.333333
-1.492602	 	11760.000000
-1.750235	 	11766.666667
-1.534587	 	11773.333333
-1.944892	 	11780.000000
-1.815121	 	11786.666667
-1.899090	 	11793.333333
-1.794129	 	11800.000000
-1.792220	 	11806.666667
-1.715884	 	11813.333333
-1.696800	 	11820.000000
-1.460159	 	11826.666667
-1.963976	 	11833.333333
-1.315121	 	11840.000000
-1.400999	 	11846.666667
-1.490693	 	11853.333333
-1.376190	 	11860.000000
-1.320846	 	11866.666667
-1.378098	 	11873.333333
-1.196800	 	11880.000000
-1.223518	 	11886.666667
-1.070846	 	11893.333333
-1.643365	 	11900.000000
-1.250235	 	11906.666667
-1.437258	 	11913.333333
-1.084205	 	11920.000000
-1.410541	 	11926.666667
-1.126190	 	11933.333333
-1.551762	 	11940.000000
-1.307487	 	11946.666667
-1.671991	 	11953.333333
-1.185350	 	11960.000000
-1.639548	 	11966.666667
-1.494510	 	11973.333333
-1.796037	 	11980.000000
-1.479243	 	11986.666667
-1.603289	 	11993.333333
-1.294129	 	12000.000000
-1.704434	 	12006.666667
-1.462067	 	12013.333333
-1.767411	 	12020.000000
-1.591838	 	12026.666667
-2.156724	 	12033.333333
-1.668174	 	12040.000000
-1.839930	 	12046.666667
-1.710159	 	12053.333333
-1.483060	 	12060.000000
-1.609014	 	12066.666667
-1.857106	 	12073.333333
-1.740693	 	12080.000000
-1.813212	 	12086.666667
-1.736877	 	12093.333333
-1.878098	 	12100.000000
-1.763594	 	12106.666667
-1.956342	 	12113.333333
-1.555579	 	12120.000000
-2.109014	 	12126.666667
-1.778861	 	12133.333333
-1.832296	 	12140.000000
-1.885732	 	12146.666667
-1.698709	 	12153.333333
-1.406724	 	12160.000000
-2.055579	 	12166.666667
-1.616648	 	12173.333333
-1.849472	 	12180.000000
-1.603289	 	12186.666667
-1.801762	 	12193.333333
-1.675808	 	12200.000000
-2.026953	 	12206.666667
-1.817029	 	12213.333333
-1.788403	 	12220.000000
-1.963976	 	12226.666667
-1.971609	 	12233.333333
-1.862831	 	12240.000000
-1.851380	 	12246.666667
-1.490693	 	12253.333333
-1.754052	 	12260.000000
-1.372373	 	12266.666667
-1.939167	 	12273.333333
-1.603289	 	12280.000000
-1.763594	 	12286.666667
-1.557487	 	12293.333333
-1.841838	 	12300.000000
-1.649090	 	12306.666667
-1.929625	 	12313.333333
-1.782678	 	12320.000000
-2.051762	 	12326.666667
-2.244510	 	12333.333333
-2.271228	 	12340.000000
-2.065121	 	12346.666667
-2.026953	 	12353.333333
-2.124281	 	12360.000000
-2.359014	 	12366.666667
-2.072754	 	12373.333333
-2.439167	 	12380.000000
-2.320846	 	12386.666667
-2.070846	 	12393.333333
-1.925808	 	12400.000000
-2.452525	 	12406.666667
-1.889548	 	12413.333333
-1.973518	 	12420.000000
-2.238785	 	12426.666667
-2.549854	 	12433.333333
-2.284587	 	12440.000000
-2.271228	 	12446.666667
-2.061304	 	12453.333333
-2.271228	 	12460.000000
-2.217793	 	12466.666667
-2.322754	 	12473.333333
-2.437258	 	12480.000000
-2.475426	 	12486.666667
-2.374281	 	12493.333333
-2.372373	 	12500.000000
-2.213976	 	12506.666667
-2.206342	 	12513.333333
-2.187258	 	12520.000000
-2.168174	 	12526.666667
-2.181533	 	12533.333333
-2.282678	 	12540.000000
-2.488785	 	12546.666667
-2.374281	 	12553.333333
-2.446800	 	12560.000000
-2.463976	 	12566.666667
-2.450617	 	12573.333333
-2.620464	 	12580.000000
-2.750235	 	12586.666667
-2.591838	 	12593.333333
-2.668174	 	12600.000000
-2.650999	 	12606.666667
-2.899090	 	12613.333333
-2.908632	 	12620.000000
-2.815121	 	12626.666667
-2.801762	 	12633.333333
-2.952525	 	12640.000000
-3.019319	 	12646.666667
-3.047945	 	12653.333333
-3.112831	 	12660.000000
-3.185350	 	12666.666667
-3.196800	 	12673.333333
-2.912449	 	12680.000000
-3.149090	 	12686.666667
-3.208251	 	12693.333333
-3.288403	 	12700.000000
-3.458251	 	12706.666667
-3.194892	 	12713.333333
-3.227335	 	12720.000000
-3.647182	 	12726.666667
-3.593747	 	12733.333333
-3.500235	 	12740.000000
-3.536495	 	12746.666667
-3.563212	 	12753.333333
-3.542220	 	12760.000000
-3.366648	 	12766.666667
-3.570846	 	12773.333333
-3.414358	 	12780.000000
-3.610922	 	12786.666667
-3.725426	 	12793.333333
-3.469701	 	12800.000000
-3.603289	 	12806.666667
-3.456342	 	12813.333333
-3.336113	 	12820.000000
-3.257869	 	12826.666667
-3.025045	 	12833.333333
-2.992602	 	12840.000000
-3.242602	 	12846.666667
-3.175808	 	12853.333333
-2.937258	 	12860.000000
-2.983060	 	12866.666667
-2.847564	 	12873.333333
-2.862831	 	12880.000000
-2.895274	 	12886.666667
-2.820846	 	12893.333333
-2.969701	 	12900.000000
-2.811304	 	12906.666667
-2.851380	 	12913.333333
-2.799854	 	12920.000000
-3.128098	 	12926.666667
-2.769319	 	12933.333333
-2.895274	 	12940.000000
-2.872373	 	12946.666667
-2.775045	 	12953.333333
-2.818938	 	12960.000000
-2.941075	 	12966.666667
-2.668174	 	12973.333333
-2.908632	 	12980.000000
-2.631915	 	12986.666667
-2.851380	 	12993.333333
-2.797945	 	13000.000000
-2.880006	 	13006.666667
-2.465884	 	13013.333333
-2.557487	 	13020.000000
-2.442983	 	13026.666667
-2.906724	 	13033.333333
-2.811304	 	13040.000000
-2.729243	 	13046.666667
-2.715884	 	13053.333333
-2.635732	 	13060.000000
-2.744510	 	13066.666667
-2.494510	 	13073.333333
-2.601380	 	13080.000000
-2.889548	 	13086.666667
-2.828480	 	13093.333333
-3.296037	 	13100.000000
-2.624281	 	13106.666667
-3.025045	 	13113.333333
-2.797945	 	13120.000000
-3.421991	 	13126.666667
-3.414358	 	13133.333333
-3.446800	 	13140.000000
-3.406724	 	13146.666667
-3.324663	 	13153.333333
-3.263594	 	13160.000000
-3.355197	 	13166.666667
-3.307487	 	13173.333333
-3.399090	 	13180.000000
-3.276953	 	13186.666667
-3.547945	 	13193.333333
-3.416266	 	13200.000000
-3.429625	 	13206.666667
-3.393365	 	13213.333333
-3.332296	 	13220.000000
-3.547945	 	13226.666667
-3.546037	 	13233.333333
-3.425808	 	13240.000000
-3.114739	 	13246.666667
-3.093747	 	13253.333333
-3.542220	 	13260.000000
-3.171991	 	13266.666667
-3.370464	 	13273.333333
-3.568938	 	13280.000000
-3.612831	 	13286.666667
-3.599472	 	13293.333333
-3.540312	 	13300.000000
-3.402907	 	13306.666667
-3.227335	 	13313.333333
-3.498327	 	13320.000000
-3.570846	 	13326.666667
