#peak 	 	#time 
1.971689	 	0.000000
2.659074	 	6.666667
2.669512	 	13.333333
3.025735	 	20.000000
3.421029	 	26.666667
3.873279	 	33.333333
3.784360	 	40.000000
4.184348	 	46.666667
4.364985	 	53.333333
4.293141	 	60.000000
4.481225	 	66.666667
4.487321	 	73.333333
4.635469	 	80.000000
4.592260	 	86.666667
4.493495	 	93.333333
4.662219	 	100.000000
4.736293	 	106.666667
4.666334	 	113.333333
4.606663	 	120.000000
4.859750	 	126.666667
4.693083	 	133.333333
4.586087	 	140.000000
4.824770	 	146.666667
4.730120	 	153.333333
4.557281	 	160.000000
4.588145	 	166.666667
4.569626	 	173.333333
4.676622	 	180.000000
4.470861	 	186.666667
4.758927	 	193.333333
4.407075	 	200.000000
4.695141	 	206.666667
4.400902	 	213.333333
4.433824	 	220.000000
4.178680	 	226.666667
4.055223	 	233.333333
4.509955	 	240.000000
4.086087	 	246.666667
4.456457	 	253.333333
4.365923	 	260.000000
4.431766	 	266.666667
4.207486	 	273.333333
4.355634	 	280.000000
4.419420	 	286.666667
4.534647	 	293.333333
4.561396	 	300.000000
4.567569	 	306.666667
4.188968	 	313.333333
4.145758	 	320.000000
4.084030	 	326.666667
3.851519	 	333.333333
4.106663	 	340.000000
3.919420	 	346.666667
3.814482	 	353.333333
3.814482	 	360.000000
3.691025	 	366.666667
3.849462	 	373.333333
3.532589	 	380.000000
3.835058	 	386.666667
3.627239	 	393.333333
3.740408	 	400.000000
3.536704	 	406.666667
3.699256	 	413.333333
3.699256	 	420.000000
3.872095	 	426.666667
3.929709	 	433.333333
3.752754	 	440.000000
3.721890	 	446.666667
3.870038	 	453.333333
3.680737	 	460.000000
3.752754	 	466.666667
3.709544	 	473.333333
3.635470	 	480.000000
3.872095	 	486.666667
3.830943	 	493.333333
3.937939	 	500.000000
4.081972	 	506.666667
3.987322	 	513.333333
4.016128	 	520.000000
3.855634	 	526.666667
3.798021	 	533.333333
3.789791	 	540.000000
3.822713	 	546.666667
3.802137	 	553.333333
3.927651	 	560.000000
3.806252	 	566.666667
3.808309	 	573.333333
3.876211	 	580.000000
3.830943	 	586.666667
3.598433	 	593.333333
3.166334	 	600.000000
3.629297	 	606.666667
3.487322	 	613.333333
3.639585	 	620.000000
3.372095	 	626.666667
3.686910	 	633.333333
3.557281	 	640.000000
3.271272	 	646.666667
3.215717	 	653.333333
3.209544	 	660.000000
3.419420	 	666.666667
3.242466	 	673.333333
3.378268	 	680.000000
3.468803	 	686.666667
3.503783	 	693.333333
3.450285	 	700.000000
3.380326	 	706.666667
3.423536	 	713.333333
3.625182	 	720.000000
3.602548	 	726.666667
3.370038	 	733.333333
3.575799	 	740.000000
3.693083	 	746.666667
3.536704	 	753.333333
3.810367	 	760.000000
3.793906	 	766.666667
3.711602	 	773.333333
3.621067	 	780.000000
3.723947	 	786.666667
3.528474	 	793.333333
3.841231	 	800.000000
3.546992	 	806.666667
4.077857	 	813.333333
4.188968	 	820.000000
3.917363	 	826.666667
4.252754	 	833.333333
4.283618	 	840.000000
3.921478	 	846.666667
4.158104	 	853.333333
3.791848	 	860.000000
3.950285	 	866.666667
4.135470	 	873.333333
3.826828	 	880.000000
4.090202	 	886.666667
4.209544	 	893.333333
3.927651	 	900.000000
4.005840	 	906.666667
4.269215	 	913.333333
4.164276	 	920.000000
4.044935	 	926.666667
4.211602	 	933.333333
3.935881	 	940.000000
4.160161	 	946.666667
4.009955	 	953.333333
4.188968	 	960.000000
4.098433	 	966.666667
4.073741	 	973.333333
4.256869	 	980.000000
4.086087	 	986.666667
3.824770	 	993.333333
4.092260	 	1000.000000
3.977034	 	1006.666667
4.022301	 	1013.333333
3.880326	 	1020.000000
4.057281	 	1026.666667
3.859750	 	1033.333333
3.826828	 	1040.000000
3.870038	 	1046.666667
3.721890	 	1053.333333
3.874153	 	1060.000000
3.874153	 	1066.666667
3.810367	 	1073.333333
4.129297	 	1080.000000
3.935881	 	1086.666667
3.765099	 	1093.333333
3.596375	 	1100.000000
3.730120	 	1106.666667
3.686910	 	1113.333333
3.865923	 	1120.000000
3.641643	 	1126.666667
4.088145	 	1133.333333
3.740408	 	1140.000000
4.147816	 	1146.666667
4.001725	 	1153.333333
3.939997	 	1160.000000
3.981149	 	1166.666667
3.960573	 	1173.333333
3.900902	 	1180.000000
3.826828	 	1186.666667
3.820655	 	1193.333333
4.310367	 	1200.000000
3.707486	 	1206.666667
4.007898	 	1213.333333
3.851519	 	1220.000000
3.946169	 	1226.666667
3.909132	 	1233.333333
3.808309	 	1240.000000
4.026416	 	1246.666667
3.946169	 	1253.333333
3.746581	 	1260.000000
4.193083	 	1266.666667
4.283618	 	1273.333333
4.176622	 	1280.000000
4.040820	 	1286.666667
3.993495	 	1293.333333
3.977034	 	1300.000000
3.905017	 	1306.666667
3.612836	 	1313.333333
3.730120	 	1320.000000
3.532589	 	1326.666667
3.619009	 	1333.333333
3.960573	 	1340.000000
4.067569	 	1346.666667
3.684853	 	1353.333333
3.674564	 	1360.000000
3.929709	 	1366.666667
4.009955	 	1373.333333
3.833001	 	1380.000000
3.481149	 	1386.666667
3.703371	 	1393.333333
3.865923	 	1400.000000
3.798021	 	1406.666667
3.767157	 	1413.333333
3.719832	 	1420.000000
3.913248	 	1426.666667
3.384441	 	1433.333333
3.769215	 	1440.000000
3.417363	 	1446.666667
3.758927	 	1453.333333
3.382383	 	1460.000000
3.388556	 	1466.666667
3.487322	 	1473.333333
3.742466	 	1480.000000
3.285676	 	1486.666667
3.195141	 	1493.333333
2.948227	 	1500.000000
3.458515	 	1506.666667
3.616951	 	1513.333333
3.584030	 	1520.000000
3.156046	 	1526.666667
3.559338	 	1533.333333
3.485264	 	1540.000000
3.293906	 	1546.666667
3.345346	 	1553.333333
3.604606	 	1560.000000
3.691025	 	1566.666667
3.703371	 	1573.333333
3.530532	 	1580.000000
3.594318	 	1586.666667
3.376211	 	1593.333333
3.688968	 	1600.000000
3.454400	 	1606.666667
3.631355	 	1613.333333
3.512013	 	1620.000000
3.386499	 	1626.666667
3.302137	 	1633.333333
3.283618	 	1640.000000
3.129297	 	1646.666667
3.345346	 	1653.333333
3.380326	 	1660.000000
3.100490	 	1666.666667
3.298021	 	1673.333333
3.071684	 	1680.000000
3.353577	 	1686.666667
3.384441	 	1693.333333
3.458515	 	1700.000000
3.310367	 	1706.666667
3.135470	 	1713.333333
3.234235	 	1720.000000
3.127239	 	1726.666667
3.069626	 	1733.333333
3.263042	 	1740.000000
3.197198	 	1746.666667
3.405017	 	1753.333333
3.263042	 	1760.000000
3.316540	 	1766.666667
3.477034	 	1773.333333
3.287733	 	1780.000000
3.326828	 	1786.666667
3.439997	 	1793.333333
3.308309	 	1800.000000
3.437939	 	1806.666667
3.516128	 	1813.333333
3.553165	 	1820.000000
3.318597	 	1826.666667
3.491437	 	1833.333333
3.456457	 	1840.000000
3.571684	 	1846.666667
3.627239	 	1853.333333
3.586087	 	1860.000000
3.588145	 	1866.666667
3.557281	 	1873.333333
3.746581	 	1880.000000
3.559338	 	1886.666667
3.452342	 	1893.333333
3.635470	 	1900.000000
3.658104	 	1906.666667
3.431766	 	1913.333333
3.464688	 	1920.000000
3.767157	 	1926.666667
3.357692	 	1933.333333
3.454400	 	1940.000000
3.462630	 	1946.666667
3.425593	 	1953.333333
3.612836	 	1960.000000
3.549050	 	1966.666667
3.614894	 	1973.333333
3.874153	 	1980.000000
3.760984	 	1986.666667
3.549050	 	1993.333333
3.964688	 	2000.000000
3.439997	 	2006.666667
3.623124	 	2013.333333
3.526416	 	2020.000000
3.592260	 	2026.666667
3.754811	 	2033.333333
3.709544	 	2040.000000
3.793906	 	2046.666667
3.660161	 	2053.333333
3.894729	 	2060.000000
3.674564	 	2066.666667
3.540820	 	2073.333333
3.697198	 	2080.000000
3.569626	 	2086.666667
3.561396	 	2093.333333
3.553165	 	2100.000000
3.448227	 	2106.666667
3.431766	 	2113.333333
3.275388	 	2120.000000
3.417363	 	2126.666667
3.567569	 	2133.333333
3.166334	 	2140.000000
3.160161	 	2146.666667
3.258927	 	2153.333333
3.460573	 	2160.000000
3.174564	 	2166.666667
2.933824	 	2173.333333
2.939997	 	2180.000000
3.335058	 	2186.666667
3.240408	 	2193.333333
3.153988	 	2200.000000
3.131355	 	2206.666667
3.532589	 	2213.333333
3.104606	 	2220.000000
3.384441	 	2226.666667
3.320655	 	2233.333333
3.512013	 	2240.000000
3.594318	 	2246.666667
3.380326	 	2253.333333
3.565511	 	2260.000000
3.470861	 	2266.666667
3.149873	 	2273.333333
3.147816	 	2280.000000
3.228062	 	2286.666667
3.335058	 	2293.333333
3.300079	 	2300.000000
3.007898	 	2306.666667
3.289791	 	2313.333333
3.001725	 	2320.000000
3.084030	 	2326.666667
2.956457	 	2333.333333
2.935881	 	2340.000000
2.997610	 	2346.666667
3.137527	 	2353.333333
2.954400	 	2360.000000
2.937939	 	2366.666667
3.022301	 	2373.333333
2.999667	 	2380.000000
2.765099	 	2386.666667
3.053165	 	2393.333333
2.765099	 	2400.000000
2.865923	 	2406.666667
2.820655	 	2413.333333
2.806252	 	2420.000000
2.911190	 	2426.666667
2.452342	 	2433.333333
3.030532	 	2440.000000
2.861807	 	2446.666667
2.769215	 	2453.333333
2.948227	 	2460.000000
2.526416	 	2466.666667
2.837116	 	2473.333333
2.787733	 	2480.000000
2.783618	 	2486.666667
2.693083	 	2493.333333
2.888556	 	2500.000000
2.505840	 	2506.666667
2.682795	 	2513.333333
2.857692	 	2520.000000
2.715717	 	2526.666667
3.024359	 	2533.333333
2.847404	 	2540.000000
2.688968	 	2546.666667
3.005840	 	2553.333333
2.674564	 	2560.000000
2.635470	 	2566.666667
2.779503	 	2573.333333
2.900902	 	2580.000000
2.822713	 	2586.666667
2.804194	 	2593.333333
2.670449	 	2600.000000
2.726005	 	2606.666667
2.867980	 	2613.333333
2.736293	 	2620.000000
3.044935	 	2626.666667
2.806252	 	2633.333333
2.816540	 	2640.000000
2.896787	 	2646.666667
2.839174	 	2653.333333
2.843289	 	2660.000000
2.808309	 	2666.666667
3.044935	 	2673.333333
2.822713	 	2680.000000
2.678680	 	2686.666667
2.855634	 	2693.333333
2.956457	 	2700.000000
2.888556	 	2706.666667
2.625182	 	2713.333333
2.960573	 	2720.000000
2.837116	 	2726.666667
2.800079	 	2733.333333
3.028474	 	2740.000000
2.917363	 	2746.666667
2.604606	 	2753.333333
2.705429	 	2760.000000
2.662219	 	2766.666667
2.890614	 	2773.333333
2.664276	 	2780.000000
2.505840	 	2786.666667
2.575799	 	2793.333333
2.676622	 	2800.000000
2.744523	 	2806.666667
2.775388	 	2813.333333
2.933824	 	2820.000000
2.705429	 	2826.666667
2.999667	 	2833.333333
2.970861	 	2840.000000
2.845346	 	2846.666667
3.061396	 	2853.333333
2.855634	 	2860.000000
3.053165	 	2866.666667
2.793906	 	2873.333333
3.073741	 	2880.000000
3.088145	 	2886.666667
2.892671	 	2893.333333
2.985264	 	2900.000000
2.777445	 	2906.666667
2.845346	 	2913.333333
2.950285	 	2920.000000
2.785676	 	2926.666667
3.180737	 	2933.333333
3.005840	 	2940.000000
3.077857	 	2946.666667
3.252754	 	2953.333333
2.985264	 	2960.000000
3.384441	 	2966.666667
3.034647	 	2973.333333
3.392671	 	2980.000000
3.394729	 	2986.666667
3.228062	 	2993.333333
3.228062	 	3000.000000
3.435881	 	3006.666667
3.493495	 	3013.333333
3.462630	 	3020.000000
3.326828	 	3026.666667
3.116951	 	3033.333333
3.166334	 	3040.000000
3.209544	 	3046.666667
3.110778	 	3053.333333
3.273330	 	3060.000000
3.405017	 	3066.666667
3.180737	 	3073.333333
3.372095	 	3080.000000
3.839174	 	3086.666667
4.199256	 	3093.333333
5.479091	 	3100.000000
7.501725	 	3106.666667
10.491437	 	3113.333333
14.234235	 	3120.000000
19.800079	 	3126.666667
31.392671	 	3133.333333
57.954400	 	3140.000000
99.553165	 	3146.666667
146.723947	 	3153.333333
200.156046	 	3160.000000
260.824770	 	3166.666667
329.429709	 	3173.333333
409.088145	 	3180.000000
501.044935	 	3186.666667
603.201313	 	3193.333333
716.172507	 	3200.000000
840.242466	 	3206.666667
972.417363	 	3213.333333
1110.444112	 	3220.000000
1256.071684	 	3226.666667
1405.333001	 	3233.333333
1557.993495	 	3240.000000
1710.789791	 	3246.666667
1858.542877	 	3253.333333
2002.647816	 	3260.000000
2148.919420	 	3266.666667
2292.544935	 	3273.333333
2427.442054	 	3280.000000
2556.345346	 	3286.666667
2678.419420	 	3293.333333
2798.907075	 	3300.000000
2909.143700	 	3306.666667
3012.310367	 	3313.333333
3107.804194	 	3320.000000
3194.493495	 	3326.666667
3273.641643	 	3333.333333
3345.863865	 	3340.000000
3411.460573	 	3346.666667
3466.604606	 	3353.333333
3512.271272	 	3360.000000
3550.489379	 	3366.666667
3582.102548	 	3373.333333
3605.559338	 	3380.000000
3620.843289	 	3386.666667
3631.884441	 	3393.333333
3634.534647	 	3400.000000
3632.456457	 	3406.666667
3628.012013	 	3413.333333
3616.499667	 	3420.000000
3602.127239	 	3426.666667
3584.549050	 	3433.333333
3564.647816	 	3440.000000
3540.512013	 	3446.666667
3515.507898	 	3453.333333
3487.695141	 	3460.000000
3456.867980	 	3466.666667
3422.244523	 	3473.333333
3388.828885	 	3480.000000
3353.789791	 	3486.666667
3316.909132	 	3493.333333
3279.213659	 	3500.000000
3242.228062	 	3506.666667
3202.985264	 	3513.333333
3164.265099	 	3520.000000
3124.726005	 	3526.666667
3084.205429	 	3533.333333
3044.544935	 	3540.000000
3004.750696	 	3546.666667
2963.236293	 	3553.333333
2922.291848	 	3560.000000
2880.242466	 	3566.666667
2839.061396	 	3573.333333
2798.530532	 	3580.000000
2757.516128	 	3586.666667
2717.073741	 	3593.333333
2676.188968	 	3600.000000
2636.586087	 	3606.666667
2598.343289	 	3613.333333
2560.575799	 	3620.000000
2521.851519	 	3626.666667
2485.748639	 	3633.333333
2449.295964	 	3640.000000
2413.100490	 	3646.666667
2377.501725	 	3653.333333
2342.553165	 	3660.000000
2307.746581	 	3666.666667
2273.557281	 	3673.333333
2239.966746	 	3680.000000
2205.188968	 	3686.666667
2170.740408	 	3693.333333
2137.001725	 	3700.000000
2104.485264	 	3706.666667
2072.991437	 	3713.333333
2041.514071	 	3720.000000
2010.306252	 	3726.666667
1979.902960	 	3733.333333
1949.695141	 	3740.000000
1920.380326	 	3746.666667
1891.738351	 	3753.333333
1863.612836	 	3760.000000
1835.094318	 	3766.666667
1807.693083	 	3773.333333
1780.234235	 	3780.000000
1753.649873	 	3786.666667
1727.586087	 	3793.333333
1701.055223	 	3800.000000
1676.345346	 	3806.666667
1651.717774	 	3813.333333
1627.444112	 	3820.000000
1604.055223	 	3826.666667
1580.203371	 	3833.333333
1556.633412	 	3840.000000
1533.063453	 	3846.666667
1510.703371	 	3853.333333
1488.732178	 	3860.000000
1467.160161	 	3866.666667
1445.686910	 	3873.333333
1424.353577	 	3880.000000
1403.660161	 	3886.666667
1383.174564	 	3893.333333
1362.201313	 	3900.000000
1342.538762	 	3906.666667
1323.240408	 	3913.333333
1304.040820	 	3920.000000
1285.180737	 	3926.666667
1266.092260	 	3933.333333
1247.433824	 	3940.000000
1229.439997	 	3946.666667
1212.468803	 	3953.333333
1195.466746	 	3960.000000
1178.069626	 	3966.666667
1161.188968	 	3973.333333
1145.223947	 	3980.000000
1129.030532	 	3986.666667
1113.199256	 	3993.333333
1097.546992	 	4000.000000
1082.075799	 	4006.666667
1067.090202	 	4013.333333
1051.900902	 	4020.000000
1036.497610	 	4026.666667
1021.236293	 	4033.333333
1006.454400	 	4040.000000
991.610778	 	4046.666667
977.641643	 	4053.333333
963.777445	 	4060.000000
949.625182	 	4066.666667
935.937939	 	4073.333333
922.505840	 	4080.000000
909.837116	 	4086.666667
897.380326	 	4093.333333
885.003783	 	4100.000000
872.427651	 	4106.666667
860.281560	 	4113.333333
848.493495	 	4120.000000
836.454400	 	4126.666667
824.723947	 	4133.333333
813.328885	 	4140.000000
801.870038	 	4146.666667
791.232178	 	4153.333333
780.238351	 	4160.000000
769.180737	 	4166.666667
758.653988	 	4173.333333
748.236293	 	4180.000000
738.061396	 	4186.666667
728.337116	 	4193.333333
718.491437	 	4200.000000
708.863865	 	4206.666667
699.668392	 	4213.333333
690.600490	 	4220.000000
681.322713	 	4226.666667
672.433824	 	4233.333333
663.684853	 	4240.000000
654.479091	 	4246.666667
646.063453	 	4253.333333
637.372095	 	4260.000000
629.324770	 	4266.666667
620.870038	 	4273.333333
613.367980	 	4280.000000
605.489379	 	4286.666667
598.020244	 	4293.333333
589.907075	 	4300.000000
582.477034	 	4306.666667
574.606663	 	4313.333333
567.207486	 	4320.000000
559.828885	 	4326.666667
552.347404	 	4333.333333
545.551108	 	4340.000000
538.059338	 	4346.666667
531.145758	 	4353.333333
524.939997	 	4360.000000
517.981149	 	4366.666667
511.328885	 	4373.333333
505.061396	 	4380.000000
498.658104	 	4386.666667
491.713659	 	4393.333333
485.030532	 	4400.000000
478.575799	 	4406.666667
471.890614	 	4413.333333
466.001725	 	4420.000000
459.686910	 	4426.666667
453.962630	 	4433.333333
447.843289	 	4440.000000
441.546992	 	4446.666667
435.919420	 	4453.333333
430.040820	 	4460.000000
424.361807	 	4466.666667
418.837116	 	4473.333333
413.176622	 	4480.000000
408.038762	 	4486.666667
402.279503	 	4493.333333
397.131355	 	4500.000000
391.942054	 	4506.666667
387.723947	 	4513.333333
381.693083	 	4520.000000
377.413248	 	4526.666667
372.966746	 	4533.333333
367.569626	 	4540.000000
362.948227	 	4546.666667
357.946169	 	4553.333333
353.555223	 	4560.000000
348.977034	 	4566.666667
344.479091	 	4573.333333
340.370038	 	4580.000000
335.824770	 	4586.666667
331.059338	 	4593.333333
327.400902	 	4600.000000
322.310367	 	4606.666667
318.892671	 	4613.333333
314.800079	 	4620.000000
312.444112	 	4626.666667
304.913248	 	4633.333333
304.149873	 	4640.000000
298.876211	 	4646.666667
295.822713	 	4653.333333
291.793906	 	4660.000000
287.812425	 	4666.666667
285.577857	 	4673.333333
281.298021	 	4680.000000
277.193083	 	4686.666667
274.551108	 	4693.333333
270.012013	 	4700.000000
268.396787	 	4706.666667
263.034647	 	4713.333333
261.559338	 	4720.000000
257.042877	 	4726.666667
254.925593	 	4733.333333
249.546992	 	4740.000000
250.518186	 	4746.666667
244.477034	 	4753.333333
242.863865	 	4760.000000
240.590202	 	4766.666667
235.452342	 	4773.333333
235.647816	 	4780.000000
232.127239	 	4786.666667
227.590202	 	4793.333333
226.623124	 	4800.000000
221.596375	 	4806.666667
220.929709	 	4813.333333
217.526416	 	4820.000000
214.285676	 	4826.666667
213.149873	 	4833.333333
210.291848	 	4840.000000
205.876211	 	4846.666667
206.931766	 	4853.333333
203.322713	 	4860.000000
200.995552	 	4866.666667
199.563453	 	4873.333333
196.477034	 	4880.000000
193.923536	 	4886.666667
192.845346	 	4893.333333
190.330943	 	4900.000000
188.232178	 	4906.666667
185.985264	 	4913.333333
182.863865	 	4920.000000
180.937939	 	4926.666667
179.921478	 	4933.333333
176.600490	 	4940.000000
174.166334	 	4946.666667
173.503783	 	4953.333333
170.921478	 	4960.000000
169.347404	 	4966.666667
167.923536	 	4973.333333
164.444112	 	4980.000000
163.886499	 	4986.666667
161.460573	 	4993.333333
158.849462	 	5000.000000
158.563453	 	5006.666667
156.098433	 	5013.333333
153.763042	 	5020.000000
153.267157	 	5026.666667
150.304194	 	5033.333333
149.431766	 	5040.000000
148.600490	 	5046.666667
145.285676	 	5053.333333
144.822713	 	5060.000000
143.314482	 	5066.666667
140.629297	 	5073.333333
139.839174	 	5080.000000
138.112836	 	5086.666667
135.760984	 	5093.333333
134.242466	 	5100.000000
132.822713	 	5106.666667
131.180737	 	5113.333333
130.007898	 	5120.000000
128.022301	 	5126.666667
126.499667	 	5133.333333
125.664276	 	5140.000000
123.847404	 	5146.666667
122.563453	 	5153.333333
121.199256	 	5160.000000
118.824770	 	5166.666667
118.143700	 	5173.333333
116.697198	 	5180.000000
114.676622	 	5186.666667
113.835058	 	5193.333333
112.629297	 	5200.000000
110.783618	 	5206.666667
110.256869	 	5213.333333
108.837116	 	5220.000000
107.263042	 	5226.666667
106.575799	 	5233.333333
104.981149	 	5240.000000
103.643700	 	5246.666667
102.818597	 	5253.333333
101.413248	 	5260.000000
100.407075	 	5266.666667
99.320655	 	5273.333333
97.890614	 	5280.000000
97.333001	 	5286.666667
95.960573	 	5293.333333
94.557281	 	5300.000000
94.007898	 	5306.666667
92.481149	 	5313.333333
91.584030	 	5320.000000
90.596375	 	5326.666667
89.814482	 	5333.333333
88.793906	 	5340.000000
88.330943	 	5346.666667
87.020244	 	5353.333333
86.419420	 	5360.000000
85.378268	 	5366.666667
84.127239	 	5373.333333
83.388556	 	5380.000000
82.680737	 	5386.666667
81.736293	 	5393.333333
80.738351	 	5400.000000
79.921478	 	5406.666667
79.151931	 	5413.333333
78.396787	 	5420.000000
77.359750	 	5426.666667
76.616951	 	5433.333333
75.637527	 	5440.000000
74.546992	 	5446.666667
74.491437	 	5453.333333
73.442054	 	5460.000000
72.518186	 	5466.666667
72.275388	 	5473.333333
71.197198	 	5480.000000
70.664276	 	5486.666667
69.612836	 	5493.333333
69.071684	 	5500.000000
68.499667	 	5506.666667
67.898844	 	5513.333333
67.505840	 	5520.000000
66.902960	 	5526.666667
66.234235	 	5533.333333
65.226005	 	5540.000000
64.682795	 	5546.666667
64.382383	 	5553.333333
63.283618	 	5560.000000
63.108721	 	5566.666667
62.151931	 	5573.333333
61.760984	 	5580.000000
61.133412	 	5586.666667
60.616951	 	5593.333333
60.009955	 	5600.000000
59.234235	 	5606.666667
58.376211	 	5613.333333
58.137527	 	5620.000000
57.524359	 	5626.666667
57.012013	 	5633.333333
56.055223	 	5640.000000
55.656046	 	5646.666667
54.738351	 	5653.333333
54.701313	 	5660.000000
54.119009	 	5666.666667
53.604606	 	5673.333333
53.116951	 	5680.000000
52.487322	 	5686.666667
52.291848	 	5693.333333
51.627239	 	5700.000000
51.059338	 	5706.666667
50.726005	 	5713.333333
50.030532	 	5720.000000
49.359750	 	5726.666667
49.470861	 	5733.333333
48.524359	 	5740.000000
47.977034	 	5746.666667
47.263042	 	5753.333333
46.802137	 	5760.000000
46.164276	 	5766.666667
45.627239	 	5773.333333
45.053165	 	5780.000000
44.544935	 	5786.666667
44.363865	 	5793.333333
43.565511	 	5800.000000
43.125182	 	5806.666667
42.668392	 	5813.333333
42.139585	 	5820.000000
41.569626	 	5826.666667
40.882383	 	5833.333333
40.649873	 	5840.000000
40.250696	 	5846.666667
39.867980	 	5853.333333
39.090202	 	5860.000000
39.003783	 	5866.666667
38.396787	 	5873.333333
38.156046	 	5880.000000
37.748639	 	5886.666667
37.744523	 	5893.333333
37.707486	 	5900.000000
37.621067	 	5906.666667
37.219832	 	5913.333333
36.913248	 	5920.000000
36.795964	 	5926.666667
36.400902	 	5933.333333
35.917363	 	5940.000000
35.571684	 	5946.666667
35.174564	 	5953.333333
35.133412	 	5960.000000
34.795964	 	5966.666667
34.411190	 	5973.333333
33.981149	 	5980.000000
33.464688	 	5986.666667
33.211602	 	5993.333333
32.867980	 	6000.000000
32.693083	 	6006.666667
32.176622	 	6013.333333
31.695141	 	6020.000000
31.256869	 	6026.666667
31.363865	 	6033.333333
30.594318	 	6040.000000
30.139585	 	6046.666667
30.135470	 	6053.333333
29.783618	 	6060.000000
30.044935	 	6066.666667
29.479091	 	6073.333333
29.415305	 	6080.000000
28.997610	 	6086.666667
28.791848	 	6093.333333
28.365923	 	6100.000000
28.081972	 	6106.666667
27.948227	 	6113.333333
27.343289	 	6120.000000
27.228062	 	6126.666667
27.197198	 	6133.333333
26.586087	 	6140.000000
26.847404	 	6146.666667
26.610778	 	6153.333333
26.211602	 	6160.000000
26.195141	 	6166.666667
25.962630	 	6173.333333
25.598433	 	6180.000000
25.553165	 	6186.666667
25.209544	 	6193.333333
25.160161	 	6200.000000
24.964688	 	6206.666667
25.174564	 	6213.333333
25.065511	 	6220.000000
24.939997	 	6226.666667
24.997610	 	6233.333333
24.781560	 	6240.000000
24.415305	 	6246.666667
24.271272	 	6253.333333
23.853577	 	6260.000000
24.479091	 	6266.666667
24.197198	 	6273.333333
24.674564	 	6280.000000
23.760984	 	6286.666667
23.639585	 	6293.333333
23.736293	 	6300.000000
23.658104	 	6306.666667
23.524359	 	6313.333333
23.125182	 	6320.000000
22.808309	 	6326.666667
22.845346	 	6333.333333
22.524359	 	6340.000000
22.267157	 	6346.666667
21.896787	 	6353.333333
21.900902	 	6360.000000
21.730120	 	6366.666667
21.145758	 	6373.333333
20.802137	 	6380.000000
20.666334	 	6386.666667
20.569626	 	6393.333333
20.499667	 	6400.000000
19.931766	 	6406.666667
19.968803	 	6413.333333
19.649873	 	6420.000000
19.592260	 	6426.666667
19.273330	 	6433.333333
19.160161	 	6440.000000
18.777445	 	6446.666667
18.549050	 	6453.333333
18.489379	 	6460.000000
18.160161	 	6466.666667
17.917363	 	6473.333333
17.763042	 	6480.000000
17.711602	 	6486.666667
17.260984	 	6493.333333
17.038762	 	6500.000000
17.100490	 	6506.666667
16.993495	 	6513.333333
16.651931	 	6520.000000
16.717774	 	6526.666667
16.367980	 	6533.333333
16.269215	 	6540.000000
16.217774	 	6546.666667
16.123124	 	6553.333333
15.470861	 	6560.000000
15.826828	 	6566.666667
15.715717	 	6573.333333
15.450285	 	6580.000000
15.612836	 	6586.666667
15.773330	 	6593.333333
15.263042	 	6600.000000
15.205429	 	6606.666667
15.485264	 	6613.333333
15.372095	 	6620.000000
15.203371	 	6626.666667
15.160161	 	6633.333333
14.931766	 	6640.000000
14.833001	 	6646.666667
14.567569	 	6653.333333
14.244523	 	6660.000000
14.697198	 	6666.666667
14.372095	 	6673.333333
14.209544	 	6680.000000
14.343289	 	6686.666667
13.865923	 	6693.333333
14.108721	 	6700.000000
13.948227	 	6706.666667
14.260984	 	6713.333333
13.691025	 	6720.000000
13.732178	 	6726.666667
13.479091	 	6733.333333
13.322713	 	6740.000000
13.318597	 	6746.666667
13.256869	 	6753.333333
13.333001	 	6760.000000
13.003783	 	6766.666667
12.905017	 	6773.333333
12.518186	 	6780.000000
12.575799	 	6786.666667
12.378268	 	6793.333333
12.454400	 	6800.000000
12.125182	 	6806.666667
12.199256	 	6813.333333
11.960573	 	6820.000000
11.845346	 	6826.666667
11.680737	 	6833.333333
11.952342	 	6840.000000
11.843289	 	6846.666667
11.730120	 	6853.333333
11.458515	 	6860.000000
11.402960	 	6866.666667
11.176622	 	6873.333333
11.649873	 	6880.000000
11.497610	 	6886.666667
11.063453	 	6893.333333
11.098433	 	6900.000000
10.878268	 	6906.666667
10.915305	 	6913.333333
11.324770	 	6920.000000
11.009955	 	6926.666667
11.143700	 	6933.333333
10.981149	 	6940.000000
10.872095	 	6946.666667
10.479091	 	6953.333333
10.456457	 	6960.000000
10.324770	 	6966.666667
10.668392	 	6973.333333
10.754811	 	6980.000000
10.656046	 	6986.666667
10.501725	 	6993.333333
10.672507	 	7000.000000
10.193083	 	7006.666667
10.246581	 	7013.333333
9.968803	 	7020.000000
10.493495	 	7026.666667
10.322713	 	7033.333333
10.328885	 	7040.000000
10.119009	 	7046.666667
10.178680	 	7053.333333
10.038762	 	7060.000000
9.680737	 	7066.666667
9.625182	 	7073.333333
9.616951	 	7080.000000
9.258927	 	7086.666667
9.672507	 	7093.333333
9.001725	 	7100.000000
9.314482	 	7106.666667
9.141643	 	7113.333333
8.905017	 	7120.000000
8.779503	 	7126.666667
8.682795	 	7133.333333
8.672507	 	7140.000000
8.450285	 	7146.666667
8.382383	 	7153.333333
8.444112	 	7160.000000
8.265099	 	7166.666667
8.026416	 	7173.333333
7.933824	 	7180.000000
8.026416	 	7186.666667
7.828885	 	7193.333333
7.991437	 	7200.000000
7.417363	 	7206.666667
7.649873	 	7213.333333
7.561396	 	7220.000000
7.577857	 	7226.666667
7.542877	 	7233.333333
7.295964	 	7240.000000
7.209544	 	7246.666667
7.269215	 	7253.333333
7.464688	 	7260.000000
7.275388	 	7266.666667
7.053165	 	7273.333333
7.374153	 	7280.000000
7.437939	 	7286.666667
7.448227	 	7293.333333
7.267157	 	7300.000000
7.240408	 	7306.666667
7.022301	 	7313.333333
7.032589	 	7320.000000
6.820655	 	7326.666667
6.742466	 	7333.333333
6.680737	 	7340.000000
6.302137	 	7346.666667
6.598433	 	7353.333333
6.442054	 	7360.000000
6.830943	 	7366.666667
6.643700	 	7373.333333
6.598433	 	7380.000000
6.837116	 	7386.666667
6.474976	 	7393.333333
6.483206	 	7400.000000
6.728062	 	7406.666667
7.063453	 	7413.333333
6.501725	 	7420.000000
6.647816	 	7426.666667
6.448227	 	7433.333333
6.419420	 	7440.000000
6.612836	 	7446.666667
6.415305	 	7453.333333
6.090202	 	7460.000000
6.400902	 	7466.666667
6.324770	 	7473.333333
6.810367	 	7480.000000
6.483206	 	7486.666667
6.758927	 	7493.333333
6.833001	 	7500.000000
6.497610	 	7506.666667
6.658104	 	7513.333333
6.382383	 	7520.000000
6.516128	 	7526.666667
6.470861	 	7533.333333
6.219832	 	7540.000000
6.686910	 	7546.666667
6.188968	 	7553.333333
6.378268	 	7560.000000
6.337116	 	7566.666667
6.086087	 	7573.333333
6.409132	 	7580.000000
5.765099	 	7586.666667
6.094318	 	7593.333333
6.166334	 	7600.000000
5.468803	 	7606.666667
5.584030	 	7613.333333
5.783618	 	7620.000000
5.635470	 	7626.666667
5.166334	 	7633.333333
5.273330	 	7640.000000
5.026416	 	7646.666667
5.137527	 	7653.333333
5.540820	 	7660.000000
5.151931	 	7666.666667
5.143700	 	7673.333333
5.009955	 	7680.000000
5.123124	 	7686.666667
5.069626	 	7693.333333
5.182795	 	7700.000000
5.174564	 	7706.666667
5.213659	 	7713.333333
5.001725	 	7720.000000
4.954400	 	7726.666667
5.164276	 	7733.333333
4.760984	 	7740.000000
4.968803	 	7746.666667
4.802137	 	7753.333333
4.660161	 	7760.000000
4.542877	 	7766.666667
4.614894	 	7773.333333
4.779503	 	7780.000000
4.254811	 	7786.666667
4.402960	 	7793.333333
4.135470	 	7800.000000
4.075799	 	7806.666667
4.407075	 	7813.333333
4.100490	 	7820.000000
4.049050	 	7826.666667
4.084030	 	7833.333333
4.374153	 	7840.000000
4.343289	 	7846.666667
3.968803	 	7853.333333
3.933824	 	7860.000000
3.795964	 	7866.666667
3.760984	 	7873.333333
3.956457	 	7880.000000
3.534647	 	7886.666667
3.509955	 	7893.333333
3.151931	 	7900.000000
3.584030	 	7906.666667
3.131355	 	7913.333333
3.361807	 	7920.000000
3.322713	 	7926.666667
3.168392	 	7933.333333
2.800079	 	7940.000000
3.063453	 	7946.666667
3.139585	 	7953.333333
3.267157	 	7960.000000
3.034647	 	7966.666667
3.044935	 	7973.333333
2.870038	 	7980.000000
3.034647	 	7986.666667
2.787733	 	7993.333333
2.361807	 	8000.000000
2.427651	 	8006.666667
2.351519	 	8013.333333
2.260984	 	8020.000000
2.425593	 	8026.666667
2.044935	 	8033.333333
2.518186	 	8040.000000
2.191025	 	8046.666667
2.022301	 	8053.333333
2.293906	 	8060.000000
2.437939	 	8066.666667
2.464688	 	8073.333333
2.456457	 	8080.000000
2.135470	 	8086.666667
2.324770	 	8093.333333
2.528474	 	8100.000000
2.606663	 	8106.666667
2.487322	 	8113.333333
2.388556	 	8120.000000
2.612836	 	8126.666667
2.458515	 	8133.333333
2.392671	 	8140.000000
2.485264	 	8146.666667
2.318597	 	8153.333333
2.477034	 	8160.000000
2.042877	 	8166.666667
2.279503	 	8173.333333
2.293906	 	8180.000000
2.505840	 	8186.666667
2.312425	 	8193.333333
2.407075	 	8200.000000
2.293906	 	8206.666667
2.481149	 	8213.333333
2.108721	 	8220.000000
2.207486	 	8226.666667
1.981149	 	8233.333333
2.123124	 	8240.000000
2.197198	 	8246.666667
2.223947	 	8253.333333
2.283618	 	8260.000000
2.544935	 	8266.666667
2.125182	 	8273.333333
2.217774	 	8280.000000
1.933824	 	8286.666667
1.900902	 	8293.333333
2.114894	 	8300.000000
2.209544	 	8306.666667
2.201313	 	8313.333333
2.042877	 	8320.000000
1.921478	 	8326.666667
2.038762	 	8333.333333
2.197198	 	8340.000000
1.884441	 	8346.666667
1.870038	 	8353.333333
2.217774	 	8360.000000
2.098433	 	8366.666667
2.472918	 	8373.333333
2.285676	 	8380.000000
1.882383	 	8386.666667
2.248639	 	8393.333333
2.258927	 	8400.000000
2.320655	 	8406.666667
2.528474	 	8413.333333
2.337116	 	8420.000000
1.892671	 	8426.666667
2.386499	 	8433.333333
2.207486	 	8440.000000
2.020244	 	8446.666667
2.075799	 	8453.333333
2.036704	 	8460.000000
2.051108	 	8466.666667
1.835058	 	8473.333333
1.604606	 	8480.000000
1.522301	 	8486.666667
1.495552	 	8493.333333
1.748639	 	8500.000000
1.495552	 	8506.666667
1.460573	 	8513.333333
1.353577	 	8520.000000
1.662219	 	8526.666667
1.193083	 	8533.333333
1.112836	 	8540.000000
1.353577	 	8546.666667
1.495552	 	8553.333333
1.188968	 	8560.000000
1.287733	 	8566.666667
1.302137	 	8573.333333
1.437939	 	8580.000000
1.063453	 	8586.666667
1.501725	 	8593.333333
1.081972	 	8600.000000
1.289791	 	8606.666667
1.267157	 	8613.333333
1.151931	 	8620.000000
1.092260	 	8626.666667
1.160161	 	8633.333333
1.003783	 	8640.000000
0.876211	 	8646.666667
0.818597	 	8653.333333
0.948227	 	8660.000000
0.752754	 	8666.666667
0.627239	 	8673.333333
0.697198	 	8680.000000
0.668392	 	8686.666667
0.493495	 	8693.333333
0.413248	 	8700.000000
0.674564	 	8706.666667
0.265099	 	8713.333333
0.300079	 	8720.000000
0.149873	 	8726.666667
0.561396	 	8733.333333
0.349462	 	8740.000000
0.328885	 	8746.666667
0.034647	 	8753.333333
0.359750	 	8760.000000
0.172507	 	8766.666667
0.293906	 	8773.333333
0.563453	 	8780.000000
0.057281	 	8786.666667
0.160161	 	8793.333333
0.444112	 	8800.000000
0.269215	 	8806.666667
0.304194	 	8813.333333
0.236293	 	8820.000000
0.248639	 	8826.666667
0.260984	 	8833.333333
0.528474	 	8840.000000
0.281560	 	8846.666667
0.450285	 	8853.333333
0.240408	 	8860.000000
0.372095	 	8866.666667
0.221890	 	8873.333333
-0.043543	 	8880.000000
0.014071	 	8886.666667
0.209544	 	8893.333333
0.086087	 	8900.000000
-0.033254	 	8906.666667
-0.127905	 	8913.333333
-0.053831	 	8920.000000
0.096375	 	8926.666667
0.057281	 	8933.333333
-0.146423	 	8940.000000
-0.166999	 	8946.666667
-0.146423	 	8953.333333
-0.216382	 	8960.000000
0.071684	 	8966.666667
0.057281	 	8973.333333
0.092260	 	8980.000000
-0.230785	 	8986.666667
-0.424201	 	8993.333333
-0.490045	 	9000.000000
-0.099098	 	9006.666667
-0.448892	 	9013.333333
-0.206094	 	9020.000000
-0.625847	 	9026.666667
-0.339839	 	9033.333333
-0.094983	 	9040.000000
-0.271938	 	9046.666667
-0.179345	 	9053.333333
-0.138193	 	9060.000000
0.139585	 	9066.666667
-0.364530	 	9073.333333
-0.144366	 	9080.000000
0.127239	 	9086.666667
0.217774	 	9093.333333
0.112836	 	9100.000000
0.170449	 	9106.666667
0.273330	 	9113.333333
0.526416	 	9120.000000
0.351519	 	9126.666667
0.602548	 	9133.333333
0.223947	 	9140.000000
0.645758	 	9146.666667
0.248639	 	9153.333333
0.538762	 	9160.000000
0.238351	 	9166.666667
0.139585	 	9173.333333
0.439997	 	9180.000000
0.392671	 	9186.666667
0.520244	 	9193.333333
0.254811	 	9200.000000
0.032589	 	9206.666667
0.345346	 	9213.333333
0.079914	 	9220.000000
0.186910	 	9226.666667
0.112836	 	9233.333333
0.123124	 	9240.000000
0.248639	 	9246.666667
-0.099098	 	9253.333333
-0.000333	 	9260.000000
-0.084695	 	9266.666667
-0.325436	 	9273.333333
-0.395394	 	9280.000000
-0.502390	 	9286.666667
-0.368645	 	9293.333333
-0.502390	 	9300.000000
-0.640250	 	9306.666667
-0.683460	 	9313.333333
-0.485929	 	9320.000000
-0.673172	 	9326.666667
-0.306917	 	9333.333333
-0.354242	 	9340.000000
-0.465353	 	9346.666667
-0.648481	 	9353.333333
-0.337781	 	9360.000000
-0.543543	 	9366.666667
-0.385106	 	9373.333333
-0.469468	 	9380.000000
-0.582637	 	9386.666667
-0.352184	 	9393.333333
-0.280168	 	9400.000000
-0.463296	 	9406.666667
-0.545600	 	9413.333333
-0.535312	 	9420.000000
-0.473584	 	9426.666667
-0.586752	 	9433.333333
-0.716382	 	9440.000000
-0.265765	 	9446.666667
-0.282226	 	9453.333333
-0.588810	 	9460.000000
-0.525024	 	9466.666667
-0.539427	 	9473.333333
-0.403625	 	9480.000000
-0.360415	 	9486.666667
-0.212267	 	9493.333333
-0.308975	 	9500.000000
-0.327493	 	9506.666667
-0.442719	 	9513.333333
-0.230785	 	9520.000000
-0.181403	 	9526.666667
-0.169057	 	9533.333333
-0.436547	 	9540.000000
-0.280168	 	9546.666667
-0.512678	 	9553.333333
-0.592925	 	9560.000000
-0.808975	 	9566.666667
-0.776053	 	9573.333333
-0.759592	 	9580.000000
-1.039427	 	9586.666667
-0.763707	 	9593.333333
-1.197863	 	9600.000000
-1.158769	 	9606.666667
-1.187575	 	9613.333333
-1.119674	 	9620.000000
-1.214324	 	9626.666667
-1.103213	 	9633.333333
-1.308975	 	9640.000000
-1.374818	 	9646.666667
-1.234901	 	9653.333333
-1.590868	 	9660.000000
-1.360415	 	9666.666667
-1.282226	 	9673.333333
-1.123789	 	9680.000000
-1.399510	 	9686.666667
-1.164942	 	9693.333333
-1.378933	 	9700.000000
-1.212267	 	9706.666667
-1.148481	 	9713.333333
-1.263707	 	9720.000000
-1.257534	 	9726.666667
-1.074407	 	9733.333333
-1.228728	 	9740.000000
-1.286341	 	9746.666667
-1.483872	 	9753.333333
-1.364530	 	9760.000000
-1.481814	 	9766.666667
-1.372761	 	9773.333333
-1.239016	 	9780.000000
-1.564119	 	9786.666667
-1.555888	 	9793.333333
-1.535312	 	9800.000000
-1.090868	 	9806.666667
-1.045600	 	9813.333333
-1.074407	 	9820.000000
-0.868645	 	9826.666667
-1.195806	 	9833.333333
-0.934489	 	9840.000000
-0.749304	 	9846.666667
-1.090868	 	9853.333333
-0.930374	 	9860.000000
-0.885106	 	9866.666667
-0.813090	 	9873.333333
-0.759592	 	9880.000000
-0.747246	 	9886.666667
-1.053831	 	9893.333333
-0.901567	 	9900.000000
-0.833666	 	9906.666667
-1.000333	 	9913.333333
-1.051773	 	9920.000000
-1.105271	 	9926.666667
-1.383049	 	9933.333333
-0.992102	 	9940.000000
-0.909798	 	9946.666667
-1.027082	 	9953.333333
-0.866588	 	9960.000000
-0.971526	 	9966.666667
-1.092925	 	9973.333333
-1.002390	 	9980.000000
-0.985929	 	9986.666667
-1.134077	 	9993.333333
-1.129962	 	10000.000000
-1.222555	 	10006.666667
-1.035312	 	10013.333333
-0.850127	 	10020.000000
-0.811032	 	10026.666667
-0.934489	 	10033.333333
-1.002390	 	10040.000000
-1.315147	 	10046.666667
-1.376876	 	10053.333333
-1.253419	 	10060.000000
-0.897452	 	10066.666667
-1.051773	 	10073.333333
-1.247246	 	10080.000000
-1.362473	 	10086.666667
-1.424201	 	10093.333333
-1.302802	 	10100.000000
-1.555888	 	10106.666667
-1.539427	 	10113.333333
-1.393337	 	10120.000000
-1.615559	 	10126.666667
-1.586752	 	10133.333333
-1.640250	 	10140.000000
-1.204036	 	10146.666667
-1.605271	 	10153.333333
-1.444777	 	10160.000000
-1.654654	 	10166.666667
-2.166999	 	10173.333333
-2.113501	 	10180.000000
-1.796629	 	10186.666667
-1.950950	 	10193.333333
-1.450950	 	10200.000000
-2.045600	 	10206.666667
-1.987987	 	10213.333333
-2.047658	 	10220.000000
-2.204036	 	10226.666667
-2.189633	 	10233.333333
-2.179345	 	10240.000000
-2.064119	 	10246.666667
-1.901567	 	10253.333333
-2.162884	 	10260.000000
-1.763707	 	10266.666667
-1.973584	 	10273.333333
-1.946835	 	10280.000000
-1.858357	 	10286.666667
-1.669057	 	10293.333333
-2.140250	 	10300.000000
-1.798687	 	10306.666667
-1.920086	 	10313.333333
-1.800744	 	10320.000000
-1.627905	 	10326.666667
-1.734901	 	10333.333333
-1.671115	 	10340.000000
-1.858357	 	10346.666667
-1.679345	 	10353.333333
-1.691691	 	10360.000000
-1.642308	 	10366.666667
-1.611444	 	10373.333333
-1.683460	 	10380.000000
-1.465353	 	10386.666667
-1.487987	 	10393.333333
-1.531197	 	10400.000000
-1.673172	 	10406.666667
-1.804859	 	10413.333333
-1.455065	 	10420.000000
-1.671115	 	10426.666667
-1.360415	 	10433.333333
-1.259592	 	10440.000000
-1.376876	 	10446.666667
-1.496217	 	10453.333333
-1.555888	 	10460.000000
-1.502390	 	10466.666667
-1.360415	 	10473.333333
-1.169057	 	10480.000000
-1.302802	 	10486.666667
-1.164942	 	10493.333333
-1.150538	 	10500.000000
-1.113501	 	10506.666667
-0.959180	 	10513.333333
-0.994160	 	10520.000000
-0.619674	 	10526.666667
-0.348069	 	10533.333333
-0.712267	 	10540.000000
-0.732843	 	10546.666667
-0.623789	 	10553.333333
-0.716382	 	10560.000000
-0.640250	 	10566.666667
-0.609386	 	10573.333333
-0.625847	 	10580.000000
-0.564119	 	10586.666667
-0.753419	 	10593.333333
-0.786341	 	10600.000000
-0.825436	 	10606.666667
-0.771938	 	10613.333333
-0.664942	 	10620.000000
-0.557946	 	10626.666667
-0.617617	 	10633.333333
-0.455065	 	10640.000000
-0.594983	 	10646.666667
-0.564119	 	10653.333333
-0.623789	 	10660.000000
-0.539427	 	10666.666667
-0.506505	 	10673.333333
-0.430374	 	10680.000000
-0.687575	 	10686.666667
-0.878933	 	10693.333333
-0.796629	 	10700.000000
-0.771938	 	10706.666667
-0.634077	 	10713.333333
-0.440662	 	10720.000000
-0.804859	 	10726.666667
-0.574407	 	10733.333333
-0.584695	 	10740.000000
-0.360415	 	10746.666667
-0.317205	 	10753.333333
-0.241073	 	10760.000000
-0.695806	 	10766.666667
-0.210209	 	10773.333333
-0.574407	 	10780.000000
-0.148481	 	10786.666667
-0.743131	 	10793.333333
-0.527082	 	10800.000000
-0.527082	 	10806.666667
-0.597040	 	10813.333333
-0.755477	 	10820.000000
-0.605271	 	10826.666667
-0.568234	 	10833.333333
-0.473584	 	10840.000000
-0.368645	 	10846.666667
-0.360415	 	10853.333333
-0.590868	 	10860.000000
-0.920086	 	10866.666667
-0.541485	 	10873.333333
-0.352184	 	10880.000000
-0.424201	 	10886.666667
-0.335724	 	10893.333333
-0.656711	 	10900.000000
-0.745189	 	10906.666667
-0.535312	 	10913.333333
-0.825436	 	10920.000000
-0.755477	 	10926.666667
-1.076464	 	10933.333333
-1.037370	 	10940.000000
-0.905682	 	10946.666667
-0.932431	 	10953.333333
-1.115559	 	10960.000000
-1.395394	 	10966.666667
-1.255477	 	10973.333333
-1.278110	 	10980.000000
-1.276053	 	10986.666667
-0.936547	 	10993.333333
-0.813090	 	11000.000000
-1.000333	 	11006.666667
-0.926259	 	11013.333333
-0.870703	 	11020.000000
-0.901567	 	11026.666667
-1.086752	 	11033.333333
-0.975641	 	11040.000000
-0.926259	 	11046.666667
-1.076464	 	11053.333333
-1.284283	 	11060.000000
-0.887164	 	11066.666667
-0.938604	 	11073.333333
-1.214324	 	11080.000000
-1.539427	 	11086.666667
-1.136135	 	11093.333333
-1.273995	 	11100.000000
-1.286341	 	11106.666667
-1.440662	 	11113.333333
-1.208152	 	11120.000000
-1.078522	 	11126.666667
-1.395394	 	11133.333333
-0.893337	 	11140.000000
-1.300744	 	11146.666667
-1.247246	 	11153.333333
-1.306917	 	11160.000000
-1.164942	 	11166.666667
-1.224612	 	11173.333333
-1.276053	 	11180.000000
-1.457123	 	11186.666667
-1.066176	 	11193.333333
-1.228728	 	11200.000000
-0.704036	 	11206.666667
-0.841896	 	11213.333333
-1.060003	 	11220.000000
-0.681403	 	11226.666667
-0.911855	 	11233.333333
-0.948892	 	11240.000000
-1.191691	 	11246.666667
-0.856300	 	11253.333333
-1.016794	 	11260.000000
-1.109386	 	11266.666667
-0.765765	 	11273.333333
-0.987987	 	11280.000000
-0.671115	 	11286.666667
-0.889222	 	11293.333333
-1.166999	 	11300.000000
-0.948892	 	11306.666667
-1.109386	 	11313.333333
-1.440662	 	11320.000000
-1.298687	 	11326.666667
-1.101156	 	11333.333333
-1.043543	 	11340.000000
-1.144366	 	11346.666667
-0.969468	 	11353.333333
-1.166999	 	11360.000000
-1.129962	 	11366.666667
-0.936547	 	11373.333333
-0.907740	 	11380.000000
-0.549715	 	11386.666667
-0.487987	 	11393.333333
-0.103213	 	11400.000000
-0.479756	 	11406.666667
-0.448892	 	11413.333333
-0.273995	 	11420.000000
-0.257534	 	11426.666667
-0.241073	 	11433.333333
-0.204036	 	11440.000000
-0.346012	 	11446.666667
-0.457123	 	11453.333333
-0.878933	 	11460.000000
-0.613501	 	11466.666667
-0.389222	 	11473.333333
-0.846012	 	11480.000000
-0.422143	 	11486.666667
-0.621732	 	11493.333333
-0.568234	 	11500.000000
-0.444777	 	11506.666667
-0.780168	 	11513.333333
-0.883049	 	11520.000000
-0.547658	 	11526.666667
-0.776053	 	11533.333333
-0.959180	 	11540.000000
-1.109386	 	11546.666667
-1.251361	 	11553.333333
-1.010621	 	11560.000000
-0.909798	 	11566.666667
-0.990045	 	11573.333333
-1.006505	 	11580.000000
-0.990045	 	11586.666667
-0.955065	 	11593.333333
-0.843954	 	11600.000000
-0.804859	 	11606.666667
-0.843954	 	11613.333333
-1.156711	 	11620.000000
-1.037370	 	11626.666667
-0.891279	 	11633.333333
-0.992102	 	11640.000000
-0.969468	 	11646.666667
-1.257534	 	11653.333333
-1.066176	 	11660.000000
-1.049715	 	11666.666667
-0.930374	 	11673.333333
-1.370703	 	11680.000000
-1.701979	 	11686.666667
-1.179345	 	11693.333333
-1.413913	 	11700.000000
-1.101156	 	11706.666667
-1.107329	 	11713.333333
-0.930374	 	11720.000000
-0.950950	 	11726.666667
-1.193748	 	11733.333333
-1.296629	 	11740.000000
-1.481814	 	11746.666667
-1.372761	 	11753.333333
-1.525024	 	11760.000000
-1.185518	 	11766.666667
-1.553831	 	11773.333333
-1.444777	 	11780.000000
-1.557946	 	11786.666667
-1.547658	 	11793.333333
-1.296629	 	11800.000000
-1.230785	 	11806.666667
-1.391279	 	11813.333333
-1.208152	 	11820.000000
-1.415970	 	11826.666667
-1.461238	 	11833.333333
-1.352184	 	11840.000000
-1.634077	 	11846.666667
-1.566176	 	11853.333333
-1.346012	 	11860.000000
-1.273995	 	11866.666667
-1.263707	 	11873.333333
-1.187575	 	11880.000000
-1.356300	 	11886.666667
-1.267822	 	11893.333333
-1.430374	 	11900.000000
-1.372761	 	11906.666667
-1.436547	 	11913.333333
-1.720497	 	11920.000000
-1.496217	 	11926.666667
-1.276053	 	11933.333333
-1.323378	 	11940.000000
-1.064119	 	11946.666667
-1.516794	 	11953.333333
-1.436547	 	11960.000000
-1.457123	 	11966.666667
-1.154654	 	11973.333333
-1.097040	 	11980.000000
-0.897452	 	11986.666667
-1.164942	 	11993.333333
-1.136135	 	12000.000000
-1.166999	 	12006.666667
-1.286341	 	12013.333333
-1.226670	 	12020.000000
-1.171115	 	12026.666667
-1.282226	 	12033.333333
-1.148481	 	12040.000000
-1.422143	 	12046.666667
-1.525024	 	12053.333333
-1.821320	 	12060.000000
-1.411855	 	12066.666667
-1.187575	 	12073.333333
-1.331608	 	12080.000000
-1.321320	 	12086.666667
-1.300744	 	12093.333333
-1.294571	 	12100.000000
-1.319263	 	12106.666667
-1.329551	 	12113.333333
-0.990045	 	12120.000000
-1.415970	 	12126.666667
-0.955065	 	12133.333333
-1.426259	 	12140.000000
-1.177287	 	12146.666667
-0.936547	 	12153.333333
-0.920086	 	12160.000000
-1.201979	 	12166.666667
-1.469468	 	12173.333333
-1.387164	 	12180.000000
-1.646423	 	12186.666667
-1.800744	 	12193.333333
-1.739016	 	12200.000000
-1.813090	 	12206.666667
-1.520909	 	12213.333333
-1.494160	 	12220.000000
-1.467411	 	12226.666667
-1.294571	 	12233.333333
-1.442719	 	12240.000000
-1.368645	 	12246.666667
-1.529139	 	12253.333333
-1.234901	 	12260.000000
-1.370703	 	12266.666667
-1.175230	 	12273.333333
-1.557946	 	12280.000000
-1.273995	 	12286.666667
-1.193748	 	12293.333333
-1.337781	 	12300.000000
-1.251361	 	12306.666667
-1.265765	 	12313.333333
-1.662884	 	12320.000000
-1.471526	 	12326.666667
-1.527082	 	12333.333333
-1.212267	 	12340.000000
-1.469468	 	12346.666667
-1.687575	 	12353.333333
-1.609386	 	12360.000000
-1.321320	 	12366.666667
-1.681403	 	12373.333333
-1.959180	 	12380.000000
-1.790456	 	12386.666667
-1.677287	 	12393.333333
-1.734901	 	12400.000000
-1.806917	 	12406.666667
-1.841896	 	12413.333333
-1.780168	 	12420.000000
-1.790456	 	12426.666667
-1.985929	 	12433.333333
-2.129962	 	12440.000000
-2.343954	 	12446.666667
-2.154654	 	12453.333333
-2.228728	 	12460.000000
-2.115559	 	12466.666667
-2.259592	 	12473.333333
-2.101156	 	12480.000000
-2.510621	 	12486.666667
-2.397452	 	12493.333333
-2.714324	 	12500.000000
-2.383049	 	12506.666667
-2.868645	 	12513.333333
-2.683460	 	12520.000000
-2.878933	 	12526.666667
-2.654654	 	12533.333333
-2.646423	 	12540.000000
-2.776053	 	12546.666667
-3.072349	 	12553.333333
-2.498275	 	12560.000000
-3.062061	 	12566.666667
-3.080580	 	12573.333333
-3.068234	 	12580.000000
-2.790456	 	12586.666667
-2.887164	 	12593.333333
-2.899510	 	12600.000000
-3.078522	 	12606.666667
-2.973584	 	12613.333333
-3.226670	 	12620.000000
-3.123789	 	12626.666667
-3.051773	 	12633.333333
-2.981814	 	12640.000000
-3.109386	 	12646.666667
-2.870703	 	12653.333333
-3.084695	 	12660.000000
-2.971526	 	12666.666667
-2.946835	 	12673.333333
-2.815147	 	12680.000000
-3.027082	 	12686.666667
-2.776053	 	12693.333333
-2.743131	 	12700.000000
-3.039427	 	12706.666667
-2.732843	 	12713.333333
-2.981814	 	12720.000000
-2.782226	 	12726.666667
-2.868645	 	12733.333333
-2.718440	 	12740.000000
-2.883049	 	12746.666667
-2.669057	 	12753.333333
-2.897452	 	12760.000000
-2.899510	 	12766.666667
-2.835724	 	12773.333333
-2.897452	 	12780.000000
-3.014736	 	12786.666667
-2.901567	 	12793.333333
-2.938604	 	12800.000000
-3.016794	 	12806.666667
-3.037370	 	12813.333333
-2.915970	 	12820.000000
-2.792514	 	12826.666667
-2.699921	 	12833.333333
-3.212267	 	12840.000000
-2.806917	 	12846.666667
-2.893337	 	12853.333333
-2.701979	 	12860.000000
-2.979756	 	12866.666667
-2.889222	 	12873.333333
-3.148481	 	12880.000000
-3.092925	 	12886.666667
-3.234901	 	12893.333333
-2.963296	 	12900.000000
-3.226670	 	12906.666667
-2.872761	 	12913.333333
-3.263707	 	12920.000000
-2.994160	 	12926.666667
-2.944777	 	12933.333333
-3.370703	 	12940.000000
-3.115559	 	12946.666667
-3.189633	 	12953.333333
-3.197863	 	12960.000000
-2.883049	 	12966.666667
-3.162884	 	12973.333333
-3.084695	 	12980.000000
-3.399510	 	12986.666667
-3.025024	 	12993.333333
-3.197863	 	13000.000000
-3.333666	 	13006.666667
-3.331608	 	13013.333333
-3.321320	 	13020.000000
-2.778110	 	13026.666667
-3.134077	 	13033.333333
-3.185518	 	13040.000000
-2.983872	 	13046.666667
-3.251361	 	13053.333333
-3.004448	 	13060.000000
-3.222555	 	13066.666667
-3.216382	 	13073.333333
-3.236958	 	13080.000000
-3.430374	 	13086.666667
-3.399510	 	13093.333333
-3.020909	 	13100.000000
-3.208152	 	13106.666667
-3.041485	 	13113.333333
-3.169057	 	13120.000000
-3.099098	 	13126.666667
-3.500333	 	13133.333333
-3.132020	 	13140.000000
-3.232843	 	13146.666667
-3.360415	 	13153.333333
-3.362473	 	13160.000000
-3.214324	 	13166.666667
-3.154654	 	13173.333333
-3.164942	 	13180.000000
-3.111444	 	13186.666667
-3.047658	 	13193.333333
-3.304859	 	13200.000000
-3.113501	 	13206.666667
-2.784283	 	13213.333333
-2.932431	 	13220.000000
-2.673172	 	13226.666667
-2.560003	 	13233.333333
-2.642308	 	13240.000000
-2.259592	 	13246.666667
-2.428316	 	13253.333333
-2.599098	 	13260.000000
-2.438604	 	13266.666667
-2.679345	 	13273.333333
-2.428316	 	13280.000000
-2.578522	 	13286.666667
-2.533254	 	13293.333333
-2.623789	 	13300.000000
-2.393337	 	13306.666667
-2.720497	 	13313.333333
-2.695806	 	13320.000000
-2.755477	 	13326.666667
