#peak 	 	#time 
-999.998973	 	0.000000
-999.999001	 	6.666667
-999.999360	 	13.333333
-999.999172	 	20.000000
-999.999088	 	26.666667
-999.999393	 	33.333333
-999.999289	 	40.000000
-999.999818	 	46.666667
-999.999059	 	53.333333
-999.999513	 	60.000000
-1000.000000	 	66.666667
-1000.000000	 	73.333333
-1000.000000	 	80.000000
-1000.000000	 	86.666667
-1000.000000	 	93.333333
34453.269055	 	100.000000
-999.998803	 	106.666667
-999.998818	 	113.333333
-999.998810	 	120.000000
-999.998824	 	126.666667
-999.998819	 	133.333333
-999.998819	 	140.000000
-999.998809	 	146.666667
-999.998803	 	153.333333
-999.998811	 	160.000000
-999.998804	 	166.666667
-999.998806	 	173.333333
-999.998801	 	180.000000
-999.998802	 	186.666667
-999.998801	 	193.333333
-999.998801	 	200.000000
-999.962766	 	206.666667
4561.782094	 	213.333333
879.257267	 	220.000000
-715.050024	 	226.666667
-713.352205	 	233.333333
-184.160145	 	240.000000
117.049321	 	246.666667
-23.682508	 	253.333333
18.760166	 	260.000000
-387.895097	 	266.666667
-215.241548	 	273.333333
595.911580	 	280.000000
30.846069	 	286.666667
-188.954879	 	293.333333
-4.513802	 	300.000000
-8.049681	 	306.666667
205.989073	 	313.333333
-111.215766	 	320.000000
-255.602542	 	326.666667
-107.083584	 	333.333333
9.918361	 	340.000000
118.061349	 	346.666667
210.391469	 	353.333333
58.002109	 	360.000000
-271.765668	 	366.666667
-309.850536	 	373.333333
417.597032	 	380.000000
239.684669	 	386.666667
-254.078873	 	393.333333
-225.798653	 	400.000000
-102.474419	 	406.666667
211.106744	 	413.333333
155.353342	 	420.000000
-133.398271	 	426.666667
123.246870	 	433.333333
-59.902183	 	440.000000
-123.636622	 	446.666667
26.654449	 	453.333333
18.383203	 	460.000000
196.332750	 	466.666667
58.390790	 	473.333333
-149.840974	 	480.000000
125.925732	 	486.666667
-69.087885	 	493.333333
-46.489583	 	500.000000
78.660765	 	506.666667
0.580383	 	513.333333
34.987895	 	520.000000
31.693476	 	526.666667
-12.467625	 	533.333333
-181.776170	 	540.000000
-151.288394	 	546.666667
104.000674	 	553.333333
160.611304	 	560.000000
225.783975	 	566.666667
-7.744932	 	573.333333
-259.661946	 	580.000000
-6.802968	 	586.666667
-9.928372	 	593.333333
172.223932	 	600.000000
163.604846	 	606.666667
-182.331833	 	613.333333
-281.569168	 	620.000000
-24.373631	 	626.666667
140.655834	 	633.333333
352.212080	 	640.000000
33.936976	 	646.666667
-163.765969	 	653.333333
-257.383892	 	660.000000
14.300436	 	666.666667
20.374971	 	673.333333
62.382828	 	680.000000
-1.441025	 	686.666667
172.937015	 	693.333333
18.317688	 	700.000000
-68.004262	 	706.666667
-211.044814	 	713.333333
56.038474	 	720.000000
111.814543	 	726.666667
22.389836	 	733.333333
-59.045887	 	740.000000
58.096603	 	746.666667
27.682875	 	753.333333
-95.658245	 	760.000000
-100.613928	 	766.666667
124.902534	 	773.333333
-8.448227	 	780.000000
16.108927	 	786.666667
84.973659	 	793.333333
-98.761453	 	800.000000
-36.261390	 	806.666667
50.729012	 	813.333333
-3.475748	 	820.000000
17.438937	 	826.666667
-57.519251	 	833.333333
83.677098	 	840.000000
104.246390	 	846.666667
-129.919815	 	853.333333
-143.424207	 	860.000000
64.077785	 	866.666667
121.041880	 	873.333333
58.854271	 	880.000000
-90.816600	 	886.666667
-0.184152	 	893.333333
-77.246989	 	900.000000
-50.037306	 	906.666667
140.121948	 	913.333333
133.946905	 	920.000000
-20.989498	 	926.666667
-141.813649	 	933.333333
-102.016941	 	940.000000
42.084616	 	946.666667
88.962857	 	953.333333
92.535778	 	960.000000
-38.437122	 	966.666667
-88.002689	 	973.333333
18.049333	 	980.000000
55.132902	 	986.666667
4.296270	 	993.333333
-98.642678	 	1000.000000
-49.629361	 	1006.666667
83.323774	 	1013.333333
104.276375	 	1020.000000
-12.341981	 	1026.666667
-43.004705	 	1033.333333
-17.684997	 	1040.000000
-5.566337	 	1046.666667
-35.442173	 	1053.333333
22.409871	 	1060.000000
36.948054	 	1066.666667
36.104464	 	1073.333333
-32.273502	 	1080.000000
-8.445909	 	1086.666667
-33.327217	 	1093.333333
11.801601	 	1100.000000
42.524921	 	1106.666667
15.902693	 	1113.333333
8.779004	 	1120.000000
-29.274405	 	1126.666667
-21.987377	 	1133.333333
23.338659	 	1140.000000
-13.194996	 	1146.666667
-2.370990	 	1153.333333
-2.940244	 	1160.000000
20.683862	 	1166.666667
40.876752	 	1173.333333
-16.329734	 	1180.000000
-27.099070	 	1186.666667
6.391480	 	1193.333333
9.052737	 	1200.000000
36.408186	 	1206.666667
-33.419136	 	1213.333333
-18.460745	 	1220.000000
11.674602	 	1226.666667
45.511272	 	1233.333333
7.755097	 	1240.000000
-14.988583	 	1246.666667
-16.681119	 	1253.333333
15.109268	 	1260.000000
-0.419076	 	1266.666667
52.174728	 	1273.333333
-14.518067	 	1280.000000
-11.382581	 	1286.666667
-37.670139	 	1293.333333
-9.941761	 	1300.000000
16.621392	 	1306.666667
51.713001	 	1313.333333
-5.189927	 	1320.000000
4.828338	 	1326.666667
-19.539878	 	1333.333333
9.041257	 	1340.000000
2.828822	 	1346.666667
4.577724	 	1353.333333
-29.787584	 	1360.000000
17.190358	 	1366.666667
24.666729	 	1373.333333
19.288814	 	1380.000000
-8.013559	 	1386.666667
-41.513730	 	1393.333333
-0.494061	 	1400.000000
25.251753	 	1406.666667
17.647041	 	1413.333333
21.021064	 	1420.000000
-10.995675	 	1426.666667
12.915976	 	1433.333333
-41.424699	 	1440.000000
-20.011107	 	1446.666667
42.710599	 	1453.333333
35.656301	 	1460.000000
5.250962	 	1466.666667
-28.614423	 	1473.333333
-19.435360	 	1480.000000
40.085108	 	1486.666667
-14.389867	 	1493.333333
8.095213	 	1500.000000
-17.999546	 	1506.666667
17.229476	 	1513.333333
26.910098	 	1520.000000
-2.880713	 	1526.666667
-38.469300	 	1533.333333
-6.131216	 	1540.000000
17.881437	 	1546.666667
27.538653	 	1553.333333
-12.094196	 	1560.000000
0.770614	 	1566.666667
-2.422293	 	1573.333333
14.051275	 	1580.000000
11.229179	 	1586.666667
-1.775689	 	1593.333333
5.672336	 	1600.000000
-29.695946	 	1606.666667
22.275933	 	1613.333333
28.368914	 	1620.000000
-46.318593	 	1626.666667
-40.029747	 	1633.333333
40.103153	 	1640.000000
53.193609	 	1646.666667
28.781138	 	1653.333333
-71.460721	 	1660.000000
12.050534	 	1666.666667
3.120890	 	1673.333333
3.704039	 	1680.000000
2.210022	 	1686.666667
23.132404	 	1693.333333
-7.494815	 	1700.000000
-32.980765	 	1706.666667
-4.960583	 	1713.333333
69.926662	 	1720.000000
-6.493672	 	1726.666667
-21.703073	 	1733.333333
-49.641987	 	1740.000000
15.321994	 	1746.666667
82.761389	 	1753.333333
30.811542	 	1760.000000
-28.015434	 	1766.666667
-60.539195	 	1773.333333
-37.213648	 	1780.000000
63.479904	 	1786.666667
47.878708	 	1793.333333
-6.522633	 	1800.000000
-54.295430	 	1806.666667
-11.810425	 	1813.333333
3.964862	 	1820.000000
21.230945	 	1826.666667
58.216819	 	1833.333333
-1.909162	 	1840.000000
-41.217426	 	1846.666667
-11.864065	 	1853.333333
13.791100	 	1860.000000
10.437654	 	1866.666667
-11.011349	 	1873.333333
8.166090	 	1880.000000
9.290203	 	1886.666667
20.528422	 	1893.333333
13.505844	 	1900.000000
-54.363056	 	1906.666667
-27.814210	 	1913.333333
24.951351	 	1920.000000
56.482191	 	1926.666667
19.610194	 	1933.333333
-10.066888	 	1940.000000
-53.414389	 	1946.666667
-23.326550	 	1953.333333
18.040361	 	1960.000000
10.466306	 	1966.666667
38.972178	 	1973.333333
32.498080	 	1980.000000
-38.732310	 	1986.666667
-34.041867	 	1993.333333
31.688144	 	2000.000000
52.964131	 	2006.666667
-24.099581	 	2013.333333
-68.290220	 	2020.000000
-15.892909	 	2026.666667
48.242493	 	2033.333333
87.489746	 	2040.000000
-25.194374	 	2046.666667
-49.230474	 	2053.333333
-16.050308	 	2060.000000
56.156709	 	2066.666667
37.107201	 	2073.333333
-26.940554	 	2080.000000
-20.375600	 	2086.666667
-4.392513	 	2093.333333
-10.458366	 	2100.000000
60.073016	 	2106.666667
12.700046	 	2113.333333
-61.755240	 	2120.000000
-16.522650	 	2126.666667
10.942834	 	2133.333333
31.062665	 	2140.000000
41.531253	 	2146.666667
27.666729	 	2153.333333
-57.833888	 	2160.000000
-76.758315	 	2166.666667
89.368160	 	2173.333333
31.937809	 	2180.000000
-55.601649	 	2186.666667
16.912892	 	2193.333333
-26.689239	 	2200.000000
-25.943989	 	2206.666667
71.538987	 	2213.333333
22.933613	 	2220.000000
-22.740562	 	2226.666667
-6.075145	 	2233.333333
-21.841065	 	2240.000000
-0.898362	 	2246.666667
7.239861	 	2253.333333
70.315431	 	2260.000000
-9.396275	 	2266.666667
-54.405209	 	2273.333333
-24.589107	 	2280.000000
32.318390	 	2286.666667
41.514264	 	2293.333333
1.389615	 	2300.000000
-55.735973	 	2306.666667
31.911987	 	2313.333333
68.114400	 	2320.000000
-55.969323	 	2326.666667
-106.852506	 	2333.333333
16.114744	 	2340.000000
143.413774	 	2346.666667
75.115914	 	2353.333333
-68.879499	 	2360.000000
-110.006975	 	2366.666667
-26.864676	 	2373.333333
30.991125	 	2380.000000
42.956652	 	2386.666667
159.811224	 	2393.333333
-33.786406	 	2400.000000
-181.015533	 	2406.666667
-22.804072	 	2413.333333
60.630023	 	2420.000000
61.128480	 	2426.666667
90.168639	 	2433.333333
-98.524823	 	2440.000000
-79.526863	 	2446.666667
104.883084	 	2453.333333
53.364827	 	2460.000000
-99.145313	 	2466.666667
-23.399668	 	2473.333333
42.539727	 	2480.000000
-56.762927	 	2486.666667
86.783080	 	2493.333333
89.419372	 	2500.000000
-123.113013	 	2506.666667
12.842963	 	2513.333333
30.934067	 	2520.000000
-29.119164	 	2526.666667
10.048796	 	2533.333333
57.042300	 	2540.000000
-45.460103	 	2546.666667
-79.078823	 	2553.333333
14.514950	 	2560.000000
137.992892	 	2566.666667
0.994569	 	2573.333333
20.923840	 	2580.000000
-108.547019	 	2586.666667
-103.715976	 	2593.333333
139.689217	 	2600.000000
172.237968	 	2606.666667
-126.623251	 	2613.333333
-106.610602	 	2620.000000
-4.708973	 	2626.666667
59.899846	 	2633.333333
74.571716	 	2640.000000
78.739014	 	2646.666667
-136.682527	 	2653.333333
-143.856350	 	2660.000000
135.448606	 	2666.666667
102.710880	 	2673.333333
-14.932243	 	2680.000000
22.154413	 	2686.666667
-146.833772	 	2693.333333
-67.902463	 	2700.000000
181.098929	 	2706.666667
69.127812	 	2713.333333
-69.511698	 	2720.000000
-64.264255	 	2726.666667
-42.874359	 	2733.333333
44.492709	 	2740.000000
104.621581	 	2746.666667
9.371188	 	2753.333333
-132.145739	 	2760.000000
-41.112289	 	2766.666667
122.717722	 	2773.333333
20.361893	 	2780.000000
34.784580	 	2786.666667
-4.087419	 	2793.333333
-172.715274	 	2800.000000
-97.009139	 	2806.666667
184.567251	 	2813.333333
254.325669	 	2820.000000
4.103315	 	2826.666667
-132.393137	 	2833.333333
-312.444527	 	2840.000000
-399.138464	 	2846.666667
829.406353	 	2853.333333
12398.160371	 	2860.000000
39980.537335	 	2866.666667
12106.391381	 	2873.333333
-659.444815	 	2880.000000
-980.517555	 	2886.666667
-969.154673	 	2893.333333
-662.727892	 	2900.000000
1492.945681	 	2906.666667
2742.082398	 	2913.333333
1238.567337	 	2920.000000
678.339599	 	2926.666667
686.122339	 	2933.333333
847.419946	 	2940.000000
1165.089719	 	2946.666667
1403.044915	 	2953.333333
1195.454519	 	2960.000000
486.598616	 	2966.666667
757.918859	 	2973.333333
1413.846707	 	2980.000000
1339.810199	 	2986.666667
988.043341	 	2993.333333
923.061886	 	3000.000000
871.290942	 	3006.666667
757.458823	 	3013.333333
713.501113	 	3020.000000
745.058333	 	3026.666667
609.985167	 	3033.333333
796.320188	 	3040.000000
1438.965393	 	3046.666667
1260.802225	 	3053.333333
816.278485	 	3060.000000
673.200849	 	3066.666667
830.968743	 	3073.333333
934.550248	 	3080.000000
839.978650	 	3086.666667
522.595361	 	3093.333333
653.140328	 	3100.000000
933.451984	 	3106.666667
1145.326569	 	3113.333333
849.683567	 	3120.000000
719.349143	 	3126.666667
406.130593	 	3133.333333
637.781422	 	3140.000000
1226.428063	 	3146.666667
1165.972458	 	3153.333333
313.109277	 	3160.000000
312.761287	 	3166.666667
512.195711	 	3173.333333
1037.112133	 	3180.000000
853.308247	 	3186.666667
692.768043	 	3193.333333
685.049704	 	3200.000000
673.523965	 	3206.666667
527.593706	 	3213.333333
726.991179	 	3220.000000
725.308973	 	3226.666667
841.061788	 	3233.333333
659.312656	 	3240.000000
625.244368	 	3246.666667
770.586484	 	3253.333333
586.217854	 	3260.000000
466.529509	 	3266.666667
663.016260	 	3273.333333
794.887686	 	3280.000000
805.780184	 	3286.666667
582.127973	 	3293.333333
372.461537	 	3300.000000
213.770410	 	3306.666667
365.108435	 	3313.333333
828.325040	 	3320.000000
894.744758	 	3326.666667
695.144746	 	3333.333333
432.417664	 	3340.000000
257.582974	 	3346.666667
424.371484	 	3353.333333
539.770279	 	3360.000000
722.842987	 	3366.666667
708.233245	 	3373.333333
239.372061	 	3380.000000
149.283318	 	3386.666667
327.664222	 	3393.333333
652.665272	 	3400.000000
880.271167	 	3406.666667
688.592346	 	3413.333333
370.296773	 	3420.000000
143.188685	 	3426.666667
130.152284	 	3433.333333
377.008838	 	3440.000000
604.510006	 	3446.666667
652.317765	 	3453.333333
594.967776	 	3460.000000
535.700818	 	3466.666667
304.443308	 	3473.333333
96.484524	 	3480.000000
345.279650	 	3486.666667
618.524050	 	3493.333333
480.017623	 	3500.000000
263.365718	 	3506.666667
367.864387	 	3513.333333
472.430847	 	3520.000000
238.017371	 	3526.666667
156.166256	 	3533.333333
320.210591	 	3540.000000
410.885070	 	3546.666667
502.703686	 	3553.333333
394.751662	 	3560.000000
347.506155	 	3566.666667
293.632381	 	3573.333333
246.434367	 	3580.000000
262.149337	 	3586.666667
409.626173	 	3593.333333
383.636794	 	3600.000000
444.239925	 	3606.666667
264.932417	 	3613.333333
123.900551	 	3620.000000
110.428589	 	3626.666667
374.756919	 	3633.333333
407.143941	 	3640.000000
377.168807	 	3646.666667
202.344837	 	3653.333333
317.243922	 	3660.000000
156.682658	 	3666.666667
236.942194	 	3673.333333
330.459557	 	3680.000000
424.344251	 	3686.666667
262.449978	 	3693.333333
156.454277	 	3700.000000
85.633845	 	3706.666667
242.260457	 	3713.333333
243.272562	 	3720.000000
474.181348	 	3726.666667
270.696101	 	3733.333333
158.310934	 	3740.000000
152.600495	 	3746.666667
295.590335	 	3753.333333
218.453336	 	3760.000000
168.502293	 	3766.666667
80.456785	 	3773.333333
353.683554	 	3780.000000
412.336172	 	3786.666667
276.652942	 	3793.333333
106.563712	 	3800.000000
146.491963	 	3806.666667
182.322756	 	3813.333333
248.350716	 	3820.000000
278.992128	 	3826.666667
313.283615	 	3833.333333
138.696333	 	3840.000000
99.224465	 	3846.666667
175.542345	 	3853.333333
237.719586	 	3860.000000
251.697330	 	3866.666667
219.301853	 	3873.333333
215.126175	 	3880.000000
191.344406	 	3886.666667
150.152328	 	3893.333333
136.657559	 	3900.000000
180.960745	 	3906.666667
223.513937	 	3913.333333
173.462014	 	3920.000000
195.587273	 	3926.666667
220.041046	 	3933.333333
159.921032	 	3940.000000
161.434754	 	3946.666667
151.696947	 	3953.333333
182.355049	 	3960.000000
185.169182	 	3966.666667
154.803435	 	3973.333333
127.953969	 	3980.000000
151.264694	 	3986.666667
184.336229	 	3993.333333
189.606507	 	4000.000000
154.932575	 	4006.666667
137.840127	 	4013.333333
122.805571	 	4020.000000
152.207314	 	4026.666667
146.673005	 	4033.333333
159.529479	 	4040.000000
155.598849	 	4046.666667
107.932467	 	4053.333333
109.982838	 	4060.000000
168.545734	 	4066.666667
201.271326	 	4073.333333
113.373406	 	4080.000000
85.105727	 	4086.666667
165.108947	 	4093.333333
165.983473	 	4100.000000
103.423471	 	4106.666667
83.700493	 	4113.333333
121.262233	 	4120.000000
107.347720	 	4126.666667
70.688195	 	4133.333333
126.994163	 	4140.000000
182.549293	 	4146.666667
137.980976	 	4153.333333
82.891666	 	4160.000000
53.630392	 	4166.666667
93.440115	 	4173.333333
129.420628	 	4180.000000
143.609400	 	4186.666667
155.514300	 	4193.333333
127.426880	 	4200.000000
29.629518	 	4206.666667
78.940052	 	4213.333333
157.493739	 	4220.000000
158.711035	 	4226.666667
81.278499	 	4233.333333
26.028211	 	4240.000000
76.345958	 	4246.666667
162.604685	 	4253.333333
128.740439	 	4260.000000
109.071412	 	4266.666667
65.461119	 	4273.333333
86.301888	 	4280.000000
144.128363	 	4286.666667
101.888421	 	4293.333333
80.055717	 	4300.000000
66.530529	 	4306.666667
85.416797	 	4313.333333
80.037164	 	4320.000000
109.382323	 	4326.666667
122.889899	 	4333.333333
116.978011	 	4340.000000
89.972966	 	4346.666667
79.096000	 	4353.333333
51.349116	 	4360.000000
84.837973	 	4366.666667
45.719383	 	4373.333333
64.088620	 	4380.000000
122.250943	 	4386.666667
105.789775	 	4393.333333
32.377577	 	4400.000000
34.604449	 	4406.666667
101.275560	 	4413.333333
113.440015	 	4420.000000
70.697266	 	4426.666667
27.570639	 	4433.333333
53.663668	 	4440.000000
77.700742	 	4446.666667
97.954462	 	4453.333333
54.081632	 	4460.000000
94.997453	 	4466.666667
77.579268	 	4473.333333
71.810508	 	4480.000000
31.045100	 	4486.666667
49.675482	 	4493.333333
45.917091	 	4500.000000
86.487865	 	4506.666667
72.056318	 	4513.333333
82.560885	 	4520.000000
47.659510	 	4526.666667
51.438949	 	4533.333333
39.792923	 	4540.000000
52.245344	 	4546.666667
94.696374	 	4553.333333
87.678282	 	4560.000000
42.782016	 	4566.666667
52.962408	 	4573.333333
44.538468	 	4580.000000
23.363306	 	4586.666667
49.630908	 	4593.333333
32.130556	 	4600.000000
82.928636	 	4606.666667
88.095570	 	4613.333333
47.098064	 	4620.000000
42.763496	 	4626.666667
57.321012	 	4633.333333
8.186226	 	4640.000000
60.944422	 	4646.666667
74.538536	 	4653.333333
73.406110	 	4660.000000
46.410830	 	4666.666667
37.746815	 	4673.333333
42.188710	 	4680.000000
27.744167	 	4686.666667
46.827616	 	4693.333333
76.082304	 	4700.000000
76.813423	 	4706.666667
47.462081	 	4713.333333
-8.466194	 	4720.000000
5.010407	 	4726.666667
71.179829	 	4733.333333
85.442002	 	4740.000000
48.369866	 	4746.666667
3.576971	 	4753.333333
64.192521	 	4760.000000
69.054225	 	4766.666667
10.703413	 	4773.333333
12.864372	 	4780.000000
39.210235	 	4786.666667
98.354303	 	4793.333333
59.307966	 	4800.000000
19.980638	 	4806.666667
26.677312	 	4813.333333
39.351395	 	4820.000000
15.497349	 	4826.666667
25.403596	 	4833.333333
55.285194	 	4840.000000
63.262297	 	4846.666667
4.823675	 	4853.333333
44.593320	 	4860.000000
71.609814	 	4866.666667
42.673475	 	4873.333333
-5.724729	 	4880.000000
18.737171	 	4886.666667
65.909647	 	4893.333333
74.831414	 	4900.000000
1.437497	 	4906.666667
-25.894367	 	4913.333333
46.183940	 	4920.000000
94.655838	 	4926.666667
26.284739	 	4933.333333
-22.241868	 	4940.000000
30.004854	 	4946.666667
81.799255	 	4953.333333
38.824243	 	4960.000000
-13.113631	 	4966.666667
21.940888	 	4973.333333
36.950849	 	4980.000000
79.415899	 	4986.666667
11.870477	 	4993.333333
-3.379068	 	5000.000000
20.524078	 	5006.666667
66.605224	 	5013.333333
32.643402	 	5020.000000
67.061700	 	5026.666667
10.508081	 	5033.333333
10.456044	 	5040.000000
18.297347	 	5046.666667
84.965158	 	5053.333333
-16.236692	 	5060.000000
-33.399737	 	5066.666667
-5.481852	 	5073.333333
73.142425	 	5080.000000
40.277726	 	5086.666667
61.142771	 	5093.333333
32.168058	 	5100.000000
76.854578	 	5106.666667
-12.209413	 	5113.333333
-34.171797	 	5120.000000
11.541104	 	5126.666667
48.559216	 	5133.333333
43.774913	 	5140.000000
48.810962	 	5146.666667
3.526538	 	5153.333333
13.955632	 	5160.000000
20.089776	 	5166.666667
61.384441	 	5173.333333
35.448091	 	5180.000000
-14.841018	 	5186.666667
-17.219128	 	5193.333333
19.986536	 	5200.000000
47.680016	 	5206.666667
4.620400	 	5213.333333
31.662245	 	5220.000000
81.677603	 	5226.666667
35.759765	 	5233.333333
-42.640880	 	5240.000000
-24.317771	 	5246.666667
37.485356	 	5253.333333
76.715820	 	5260.000000
22.384290	 	5266.666667
-5.837284	 	5273.333333
5.815536	 	5280.000000
9.160498	 	5286.666667
22.852795	 	5293.333333
32.826724	 	5300.000000
29.059228	 	5306.666667
39.743646	 	5313.333333
30.086314	 	5320.000000
1.455485	 	5326.666667
-0.574964	 	5333.333333
-11.913722	 	5340.000000
21.861294	 	5346.666667
77.896140	 	5353.333333
63.252248	 	5360.000000
-27.799797	 	5366.666667
-72.746194	 	5373.333333
9.291318	 	5380.000000
39.524346	 	5386.666667
61.260979	 	5393.333333
64.246726	 	5400.000000
26.232755	 	5406.666667
-44.702331	 	5413.333333
-34.936515	 	5420.000000
10.007446	 	5426.666667
71.833696	 	5433.333333
30.561611	 	5440.000000
-4.393818	 	5446.666667
-14.692511	 	5453.333333
35.095596	 	5460.000000
25.456911	 	5466.666667
26.993776	 	5473.333333
6.838031	 	5480.000000
17.519418	 	5486.666667
-27.772572	 	5493.333333
15.194678	 	5500.000000
64.287817	 	5506.666667
15.797182	 	5513.333333
-42.729473	 	5520.000000
17.460603	 	5526.666667
59.416767	 	5533.333333
27.096175	 	5540.000000
-26.534115	 	5546.666667
0.302515	 	5553.333333
21.060576	 	5560.000000
19.058640	 	5566.666667
9.474096	 	5573.333333
0.355515	 	5580.000000
44.712538	 	5586.666667
0.901133	 	5593.333333
-10.457291	 	5600.000000
34.562634	 	5606.666667
44.487483	 	5613.333333
19.501533	 	5620.000000
9.370292	 	5626.666667
-10.980473	 	5633.333333
-8.332972	 	5640.000000
-4.438889	 	5646.666667
45.752528	 	5653.333333
29.174601	 	5660.000000
31.001263	 	5666.666667
1.953119	 	5673.333333
-22.060278	 	5680.000000
-5.768406	 	5686.666667
41.282034	 	5693.333333
31.941536	 	5700.000000
17.959772	 	5706.666667
-12.958727	 	5713.333333
-12.033391	 	5720.000000
34.318874	 	5726.666667
33.031054	 	5733.333333
-24.049079	 	5740.000000
-9.899974	 	5746.666667
30.122293	 	5753.333333
61.517447	 	5760.000000
11.658242	 	5766.666667
-65.921387	 	5773.333333
-0.794538	 	5780.000000
54.408712	 	5786.666667
51.478279	 	5793.333333
-9.607031	 	5800.000000
-14.841784	 	5806.666667
3.375187	 	5813.333333
33.501863	 	5820.000000
29.701881	 	5826.666667
6.586258	 	5833.333333
-29.401292	 	5840.000000
1.354481	 	5846.666667
31.512864	 	5853.333333
31.718945	 	5860.000000
-5.065324	 	5866.666667
-16.951157	 	5873.333333
22.105562	 	5880.000000
32.425550	 	5886.666667
-0.121442	 	5893.333333
-34.145229	 	5900.000000
28.907343	 	5906.666667
23.168645	 	5913.333333
3.032343	 	5920.000000
-15.173163	 	5926.666667
35.782560	 	5933.333333
14.327373	 	5940.000000
41.150404	 	5946.666667
-11.775656	 	5953.333333
-51.026466	 	5960.000000
-26.546064	 	5966.666667
69.360712	 	5973.333333
62.871667	 	5980.000000
10.424403	 	5986.666667
-74.651631	 	5993.333333
-19.629034	 	6000.000000
48.078432	 	6006.666667
48.072385	 	6013.333333
0.318087	 	6020.000000
2.493125	 	6026.666667
5.428110	 	6033.333333
-16.186809	 	6040.000000
-24.544242	 	6046.666667
67.505137	 	6053.333333
24.734762	 	6060.000000
-13.474381	 	6066.666667
-9.146379	 	6073.333333
27.652979	 	6080.000000
9.159510	 	6086.666667
-24.009744	 	6093.333333
-4.287691	 	6100.000000
19.850241	 	6106.666667
28.896930	 	6113.333333
4.232871	 	6120.000000
-6.804050	 	6126.666667
8.445580	 	6133.333333
22.660627	 	6140.000000
-7.285930	 	6146.666667
8.021562	 	6153.333333
19.506489	 	6160.000000
34.038074	 	6166.666667
-12.312346	 	6173.333333
-22.123372	 	6180.000000
-14.977143	 	6186.666667
-2.073072	 	6193.333333
59.501392	 	6200.000000
29.721659	 	6206.666667
-21.126718	 	6213.333333
-28.877615	 	6220.000000
4.427711	 	6226.666667
-0.437372	 	6233.333333
59.072566	 	6240.000000
12.822432	 	6246.666667
-23.780332	 	6253.333333
-16.861520	 	6260.000000
-22.929300	 	6266.666667
29.694525	 	6273.333333
34.779087	 	6280.000000
-10.151485	 	6286.666667
-31.830080	 	6293.333333
28.148698	 	6300.000000
53.084607	 	6306.666667
10.461716	 	6313.333333
-50.338943	 	6320.000000
19.835109	 	6326.666667
-13.689273	 	6333.333333
-0.844960	 	6340.000000
18.235825	 	6346.666667
25.294370	 	6353.333333
-9.045741	 	6360.000000
24.881894	 	6366.666667
5.116862	 	6373.333333
-31.275704	 	6380.000000
-67.624622	 	6386.666667
46.490188	 	6393.333333
65.198229	 	6400.000000
45.308511	 	6406.666667
-41.372509	 	6413.333333
-40.295433	 	6420.000000
20.455969	 	6426.666667
17.549912	 	6433.333333
-13.373998	 	6440.000000
54.079207	 	6446.666667
-15.881117	 	6453.333333
-74.586799	 	6460.000000
8.192248	 	6466.666667
86.084116	 	6473.333333
26.609396	 	6480.000000
-62.922036	 	6486.666667
1.811695	 	6493.333333
63.826605	 	6500.000000
11.238221	 	6506.666667
-39.083579	 	6513.333333
-22.705652	 	6520.000000
27.215778	 	6526.666667
40.959228	 	6533.333333
-50.523862	 	6540.000000
13.701296	 	6546.666667
25.976532	 	6553.333333
13.307502	 	6560.000000
0.410598	 	6566.666667
13.950423	 	6573.333333
-0.885420	 	6580.000000
-19.928778	 	6586.666667
-46.750375	 	6593.333333
53.329613	 	6600.000000
25.107066	 	6606.666667
3.786359	 	6613.333333
-24.981691	 	6620.000000
-23.707406	 	6626.666667
-7.855552	 	6633.333333
24.051382	 	6640.000000
8.981594	 	6646.666667
41.634130	 	6653.333333
4.835916	 	6660.000000
-40.013851	 	6666.666667
-44.749663	 	6673.333333
32.635955	 	6680.000000
52.428198	 	6686.666667
31.927195	 	6693.333333
-19.395885	 	6700.000000
-54.496823	 	6706.666667
-34.073606	 	6713.333333
37.888576	 	6720.000000
12.643800	 	6726.666667
10.881572	 	6733.333333
19.144337	 	6740.000000
-24.981977	 	6746.666667
6.910024	 	6753.333333
27.212742	 	6760.000000
-2.396453	 	6766.666667
14.212385	 	6773.333333
0.546940	 	6780.000000
-29.919918	 	6786.666667
6.126174	 	6793.333333
-7.209240	 	6800.000000
-12.697735	 	6806.666667
20.958779	 	6813.333333
10.759218	 	6820.000000
0.310963	 	6826.666667
-13.978773	 	6833.333333
-17.082801	 	6840.000000
26.423731	 	6846.666667
24.580258	 	6853.333333
6.094693	 	6860.000000
-8.973994	 	6866.666667
3.846344	 	6873.333333
9.990784	 	6880.000000
-16.612496	 	6886.666667
-31.747115	 	6893.333333
1.924902	 	6900.000000
15.555881	 	6906.666667
34.798067	 	6913.333333
5.830052	 	6920.000000
-7.406217	 	6926.666667
-6.835064	 	6933.333333
-4.726406	 	6940.000000
-23.087511	 	6946.666667
-1.422698	 	6953.333333
23.961901	 	6960.000000
52.248604	 	6966.666667
-37.105366	 	6973.333333
-52.166040	 	6980.000000
20.645865	 	6986.666667
45.337807	 	6993.333333
-11.683105	 	7000.000000
-28.340199	 	7006.666667
0.766750	 	7013.333333
10.204443	 	7020.000000
2.841741	 	7026.666667
8.684963	 	7033.333333
-10.151583	 	7040.000000
-25.801900	 	7046.666667
-4.928549	 	7053.333333
32.033011	 	7060.000000
51.335198	 	7066.666667
11.128645	 	7073.333333
-26.904843	 	7080.000000
-43.670893	 	7086.666667
5.335365	 	7093.333333
30.466914	 	7100.000000
12.741517	 	7106.666667
3.637851	 	7113.333333
2.356926	 	7120.000000
-23.494218	 	7126.666667
8.261554	 	7133.333333
12.411467	 	7140.000000
-5.702913	 	7146.666667
5.613708	 	7153.333333
31.060323	 	7160.000000
-17.995203	 	7166.666667
-1.564005	 	7173.333333
-22.317496	 	7180.000000
2.072513	 	7186.666667
32.086392	 	7193.333333
43.108143	 	7200.000000
-44.108025	 	7206.666667
-52.062570	 	7213.333333
-33.943986	 	7220.000000
76.717591	 	7226.666667
53.601422	 	7233.333333
4.527658	 	7240.000000
-73.463818	 	7246.666667
-13.934194	 	7253.333333
26.829920	 	7260.000000
50.004336	 	7266.666667
2.800244	 	7273.333333
-16.732938	 	7280.000000
-28.907370	 	7286.666667
-4.657233	 	7293.333333
0.547189	 	7300.000000
28.618051	 	7306.666667
-12.219373	 	7313.333333
8.091773	 	7320.000000
33.576572	 	7326.666667
-7.750394	 	7333.333333
-26.776165	 	7340.000000
-26.797772	 	7346.666667
10.018682	 	7353.333333
18.559423	 	7360.000000
16.052333	 	7366.666667
6.277953	 	7373.333333
4.018459	 	7380.000000
-12.470166	 	7386.666667
-4.123553	 	7393.333333
-4.383204	 	7400.000000
26.765391	 	7406.666667
13.907312	 	7413.333333
15.070159	 	7420.000000
-29.195922	 	7426.666667
-15.927462	 	7433.333333
-37.412627	 	7440.000000
-14.218775	 	7446.666667
52.823693	 	7453.333333
50.256017	 	7460.000000
-35.329381	 	7466.666667
7.022096	 	7473.333333
7.292593	 	7480.000000
-19.175168	 	7486.666667
-39.376146	 	7493.333333
-19.200787	 	7500.000000
53.421363	 	7506.666667
40.628292	 	7513.333333
-42.511343	 	7520.000000
-1.378812	 	7526.666667
21.450385	 	7533.333333
-15.926157	 	7540.000000
-19.023669	 	7546.666667
4.632626	 	7553.333333
25.051696	 	7560.000000
7.807473	 	7566.666667
-1.168325	 	7573.333333
-23.203067	 	7580.000000
-14.217475	 	7586.666667
2.202538	 	7593.333333
26.999985	 	7600.000000
41.036014	 	7606.666667
-3.049339	 	7613.333333
-33.819284	 	7620.000000
-18.485765	 	7626.666667
18.531537	 	7633.333333
46.685356	 	7640.000000
10.593562	 	7646.666667
-50.469971	 	7653.333333
-35.261910	 	7660.000000
11.361117	 	7666.666667
57.853183	 	7673.333333
8.891168	 	7680.000000
-54.277990	 	7686.666667
14.433136	 	7693.333333
46.758355	 	7700.000000
1.912321	 	7706.666667
-35.801718	 	7713.333333
-9.650271	 	7720.000000
8.296545	 	7726.666667
33.635416	 	7733.333333
-7.614085	 	7740.000000
-3.793387	 	7746.666667
-20.533537	 	7753.333333
20.531702	 	7760.000000
1.157825	 	7766.666667
15.874015	 	7773.333333
-31.036530	 	7780.000000
10.241818	 	7786.666667
-14.237399	 	7793.333333
17.443531	 	7800.000000
-25.304646	 	7806.666667
51.462364	 	7813.333333
30.360864	 	7820.000000
-36.487397	 	7826.666667
-33.282518	 	7833.333333
46.553945	 	7840.000000
1.807305	 	7846.666667
-24.629643	 	7853.333333
-4.101337	 	7860.000000
40.433136	 	7866.666667
18.031392	 	7873.333333
-43.898696	 	7880.000000
-4.649673	 	7886.666667
12.070428	 	7893.333333
25.082910	 	7900.000000
-14.166350	 	7906.666667
-5.677205	 	7913.333333
-18.993391	 	7920.000000
-1.786428	 	7926.666667
-14.949736	 	7933.333333
37.802200	 	7940.000000
27.573239	 	7946.666667
-21.093509	 	7953.333333
-35.012906	 	7960.000000
10.205251	 	7966.666667
28.100405	 	7973.333333
17.925302	 	7980.000000
-36.835510	 	7986.666667
-22.301224	 	7993.333333
9.124977	 	8000.000000
26.515959	 	8006.666667
7.032208	 	8013.333333
-9.432414	 	8020.000000
-10.487544	 	8026.666667
10.153670	 	8033.333333
0.870415	 	8040.000000
25.714358	 	8046.666667
-23.275617	 	8053.333333
-35.010911	 	8060.000000
-3.027630	 	8066.666667
43.333748	 	8073.333333
-10.423484	 	8080.000000
-2.128100	 	8086.666667
-7.973175	 	8093.333333
-5.094018	 	8100.000000
1.542008	 	8106.666667
9.295397	 	8113.333333
5.078694	 	8120.000000
5.785261	 	8126.666667
-5.183113	 	8133.333333
-11.673008	 	8140.000000
21.207427	 	8146.666667
24.430168	 	8153.333333
-3.460673	 	8160.000000
-7.195770	 	8166.666667
-19.402042	 	8173.333333
-23.439260	 	8180.000000
27.036391	 	8186.666667
-10.553353	 	8193.333333
7.255070	 	8200.000000
21.846730	 	8206.666667
23.030499	 	8213.333333
-23.196672	 	8220.000000
-57.631127	 	8226.666667
-2.096553	 	8233.333333
52.482430	 	8240.000000
21.473854	 	8246.666667
1.604667	 	8253.333333
-34.708046	 	8260.000000
11.650234	 	8266.666667
-15.556641	 	8273.333333
-11.956487	 	8280.000000
18.456291	 	8286.666667
29.216685	 	8293.333333
-13.310320	 	8300.000000
-36.894249	 	8306.666667
-23.563475	 	8313.333333
23.678145	 	8320.000000
35.263754	 	8326.666667
31.955628	 	8333.333333
7.497322	 	8340.000000
-62.291852	 	8346.666667
-34.084933	 	8353.333333
26.163152	 	8360.000000
-1.587462	 	8366.666667
13.485297	 	8373.333333
15.343978	 	8380.000000
-4.692248	 	8386.666667
29.365010	 	8393.333333
-5.327205	 	8400.000000
-39.847334	 	8406.666667
-24.491260	 	8413.333333
-3.295297	 	8420.000000
24.809342	 	8426.666667
31.731880	 	8433.333333
-2.905552	 	8440.000000
-35.173590	 	8446.666667
-7.804480	 	8453.333333
18.918496	 	8460.000000
18.608230	 	8466.666667
-21.206740	 	8473.333333
-25.110367	 	8480.000000
-9.776852	 	8486.666667
28.219188	 	8493.333333
34.094879	 	8500.000000
-15.208494	 	8506.666667
-24.357231	 	8513.333333
-1.967581	 	8520.000000
8.120823	 	8526.666667
-0.333571	 	8533.333333
-2.183115	 	8540.000000
27.689201	 	8546.666667
-3.332363	 	8553.333333
-20.843728	 	8560.000000
-19.281780	 	8566.666667
-21.935675	 	8573.333333
19.595253	 	8580.000000
62.108880	 	8586.666667
4.803612	 	8593.333333
-36.912057	 	8600.000000
-43.910986	 	8606.666667
28.618979	 	8613.333333
5.317937	 	8620.000000
-14.133824	 	8626.666667
21.961234	 	8633.333333
15.524232	 	8640.000000
17.396785	 	8646.666667
-35.056700	 	8653.333333
-9.732947	 	8660.000000
-1.156101	 	8666.666667
-5.106460	 	8673.333333
34.012251	 	8680.000000
54.125738	 	8686.666667
-14.846523	 	8693.333333
-58.534506	 	8700.000000
-15.947825	 	8706.666667
56.567772	 	8713.333333
-7.247738	 	8720.000000
-5.901831	 	8726.666667
-14.160780	 	8733.333333
7.148900	 	8740.000000
0.912301	 	8746.666667
-17.139908	 	8753.333333
-9.627516	 	8760.000000
0.517454	 	8766.666667
13.022348	 	8773.333333
26.328832	 	8780.000000
-9.301903	 	8786.666667
-7.171501	 	8793.333333
-10.780660	 	8800.000000
7.287678	 	8806.666667
9.633183	 	8813.333333
-1.684329	 	8820.000000
8.263762	 	8826.666667
-1.781444	 	8833.333333
-36.580856	 	8840.000000
5.528893	 	8846.666667
29.347718	 	8853.333333
33.970865	 	8860.000000
-28.941595	 	8866.666667
-14.674171	 	8873.333333
13.248439	 	8880.000000
29.917427	 	8886.666667
-3.233581	 	8893.333333
-33.730772	 	8900.000000
-33.624149	 	8906.666667
31.952819	 	8913.333333
16.284729	 	8920.000000
15.035353	 	8926.666667
-32.647371	 	8933.333333
-17.122641	 	8940.000000
21.258383	 	8946.666667
6.653014	 	8953.333333
0.356351	 	8960.000000
-4.077566	 	8966.666667
-2.459072	 	8973.333333
11.764760	 	8980.000000
12.713932	 	8986.666667
31.142003	 	8993.333333
-36.226209	 	9000.000000
-41.927359	 	9006.666667
1.158281	 	9013.333333
42.552990	 	9020.000000
13.696065	 	9026.666667
-26.412702	 	9033.333333
-20.406711	 	9040.000000
30.295877	 	9046.666667
4.414808	 	9053.333333
-0.666157	 	9060.000000
-24.374868	 	9066.666667
-33.127765	 	9073.333333
4.130712	 	9080.000000
41.715059	 	9086.666667
22.030011	 	9093.333333
3.917246	 	9100.000000
-45.906767	 	9106.666667
-29.656618	 	9113.333333
4.912199	 	9120.000000
15.830292	 	9126.666667
52.487540	 	9133.333333
0.428215	 	9140.000000
-55.475749	 	9146.666667
-25.422417	 	9153.333333
24.448915	 	9160.000000
72.497647	 	9166.666667
-0.609592	 	9173.333333
-74.516452	 	9180.000000
-19.135336	 	9186.666667
4.257354	 	9193.333333
12.877886	 	9200.000000
15.501456	 	9206.666667
-9.917086	 	9213.333333
44.363413	 	9220.000000
23.347826	 	9226.666667
-12.720209	 	9233.333333
-67.015366	 	9240.000000
-57.260019	 	9246.666667
51.991121	 	9253.333333
58.842151	 	9260.000000
-18.475095	 	9266.666667
-32.966174	 	9273.333333
-39.968646	 	9280.000000
52.301479	 	9286.666667
31.526660	 	9293.333333
-19.701483	 	9300.000000
-6.787306	 	9306.666667
-32.218021	 	9313.333333
-16.076182	 	9320.000000
16.316802	 	9326.666667
0.036566	 	9333.333333
22.563439	 	9340.000000
8.015892	 	9346.666667
-31.482424	 	9353.333333
15.092170	 	9360.000000
0.215638	 	9366.666667
18.253634	 	9373.333333
-0.993815	 	9380.000000
-41.497589	 	9386.666667
-26.638227	 	9393.333333
6.604081	 	9400.000000
4.836848	 	9406.666667
36.082236	 	9413.333333
12.556562	 	9420.000000
10.775782	 	9426.666667
-24.696647	 	9433.333333
-22.899181	 	9440.000000
-7.710857	 	9446.666667
-40.537245	 	9453.333333
17.523642	 	9460.000000
56.754822	 	9466.666667
18.317073	 	9473.333333
-11.428575	 	9480.000000
-76.855977	 	9486.666667
-26.398988	 	9493.333333
35.886879	 	9500.000000
13.719798	 	9506.666667
37.170125	 	9513.333333
-16.705043	 	9520.000000
-18.141485	 	9526.666667
5.022765	 	9533.333333
-4.351744	 	9540.000000
11.951577	 	9546.666667
-27.080116	 	9553.333333
-7.678933	 	9560.000000
29.497842	 	9566.666667
-2.923800	 	9573.333333
-28.893721	 	9580.000000
4.232667	 	9586.666667
46.002257	 	9593.333333
10.110108	 	9600.000000
-34.646268	 	9606.666667
-4.720234	 	9613.333333
-17.360609	 	9620.000000
-3.731074	 	9626.666667
30.125131	 	9633.333333
8.271981	 	9640.000000
14.039801	 	9646.666667
-38.336545	 	9653.333333
-23.759328	 	9660.000000
-0.223530	 	9666.666667
13.677472	 	9673.333333
47.601723	 	9680.000000
10.932799	 	9686.666667
-46.312644	 	9693.333333
-33.481916	 	9700.000000
-8.759601	 	9706.666667
13.435884	 	9713.333333
10.963263	 	9720.000000
-32.673157	 	9726.666667
20.848767	 	9733.333333
54.274448	 	9740.000000
-2.372275	 	9746.666667
-49.464080	 	9753.333333
-14.492863	 	9760.000000
-22.171339	 	9766.666667
59.595426	 	9773.333333
44.922559	 	9780.000000
-41.208344	 	9786.666667
-51.230142	 	9793.333333
-13.056188	 	9800.000000
2.701024	 	9806.666667
35.883879	 	9813.333333
29.494963	 	9820.000000
18.126456	 	9826.666667
-11.850028	 	9833.333333
-17.505823	 	9840.000000
-58.756454	 	9846.666667
2.894330	 	9853.333333
33.236310	 	9860.000000
18.209332	 	9866.666667
-7.376476	 	9873.333333
-16.927431	 	9880.000000
8.883596	 	9886.666667
11.725607	 	9893.333333
-46.486701	 	9900.000000
-14.521982	 	9906.666667
39.083100	 	9913.333333
51.461326	 	9920.000000
-20.616458	 	9926.666667
-47.615078	 	9933.333333
-30.381199	 	9940.000000
-13.632489	 	9946.666667
28.305351	 	9953.333333
37.312838	 	9960.000000
12.977067	 	9966.666667
-22.107299	 	9973.333333
-65.140347	 	9980.000000
29.038927	 	9986.666667
39.861008	 	9993.333333
-11.435036	 	10000.000000
-17.294653	 	10006.666667
-21.687763	 	10013.333333
22.459027	 	10020.000000
7.521597	 	10026.666667
-47.848231	 	10033.333333
9.255803	 	10040.000000
13.941166	 	10046.666667
-26.354898	 	10053.333333
27.055201	 	10060.000000
18.802717	 	10066.666667
-13.011702	 	10073.333333
-28.774048	 	10080.000000
-10.361875	 	10086.666667
14.460680	 	10093.333333
-16.468778	 	10100.000000
5.725619	 	10106.666667
60.721119	 	10113.333333
17.559717	 	10120.000000
-52.551933	 	10126.666667
-40.076126	 	10133.333333
12.783389	 	10140.000000
43.135858	 	10146.666667
3.101370	 	10153.333333
-30.718445	 	10160.000000
-25.384119	 	10166.666667
1.452043	 	10173.333333
12.326150	 	10180.000000
5.394024	 	10186.666667
-18.116122	 	10193.333333
1.950065	 	10200.000000
40.822173	 	10206.666667
2.491201	 	10213.333333
-15.390930	 	10220.000000
-30.376471	 	10226.666667
17.293680	 	10233.333333
19.192327	 	10240.000000
-39.426062	 	10246.666667
-13.243851	 	10253.333333
24.577549	 	10260.000000
19.763239	 	10266.666667
2.697349	 	10273.333333
-35.722742	 	10280.000000
-29.616594	 	10286.666667
27.451650	 	10293.333333
19.856079	 	10300.000000
6.713708	 	10306.666667
-25.627345	 	10313.333333
1.744788	 	10320.000000
-9.253946	 	10326.666667
-13.830844	 	10333.333333
12.399819	 	10340.000000
17.159845	 	10346.666667
-0.231220	 	10353.333333
-5.092808	 	10360.000000
-27.828706	 	10366.666667
-35.677340	 	10373.333333
9.817671	 	10380.000000
52.866714	 	10386.666667
28.102360	 	10393.333333
-40.211271	 	10400.000000
-38.811136	 	10406.666667
-19.118195	 	10413.333333
22.874742	 	10420.000000
44.956879	 	10426.666667
10.713831	 	10433.333333
-12.673055	 	10440.000000
-55.784031	 	10446.666667
-15.973593	 	10453.333333
58.505229	 	10460.000000
27.004396	 	10466.666667
-45.815434	 	10473.333333
-49.560847	 	10480.000000
23.756215	 	10486.666667
46.485020	 	10493.333333
-6.175864	 	10500.000000
-36.321629	 	10506.666667
-16.939848	 	10513.333333
-26.430018	 	10520.000000
33.197730	 	10526.666667
41.857667	 	10533.333333
0.960717	 	10540.000000
-23.712086	 	10546.666667
-11.048248	 	10553.333333
14.036270	 	10560.000000
24.929407	 	10566.666667
-21.761615	 	10573.333333
-6.019854	 	10580.000000
-5.414608	 	10586.666667
-9.847472	 	10593.333333
23.254633	 	10600.000000
-10.224960	 	10606.666667
-6.310553	 	10613.333333
-33.340436	 	10620.000000
-8.174702	 	10626.666667
49.806636	 	10633.333333
37.723818	 	10640.000000
-19.518304	 	10646.666667
-67.486806	 	10653.333333
-28.202929	 	10660.000000
40.886947	 	10666.666667
45.482706	 	10673.333333
2.595880	 	10680.000000
-24.973251	 	10686.666667
-30.776967	 	10693.333333
6.727896	 	10700.000000
2.206689	 	10706.666667
6.125217	 	10713.333333
4.500166	 	10720.000000
6.473277	 	10726.666667
-39.110806	 	10733.333333
9.989961	 	10740.000000
41.953642	 	10746.666667
-11.544527	 	10753.333333
-8.159674	 	10760.000000
-24.786341	 	10766.666667
-1.679367	 	10773.333333
22.733030	 	10780.000000
15.197074	 	10786.666667
18.802332	 	10793.333333
0.515684	 	10800.000000
-63.521736	 	10806.666667
-39.517517	 	10813.333333
41.477167	 	10820.000000
42.878843	 	10826.666667
-10.747850	 	10833.333333
-26.424602	 	10840.000000
-1.612208	 	10846.666667
58.700023	 	10853.333333
3.006153	 	10860.000000
-58.959160	 	10866.666667
-23.123947	 	10873.333333
-6.714420	 	10880.000000
11.357503	 	10886.666667
67.053973	 	10893.333333
12.881403	 	10900.000000
-30.520973	 	10906.666667
-22.678555	 	10913.333333
-23.394818	 	10920.000000
4.802101	 	10926.666667
-1.500072	 	10933.333333
3.063747	 	10940.000000
16.720377	 	10946.666667
13.900834	 	10953.333333
-30.608119	 	10960.000000
5.878427	 	10966.666667
8.642164	 	10973.333333
-2.268616	 	10980.000000
-24.745461	 	10986.666667
31.259147	 	10993.333333
3.955960	 	11000.000000
-24.523036	 	11006.666667
-27.246277	 	11013.333333
25.700245	 	11020.000000
32.399094	 	11026.666667
2.266859	 	11033.333333
-31.128366	 	11040.000000
-34.536170	 	11046.666667
-15.205523	 	11053.333333
39.591147	 	11060.000000
38.065141	 	11066.666667
-4.167698	 	11073.333333
-25.500056	 	11080.000000
-28.833863	 	11086.666667
19.079532	 	11093.333333
20.368749	 	11100.000000
4.283961	 	11106.666667
-1.364604	 	11113.333333
-38.795672	 	11120.000000
-17.087735	 	11126.666667
-0.357610	 	11133.333333
47.675434	 	11140.000000
14.440167	 	11146.666667
-41.183436	 	11153.333333
-10.746250	 	11160.000000
8.858151	 	11166.666667
-16.085863	 	11173.333333
2.779164	 	11180.000000
1.280023	 	11186.666667
30.610914	 	11193.333333
2.821717	 	11200.000000
-25.740486	 	11206.666667
-33.946341	 	11213.333333
2.887090	 	11220.000000
46.247385	 	11226.666667
33.064956	 	11233.333333
-42.332544	 	11240.000000
-28.717351	 	11246.666667
-12.696936	 	11253.333333
41.000398	 	11260.000000
-2.985852	 	11266.666667
-16.122036	 	11273.333333
-2.843328	 	11280.000000
32.740709	 	11286.666667
-9.586367	 	11293.333333
-38.792965	 	11300.000000
-17.809906	 	11306.666667
57.472427	 	11313.333333
28.949970	 	11320.000000
-26.633811	 	11326.666667
-26.630818	 	11333.333333
-14.980770	 	11340.000000
24.316718	 	11346.666667
15.024777	 	11353.333333
-13.476649	 	11360.000000
-21.425235	 	11366.666667
2.463237	 	11373.333333
-13.054386	 	11380.000000
15.609125	 	11386.666667
12.173152	 	11393.333333
-0.288659	 	11400.000000
1.833165	 	11406.666667
-6.965074	 	11413.333333
-37.881694	 	11420.000000
-11.027067	 	11426.666667
43.319272	 	11433.333333
34.495617	 	11440.000000
-26.342539	 	11446.666667
-42.689832	 	11453.333333
22.620591	 	11460.000000
38.862077	 	11466.666667
11.950002	 	11473.333333
-30.216748	 	11480.000000
-45.011531	 	11486.666667
-11.794711	 	11493.333333
32.808655	 	11500.000000
10.500134	 	11506.666667
-10.610617	 	11513.333333
4.984537	 	11520.000000
-19.131169	 	11526.666667
-1.616047	 	11533.333333
5.872139	 	11540.000000
-2.839679	 	11546.666667
30.034853	 	11553.333333
-4.149873	 	11560.000000
-48.571159	 	11566.666667
-12.603296	 	11573.333333
31.050143	 	11580.000000
3.138854	 	11586.666667
-7.514441	 	11593.333333
-20.941378	 	11600.000000
28.908830	 	11606.666667
4.132467	 	11613.333333
-13.242484	 	11620.000000
-25.094721	 	11626.666667
13.452972	 	11633.333333
-8.682109	 	11640.000000
5.051428	 	11646.666667
12.256743	 	11653.333333
-5.440056	 	11660.000000
-27.647553	 	11666.666667
29.945825	 	11673.333333
-0.700903	 	11680.000000
3.963898	 	11686.666667
6.464485	 	11693.333333
7.480573	 	11700.000000
-11.033319	 	11706.666667
-14.327568	 	11713.333333
-15.117214	 	11720.000000
31.845882	 	11726.666667
-1.755541	 	11733.333333
-9.182606	 	11740.000000
-15.031416	 	11746.666667
14.136047	 	11753.333333
-5.039241	 	11760.000000
-2.356683	 	11766.666667
19.382093	 	11773.333333
3.585946	 	11780.000000
-37.304254	 	11786.666667
18.414452	 	11793.333333
39.434648	 	11800.000000
7.946835	 	11806.666667
-73.609011	 	11813.333333
-30.761151	 	11820.000000
59.289849	 	11826.666667
29.195801	 	11833.333333
-3.966083	 	11840.000000
-19.021570	 	11846.666667
-13.589500	 	11853.333333
6.904086	 	11860.000000
-5.943266	 	11866.666667
34.581953	 	11873.333333
-12.941705	 	11880.000000
-34.497497	 	11886.666667
-20.690772	 	11893.333333
11.066649	 	11900.000000
31.898189	 	11906.666667
-5.674056	 	11913.333333
-21.562423	 	11920.000000
14.462033	 	11926.666667
35.841155	 	11933.333333
25.522408	 	11940.000000
-34.387158	 	11946.666667
-123.521990	 	11953.333333
72.465058	 	11960.000000
53.604291	 	11966.666667
46.848606	 	11973.333333
-134.628371	 	11980.000000
27.679567	 	11986.666667
37.712727	 	11993.333333
39.440993	 	12000.000000
-57.339057	 	12006.666667
28.066407	 	12013.333333
-36.741735	 	12020.000000
-44.996157	 	12026.666667
51.338582	 	12033.333333
18.947453	 	12040.000000
2.778399	 	12046.666667
-18.239025	 	12053.333333
-30.658076	 	12060.000000
24.226024	 	12066.666667
23.936688	 	12073.333333
-3.010956	 	12080.000000
35.072103	 	12086.666667
-30.815477	 	12093.333333
-73.877776	 	12100.000000
-51.523500	 	12106.666667
166.490203	 	12113.333333
7.907594	 	12120.000000
-81.322905	 	12126.666667
-28.411852	 	12133.333333
53.131038	 	12140.000000
-150.528667	 	12146.666667
236.306160	 	12153.333333
-2.587523	 	12160.000000
-77.053472	 	12166.666667
-185.179114	 	12173.333333
87.987657	 	12180.000000
255.030025	 	12186.666667
-121.846660	 	12193.333333
-133.218753	 	12200.000000
-135.207079	 	12206.666667
229.452621	 	12213.333333
140.778480	 	12220.000000
-130.829978	 	12226.666667
-54.925789	 	12233.333333
-1.139465	 	12240.000000
-16.415677	 	12246.666667
3.676675	 	12253.333333
27.544707	 	12260.000000
96.183582	 	12266.666667
-151.333389	 	12273.333333
105.235619	 	12280.000000
-139.273742	 	12286.666667
130.301795	 	12293.333333
-164.377996	 	12300.000000
327.131090	 	12306.666667
-196.154130	 	12313.333333
-362.983219	 	12320.000000
466.683578	 	12326.666667
71.438393	 	12333.333333
-64.606035	 	12340.000000
-59.438989	 	12346.666667
-359.639213	 	12353.333333
321.672572	 	12360.000000
-343.613131	 	12366.666667
332.994544	 	12373.333333
235.895166	 	12380.000000
-371.610893	 	12386.666667
253.024710	 	12393.333333
132.721800	 	12400.000000
-476.601558	 	12406.666667
-152.594444	 	12413.333333
-35.700590	 	12420.000000
865.021955	 	12426.666667
-119.782791	 	12433.333333
-452.756929	 	12440.000000
-290.194224	 	12446.666667
466.650820	 	12453.333333
-379.686746	 	12460.000000
80.961224	 	12466.666667
631.943114	 	12473.333333
-8.842438	 	12480.000000
-547.297372	 	12486.666667
-779.119386	 	12493.333333
1206.483923	 	12500.000000
-136.465469	 	12506.666667
11.551027	 	12513.333333
-311.758064	 	12520.000000
-712.104592	 	12526.666667
1241.050431	 	12533.333333
152.268763	 	12540.000000
-295.598265	 	12546.666667
-335.265158	 	12553.333333
-848.845713	 	12560.000000
240.570238	 	12566.666667
1378.798866	 	12573.333333
69.098449	 	12580.000000
-717.658842	 	12586.666667
-701.183332	 	12593.333333
930.751470	 	12600.000000
-645.697407	 	12606.666667
-891.864093	 	12613.333333
2743.211722	 	12620.000000
-961.043337	 	12626.666667
-952.604860	 	12633.333333
-898.412458	 	12640.000000
2014.335204	 	12646.666667
-248.556612	 	12653.333333
-860.305552	 	12660.000000
453.890417	 	12666.666667
121.404807	 	12673.333333
-728.798989	 	12680.000000
881.147181	 	12686.666667
-116.684913	 	12693.333333
-827.417763	 	12700.000000
770.904677	 	12706.666667
338.418317	 	12713.333333
-868.136936	 	12720.000000
688.855010	 	12726.666667
-833.124115	 	12733.333333
666.581180	 	12740.000000
-503.818208	 	12746.666667
424.388852	 	12753.333333
-577.257867	 	12760.000000
1636.040436	 	12766.666667
-978.948765	 	12773.333333
-816.605760	 	12780.000000
-910.579243	 	12786.666667
2585.898812	 	12793.333333
-570.029278	 	12800.000000
-40.102565	 	12806.666667
-502.843302	 	12813.333333
316.380960	 	12820.000000
-798.347710	 	12826.666667
-110.054185	 	12833.333333
-767.542635	 	12840.000000
2220.721881	 	12846.666667
244.484212	 	12853.333333
-132.585005	 	12860.000000
-990.824321	 	12866.666667
-956.880656	 	12873.333333
-920.595038	 	12880.000000
3158.452586	 	12886.666667
-108.979002	 	12893.333333
-997.963770	 	12900.000000
-359.739040	 	12906.666667
-979.379791	 	12913.333333
-999.766857	 	12920.000000
4562.040310	 	12926.666667
-996.246625	 	12933.333333
-996.343020	 	12940.000000
-860.763427	 	12946.666667
-518.696439	 	12953.333333
390.438355	 	12960.000000
-672.581321	 	12966.666667
2826.251873	 	12973.333333
-990.250413	 	12980.000000
-751.331152	 	12986.666667
133.199763	 	12993.333333
-999.003774	 	13000.000000
1563.566945	 	13006.666667
-389.801026	 	13013.333333
-998.822498	 	13020.000000
2268.829021	 	13026.666667
-862.996613	 	13033.333333
-925.037788	 	13040.000000
-762.370076	 	13046.666667
1663.242707	 	13053.333333
349.665674	 	13060.000000
-975.046091	 	13066.666667
-743.682652	 	13073.333333
2197.934996	 	13080.000000
-997.141233	 	13086.666667
-999.227467	 	13093.333333
318.056837	 	13100.000000
-296.342994	 	13106.666667
1929.799595	 	13113.333333
-998.554381	 	13120.000000
-999.998651	 	13126.666667
103.283391	 	13133.333333
2009.170795	 	13140.000000
-940.121024	 	13146.666667
-380.258045	 	13153.333333
174.302632	 	13160.000000
-983.603312	 	13166.666667
-995.003001	 	13173.333333
3251.990194	 	13180.000000
-985.214060	 	13186.666667
-999.998801	 	13193.333333
1151.893189	 	13200.000000
-819.714877	 	13206.666667
-963.981098	 	13213.333333
54.315206	 	13220.000000
-999.785184	 	13226.666667
7117.668759	 	13233.333333
-999.998801	 	13240.000000
-999.998801	 	13246.666667
-999.998802	 	13253.333333
-999.998804	 	13260.000000
-999.998804	 	13266.666667
-999.998824	 	13273.333333
-999.998840	 	13280.000000
-999.998845	 	13286.666667
-999.998863	 	13293.333333
-999.998891	 	13300.000000
-999.998845	 	13306.666667
-999.998959	 	13313.333333
-999.998995	 	13320.000000
-999.998954	 	13326.666667
