#peak 	 	#time 
-999.999188	 	0.000000
-999.999027	 	6.666667
-999.998992	 	13.333333
-999.999532	 	20.000000
-999.999583	 	26.666667
-999.999035	 	33.333333
-999.999836	 	40.000000
-999.999651	 	46.666667
-999.999919	 	53.333333
-999.999172	 	60.000000
-1000.000000	 	66.666667
-1000.000000	 	73.333333
-1000.000000	 	80.000000
-1000.000000	 	86.666667
33109.504962	 	93.333333
-999.998875	 	100.000000
-999.998880	 	106.666667
-999.998885	 	113.333333
-999.998867	 	120.000000
-999.998875	 	126.666667
-999.998869	 	133.333333
-999.998871	 	140.000000
-999.998872	 	146.666667
-999.998864	 	153.333333
-999.998868	 	160.000000
-999.998866	 	166.666667
-999.998865	 	173.333333
-999.998864	 	180.000000
-999.628617	 	186.666667
5429.160204	 	193.333333
-262.137853	 	200.000000
-821.013337	 	206.666667
-867.882641	 	213.333333
-675.688761	 	220.000000
102.246441	 	226.666667
203.519098	 	233.333333
263.815781	 	240.000000
116.739289	 	246.666667
-298.243597	 	253.333333
96.201143	 	260.000000
-213.289551	 	266.666667
-357.446289	 	273.333333
44.290158	 	280.000000
-406.089071	 	286.666667
502.340873	 	293.333333
-7.208870	 	300.000000
-106.771738	 	306.666667
-242.938490	 	313.333333
67.795585	 	320.000000
181.936808	 	326.666667
-40.340955	 	333.333333
-395.837947	 	340.000000
73.222851	 	346.666667
-15.806089	 	353.333333
431.910308	 	360.000000
119.532761	 	366.666667
-314.914183	 	373.333333
-246.005013	 	380.000000
-126.310571	 	386.666667
-202.893633	 	393.333333
387.365487	 	400.000000
341.301092	 	406.666667
-368.094708	 	413.333333
281.162945	 	420.000000
-129.537782	 	426.666667
-393.549019	 	433.333333
275.291400	 	440.000000
-234.674515	 	446.666667
76.457658	 	453.333333
155.764456	 	460.000000
160.422967	 	466.666667
-20.274242	 	473.333333
-221.183818	 	480.000000
-107.519800	 	486.666667
167.613748	 	493.333333
103.690131	 	500.000000
320.856640	 	506.666667
-249.482197	 	513.333333
-192.473381	 	520.000000
114.602085	 	526.666667
0.710580	 	533.333333
-243.460593	 	540.000000
262.856351	 	546.666667
195.211811	 	553.333333
-224.311029	 	560.000000
-162.038376	 	566.666667
269.796700	 	573.333333
72.925222	 	580.000000
-76.176621	 	586.666667
-388.676630	 	593.333333
306.251739	 	600.000000
62.656025	 	606.666667
109.185530	 	613.333333
-206.175636	 	620.000000
-73.482192	 	626.666667
196.310513	 	633.333333
112.117227	 	640.000000
-9.050588	 	646.666667
-12.917841	 	653.333333
-287.937026	 	660.000000
-96.135757	 	666.666667
237.885052	 	673.333333
35.338202	 	680.000000
183.222957	 	686.666667
-76.479706	 	693.333333
-260.087559	 	700.000000
60.925346	 	706.666667
181.569728	 	713.333333
11.978716	 	720.000000
-194.288197	 	726.666667
4.241805	 	733.333333
59.608205	 	740.000000
91.689355	 	746.666667
-7.511117	 	753.333333
-83.043265	 	760.000000
-8.190943	 	766.666667
54.135355	 	773.333333
-71.676990	 	780.000000
75.795861	 	786.666667
121.785813	 	793.333333
-29.247779	 	800.000000
-110.811548	 	806.666667
-58.286975	 	813.333333
121.688920	 	820.000000
16.700444	 	826.666667
-130.645729	 	833.333333
17.104096	 	840.000000
128.591228	 	846.666667
46.581977	 	853.333333
-6.354459	 	860.000000
-129.054130	 	866.666667
16.612110	 	873.333333
32.439362	 	880.000000
-64.109895	 	886.666667
17.530749	 	893.333333
30.897200	 	900.000000
45.479511	 	906.666667
44.222067	 	913.333333
-0.978645	 	920.000000
-94.500682	 	926.666667
-66.026311	 	933.333333
55.870910	 	940.000000
111.216220	 	946.666667
50.366030	 	953.333333
-18.402167	 	960.000000
-88.031939	 	966.666667
-69.481312	 	973.333333
102.881698	 	980.000000
-1.074844	 	986.666667
-47.650383	 	993.333333
67.953156	 	1000.000000
66.906358	 	1006.666667
-40.626310	 	1013.333333
-21.252992	 	1020.000000
-80.471202	 	1026.666667
-11.436970	 	1033.333333
69.207837	 	1040.000000
52.193655	 	1046.666667
-9.118112	 	1053.333333
-28.750760	 	1060.000000
51.278487	 	1066.666667
-25.469878	 	1073.333333
-10.913750	 	1080.000000
-34.068425	 	1086.666667
-3.994100	 	1093.333333
25.566283	 	1100.000000
45.846996	 	1106.666667
-46.642773	 	1113.333333
29.783758	 	1120.000000
3.825039	 	1126.666667
24.025172	 	1133.333333
-56.539066	 	1140.000000
-27.100411	 	1146.666667
52.595482	 	1153.333333
13.122053	 	1160.000000
-18.378729	 	1166.666667
47.379082	 	1173.333333
7.368630	 	1180.000000
-55.802046	 	1186.666667
-18.113006	 	1193.333333
9.349017	 	1200.000000
14.435054	 	1206.666667
79.923790	 	1213.333333
30.235045	 	1220.000000
-110.365177	 	1226.666667
9.940596	 	1233.333333
-3.450580	 	1240.000000
-4.639756	 	1246.666667
73.155589	 	1253.333333
-28.873792	 	1260.000000
-46.756545	 	1266.666667
65.007878	 	1273.333333
-16.723110	 	1280.000000
-15.186691	 	1286.666667
15.032405	 	1293.333333
-0.727617	 	1300.000000
3.475785	 	1306.666667
25.789158	 	1313.333333
-66.580567	 	1320.000000
48.872927	 	1326.666667
0.899516	 	1333.333333
-5.333029	 	1340.000000
-23.034740	 	1346.666667
21.158559	 	1353.333333
37.124958	 	1360.000000
-13.219639	 	1366.666667
-57.402854	 	1373.333333
-8.119699	 	1380.000000
12.285475	 	1386.666667
98.121822	 	1393.333333
-15.836571	 	1400.000000
-61.156704	 	1406.666667
-27.278263	 	1413.333333
39.201394	 	1420.000000
5.406980	 	1426.666667
83.989038	 	1433.333333
-62.853672	 	1440.000000
-48.875857	 	1446.666667
-15.927481	 	1453.333333
130.963035	 	1460.000000
7.205007	 	1466.666667
-46.782528	 	1473.333333
-75.275891	 	1480.000000
-9.560496	 	1486.666667
65.460145	 	1493.333333
60.886982	 	1500.000000
-55.752397	 	1506.666667
-2.832230	 	1513.333333
-14.440354	 	1520.000000
32.097987	 	1526.666667
5.911994	 	1533.333333
2.159149	 	1540.000000
-16.382011	 	1546.666667
68.766013	 	1553.333333
-34.506838	 	1560.000000
-7.491504	 	1566.666667
-23.324460	 	1573.333333
20.442233	 	1580.000000
-38.623171	 	1586.666667
34.920348	 	1593.333333
55.518076	 	1600.000000
-15.753623	 	1606.666667
-66.951311	 	1613.333333
-13.861500	 	1620.000000
21.917369	 	1626.666667
78.447053	 	1633.333333
-23.809606	 	1640.000000
5.130901	 	1646.666667
-17.510333	 	1653.333333
-61.348786	 	1660.000000
46.331846	 	1666.666667
16.934043	 	1673.333333
-17.122079	 	1680.000000
9.926832	 	1686.666667
17.783199	 	1693.333333
60.981739	 	1700.000000
-68.550848	 	1706.666667
-47.253643	 	1713.333333
27.667067	 	1720.000000
56.157822	 	1726.666667
33.528272	 	1733.333333
-35.202581	 	1740.000000
-47.890197	 	1746.666667
4.618990	 	1753.333333
71.835270	 	1760.000000
-67.995042	 	1766.666667
3.928939	 	1773.333333
7.542733	 	1780.000000
13.908545	 	1786.666667
25.656041	 	1793.333333
54.266141	 	1800.000000
-35.859466	 	1806.666667
-39.220738	 	1813.333333
-36.053966	 	1820.000000
16.401410	 	1826.666667
42.265216	 	1833.333333
49.186943	 	1840.000000
10.799846	 	1846.666667
-63.473229	 	1853.333333
-25.023169	 	1860.000000
54.553934	 	1866.666667
-19.254337	 	1873.333333
-35.092003	 	1880.000000
-12.358357	 	1886.666667
69.305435	 	1893.333333
6.320696	 	1900.000000
18.316265	 	1906.666667
-31.339388	 	1913.333333
-11.306487	 	1920.000000
-60.704319	 	1926.666667
55.056666	 	1933.333333
35.260527	 	1940.000000
36.775911	 	1946.666667
-22.571880	 	1953.333333
-17.614347	 	1960.000000
-66.961128	 	1966.666667
45.800046	 	1973.333333
-18.710138	 	1980.000000
6.447979	 	1986.666667
42.430215	 	1993.333333
74.200482	 	2000.000000
-51.747965	 	2006.666667
-93.927502	 	2013.333333
14.551532	 	2020.000000
66.664194	 	2026.666667
-11.173115	 	2033.333333
42.064524	 	2040.000000
-45.911219	 	2046.666667
11.446353	 	2053.333333
36.212559	 	2060.000000
-25.735513	 	2066.666667
-14.273812	 	2073.333333
40.480045	 	2080.000000
-75.782993	 	2086.666667
74.760695	 	2093.333333
27.216123	 	2100.000000
-20.902422	 	2106.666667
-26.913814	 	2113.333333
21.747353	 	2120.000000
19.028285	 	2126.666667
32.552183	 	2133.333333
-155.642147	 	2140.000000
8.621216	 	2146.666667
78.555219	 	2153.333333
132.181448	 	2160.000000
-82.473704	 	2166.666667
-85.134287	 	2173.333333
115.727720	 	2180.000000
-28.856397	 	2186.666667
-142.710563	 	2193.333333
85.244809	 	2200.000000
35.433784	 	2206.666667
67.502984	 	2213.333333
17.305594	 	2220.000000
-101.512768	 	2226.666667
-1.875215	 	2233.333333
16.363231	 	2240.000000
-39.545386	 	2246.666667
-29.418669	 	2253.333333
138.086278	 	2260.000000
105.230058	 	2266.666667
-102.891010	 	2273.333333
-154.600133	 	2280.000000
7.550358	 	2286.666667
60.420423	 	2293.333333
117.534354	 	2300.000000
15.582199	 	2306.666667
-72.476727	 	2313.333333
-56.528272	 	2320.000000
14.406652	 	2326.666667
-27.635691	 	2333.333333
158.581924	 	2340.000000
-71.020125	 	2346.666667
-41.191760	 	2353.333333
-65.352305	 	2360.000000
108.116258	 	2366.666667
68.053952	 	2373.333333
-87.415972	 	2380.000000
-126.848156	 	2386.666667
120.107337	 	2393.333333
121.175348	 	2400.000000
-77.207262	 	2406.666667
-169.019859	 	2413.333333
113.491759	 	2420.000000
129.986951	 	2426.666667
-106.448971	 	2433.333333
-91.026168	 	2440.000000
184.224214	 	2446.666667
-37.463905	 	2453.333333
-26.684458	 	2460.000000
-51.568861	 	2466.666667
-59.912846	 	2473.333333
151.742236	 	2480.000000
91.728429	 	2486.666667
-145.350492	 	2493.333333
-47.367719	 	2500.000000
17.039444	 	2506.666667
140.987440	 	2513.333333
-161.672047	 	2520.000000
-5.994190	 	2526.666667
190.425267	 	2533.333333
-147.764574	 	2540.000000
59.790963	 	2546.666667
19.677194	 	2553.333333
-88.862090	 	2560.000000
-6.351512	 	2566.666667
119.191477	 	2573.333333
-16.569103	 	2580.000000
-38.302264	 	2586.666667
-11.353181	 	2593.333333
-67.349659	 	2600.000000
79.037143	 	2606.666667
87.227543	 	2613.333333
41.026259	 	2620.000000
-55.079090	 	2626.666667
-178.890488	 	2633.333333
-31.360191	 	2640.000000
159.874362	 	2646.666667
111.627085	 	2653.333333
-47.738839	 	2660.000000
-87.925619	 	2666.666667
75.892296	 	2673.333333
-75.811278	 	2680.000000
-83.743956	 	2686.666667
101.168813	 	2693.333333
-67.645019	 	2700.000000
116.824947	 	2706.666667
77.550403	 	2713.333333
-33.082024	 	2720.000000
-117.011522	 	2726.666667
-5.157550	 	2733.333333
63.980849	 	2740.000000
-43.973468	 	2746.666667
-54.181679	 	2753.333333
180.423263	 	2760.000000
65.194142	 	2766.666667
-104.200140	 	2773.333333
-125.513898	 	2780.000000
20.893696	 	2786.666667
-29.985339	 	2793.333333
90.458256	 	2800.000000
48.958155	 	2806.666667
111.346882	 	2813.333333
-57.070166	 	2820.000000
11.374663	 	2826.666667
-264.832659	 	2833.333333
-361.672649	 	2840.000000
867.862842	 	2846.666667
12642.895703	 	2853.333333
39657.394945	 	2860.000000
23215.804869	 	2866.666667
-655.502341	 	2873.333333
-994.807336	 	2880.000000
-995.351461	 	2886.666667
-900.040179	 	2893.333333
971.224325	 	2900.000000
6076.445412	 	2906.666667
3021.869015	 	2913.333333
776.730052	 	2920.000000
217.969213	 	2926.666667
-13.720884	 	2933.333333
200.782087	 	2940.000000
2126.092425	 	2946.666667
3662.474896	 	2953.333333
1658.675543	 	2960.000000
394.956968	 	2966.666667
580.370414	 	2973.333333
1679.294091	 	2980.000000
2186.435109	 	2986.666667
1131.734215	 	2993.333333
289.733170	 	3000.000000
539.028423	 	3006.666667
1628.649851	 	3013.333333
2362.994615	 	3020.000000
1767.968914	 	3026.666667
804.230252	 	3033.333333
182.876108	 	3040.000000
883.269417	 	3046.666667
1372.488448	 	3053.333333
2204.065133	 	3060.000000
1035.603323	 	3066.666667
725.522379	 	3073.333333
879.109542	 	3080.000000
1906.360249	 	3086.666667
1836.261166	 	3093.333333
950.877561	 	3100.000000
101.199907	 	3106.666667
672.559772	 	3113.333333
1425.884966	 	3120.000000
2645.621969	 	3126.666667
1929.529923	 	3133.333333
580.977863	 	3140.000000
14.992621	 	3146.666667
574.653833	 	3153.333333
1062.525436	 	3160.000000
2141.934134	 	3166.666667
1769.050083	 	3173.333333
932.187009	 	3180.000000
1108.630629	 	3186.666667
1238.049174	 	3193.333333
458.492827	 	3200.000000
681.970411	 	3206.666667
680.317775	 	3213.333333
1323.103677	 	3220.000000
1982.093668	 	3226.666667
1632.345027	 	3233.333333
601.991078	 	3240.000000
301.709338	 	3246.666667
612.702374	 	3253.333333
1237.277341	 	3260.000000
1656.003497	 	3266.666667
1280.855587	 	3273.333333
809.257954	 	3280.000000
766.537039	 	3286.666667
903.308498	 	3293.333333
834.510365	 	3300.000000
412.138964	 	3306.666667
769.145190	 	3313.333333
1543.318279	 	3320.000000
1172.497844	 	3326.666667
812.518897	 	3333.333333
775.196871	 	3340.000000
850.499574	 	3346.666667
516.003037	 	3353.333333
682.649305	 	3360.000000
1092.604413	 	3366.666667
904.081079	 	3373.333333
822.527675	 	3380.000000
986.047166	 	3386.666667
823.566673	 	3393.333333
838.965336	 	3400.000000
604.910315	 	3406.666667
568.131514	 	3413.333333
677.803740	 	3420.000000
786.726026	 	3426.666667
1028.647900	 	3433.333333
949.275582	 	3440.000000
541.309212	 	3446.666667
595.879156	 	3453.333333
780.259316	 	3460.000000
452.389620	 	3466.666667
685.029351	 	3473.333333
792.191421	 	3480.000000
1015.285019	 	3486.666667
646.903869	 	3493.333333
378.887918	 	3500.000000
345.546236	 	3506.666667
823.949872	 	3513.333333
538.381971	 	3520.000000
903.151685	 	3526.666667
806.134360	 	3533.333333
788.635439	 	3540.000000
269.229217	 	3546.666667
195.326254	 	3553.333333
488.477955	 	3560.000000
973.558664	 	3566.666667
701.122583	 	3573.333333
501.949671	 	3580.000000
382.428793	 	3586.666667
685.620344	 	3593.333333
307.750802	 	3600.000000
663.992121	 	3606.666667
512.165813	 	3613.333333
761.340301	 	3620.000000
374.584819	 	3626.666667
489.777192	 	3633.333333
383.788115	 	3640.000000
672.939140	 	3646.666667
353.037399	 	3653.333333
394.630894	 	3660.000000
505.689270	 	3666.666667
673.401603	 	3673.333333
393.151340	 	3680.000000
386.579839	 	3686.666667
431.155300	 	3693.333333
552.870449	 	3700.000000
292.163885	 	3706.666667
537.057370	 	3713.333333
402.285165	 	3720.000000
797.298264	 	3726.666667
418.109599	 	3733.333333
194.268659	 	3740.000000
340.324589	 	3746.666667
489.671655	 	3753.333333
390.616367	 	3760.000000
705.954138	 	3766.666667
276.815225	 	3773.333333
177.411009	 	3780.000000
423.674666	 	3786.666667
410.587273	 	3793.333333
545.102511	 	3800.000000
478.597454	 	3806.666667
87.122664	 	3813.333333
490.890079	 	3820.000000
373.505220	 	3826.666667
336.149647	 	3833.333333
467.427418	 	3840.000000
284.531345	 	3846.666667
225.876318	 	3853.333333
519.266262	 	3860.000000
243.553000	 	3866.666667
308.354537	 	3873.333333
355.675613	 	3880.000000
291.007379	 	3886.666667
356.337748	 	3893.333333
390.311588	 	3900.000000
293.823228	 	3906.666667
295.031983	 	3913.333333
320.556496	 	3920.000000
308.907262	 	3926.666667
361.835553	 	3933.333333
337.748858	 	3940.000000
298.376347	 	3946.666667
324.271519	 	3953.333333
258.766487	 	3960.000000
185.160549	 	3966.666667
407.182252	 	3973.333333
297.966315	 	3980.000000
170.437112	 	3986.666667
347.301768	 	3993.333333
238.082967	 	4000.000000
228.484229	 	4006.666667
366.788510	 	4013.333333
121.762526	 	4020.000000
288.389765	 	4026.666667
369.177504	 	4033.333333
186.222284	 	4040.000000
304.562383	 	4046.666667
342.504595	 	4053.333333
118.012017	 	4060.000000
226.652421	 	4066.666667
255.965877	 	4073.333333
256.584499	 	4080.000000
260.659765	 	4086.666667
156.849633	 	4093.333333
308.721179	 	4100.000000
275.654716	 	4106.666667
37.699479	 	4113.333333
162.047803	 	4120.000000
308.053560	 	4126.666667
300.339221	 	4133.333333
298.823320	 	4140.000000
111.600781	 	4146.666667
40.212475	 	4153.333333
182.708480	 	4160.000000
269.433588	 	4166.666667
238.115480	 	4173.333333
263.159382	 	4180.000000
244.329517	 	4186.666667
103.624115	 	4193.333333
202.256059	 	4200.000000
177.074731	 	4206.666667
16.321545	 	4213.333333
151.212245	 	4220.000000
282.551734	 	4226.666667
299.218062	 	4233.333333
206.668218	 	4240.000000
74.588393	 	4246.666667
180.840266	 	4253.333333
123.102995	 	4260.000000
77.618729	 	4266.666667
224.422759	 	4273.333333
232.944455	 	4280.000000
255.256344	 	4286.666667
120.357201	 	4293.333333
21.956649	 	4300.000000
152.951438	 	4306.666667
177.933405	 	4313.333333
149.775703	 	4320.000000
221.944947	 	4326.666667
255.776931	 	4333.333333
118.619931	 	4340.000000
79.481179	 	4346.666667
81.017037	 	4353.333333
157.795603	 	4360.000000
220.479229	 	4366.666667
126.854931	 	4373.333333
93.587098	 	4380.000000
185.633310	 	4386.666667
107.922893	 	4393.333333
58.866747	 	4400.000000
135.145683	 	4406.666667
153.663079	 	4413.333333
247.614669	 	4420.000000
198.306656	 	4426.666667
99.647813	 	4433.333333
86.334111	 	4440.000000
5.218311	 	4446.666667
69.491490	 	4453.333333
213.587549	 	4460.000000
229.032685	 	4466.666667
74.256544	 	4473.333333
193.343399	 	4480.000000
85.336215	 	4486.666667
11.896731	 	4493.333333
102.250714	 	4500.000000
86.585816	 	4506.666667
163.827579	 	4513.333333
205.076087	 	4520.000000
92.871161	 	4526.666667
26.110284	 	4533.333333
56.137540	 	4540.000000
80.593176	 	4546.666667
174.723930	 	4553.333333
73.215994	 	4560.000000
151.502861	 	4566.666667
181.359672	 	4573.333333
45.152630	 	4580.000000
-14.643054	 	4586.666667
115.271708	 	4593.333333
136.693561	 	4600.000000
127.290501	 	4606.666667
83.584564	 	4613.333333
142.319617	 	4620.000000
49.651954	 	4626.666667
42.073273	 	4633.333333
68.930726	 	4640.000000
154.017195	 	4646.666667
96.463436	 	4653.333333
138.484778	 	4660.000000
57.949636	 	4666.666667
77.668672	 	4673.333333
67.248386	 	4680.000000
85.972003	 	4686.666667
50.095935	 	4693.333333
145.120107	 	4700.000000
64.073896	 	4706.666667
4.188880	 	4713.333333
171.338142	 	4720.000000
177.401532	 	4726.666667
21.178869	 	4733.333333
44.755916	 	4740.000000
13.286434	 	4746.666667
98.278104	 	4753.333333
105.194764	 	4760.000000
51.831046	 	4766.666667
116.113152	 	4773.333333
67.435693	 	4780.000000
30.300381	 	4786.666667
90.563575	 	4793.333333
32.507027	 	4800.000000
16.222070	 	4806.666667
136.069036	 	4813.333333
125.380605	 	4820.000000
-42.575365	 	4826.666667
24.681739	 	4833.333333
105.308386	 	4840.000000
94.684311	 	4846.666667
94.286348	 	4853.333333
15.270437	 	4860.000000
3.875066	 	4866.666667
72.932837	 	4873.333333
83.062428	 	4880.000000
51.496784	 	4886.666667
101.612659	 	4893.333333
61.113076	 	4900.000000
39.172309	 	4906.666667
12.957550	 	4913.333333
64.643926	 	4920.000000
29.209284	 	4926.666667
83.386896	 	4933.333333
68.163567	 	4940.000000
104.863983	 	4946.666667
103.103401	 	4953.333333
-38.296638	 	4960.000000
-56.082366	 	4966.666667
50.035724	 	4973.333333
91.145014	 	4980.000000
132.359172	 	4986.666667
31.426612	 	4993.333333
86.288440	 	5000.000000
-5.033443	 	5006.666667
25.012174	 	5013.333333
14.091098	 	5020.000000
93.246680	 	5026.666667
-14.524509	 	5033.333333
106.231365	 	5040.000000
84.964558	 	5046.666667
70.798760	 	5053.333333
-17.906198	 	5060.000000
-0.687661	 	5066.666667
-43.316241	 	5073.333333
131.107101	 	5080.000000
66.589287	 	5086.666667
137.348456	 	5093.333333
31.560780	 	5100.000000
-21.971044	 	5106.666667
-27.820254	 	5113.333333
80.523673	 	5120.000000
8.463772	 	5126.666667
114.696286	 	5133.333333
150.214615	 	5140.000000
61.567577	 	5146.666667
-64.360832	 	5153.333333
-41.692768	 	5160.000000
25.654132	 	5166.666667
168.638961	 	5173.333333
-12.172641	 	5180.000000
-23.918044	 	5186.666667
73.658514	 	5193.333333
108.353520	 	5200.000000
20.489123	 	5206.666667
-63.993990	 	5213.333333
52.209426	 	5220.000000
48.684181	 	5226.666667
-13.630228	 	5233.333333
90.672137	 	5240.000000
48.537768	 	5246.666667
12.758546	 	5253.333333
49.305694	 	5260.000000
66.843127	 	5266.666667
43.387260	 	5273.333333
-59.390600	 	5280.000000
109.819413	 	5286.666667
31.412192	 	5293.333333
44.761941	 	5300.000000
16.630321	 	5306.666667
-16.260832	 	5313.333333
72.210694	 	5320.000000
103.379226	 	5326.666667
-48.297148	 	5333.333333
-3.801143	 	5340.000000
29.824299	 	5346.666667
54.253553	 	5353.333333
60.724648	 	5360.000000
24.600796	 	5366.666667
0.046425	 	5373.333333
48.750337	 	5380.000000
-43.182891	 	5386.666667
8.786500	 	5393.333333
75.265374	 	5400.000000
-5.078056	 	5406.666667
55.551462	 	5413.333333
63.768875	 	5420.000000
29.024810	 	5426.666667
10.458816	 	5433.333333
-36.972352	 	5440.000000
-20.934124	 	5446.666667
40.509066	 	5453.333333
70.815373	 	5460.000000
40.078701	 	5466.666667
-0.935942	 	5473.333333
90.071057	 	5480.000000
-56.166995	 	5486.666667
-40.062273	 	5493.333333
37.466945	 	5500.000000
110.298264	 	5506.666667
52.337911	 	5513.333333
-3.390618	 	5520.000000
-42.573376	 	5526.666667
92.704094	 	5533.333333
-13.263984	 	5540.000000
31.584685	 	5546.666667
-67.737212	 	5553.333333
63.111830	 	5560.000000
106.989861	 	5566.666667
52.744002	 	5573.333333
-30.420337	 	5580.000000
-1.503389	 	5586.666667
-93.626047	 	5593.333333
22.535675	 	5600.000000
134.586840	 	5606.666667
10.619531	 	5613.333333
-14.223909	 	5620.000000
4.691047	 	5626.666667
54.669355	 	5633.333333
36.701182	 	5640.000000
-44.359378	 	5646.666667
0.887979	 	5653.333333
0.469126	 	5660.000000
31.474449	 	5666.666667
56.184618	 	5673.333333
65.295623	 	5680.000000
23.908902	 	5686.666667
21.747919	 	5693.333333
-39.290754	 	5700.000000
-24.680842	 	5706.666667
55.264473	 	5713.333333
65.499466	 	5720.000000
-26.143765	 	5726.666667
12.419016	 	5733.333333
28.297964	 	5740.000000
-10.408582	 	5746.666667
48.548529	 	5753.333333
68.662699	 	5760.000000
16.648057	 	5766.666667
-57.192014	 	5773.333333
-42.784208	 	5780.000000
71.717900	 	5786.666667
52.874498	 	5793.333333
5.891011	 	5800.000000
45.751263	 	5806.666667
-10.181609	 	5813.333333
64.950605	 	5820.000000
13.255932	 	5826.666667
-52.878268	 	5833.333333
12.786073	 	5840.000000
12.440145	 	5846.666667
76.653981	 	5853.333333
24.797677	 	5860.000000
-8.441750	 	5866.666667
-5.661221	 	5873.333333
-32.209494	 	5880.000000
13.987077	 	5886.666667
108.660462	 	5893.333333
32.482315	 	5900.000000
-32.071711	 	5906.666667
-23.872125	 	5913.333333
-46.257280	 	5920.000000
26.656847	 	5926.666667
154.685523	 	5933.333333
-26.933971	 	5940.000000
-42.025776	 	5946.666667
-12.956841	 	5953.333333
25.378540	 	5960.000000
20.138668	 	5966.666667
86.281161	 	5973.333333
-21.425165	 	5980.000000
-37.161842	 	5986.666667
6.224693	 	5993.333333
75.174238	 	6000.000000
-4.195825	 	6006.666667
49.577053	 	6013.333333
-70.512675	 	6020.000000
12.015171	 	6026.666667
56.871589	 	6033.333333
10.012825	 	6040.000000
10.144112	 	6046.666667
3.855507	 	6053.333333
-11.858802	 	6060.000000
21.517508	 	6066.666667
17.936951	 	6073.333333
30.080490	 	6080.000000
21.602999	 	6086.666667
-20.150315	 	6093.333333
-81.986484	 	6100.000000
98.050090	 	6106.666667
17.367949	 	6113.333333
-0.373565	 	6120.000000
7.611583	 	6126.666667
1.730850	 	6133.333333
20.440266	 	6140.000000
24.371919	 	6146.666667
-50.605325	 	6153.333333
90.523857	 	6160.000000
-6.486755	 	6166.666667
34.898540	 	6173.333333
-50.618475	 	6180.000000
-24.697161	 	6186.666667
47.815641	 	6193.333333
41.248815	 	6200.000000
-31.216105	 	6206.666667
2.623973	 	6213.333333
24.621649	 	6220.000000
14.607115	 	6226.666667
12.682451	 	6233.333333
39.138756	 	6240.000000
17.129862	 	6246.666667
-38.485250	 	6253.333333
-2.906822	 	6260.000000
-7.410198	 	6266.666667
28.057310	 	6273.333333
28.623018	 	6280.000000
29.411068	 	6286.666667
-14.571237	 	6293.333333
-0.286831	 	6300.000000
-38.158756	 	6306.666667
27.460253	 	6313.333333
53.615854	 	6320.000000
55.350964	 	6326.666667
-40.586397	 	6333.333333
-42.585337	 	6340.000000
8.728767	 	6346.666667
-27.683179	 	6353.333333
43.200748	 	6360.000000
10.719669	 	6366.666667
-60.090164	 	6373.333333
97.587705	 	6380.000000
54.435156	 	6386.666667
-68.619582	 	6393.333333
-21.547666	 	6400.000000
-25.165466	 	6406.666667
22.105336	 	6413.333333
60.829266	 	6420.000000
37.720217	 	6426.666667
5.517429	 	6433.333333
-35.760101	 	6440.000000
-36.459667	 	6446.666667
-28.254498	 	6453.333333
49.105895	 	6460.000000
-3.805070	 	6466.666667
112.536804	 	6473.333333
-13.821035	 	6480.000000
-26.130473	 	6486.666667
-11.013579	 	6493.333333
-14.932947	 	6500.000000
-32.354842	 	6506.666667
57.599730	 	6513.333333
30.528612	 	6520.000000
16.212923	 	6526.666667
9.389034	 	6533.333333
-12.979521	 	6540.000000
-35.015626	 	6546.666667
11.370711	 	6553.333333
19.647784	 	6560.000000
-6.471960	 	6566.666667
1.699991	 	6573.333333
76.512249	 	6580.000000
-1.047438	 	6586.666667
7.765762	 	6593.333333
-11.415113	 	6600.000000
-7.802141	 	6606.666667
-20.574718	 	6613.333333
10.352376	 	6620.000000
51.056724	 	6626.666667
32.117716	 	6633.333333
-34.385105	 	6640.000000
18.382479	 	6646.666667
-32.756770	 	6653.333333
-13.433100	 	6660.000000
42.625934	 	6666.666667
36.102006	 	6673.333333
25.089519	 	6680.000000
-33.341169	 	6686.666667
-10.656384	 	6693.333333
13.046996	 	6700.000000
21.231858	 	6706.666667
-27.139363	 	6713.333333
-11.531587	 	6720.000000
-18.818395	 	6726.666667
99.968034	 	6733.333333
35.497908	 	6740.000000
-34.072444	 	6746.666667
-68.282251	 	6753.333333
-2.940722	 	6760.000000
18.091875	 	6766.666667
19.162839	 	6773.333333
57.127991	 	6780.000000
18.655342	 	6786.666667
-6.857071	 	6793.333333
-54.653678	 	6800.000000
4.517481	 	6806.666667
6.005491	 	6813.333333
22.052150	 	6820.000000
58.047930	 	6826.666667
-18.862541	 	6833.333333
-81.672155	 	6840.000000
25.404153	 	6846.666667
-15.310787	 	6853.333333
58.945565	 	6860.000000
2.710189	 	6866.666667
-14.811842	 	6873.333333
21.594156	 	6880.000000
18.665208	 	6886.666667
-32.158480	 	6893.333333
-25.960531	 	6900.000000
39.434372	 	6906.666667
9.562861	 	6913.333333
-12.115010	 	6920.000000
23.362621	 	6926.666667
-6.862191	 	6933.333333
17.097405	 	6940.000000
-5.793223	 	6946.666667
-59.324909	 	6953.333333
0.712934	 	6960.000000
16.591015	 	6966.666667
71.219898	 	6973.333333
28.815020	 	6980.000000
-34.648256	 	6986.666667
8.586379	 	6993.333333
1.455694	 	7000.000000
-32.227158	 	7006.666667
-28.831710	 	7013.333333
-66.689788	 	7020.000000
104.977981	 	7026.666667
68.855747	 	7033.333333
14.220405	 	7040.000000
-28.522292	 	7046.666667
-84.652679	 	7053.333333
-77.603505	 	7060.000000
73.334275	 	7066.666667
105.749420	 	7073.333333
45.049193	 	7080.000000
-30.178687	 	7086.666667
-7.351229	 	7093.333333
-31.631472	 	7100.000000
5.593738	 	7106.666667
-6.011209	 	7113.333333
-47.359844	 	7120.000000
29.214623	 	7126.666667
69.300492	 	7133.333333
51.978108	 	7140.000000
-35.983118	 	7146.666667
-22.042461	 	7153.333333
-63.035189	 	7160.000000
-7.406446	 	7166.666667
15.946436	 	7173.333333
115.511379	 	7180.000000
36.813954	 	7186.666667
22.431343	 	7193.333333
-82.961130	 	7200.000000
-120.879507	 	7206.666667
19.489945	 	7213.333333
103.331593	 	7220.000000
18.600075	 	7226.666667
-18.110550	 	7233.333333
-61.495295	 	7240.000000
-0.629889	 	7246.666667
51.047593	 	7253.333333
38.124353	 	7260.000000
-41.891297	 	7266.666667
-42.053849	 	7273.333333
31.621166	 	7280.000000
31.013956	 	7286.666667
53.776147	 	7293.333333
-11.763578	 	7300.000000
-35.215248	 	7306.666667
-35.975656	 	7313.333333
14.786289	 	7320.000000
5.172705	 	7326.666667
25.998917	 	7333.333333
-11.525620	 	7340.000000
91.469703	 	7346.666667
-14.229403	 	7353.333333
-36.077228	 	7360.000000
-76.227154	 	7366.666667
-8.595244	 	7373.333333
126.675287	 	7380.000000
30.612500	 	7386.666667
-44.114297	 	7393.333333
15.222216	 	7400.000000
-0.977078	 	7406.666667
-28.560287	 	7413.333333
-56.715390	 	7420.000000
4.826418	 	7426.666667
90.405470	 	7433.333333
27.663728	 	7440.000000
16.799804	 	7446.666667
-50.004058	 	7453.333333
-41.684598	 	7460.000000
-17.662997	 	7466.666667
58.886877	 	7473.333333
8.964145	 	7480.000000
-24.614491	 	7486.666667
60.422310	 	7493.333333
17.490337	 	7500.000000
-42.796567	 	7506.666667
-57.474829	 	7513.333333
-31.163844	 	7520.000000
62.136544	 	7526.666667
100.975420	 	7533.333333
-59.673543	 	7540.000000
-6.800733	 	7546.666667
-2.286109	 	7553.333333
1.324572	 	7560.000000
-23.692726	 	7566.666667
-10.895578	 	7573.333333
-16.019339	 	7580.000000
64.379469	 	7586.666667
-12.188847	 	7593.333333
48.955352	 	7600.000000
-8.455077	 	7606.666667
-91.886798	 	7613.333333
-33.523688	 	7620.000000
75.380842	 	7626.666667
26.947399	 	7633.333333
72.678638	 	7640.000000
-103.033059	 	7646.666667
-0.352704	 	7653.333333
11.776535	 	7660.000000
3.642029	 	7666.666667
-37.723455	 	7673.333333
81.289313	 	7680.000000
-34.684442	 	7686.666667
17.242347	 	7693.333333
-27.865617	 	7700.000000
12.521781	 	7706.666667
-3.236172	 	7713.333333
-24.712203	 	7720.000000
29.075896	 	7726.666667
48.229601	 	7733.333333
-52.960341	 	7740.000000
9.429956	 	7746.666667
69.543530	 	7753.333333
-28.576787	 	7760.000000
35.999897	 	7766.666667
-41.220541	 	7773.333333
-47.070568	 	7780.000000
5.712606	 	7786.666667
14.864031	 	7793.333333
8.360263	 	7800.000000
102.719553	 	7806.666667
-8.647107	 	7813.333333
-117.728697	 	7820.000000
-30.104043	 	7826.666667
64.862378	 	7833.333333
-1.012131	 	7840.000000
100.589598	 	7846.666667
-55.990282	 	7853.333333
6.236491	 	7860.000000
18.689402	 	7866.666667
-76.555112	 	7873.333333
-42.463081	 	7880.000000
104.789395	 	7886.666667
-4.218498	 	7893.333333
89.044139	 	7900.000000
-76.720934	 	7906.666667
-58.715357	 	7913.333333
2.565772	 	7920.000000
95.861034	 	7926.666667
-35.809710	 	7933.333333
-0.168581	 	7940.000000
12.809428	 	7946.666667
38.735647	 	7953.333333
-2.076534	 	7960.000000
-49.165775	 	7966.666667
-47.582691	 	7973.333333
-0.585800	 	7980.000000
36.819683	 	7986.666667
63.203150	 	7993.333333
21.540060	 	8000.000000
-59.306471	 	8006.666667
-17.833403	 	8013.333333
-17.507747	 	8020.000000
-17.570300	 	8026.666667
28.246364	 	8033.333333
31.696476	 	8040.000000
79.716408	 	8046.666667
-38.014333	 	8053.333333
-79.779040	 	8060.000000
-3.733577	 	8066.666667
-11.922081	 	8073.333333
24.144517	 	8080.000000
68.577803	 	8086.666667
-26.319543	 	8093.333333
10.670941	 	8100.000000
46.303045	 	8106.666667
-68.725591	 	8113.333333
-42.634872	 	8120.000000
18.892638	 	8126.666667
37.190735	 	8133.333333
37.445230	 	8140.000000
-2.562134	 	8146.666667
-12.044059	 	8153.333333
-24.737648	 	8160.000000
-28.539017	 	8166.666667
52.184208	 	8173.333333
-1.640080	 	8180.000000
-45.933600	 	8186.666667
27.519592	 	8193.333333
73.615143	 	8200.000000
-25.130110	 	8206.666667
-32.317913	 	8213.333333
-48.927055	 	8220.000000
8.977221	 	8226.666667
-8.357294	 	8233.333333
42.425834	 	8240.000000
-31.718227	 	8246.666667
46.826334	 	8253.333333
-48.528982	 	8260.000000
71.463703	 	8266.666667
-31.549290	 	8273.333333
-9.838307	 	8280.000000
-7.272389	 	8286.666667
-44.492143	 	8293.333333
4.329565	 	8300.000000
106.449583	 	8306.666667
-0.256306	 	8313.333333
-11.067672	 	8320.000000
-80.816965	 	8326.666667
-30.441861	 	8333.333333
36.750978	 	8340.000000
4.130342	 	8346.666667
2.104856	 	8353.333333
54.923016	 	8360.000000
-39.804125	 	8366.666667
-9.634560	 	8373.333333
-20.830700	 	8380.000000
6.069241	 	8386.666667
6.504000	 	8393.333333
35.965013	 	8400.000000
-17.715540	 	8406.666667
4.901798	 	8413.333333
6.397258	 	8420.000000
-70.256026	 	8426.666667
-2.927790	 	8433.333333
80.998012	 	8440.000000
-1.586907	 	8446.666667
7.107059	 	8453.333333
-42.277490	 	8460.000000
20.530027	 	8466.666667
-47.042727	 	8473.333333
20.939274	 	8480.000000
3.834064	 	8486.666667
59.323485	 	8493.333333
-52.718214	 	8500.000000
-18.966647	 	8506.666667
22.709267	 	8513.333333
-1.625950	 	8520.000000
-15.301374	 	8526.666667
29.328057	 	8533.333333
-99.027652	 	8540.000000
102.201823	 	8546.666667
21.364106	 	8553.333333
0.685321	 	8560.000000
1.732638	 	8566.666667
-57.814840	 	8573.333333
-55.376110	 	8580.000000
86.098832	 	8586.666667
12.223775	 	8593.333333
-2.327427	 	8600.000000
-26.946363	 	8606.666667
6.890818	 	8613.333333
28.800311	 	8620.000000
-17.747795	 	8626.666667
-26.679023	 	8633.333333
18.752348	 	8640.000000
-53.037343	 	8646.666667
-6.375523	 	8653.333333
137.227623	 	8660.000000
-4.473809	 	8666.666667
-53.997394	 	8673.333333
-9.147258	 	8680.000000
-27.428351	 	8686.666667
-12.592483	 	8693.333333
-13.129108	 	8700.000000
0.616856	 	8706.666667
98.237166	 	8713.333333
-1.999040	 	8720.000000
-8.876755	 	8726.666667
-59.540130	 	8733.333333
32.688118	 	8740.000000
-20.193777	 	8746.666667
11.196669	 	8753.333333
43.341589	 	8760.000000
-21.512279	 	8766.666667
-5.745146	 	8773.333333
18.246500	 	8780.000000
-0.984153	 	8786.666667
-9.814401	 	8793.333333
-21.282273	 	8800.000000
-72.516327	 	8806.666667
37.330043	 	8813.333333
57.189409	 	8820.000000
48.945487	 	8826.666667
-18.136720	 	8833.333333
-16.301767	 	8840.000000
-96.465484	 	8846.666667
28.921255	 	8853.333333
49.292467	 	8860.000000
-59.209062	 	8866.666667
-28.540470	 	8873.333333
75.665248	 	8880.000000
115.916622	 	8886.666667
-47.101723	 	8893.333333
-127.511421	 	8900.000000
-37.814705	 	8906.666667
-4.019200	 	8913.333333
101.244124	 	8920.000000
74.001420	 	8926.666667
-69.444025	 	8933.333333
15.518664	 	8940.000000
-37.526793	 	8946.666667
-15.132822	 	8953.333333
-5.138123	 	8960.000000
-3.537736	 	8966.666667
41.602711	 	8973.333333
53.338369	 	8980.000000
-27.406027	 	8986.666667
21.099601	 	8993.333333
-59.504679	 	9000.000000
-49.050652	 	9006.666667
49.178831	 	9013.333333
12.623205	 	9020.000000
5.478433	 	9026.666667
-14.943084	 	9033.333333
-8.953911	 	9040.000000
33.500141	 	9046.666667
6.122617	 	9053.333333
13.765861	 	9060.000000
-52.461343	 	9066.666667
-37.080629	 	9073.333333
20.561810	 	9080.000000
29.373849	 	9086.666667
20.333433	 	9093.333333
58.577712	 	9100.000000
-108.603276	 	9106.666667
-43.942610	 	9113.333333
32.986884	 	9120.000000
-8.494447	 	9126.666667
78.137324	 	9133.333333
21.284994	 	9140.000000
-63.723013	 	9146.666667
3.411301	 	9153.333333
-30.721727	 	9160.000000
15.797290	 	9166.666667
-45.616387	 	9173.333333
33.156852	 	9180.000000
27.605198	 	9186.666667
-0.889973	 	9193.333333
45.201762	 	9200.000000
-54.777010	 	9206.666667
-64.725162	 	9213.333333
47.007749	 	9220.000000
47.170751	 	9226.666667
-74.634552	 	9233.333333
-8.564572	 	9240.000000
24.574180	 	9246.666667
12.608917	 	9253.333333
45.062437	 	9260.000000
-65.936254	 	9266.666667
-34.015939	 	9273.333333
58.063927	 	9280.000000
-21.587664	 	9286.666667
22.643419	 	9293.333333
69.502935	 	9300.000000
-0.369358	 	9306.666667
-56.032519	 	9313.333333
9.284243	 	9320.000000
-42.458327	 	9326.666667
-55.872773	 	9333.333333
26.004940	 	9340.000000
84.087327	 	9346.666667
6.428109	 	9353.333333
49.244318	 	9360.000000
-84.154501	 	9366.666667
-58.185459	 	9373.333333
-32.221848	 	9380.000000
39.692849	 	9386.666667
7.936173	 	9393.333333
89.313642	 	9400.000000
37.077719	 	9406.666667
-18.000642	 	9413.333333
-107.271736	 	9420.000000
8.786455	 	9426.666667
-23.665392	 	9433.333333
-1.214646	 	9440.000000
60.856944	 	9446.666667
24.780918	 	9453.333333
5.481453	 	9460.000000
36.541928	 	9466.666667
-103.852146	 	9473.333333
-50.767884	 	9480.000000
40.821504	 	9486.666667
41.848539	 	9493.333333
-2.982678	 	9500.000000
-18.209266	 	9506.666667
-34.680343	 	9513.333333
39.022811	 	9520.000000
59.913478	 	9526.666667
19.893125	 	9533.333333
-36.635048	 	9540.000000
-108.628300	 	9546.666667
-17.439917	 	9553.333333
128.600250	 	9560.000000
31.176017	 	9566.666667
-10.679795	 	9573.333333
-39.934216	 	9580.000000
-95.350381	 	9586.666667
20.161519	 	9593.333333
-6.498979	 	9600.000000
25.552680	 	9606.666667
69.501965	 	9613.333333
46.164316	 	9620.000000
-112.268127	 	9626.666667
-6.308397	 	9633.333333
14.699304	 	9640.000000
-26.288958	 	9646.666667
-20.687675	 	9653.333333
101.636105	 	9660.000000
-70.093720	 	9666.666667
83.883780	 	9673.333333
-43.544201	 	9680.000000
-79.038627	 	9686.666667
-1.332568	 	9693.333333
19.519739	 	9700.000000
-23.985833	 	9706.666667
115.747013	 	9713.333333
-43.180088	 	9720.000000
19.221649	 	9726.666667
-50.384134	 	9733.333333
-20.252366	 	9740.000000
-38.001957	 	9746.666667
33.777834	 	9753.333333
11.909224	 	9760.000000
89.524888	 	9766.666667
-16.621344	 	9773.333333
-62.595208	 	9780.000000
11.081010	 	9786.666667
-75.435068	 	9793.333333
43.851015	 	9800.000000
8.254551	 	9806.666667
-1.207824	 	9813.333333
28.339453	 	9820.000000
31.651348	 	9826.666667
-34.661092	 	9833.333333
10.123867	 	9840.000000
-51.096843	 	9846.666667
-24.160244	 	9853.333333
5.991991	 	9860.000000
49.419029	 	9866.666667
-31.192376	 	9873.333333
47.285999	 	9880.000000
26.408597	 	9886.666667
-64.901274	 	9893.333333
-57.790257	 	9900.000000
7.283343	 	9906.666667
40.083988	 	9913.333333
104.275485	 	9920.000000
-57.060488	 	9926.666667
4.585180	 	9933.333333
-93.894479	 	9940.000000
4.015190	 	9946.666667
24.586971	 	9953.333333
32.824029	 	9960.000000
-18.074092	 	9966.666667
-9.593002	 	9973.333333
18.463078	 	9980.000000
39.742200	 	9986.666667
-80.353265	 	9993.333333
-41.158138	 	10000.000000
36.559696	 	10006.666667
96.952562	 	10013.333333
-11.829892	 	10020.000000
-25.852136	 	10026.666667
20.398346	 	10033.333333
-62.442969	 	10040.000000
-17.689605	 	10046.666667
9.149129	 	10053.333333
-17.286950	 	10060.000000
36.366716	 	10066.666667
-3.964288	 	10073.333333
22.333077	 	10080.000000
33.630889	 	10086.666667
-49.575833	 	10093.333333
-12.651677	 	10100.000000
-5.774707	 	10106.666667
-40.828247	 	10113.333333
66.422523	 	10120.000000
36.362163	 	10126.666667
-41.281451	 	10133.333333
-22.173228	 	10140.000000
45.196837	 	10146.666667
-63.496025	 	10153.333333
47.915347	 	10160.000000
-28.018267	 	10166.666667
-12.307887	 	10173.333333
42.377439	 	10180.000000
8.498235	 	10186.666667
-53.399933	 	10193.333333
18.002366	 	10200.000000
65.964745	 	10206.666667
-31.556559	 	10213.333333
-56.567672	 	10220.000000
36.525534	 	10226.666667
-39.289379	 	10233.333333
25.087444	 	10240.000000
35.558701	 	10246.666667
24.698412	 	10253.333333
-43.501595	 	10260.000000
-86.644800	 	10266.666667
24.723735	 	10273.333333
72.148285	 	10280.000000
9.936907	 	10286.666667
-2.362636	 	10293.333333
-44.853964	 	10300.000000
-15.362601	 	10306.666667
-10.802436	 	10313.333333
-7.364700	 	10320.000000
16.717191	 	10326.666667
14.689194	 	10333.333333
71.415181	 	10340.000000
-10.198702	 	10346.666667
-46.088754	 	10353.333333
-61.494641	 	10360.000000
31.167854	 	10366.666667
7.310307	 	10373.333333
36.957089	 	10380.000000
0.016749	 	10386.666667
-35.729097	 	10393.333333
-32.393143	 	10400.000000
59.036289	 	10406.666667
-26.062326	 	10413.333333
-55.655237	 	10420.000000
-12.959787	 	10426.666667
89.400886	 	10433.333333
-43.467651	 	10440.000000
77.505087	 	10446.666667
-35.454239	 	10453.333333
-115.839296	 	10460.000000
3.707993	 	10466.666667
51.532069	 	10473.333333
46.185819	 	10480.000000
-18.416839	 	10486.666667
-12.290944	 	10493.333333
58.371443	 	10500.000000
24.264497	 	10506.666667
-38.456028	 	10513.333333
-140.657812	 	10520.000000
-28.508230	 	10526.666667
125.607843	 	10533.333333
72.224235	 	10540.000000
-7.473604	 	10546.666667
-102.338467	 	10553.333333
-12.873454	 	10560.000000
60.579681	 	10566.666667
-18.930376	 	10573.333333
-18.062164	 	10580.000000
-41.263895	 	10586.666667
34.276514	 	10593.333333
73.253515	 	10600.000000
-23.146068	 	10606.666667
-31.383173	 	10613.333333
-10.408481	 	10620.000000
-32.896439	 	10626.666667
14.831625	 	10633.333333
55.285911	 	10640.000000
2.371677	 	10646.666667
-15.998521	 	10653.333333
-38.692185	 	10660.000000
7.009150	 	10666.666667
49.657787	 	10673.333333
-75.244004	 	10680.000000
-10.307126	 	10686.666667
13.800969	 	10693.333333
24.173860	 	10700.000000
34.061926	 	10706.666667
25.407210	 	10713.333333
14.191094	 	10720.000000
-34.513440	 	10726.666667
-101.009031	 	10733.333333
-21.600202	 	10740.000000
46.630219	 	10746.666667
66.994883	 	10753.333333
14.919610	 	10760.000000
14.915282	 	10766.666667
-6.842402	 	10773.333333
-82.106193	 	10780.000000
5.220185	 	10786.666667
62.887764	 	10793.333333
-23.948988	 	10800.000000
-2.829368	 	10806.666667
21.428985	 	10813.333333
-39.513840	 	10820.000000
-12.890207	 	10826.666667
-30.322374	 	10833.333333
-7.849742	 	10840.000000
85.323149	 	10846.666667
13.438140	 	10853.333333
-61.005748	 	10860.000000
1.670647	 	10866.666667
-23.191961	 	10873.333333
64.080220	 	10880.000000
-46.700625	 	10886.666667
4.111619	 	10893.333333
12.207591	 	10900.000000
-52.887702	 	10906.666667
6.149387	 	10913.333333
73.910053	 	10920.000000
-11.219209	 	10926.666667
-45.000854	 	10933.333333
-2.006534	 	10940.000000
24.084353	 	10946.666667
-46.869625	 	10953.333333
43.040805	 	10960.000000
-14.445211	 	10966.666667
14.979391	 	10973.333333
11.867019	 	10980.000000
-18.434823	 	10986.666667
-6.885962	 	10993.333333
13.826875	 	11000.000000
-13.063233	 	11006.666667
-0.708765	 	11013.333333
-30.622464	 	11020.000000
46.884368	 	11026.666667
75.822171	 	11033.333333
-27.042350	 	11040.000000
-92.416829	 	11046.666667
-28.150390	 	11053.333333
-14.426034	 	11060.000000
57.919569	 	11066.666667
50.912340	 	11073.333333
-42.185607	 	11080.000000
42.110773	 	11086.666667
-59.723481	 	11093.333333
-27.249022	 	11100.000000
74.853622	 	11106.666667
-36.462917	 	11113.333333
-50.860528	 	11120.000000
33.779904	 	11126.666667
8.600812	 	11133.333333
40.448716	 	11140.000000
-16.446609	 	11146.666667
-69.909378	 	11153.333333
-7.613631	 	11160.000000
73.187003	 	11166.666667
-9.225622	 	11173.333333
29.646158	 	11180.000000
-37.421958	 	11186.666667
-20.549698	 	11193.333333
-17.945872	 	11200.000000
51.891277	 	11206.666667
-10.196634	 	11213.333333
51.680714	 	11220.000000
-50.197503	 	11226.666667
-37.073675	 	11233.333333
-8.712250	 	11240.000000
40.891662	 	11246.666667
4.086543	 	11253.333333
-6.923816	 	11260.000000
-16.531871	 	11266.666667
-10.573758	 	11273.333333
26.619433	 	11280.000000
-15.965292	 	11286.666667
-11.825201	 	11293.333333
43.934159	 	11300.000000
-46.263503	 	11306.666667
-5.972507	 	11313.333333
37.600093	 	11320.000000
7.290374	 	11326.666667
-9.592537	 	11333.333333
3.005564	 	11340.000000
4.870303	 	11346.666667
-27.876182	 	11353.333333
-4.754727	 	11360.000000
14.364569	 	11366.666667
15.588903	 	11373.333333
-15.440877	 	11380.000000
-3.746722	 	11386.666667
-19.712883	 	11393.333333
17.300732	 	11400.000000
-12.063807	 	11406.666667
29.056500	 	11413.333333
-2.955893	 	11420.000000
-28.592132	 	11426.666667
30.293405	 	11433.333333
-4.100173	 	11440.000000
-22.439000	 	11446.666667
-14.144051	 	11453.333333
11.514863	 	11460.000000
10.222408	 	11466.666667
16.185709	 	11473.333333
-17.063372	 	11480.000000
-44.969612	 	11486.666667
-15.417461	 	11493.333333
60.563433	 	11500.000000
57.655545	 	11506.666667
-55.423939	 	11513.333333
-33.722896	 	11520.000000
-39.392508	 	11526.666667
-19.571216	 	11533.333333
70.878389	 	11540.000000
26.092263	 	11546.666667
-33.513312	 	11553.333333
21.392806	 	11560.000000
-61.398645	 	11566.666667
-40.377810	 	11573.333333
35.101361	 	11580.000000
74.849545	 	11586.666667
42.905070	 	11593.333333
-77.092045	 	11600.000000
-31.518661	 	11606.666667
-18.103786	 	11613.333333
5.786088	 	11620.000000
-21.150407	 	11626.666667
21.602670	 	11633.333333
45.845026	 	11640.000000
14.497646	 	11646.666667
0.546550	 	11653.333333
-47.355147	 	11660.000000
-17.693292	 	11666.666667
20.556566	 	11673.333333
-7.253397	 	11680.000000
6.778452	 	11686.666667
61.421359	 	11693.333333
-0.570781	 	11700.000000
-92.398736	 	11706.666667
-31.673238	 	11713.333333
67.637088	 	11720.000000
-0.183355	 	11726.666667
-58.547607	 	11733.333333
80.606475	 	11740.000000
32.748448	 	11746.666667
-35.820337	 	11753.333333
-63.181177	 	11760.000000
-21.812292	 	11766.666667
-0.742800	 	11773.333333
59.832640	 	11780.000000
-14.220384	 	11786.666667
19.667307	 	11793.333333
38.662135	 	11800.000000
-65.018085	 	11806.666667
-11.375957	 	11813.333333
37.153198	 	11820.000000
-49.088911	 	11826.666667
-13.644570	 	11833.333333
19.201150	 	11840.000000
41.433250	 	11846.666667
70.495837	 	11853.333333
-49.532059	 	11860.000000
-80.020696	 	11866.666667
-23.594449	 	11873.333333
15.594907	 	11880.000000
6.647326	 	11886.666667
11.412939	 	11893.333333
72.515211	 	11900.000000
25.682408	 	11906.666667
-64.492140	 	11913.333333
-45.654748	 	11920.000000
-31.652075	 	11926.666667
-15.637240	 	11933.333333
0.398196	 	11940.000000
71.420455	 	11946.666667
30.266827	 	11953.333333
117.173733	 	11960.000000
-102.587535	 	11966.666667
-102.862938	 	11973.333333
-30.025662	 	11980.000000
81.085250	 	11986.666667
31.717956	 	11993.333333
29.057003	 	12000.000000
19.627642	 	12006.666667
-23.348941	 	12013.333333
-64.404208	 	12020.000000
14.961509	 	12026.666667
-28.366898	 	12033.333333
-12.347105	 	12040.000000
55.300161	 	12046.666667
30.303909	 	12053.333333
29.100947	 	12060.000000
-36.412306	 	12066.666667
-64.318821	 	12073.333333
-39.503314	 	12080.000000
17.960386	 	12086.666667
99.098380	 	12093.333333
-50.786632	 	12100.000000
-71.400172	 	12106.666667
66.613329	 	12113.333333
-19.778871	 	12120.000000
21.325619	 	12126.666667
72.913659	 	12133.333333
-62.121845	 	12140.000000
-73.945323	 	12146.666667
-13.014176	 	12153.333333
-27.989851	 	12160.000000
102.346574	 	12166.666667
104.384727	 	12173.333333
-67.321649	 	12180.000000
-115.765782	 	12186.666667
-28.997802	 	12193.333333
69.767185	 	12200.000000
36.127366	 	12206.666667
-106.419363	 	12213.333333
89.019147	 	12220.000000
88.375350	 	12226.666667
-7.006453	 	12233.333333
-145.631692	 	12240.000000
-50.425909	 	12246.666667
8.990369	 	12253.333333
125.777633	 	12260.000000
-24.831909	 	12266.666667
62.874436	 	12273.333333
-59.339256	 	12280.000000
-4.065719	 	12286.666667
-80.658697	 	12293.333333
-39.841663	 	12300.000000
87.348880	 	12306.666667
-42.064284	 	12313.333333
111.856803	 	12320.000000
6.748403	 	12326.666667
56.411610	 	12333.333333
-295.771641	 	12340.000000
-4.943727	 	12346.666667
195.065664	 	12353.333333
6.035555	 	12360.000000
9.768661	 	12366.666667
-37.004584	 	12373.333333
-143.198662	 	12380.000000
155.322698	 	12386.666667
49.950715	 	12393.333333
-75.328632	 	12400.000000
-67.680082	 	12406.666667
-50.418009	 	12413.333333
117.750504	 	12420.000000
38.315116	 	12426.666667
-28.658118	 	12433.333333
96.246813	 	12440.000000
-167.399972	 	12446.666667
29.590186	 	12453.333333
40.289624	 	12460.000000
-52.537852	 	12466.666667
-179.189378	 	12473.333333
86.176898	 	12480.000000
360.217008	 	12486.666667
-147.131117	 	12493.333333
-93.165851	 	12500.000000
190.160228	 	12506.666667
-383.680736	 	12513.333333
-204.874014	 	12520.000000
326.902053	 	12526.666667
438.942459	 	12533.333333
-295.364431	 	12540.000000
-104.074537	 	12546.666667
169.629915	 	12553.333333
-352.639731	 	12560.000000
-12.817641	 	12566.666667
-19.502261	 	12573.333333
734.915305	 	12580.000000
-291.920004	 	12586.666667
-519.461696	 	12593.333333
-204.898353	 	12600.000000
1173.914584	 	12606.666667
-685.916817	 	12613.333333
-887.209854	 	12620.000000
1406.526572	 	12626.666667
-471.627452	 	12633.333333
462.830229	 	12640.000000
-694.893952	 	12646.666667
-687.952302	 	12653.333333
1654.803481	 	12660.000000
-364.502281	 	12666.666667
-881.632683	 	12673.333333
-42.300246	 	12680.000000
667.282897	 	12686.666667
508.458467	 	12693.333333
-895.832464	 	12700.000000
-880.855891	 	12706.666667
2227.779342	 	12713.333333
-771.922715	 	12720.000000
-712.479609	 	12726.666667
-81.902894	 	12733.333333
931.525022	 	12740.000000
-710.788644	 	12746.666667
312.526801	 	12753.333333
-641.154966	 	12760.000000
1420.945020	 	12766.666667
-446.679829	 	12773.333333
-838.277299	 	12780.000000
-964.155465	 	12786.666667
1916.816914	 	12793.333333
308.942652	 	12800.000000
-916.571223	 	12806.666667
817.332900	 	12813.333333
-989.032366	 	12820.000000
-963.555404	 	12826.666667
904.973817	 	12833.333333
59.646101	 	12840.000000
1374.752896	 	12846.666667
-755.764257	 	12853.333333
-745.254378	 	12860.000000
-342.553453	 	12866.666667
1836.555351	 	12873.333333
-968.872655	 	12880.000000
-797.567121	 	12886.666667
-999.963622	 	12893.333333
2920.537811	 	12900.000000
-263.346862	 	12906.666667
-796.486303	 	12913.333333
-992.769486	 	12920.000000
-892.103275	 	12926.666667
3127.181077	 	12933.333333
-996.029176	 	12940.000000
-999.742629	 	12946.666667
890.154044	 	12953.333333
-163.332127	 	12960.000000
-998.803412	 	12966.666667
-969.878308	 	12973.333333
3764.674129	 	12980.000000
-998.198563	 	12986.666667
-982.581154	 	12993.333333
-616.832761	 	13000.000000
-166.460039	 	13006.666667
929.698984	 	13013.333333
495.456286	 	13020.000000
502.970702	 	13026.666667
-991.156399	 	13033.333333
-999.849482	 	13040.000000
1439.315513	 	13046.666667
-999.988834	 	13053.333333
-937.410413	 	13060.000000
2344.651482	 	13066.666667
-999.896186	 	13073.333333
1852.591305	 	13080.000000
-992.671246	 	13086.666667
-992.514845	 	13093.333333
-859.308227	 	13100.000000
-923.456325	 	13106.666667
2125.476832	 	13113.333333
1880.743472	 	13120.000000
-707.113191	 	13126.666667
-999.997975	 	13133.333333
-596.427384	 	13140.000000
-999.994601	 	13146.666667
841.123165	 	13153.333333
2145.357260	 	13160.000000
-810.346360	 	13166.666667
-998.783497	 	13173.333333
-67.383970	 	13180.000000
1364.353887	 	13186.666667
-999.961554	 	13193.333333
-999.998864	 	13200.000000
1446.310941	 	13206.666667
-999.970600	 	13213.333333
-999.990364	 	13220.000000
873.223179	 	13226.666667
-986.746882	 	13233.333333
5432.560718	 	13240.000000
-999.998864	 	13246.666667
-999.998864	 	13253.333333
-999.998865	 	13260.000000
-999.998864	 	13266.666667
-999.998869	 	13273.333333
-999.998876	 	13280.000000
-999.998893	 	13286.666667
-999.998923	 	13293.333333
-999.998880	 	13300.000000
-999.998864	 	13306.666667
-999.998980	 	13313.333333
-999.999073	 	13320.000000
-999.999181	 	13326.666667
