#peak 	 	#time 
-999.999029	 	0.000000
-999.999225	 	6.666667
-999.998889	 	13.333333
-999.999328	 	20.000000
-999.999152	 	26.666667
-999.998941	 	33.333333
-999.999232	 	40.000000
-999.998875	 	46.666667
-999.999664	 	53.333333
-999.999910	 	60.000000
-999.999997	 	66.666667
-1000.000000	 	73.333333
-1000.000000	 	80.000000
-1000.000000	 	86.666667
-1000.000000	 	93.333333
32634.266926	 	100.000000
-999.998862	 	106.666667
-999.998851	 	113.333333
-999.998867	 	120.000000
-999.998873	 	126.666667
-999.998857	 	133.333333
-999.998859	 	140.000000
-999.998864	 	146.666667
-999.998850	 	153.333333
-999.998850	 	160.000000
-999.998849	 	166.666667
-999.998851	 	173.333333
-999.998849	 	180.000000
-999.998848	 	186.666667
-999.998848	 	193.333333
1686.082516	 	200.000000
4186.488515	 	206.666667
-758.262496	 	213.333333
-953.443664	 	220.000000
-809.060231	 	226.666667
-457.440418	 	233.333333
126.581102	 	240.000000
265.211405	 	246.666667
380.287403	 	253.333333
-59.969612	 	260.000000
-407.054122	 	266.666667
-205.897358	 	273.333333
404.482431	 	280.000000
29.327919	 	286.666667
-334.824704	 	293.333333
102.412379	 	300.000000
253.125445	 	306.666667
101.293218	 	313.333333
-363.216712	 	320.000000
-165.537796	 	326.666667
76.321279	 	333.333333
156.209150	 	340.000000
-157.009011	 	346.666667
-40.995952	 	353.333333
216.310900	 	360.000000
155.816106	 	366.666667
-155.987209	 	373.333333
47.881174	 	380.000000
-358.459975	 	386.666667
145.753526	 	393.333333
-193.838232	 	400.000000
36.448981	 	406.666667
189.281188	 	413.333333
363.505294	 	420.000000
-303.114787	 	426.666667
-213.248723	 	433.333333
-278.755983	 	440.000000
625.539734	 	446.666667
-106.425578	 	453.333333
93.351633	 	460.000000
-271.277096	 	466.666667
-8.867758	 	473.333333
-96.974310	 	480.000000
354.851923	 	486.666667
-322.630209	 	493.333333
191.434089	 	500.000000
45.581580	 	506.666667
160.195460	 	513.333333
-249.805218	 	520.000000
-25.578793	 	526.666667
-72.853647	 	533.333333
234.690771	 	540.000000
-13.145506	 	546.666667
249.775004	 	553.333333
-288.755602	 	560.000000
-14.078870	 	566.666667
-141.793318	 	573.333333
31.949565	 	580.000000
153.819438	 	586.666667
82.725064	 	593.333333
42.668957	 	600.000000
21.587538	 	606.666667
-95.451515	 	613.333333
-31.208025	 	620.000000
-43.202139	 	626.666667
-63.710266	 	633.333333
287.642989	 	640.000000
-82.134044	 	646.666667
11.465219	 	653.333333
-49.036983	 	660.000000
-160.794432	 	666.666667
150.505680	 	673.333333
162.582135	 	680.000000
-114.738116	 	686.666667
-47.099655	 	693.333333
51.813363	 	700.000000
-20.000000	 	706.666667
-11.832329	 	713.333333
41.935506	 	720.000000
62.744400	 	726.666667
-1.023364	 	733.333333
8.341263	 	740.000000
-117.888134	 	746.666667
-73.904429	 	753.333333
76.793238	 	760.000000
114.942195	 	766.666667
55.668189	 	773.333333
-50.327283	 	780.000000
-56.781222	 	786.666667
10.101224	 	793.333333
-71.556773	 	800.000000
72.974066	 	806.666667
67.342298	 	813.333333
66.546478	 	820.000000
-92.907788	 	826.666667
-15.981353	 	833.333333
63.182563	 	840.000000
-38.800410	 	846.666667
-101.006314	 	853.333333
149.148502	 	860.000000
38.165974	 	866.666667
-1.194917	 	873.333333
-69.221951	 	880.000000
5.731020	 	886.666667
-20.595110	 	893.333333
45.124367	 	900.000000
1.431303	 	906.666667
27.842384	 	913.333333
-18.233637	 	920.000000
7.756028	 	926.666667
-26.611905	 	933.333333
69.996611	 	940.000000
-24.918859	 	946.666667
9.605294	 	953.333333
-84.205883	 	960.000000
49.503295	 	966.666667
-3.271152	 	973.333333
66.727624	 	980.000000
12.305954	 	986.666667
39.658844	 	993.333333
-41.696482	 	1000.000000
-23.542623	 	1006.666667
-14.413369	 	1013.333333
22.513097	 	1020.000000
20.040224	 	1026.666667
28.874001	 	1033.333333
-30.347265	 	1040.000000
-9.347494	 	1046.666667
33.422219	 	1053.333333
33.425373	 	1060.000000
-28.418209	 	1066.666667
11.356659	 	1073.333333
-20.594049	 	1080.000000
34.262780	 	1086.666667
-0.307610	 	1093.333333
2.870440	 	1100.000000
22.400040	 	1106.666667
7.470797	 	1113.333333
-11.123664	 	1120.000000
-7.477452	 	1126.666667
21.597741	 	1133.333333
-7.678716	 	1140.000000
-16.228492	 	1146.666667
36.338111	 	1153.333333
15.513054	 	1160.000000
20.748296	 	1166.666667
-11.540959	 	1173.333333
-18.339145	 	1180.000000
-6.773371	 	1186.666667
50.341356	 	1193.333333
22.995098	 	1200.000000
-5.889568	 	1206.666667
-18.413570	 	1213.333333
-14.772066	 	1220.000000
-4.295306	 	1226.666667
59.456677	 	1233.333333
-2.088294	 	1240.000000
0.331366	 	1246.666667
-15.422273	 	1253.333333
17.203163	 	1260.000000
53.410199	 	1266.666667
-20.578104	 	1273.333333
-27.202818	 	1280.000000
-39.878880	 	1286.666667
45.444301	 	1293.333333
41.378776	 	1300.000000
22.721623	 	1306.666667
-28.176595	 	1313.333333
-36.767208	 	1320.000000
14.493158	 	1326.666667
46.006019	 	1333.333333
-7.801069	 	1340.000000
37.491909	 	1346.666667
-38.780002	 	1353.333333
-0.824506	 	1360.000000
18.068260	 	1366.666667
13.619660	 	1373.333333
-11.492806	 	1380.000000
29.536449	 	1386.666667
-3.316781	 	1393.333333
-27.702130	 	1400.000000
4.620353	 	1406.666667
51.369353	 	1413.333333
-20.920231	 	1420.000000
17.833471	 	1426.666667
-1.311558	 	1433.333333
15.809219	 	1440.000000
-41.519347	 	1446.666667
31.010390	 	1453.333333
9.452493	 	1460.000000
33.398204	 	1466.666667
-9.979650	 	1473.333333
-9.374560	 	1480.000000
13.067007	 	1486.666667
-10.393001	 	1493.333333
9.682810	 	1500.000000
29.893589	 	1506.666667
-2.965815	 	1513.333333
20.202100	 	1520.000000
-22.905549	 	1526.666667
-10.533523	 	1533.333333
32.527552	 	1540.000000
15.682213	 	1546.666667
11.828521	 	1553.333333
-36.058908	 	1560.000000
13.794146	 	1566.666667
1.000358	 	1573.333333
31.642915	 	1580.000000
13.436681	 	1586.666667
-18.658005	 	1593.333333
-7.545666	 	1600.000000
16.208389	 	1606.666667
13.078071	 	1613.333333
8.052708	 	1620.000000
2.518635	 	1626.666667
-4.635670	 	1633.333333
7.378706	 	1640.000000
26.692311	 	1646.666667
-39.333747	 	1653.333333
9.443877	 	1660.000000
32.064262	 	1666.666667
10.572294	 	1673.333333
-16.959437	 	1680.000000
21.655952	 	1686.666667
-4.093137	 	1693.333333
15.757724	 	1700.000000
5.117058	 	1706.666667
-5.422159	 	1713.333333
-3.500126	 	1720.000000
5.279186	 	1726.666667
-9.318684	 	1733.333333
39.494227	 	1740.000000
-12.524284	 	1746.666667
-28.823367	 	1753.333333
8.414982	 	1760.000000
48.599269	 	1766.666667
19.024741	 	1773.333333
-16.659539	 	1780.000000
-29.773777	 	1786.666667
-33.256087	 	1793.333333
47.706878	 	1800.000000
25.218949	 	1806.666667
23.979590	 	1813.333333
-28.834563	 	1820.000000
-6.219774	 	1826.666667
-9.423517	 	1833.333333
41.255699	 	1840.000000
-12.614484	 	1846.666667
6.773424	 	1853.333333
23.929608	 	1860.000000
12.784750	 	1866.666667
-40.197991	 	1873.333333
32.610560	 	1880.000000
-14.065602	 	1886.666667
5.107277	 	1893.333333
-6.030890	 	1900.000000
38.268240	 	1906.666667
5.735604	 	1913.333333
-15.136312	 	1920.000000
-42.929262	 	1926.666667
53.729593	 	1933.333333
66.269068	 	1940.000000
-25.377005	 	1946.666667
-35.453283	 	1953.333333
-31.878806	 	1960.000000
12.033256	 	1966.666667
36.173610	 	1973.333333
71.991053	 	1980.000000
-2.399772	 	1986.666667
-27.414851	 	1993.333333
-95.458718	 	2000.000000
26.093562	 	2006.666667
53.880219	 	2013.333333
93.394920	 	2020.000000
-31.790516	 	2026.666667
-24.871816	 	2033.333333
-94.290223	 	2040.000000
45.886364	 	2046.666667
45.868559	 	2053.333333
78.300657	 	2060.000000
-16.218007	 	2066.666667
-59.938760	 	2073.333333
-48.564833	 	2080.000000
42.164791	 	2086.666667
-18.293907	 	2093.333333
106.433190	 	2100.000000
14.221607	 	2106.666667
-75.666765	 	2113.333333
-98.680295	 	2120.000000
142.434085	 	2126.666667
60.826967	 	2133.333333
-130.835164	 	2140.000000
-4.407955	 	2146.666667
127.220897	 	2153.333333
-24.321965	 	2160.000000
-75.358780	 	2166.666667
-16.230799	 	2173.333333
110.179783	 	2180.000000
-53.155609	 	2186.666667
11.963659	 	2193.333333
123.975528	 	2200.000000
-55.233767	 	2206.666667
-175.418465	 	2213.333333
2.066471	 	2220.000000
150.238447	 	2226.666667
99.449559	 	2233.333333
-68.491468	 	2240.000000
-24.994401	 	2246.666667
-37.361544	 	2253.333333
-49.196823	 	2260.000000
38.631492	 	2266.666667
85.635969	 	2273.333333
-45.112207	 	2280.000000
60.947221	 	2286.666667
121.149843	 	2293.333333
-156.908496	 	2300.000000
-191.486847	 	2306.666667
140.297620	 	2313.333333
143.164435	 	2320.000000
4.546239	 	2326.666667
76.275374	 	2333.333333
-222.787494	 	2340.000000
-57.139509	 	2346.666667
105.833150	 	2353.333333
81.310794	 	2360.000000
49.465612	 	2366.666667
-61.504539	 	2373.333333
-25.313543	 	2380.000000
33.948325	 	2386.666667
-74.926171	 	2393.333333
-11.297279	 	2400.000000
96.573865	 	2406.666667
-42.157651	 	2413.333333
215.628614	 	2420.000000
-146.992776	 	2426.666667
-61.824729	 	2433.333333
-151.669735	 	2440.000000
80.039172	 	2446.666667
128.105459	 	2453.333333
288.191791	 	2460.000000
-196.052384	 	2466.666667
-218.732428	 	2473.333333
-110.204136	 	2480.000000
426.459562	 	2486.666667
-170.495943	 	2493.333333
-102.267260	 	2500.000000
57.891283	 	2506.666667
233.196020	 	2513.333333
-78.136478	 	2520.000000
-146.374727	 	2526.666667
-300.757853	 	2533.333333
258.438910	 	2540.000000
380.458431	 	2546.666667
15.568232	 	2553.333333
-357.759179	 	2560.000000
-248.058374	 	2566.666667
262.899803	 	2573.333333
196.052252	 	2580.000000
-83.292883	 	2586.666667
57.033505	 	2593.333333
-39.412038	 	2600.000000
-85.465921	 	2606.666667
-4.104834	 	2613.333333
-68.141460	 	2620.000000
137.129060	 	2626.666667
115.054020	 	2633.333333
-65.610846	 	2640.000000
-183.370878	 	2646.666667
81.574083	 	2653.333333
218.150524	 	2660.000000
-81.262246	 	2666.666667
-254.671743	 	2673.333333
53.085849	 	2680.000000
312.520420	 	2686.666667
10.144121	 	2693.333333
-269.194191	 	2700.000000
3.627148	 	2706.666667
119.939146	 	2713.333333
-21.533556	 	2720.000000
-12.099960	 	2726.666667
111.498992	 	2733.333333
-16.576168	 	2740.000000
-57.681075	 	2746.666667
-155.229223	 	2753.333333
53.429521	 	2760.000000
71.430071	 	2766.666667
203.524683	 	2773.333333
-16.245177	 	2780.000000
-30.278095	 	2786.666667
-169.033459	 	2793.333333
-168.205736	 	2800.000000
-171.327964	 	2806.666667
379.893840	 	2813.333333
504.406177	 	2820.000000
107.007664	 	2826.666667
-431.770955	 	2833.333333
-302.751437	 	2840.000000
-452.237990	 	2846.666667
-336.178349	 	2853.333333
1846.686223	 	2860.000000
26296.379426	 	2866.666667
72467.134386	 	2873.333333
5960.075603	 	2880.000000
-998.607172	 	2886.666667
-999.997600	 	2893.333333
-999.993779	 	2900.000000
-998.090982	 	2906.666667
-487.587981	 	2913.333333
7361.365099	 	2920.000000
3992.261893	 	2926.666667
1372.633557	 	2933.333333
1320.151810	 	2940.000000
2273.405214	 	2946.666667
2372.129827	 	2953.333333
2645.317978	 	2960.000000
3528.325796	 	2966.666667
2780.503257	 	2973.333333
1326.739177	 	2980.000000
1099.076072	 	2986.666667
2645.891865	 	2993.333333
4357.681446	 	3000.000000
3078.769726	 	3006.666667
1270.967294	 	3013.333333
1073.978336	 	3020.000000
1577.451803	 	3026.666667
2906.656162	 	3033.333333
2583.195777	 	3040.000000
2844.619027	 	3046.666667
2315.644222	 	3053.333333
1550.941111	 	3060.000000
1212.783497	 	3066.666667
2678.294255	 	3073.333333
3199.512827	 	3080.000000
2430.504307	 	3086.666667
1349.997676	 	3093.333333
1595.002667	 	3100.000000
1983.199228	 	3106.666667
2180.236536	 	3113.333333
2057.968861	 	3120.000000
2466.531129	 	3126.666667
2755.381322	 	3133.333333
2220.188576	 	3140.000000
1585.430319	 	3146.666667
1581.399205	 	3153.333333
1333.430968	 	3160.000000
2200.389836	 	3166.666667
1897.612412	 	3173.333333
2242.409939	 	3180.000000
2510.976573	 	3186.666667
2172.877662	 	3193.333333
1182.512959	 	3200.000000
1284.595762	 	3206.666667
1939.231580	 	3213.333333
2958.011059	 	3220.000000
2029.157981	 	3226.666667
1653.020538	 	3233.333333
1146.122220	 	3240.000000
1496.826205	 	3246.666667
1786.131417	 	3253.333333
2164.202648	 	3260.000000
1538.915194	 	3266.666667
2543.865243	 	3273.333333
1998.298265	 	3280.000000
1316.253484	 	3286.666667
759.631964	 	3293.333333
1281.194138	 	3300.000000
2141.892579	 	3306.666667
2623.908008	 	3313.333333
1833.920485	 	3320.000000
1464.429793	 	3326.666667
819.012556	 	3333.333333
1509.696459	 	3340.000000
1504.251830	 	3346.666667
1895.531805	 	3353.333333
1607.148201	 	3360.000000
1796.486758	 	3366.666667
1510.730693	 	3373.333333
1524.490601	 	3380.000000
1192.423378	 	3386.666667
1198.465935	 	3393.333333
1317.702200	 	3400.000000
1769.824210	 	3406.666667
1999.848044	 	3413.333333
1356.021864	 	3420.000000
1027.479369	 	3426.666667
1101.091496	 	3433.333333
1156.918777	 	3440.000000
2069.874653	 	3446.666667
1517.154960	 	3453.333333
1039.005500	 	3460.000000
1064.126966	 	3466.666667
1450.905153	 	3473.333333
1500.720011	 	3480.000000
1093.683708	 	3486.666667
1345.947071	 	3493.333333
1268.058873	 	3500.000000
1386.138819	 	3506.666667
1175.497278	 	3513.333333
1026.195167	 	3520.000000
779.747564	 	3526.666667
1533.311745	 	3533.333333
1455.892894	 	3540.000000
1095.697085	 	3546.666667
748.710830	 	3553.333333
1414.610411	 	3560.000000
1129.068763	 	3566.666667
1036.559255	 	3573.333333
1193.919269	 	3580.000000
1378.526319	 	3586.666667
963.794502	 	3593.333333
833.550179	 	3600.000000
1042.062092	 	3606.666667
1536.166727	 	3613.333333
895.117236	 	3620.000000
965.361530	 	3626.666667
960.421650	 	3633.333333
1226.142774	 	3640.000000
763.450691	 	3646.666667
1132.069971	 	3653.333333
858.162626	 	3660.000000
1140.265295	 	3666.666667
1011.447478	 	3673.333333
820.123966	 	3680.000000
872.987548	 	3686.666667
838.022823	 	3693.333333
957.924525	 	3700.000000
1073.970403	 	3706.666667
1069.719973	 	3713.333333
980.575913	 	3720.000000
652.952452	 	3726.666667
384.706227	 	3733.333333
645.241614	 	3740.000000
1392.301462	 	3746.666667
1309.859643	 	3753.333333
823.450727	 	3760.000000
575.642790	 	3766.666667
595.284149	 	3773.333333
805.427975	 	3780.000000
860.049143	 	3786.666667
895.481278	 	3793.333333
965.376085	 	3800.000000
676.098427	 	3806.666667
588.891322	 	3813.333333
693.648668	 	3820.000000
988.725057	 	3826.666667
692.417784	 	3833.333333
734.631013	 	3840.000000
722.425732	 	3846.666667
736.422540	 	3853.333333
783.850822	 	3860.000000
689.526070	 	3866.666667
723.765135	 	3873.333333
810.517872	 	3880.000000
553.152833	 	3886.666667
752.791221	 	3893.333333
768.876458	 	3900.000000
691.884270	 	3906.666667
554.537372	 	3913.333333
605.413546	 	3920.000000
681.690050	 	3926.666667
846.028023	 	3933.333333
565.125852	 	3940.000000
525.485041	 	3946.666667
679.779356	 	3953.333333
735.924010	 	3960.000000
591.988319	 	3966.666667
592.500998	 	3973.333333
580.963127	 	3980.000000
659.567015	 	3986.666667
591.030796	 	3993.333333
600.693772	 	4000.000000
555.044630	 	4006.666667
532.692308	 	4013.333333
527.889765	 	4020.000000
589.763996	 	4026.666667
601.116519	 	4033.333333
627.700331	 	4040.000000
470.209051	 	4046.666667
498.927490	 	4053.333333
487.179877	 	4060.000000
532.915187	 	4066.666667
475.281979	 	4073.333333
571.664217	 	4080.000000
588.107199	 	4086.666667
501.827978	 	4093.333333
388.996757	 	4100.000000
437.407391	 	4106.666667
430.745314	 	4113.333333
560.922287	 	4120.000000
488.718424	 	4126.666667
477.426157	 	4133.333333
452.231717	 	4140.000000
450.522624	 	4146.666667
391.149703	 	4153.333333
521.825533	 	4160.000000
462.292410	 	4166.666667
537.751406	 	4173.333333
462.624234	 	4180.000000
440.195132	 	4186.666667
418.012590	 	4193.333333
438.796564	 	4200.000000
333.226673	 	4206.666667
476.479190	 	4213.333333
459.213050	 	4220.000000
441.722920	 	4226.666667
355.425690	 	4233.333333
351.542057	 	4240.000000
364.332904	 	4246.666667
413.429569	 	4253.333333
392.368949	 	4260.000000
467.522031	 	4266.666667
358.751968	 	4273.333333
393.085029	 	4280.000000
376.060630	 	4286.666667
385.559641	 	4293.333333
294.977030	 	4300.000000
335.814649	 	4306.666667
378.548349	 	4313.333333
428.877206	 	4320.000000
383.733845	 	4326.666667
327.333410	 	4333.333333
270.216164	 	4340.000000
330.289687	 	4346.666667
339.126548	 	4353.333333
339.835123	 	4360.000000
353.634486	 	4366.666667
390.409183	 	4373.333333
287.820312	 	4380.000000
279.595264	 	4386.666667
233.830382	 	4393.333333
361.633584	 	4400.000000
303.541202	 	4406.666667
357.650261	 	4413.333333
310.326374	 	4420.000000
308.594014	 	4426.666667
266.171024	 	4433.333333
248.505101	 	4440.000000
236.976430	 	4446.666667
318.565907	 	4453.333333
346.431478	 	4460.000000
304.110075	 	4466.666667
250.530868	 	4473.333333
277.556157	 	4480.000000
250.572459	 	4486.666667
185.804189	 	4493.333333
238.434566	 	4500.000000
351.505082	 	4506.666667
310.130504	 	4513.333333
286.766688	 	4520.000000
200.043443	 	4526.666667
237.293325	 	4533.333333
197.017183	 	4540.000000
280.423919	 	4546.666667
269.765303	 	4553.333333
222.044902	 	4560.000000
253.852827	 	4566.666667
273.560716	 	4573.333333
193.601678	 	4580.000000
211.325771	 	4586.666667
186.925180	 	4593.333333
259.406010	 	4600.000000
255.827741	 	4606.666667
260.861298	 	4613.333333
180.101738	 	4620.000000
197.319936	 	4626.666667
175.865713	 	4633.333333
222.909467	 	4640.000000
207.170206	 	4646.666667
267.622831	 	4653.333333
218.652826	 	4660.000000
183.187964	 	4666.666667
190.229483	 	4673.333333
193.067979	 	4680.000000
187.146298	 	4686.666667
180.357483	 	4693.333333
189.235066	 	4700.000000
255.877119	 	4706.666667
210.404672	 	4713.333333
131.468867	 	4720.000000
141.205685	 	4726.666667
210.891312	 	4733.333333
222.369299	 	4740.000000
190.637318	 	4746.666667
168.397449	 	4753.333333
168.555831	 	4760.000000
190.217456	 	4766.666667
137.556963	 	4773.333333
135.055529	 	4780.000000
168.088856	 	4786.666667
224.136141	 	4793.333333
190.533391	 	4800.000000
184.651174	 	4806.666667
130.039412	 	4813.333333
161.743696	 	4820.000000
123.098179	 	4826.666667
153.341463	 	4833.333333
164.062018	 	4840.000000
203.485311	 	4846.666667
125.013832	 	4853.333333
159.161664	 	4860.000000
105.514575	 	4866.666667
161.710266	 	4873.333333
173.772528	 	4880.000000
165.811161	 	4886.666667
146.244253	 	4893.333333
144.920904	 	4900.000000
98.189677	 	4906.666667
165.449032	 	4913.333333
128.977555	 	4920.000000
128.696246	 	4926.666667
147.110054	 	4933.333333
163.145279	 	4940.000000
136.380467	 	4946.666667
135.134423	 	4953.333333
69.960767	 	4960.000000
108.644261	 	4966.666667
137.082025	 	4973.333333
170.824571	 	4980.000000
134.635511	 	4986.666667
160.719732	 	4993.333333
87.650690	 	5000.000000
105.643125	 	5006.666667
67.583273	 	5013.333333
143.322794	 	5020.000000
122.709472	 	5026.666667
158.813249	 	5033.333333
109.673346	 	5040.000000
126.011569	 	5046.666667
75.604502	 	5053.333333
91.619501	 	5060.000000
81.274560	 	5066.666667
138.990889	 	5073.333333
99.176105	 	5080.000000
100.146134	 	5086.666667
99.452595	 	5093.333333
112.354888	 	5100.000000
55.462728	 	5106.666667
120.603786	 	5113.333333
98.985411	 	5120.000000
130.855196	 	5126.666667
102.931488	 	5133.333333
87.143649	 	5140.000000
66.075127	 	5146.666667
88.977376	 	5153.333333
77.926135	 	5160.000000
126.805454	 	5166.666667
100.437451	 	5173.333333
121.384613	 	5180.000000
52.443546	 	5186.666667
112.734481	 	5193.333333
58.634864	 	5200.000000
70.091739	 	5206.666667
81.020740	 	5213.333333
108.119733	 	5220.000000
132.234819	 	5226.666667
91.335184	 	5233.333333
51.166344	 	5240.000000
69.285972	 	5246.666667
56.135145	 	5253.333333
100.443455	 	5260.000000
94.972354	 	5266.666667
109.789806	 	5273.333333
89.935079	 	5280.000000
78.223927	 	5286.666667
53.463604	 	5293.333333
32.445819	 	5300.000000
78.411184	 	5306.666667
100.665501	 	5313.333333
94.943254	 	5320.000000
91.561883	 	5326.666667
86.655065	 	5333.333333
32.633180	 	5340.000000
41.154946	 	5346.666667
100.846291	 	5353.333333
85.163393	 	5360.000000
89.514185	 	5366.666667
11.982518	 	5373.333333
60.042051	 	5380.000000
90.219411	 	5386.666667
105.051371	 	5393.333333
26.048660	 	5400.000000
89.731365	 	5406.666667
80.538499	 	5413.333333
86.038136	 	5420.000000
18.757243	 	5426.666667
66.879861	 	5433.333333
24.357462	 	5440.000000
119.623168	 	5446.666667
53.678536	 	5453.333333
58.805917	 	5460.000000
30.706723	 	5466.666667
54.769764	 	5473.333333
40.616452	 	5480.000000
63.753558	 	5486.666667
72.528516	 	5493.333333
89.902966	 	5500.000000
-6.233411	 	5506.666667
87.854026	 	5513.333333
43.897432	 	5520.000000
59.149096	 	5526.666667
58.474584	 	5533.333333
45.907204	 	5540.000000
27.036166	 	5546.666667
60.013801	 	5553.333333
82.242861	 	5560.000000
23.631505	 	5566.666667
38.675871	 	5573.333333
57.738527	 	5580.000000
34.700869	 	5586.666667
77.137584	 	5593.333333
45.859668	 	5600.000000
35.955497	 	5606.666667
49.873501	 	5613.333333
53.437385	 	5620.000000
46.887429	 	5626.666667
35.560465	 	5633.333333
26.966721	 	5640.000000
61.896886	 	5646.666667
50.566404	 	5653.333333
69.184253	 	5660.000000
28.661944	 	5666.666667
22.929748	 	5673.333333
17.207968	 	5680.000000
56.962352	 	5686.666667
49.251371	 	5693.333333
59.537528	 	5700.000000
26.519340	 	5706.666667
68.423180	 	5713.333333
31.412446	 	5720.000000
37.574344	 	5726.666667
18.996524	 	5733.333333
52.102451	 	5740.000000
34.486140	 	5746.666667
106.420404	 	5753.333333
0.757058	 	5760.000000
34.782652	 	5766.666667
18.822868	 	5773.333333
51.952832	 	5780.000000
19.441458	 	5786.666667
43.268262	 	5793.333333
49.119361	 	5800.000000
57.452714	 	5806.666667
21.154821	 	5813.333333
-6.621731	 	5820.000000
24.215845	 	5826.666667
62.067826	 	5833.333333
73.487181	 	5840.000000
60.895108	 	5846.666667
-2.692969	 	5853.333333
-18.665528	 	5860.000000
6.860802	 	5866.666667
50.461096	 	5873.333333
74.273510	 	5880.000000
34.042020	 	5886.666667
42.730089	 	5893.333333
17.514088	 	5900.000000
-9.414909	 	5906.666667
3.711833	 	5913.333333
56.239314	 	5920.000000
48.886928	 	5926.666667
51.419545	 	5933.333333
-0.610543	 	5940.000000
4.879732	 	5946.666667
41.977532	 	5953.333333
36.389574	 	5960.000000
20.707519	 	5966.666667
7.413120	 	5973.333333
50.616778	 	5980.000000
36.443690	 	5986.666667
16.801718	 	5993.333333
24.600218	 	6000.000000
34.071448	 	6006.666667
28.964651	 	6013.333333
42.651784	 	6020.000000
11.248208	 	6026.666667
-5.935320	 	6033.333333
38.182592	 	6040.000000
28.053372	 	6046.666667
53.090250	 	6053.333333
31.776804	 	6060.000000
14.406740	 	6066.666667
23.559273	 	6073.333333
5.616492	 	6080.000000
35.443189	 	6086.666667
25.843556	 	6093.333333
15.117603	 	6100.000000
35.243970	 	6106.666667
1.244688	 	6113.333333
38.966838	 	6120.000000
28.940666	 	6126.666667
17.109669	 	6133.333333
39.115653	 	6140.000000
61.653451	 	6146.666667
-1.222074	 	6153.333333
6.197938	 	6160.000000
-31.474064	 	6166.666667
22.292719	 	6173.333333
76.820561	 	6180.000000
59.853087	 	6186.666667
-7.549286	 	6193.333333
-4.320091	 	6200.000000
17.592372	 	6206.666667
46.774542	 	6213.333333
24.973297	 	6220.000000
14.837186	 	6226.666667
-6.707318	 	6233.333333
25.694632	 	6240.000000
61.817940	 	6246.666667
54.864973	 	6253.333333
-20.688574	 	6260.000000
-18.549984	 	6266.666667
52.332320	 	6273.333333
45.627035	 	6280.000000
-12.580375	 	6286.666667
23.802856	 	6293.333333
0.280610	 	6300.000000
3.764944	 	6306.666667
26.706379	 	6313.333333
63.558937	 	6320.000000
29.551850	 	6326.666667
-5.838197	 	6333.333333
6.912341	 	6340.000000
4.576258	 	6346.666667
43.093895	 	6353.333333
24.172327	 	6360.000000
7.953689	 	6366.666667
29.799455	 	6373.333333
28.437429	 	6380.000000
3.723736	 	6386.666667
15.222515	 	6393.333333
-0.067532	 	6400.000000
19.319047	 	6406.666667
12.301963	 	6413.333333
10.014554	 	6420.000000
33.466127	 	6426.666667
36.451476	 	6433.333333
7.499656	 	6440.000000
25.438021	 	6446.666667
-37.729101	 	6453.333333
26.322613	 	6460.000000
38.289961	 	6466.666667
63.009547	 	6473.333333
-8.167764	 	6480.000000
0.350736	 	6486.666667
-35.028254	 	6493.333333
27.568185	 	6500.000000
24.847424	 	6506.666667
90.829023	 	6513.333333
-37.034583	 	6520.000000
-22.937570	 	6526.666667
-17.975241	 	6533.333333
65.283424	 	6540.000000
5.563024	 	6546.666667
44.058373	 	6553.333333
-14.789819	 	6560.000000
26.309215	 	6566.666667
-0.994074	 	6573.333333
46.125176	 	6580.000000
-24.786628	 	6586.666667
19.643922	 	6593.333333
-5.769179	 	6600.000000
23.217005	 	6606.666667
-1.666863	 	6613.333333
52.421934	 	6620.000000
-27.398716	 	6626.666667
28.460584	 	6633.333333
-3.048629	 	6640.000000
6.328771	 	6646.666667
-5.763745	 	6653.333333
43.602874	 	6660.000000
11.328169	 	6666.666667
11.705813	 	6673.333333
-21.256162	 	6680.000000
35.735775	 	6686.666667
-1.666444	 	6693.333333
22.383368	 	6700.000000
-21.487701	 	6706.666667
27.363659	 	6713.333333
19.940064	 	6720.000000
22.973857	 	6726.666667
19.235328	 	6733.333333
-35.632716	 	6740.000000
-8.403989	 	6746.666667
56.256054	 	6753.333333
4.480560	 	6760.000000
6.406541	 	6766.666667
-0.122793	 	6773.333333
-7.489689	 	6780.000000
12.322488	 	6786.666667
4.527520	 	6793.333333
19.115659	 	6800.000000
19.165449	 	6806.666667
51.926841	 	6813.333333
-44.106452	 	6820.000000
4.107960	 	6826.666667
-7.919557	 	6833.333333
37.199114	 	6840.000000
37.270081	 	6846.666667
26.843303	 	6853.333333
-38.691069	 	6860.000000
11.797000	 	6866.666667
-23.012052	 	6873.333333
12.100969	 	6880.000000
5.251996	 	6886.666667
48.171238	 	6893.333333
13.840159	 	6900.000000
4.542490	 	6906.666667
-27.121091	 	6913.333333
16.490916	 	6920.000000
3.487193	 	6926.666667
34.053310	 	6933.333333
-21.918982	 	6940.000000
33.502584	 	6946.666667
23.377256	 	6953.333333
2.138989	 	6960.000000
-33.019498	 	6966.666667
-3.774432	 	6973.333333
11.757632	 	6980.000000
36.617931	 	6986.666667
2.682223	 	6993.333333
-2.934515	 	7000.000000
-14.142948	 	7006.666667
6.260415	 	7013.333333
15.217150	 	7020.000000
13.092363	 	7026.666667
28.968695	 	7033.333333
-43.521293	 	7040.000000
-16.490838	 	7046.666667
26.497076	 	7053.333333
29.318076	 	7060.000000
6.009200	 	7066.666667
-2.762815	 	7073.333333
-14.017502	 	7080.000000
-19.194092	 	7086.666667
46.220115	 	7093.333333
-21.730427	 	7100.000000
6.082197	 	7106.666667
10.074001	 	7113.333333
39.520757	 	7120.000000
5.432838	 	7126.666667
-17.921481	 	7133.333333
-1.872037	 	7140.000000
-11.487501	 	7146.666667
29.392687	 	7153.333333
30.077191	 	7160.000000
31.816392	 	7166.666667
-45.666049	 	7173.333333
8.180423	 	7180.000000
12.592836	 	7186.666667
14.197729	 	7193.333333
2.812266	 	7200.000000
18.675609	 	7206.666667
-8.529837	 	7213.333333
0.806195	 	7220.000000
8.875218	 	7226.666667
7.025160	 	7233.333333
21.835158	 	7240.000000
-8.096341	 	7246.666667
-3.368517	 	7253.333333
-1.584958	 	7260.000000
11.114269	 	7266.666667
25.196319	 	7273.333333
5.934061	 	7280.000000
19.620218	 	7286.666667
-16.843305	 	7293.333333
-26.509845	 	7300.000000
-10.895281	 	7306.666667
55.950123	 	7313.333333
27.647368	 	7320.000000
4.362853	 	7326.666667
-7.563031	 	7333.333333
-19.921045	 	7340.000000
9.897529	 	7346.666667
-9.588674	 	7353.333333
-3.253709	 	7360.000000
26.918196	 	7366.666667
21.261233	 	7373.333333
7.496776	 	7380.000000
-16.357013	 	7386.666667
-5.260134	 	7393.333333
12.483443	 	7400.000000
7.706585	 	7406.666667
-19.630829	 	7413.333333
3.937744	 	7420.000000
36.804790	 	7426.666667
33.122072	 	7433.333333
-20.433568	 	7440.000000
-25.818025	 	7446.666667
-0.709419	 	7453.333333
34.734872	 	7460.000000
-6.085628	 	7466.666667
17.717602	 	7473.333333
9.057165	 	7480.000000
3.587663	 	7486.666667
-33.734090	 	7493.333333
-16.616239	 	7500.000000
39.554348	 	7506.666667
20.200932	 	7513.333333
-18.485196	 	7520.000000
19.079777	 	7526.666667
-18.195958	 	7533.333333
16.394148	 	7540.000000
-8.706613	 	7546.666667
7.929122	 	7553.333333
-0.851433	 	7560.000000
45.385202	 	7566.666667
-40.941697	 	7573.333333
23.665137	 	7580.000000
-2.701295	 	7586.666667
35.140998	 	7593.333333
-27.324300	 	7600.000000
3.089167	 	7606.666667
-12.101872	 	7613.333333
28.838236	 	7620.000000
7.943691	 	7626.666667
9.663808	 	7633.333333
-36.243873	 	7640.000000
22.181162	 	7646.666667
7.746748	 	7653.333333
23.116167	 	7660.000000
-40.769777	 	7666.666667
42.910891	 	7673.333333
-22.158031	 	7680.000000
14.932303	 	7686.666667
-16.464635	 	7693.333333
39.355377	 	7700.000000
-28.610604	 	7706.666667
9.799399	 	7713.333333
-30.741896	 	7720.000000
46.200495	 	7726.666667
-0.455331	 	7733.333333
11.202307	 	7740.000000
-17.055075	 	7746.666667
0.602722	 	7753.333333
-9.274397	 	7760.000000
10.940941	 	7766.666667
-19.373847	 	7773.333333
28.758864	 	7780.000000
20.778927	 	7786.666667
8.777283	 	7793.333333
-42.830685	 	7800.000000
5.212579	 	7806.666667
7.605047	 	7813.333333
28.950805	 	7820.000000
-8.667293	 	7826.666667
14.806529	 	7833.333333
-17.689142	 	7840.000000
-1.359654	 	7846.666667
1.219331	 	7853.333333
24.544160	 	7860.000000
0.963231	 	7866.666667
22.660029	 	7873.333333
-14.260298	 	7880.000000
-11.843775	 	7886.666667
17.160549	 	7893.333333
4.609056	 	7900.000000
-19.049100	 	7906.666667
27.726154	 	7913.333333
14.319554	 	7920.000000
-19.339590	 	7926.666667
8.703722	 	7933.333333
14.960205	 	7940.000000
0.379183	 	7946.666667
24.647523	 	7953.333333
-50.397731	 	7960.000000
-15.745912	 	7966.666667
5.809369	 	7973.333333
21.049258	 	7980.000000
26.889257	 	7986.666667
-0.166583	 	7993.333333
-41.342583	 	8000.000000
17.457266	 	8006.666667
1.971179	 	8013.333333
10.450494	 	8020.000000
11.713911	 	8026.666667
-19.601052	 	8033.333333
-3.804738	 	8040.000000
19.532046	 	8046.666667
6.070154	 	8053.333333
-23.825198	 	8060.000000
16.758653	 	8066.666667
0.639472	 	8073.333333
12.284017	 	8080.000000
4.935742	 	8086.666667
-14.684905	 	8093.333333
1.205550	 	8100.000000
-6.558394	 	8106.666667
11.199995	 	8113.333333
20.961715	 	8120.000000
-17.104565	 	8126.666667
-39.350034	 	8133.333333
2.013426	 	8140.000000
36.299583	 	8146.666667
35.304212	 	8153.333333
-2.907470	 	8160.000000
-23.235003	 	8166.666667
-25.966448	 	8173.333333
12.272607	 	8180.000000
21.949129	 	8186.666667
14.277609	 	8193.333333
-5.012589	 	8200.000000
-22.678456	 	8206.666667
-22.342020	 	8213.333333
19.970258	 	8220.000000
4.458568	 	8226.666667
21.981539	 	8233.333333
1.563682	 	8240.000000
-29.663832	 	8246.666667
9.329972	 	8253.333333
1.431695	 	8260.000000
-14.725913	 	8266.666667
23.781634	 	8273.333333
1.469330	 	8280.000000
-5.784279	 	8286.666667
-16.378286	 	8293.333333
42.347694	 	8300.000000
-3.444659	 	8306.666667
23.847545	 	8313.333333
-22.152991	 	8320.000000
-14.390542	 	8326.666667
4.845999	 	8333.333333
11.310730	 	8340.000000
0.122532	 	8346.666667
14.755802	 	8353.333333
-16.339560	 	8360.000000
10.247916	 	8366.666667
-3.972434	 	8373.333333
16.559966	 	8380.000000
-6.641599	 	8386.666667
-30.810061	 	8393.333333
29.565324	 	8400.000000
22.246878	 	8406.666667
-23.768541	 	8413.333333
-0.094919	 	8420.000000
-2.837632	 	8426.666667
-24.138154	 	8433.333333
0.081400	 	8440.000000
66.956062	 	8446.666667
-40.239200	 	8453.333333
-1.175985	 	8460.000000
7.219255	 	8466.666667
-20.362048	 	8473.333333
-14.106358	 	8480.000000
22.897316	 	8486.666667
-3.032340	 	8493.333333
14.946297	 	8500.000000
14.199143	 	8506.666667
-25.898599	 	8513.333333
-12.413506	 	8520.000000
-2.920505	 	8526.666667
5.474933	 	8533.333333
51.439044	 	8540.000000
-15.616887	 	8546.666667
7.545129	 	8553.333333
-10.003509	 	8560.000000
-7.259944	 	8566.666667
-19.426831	 	8573.333333
21.074072	 	8580.000000
9.716795	 	8586.666667
14.306206	 	8593.333333
-5.219074	 	8600.000000
7.080945	 	8606.666667
12.426655	 	8613.333333
5.817410	 	8620.000000
-35.378819	 	8626.666667
33.492341	 	8633.333333
-0.255014	 	8640.000000
-12.429997	 	8646.666667
-3.710158	 	8653.333333
6.687609	 	8660.000000
10.397928	 	8666.666667
27.991265	 	8673.333333
-54.086929	 	8680.000000
14.972428	 	8686.666667
1.174229	 	8693.333333
10.675720	 	8700.000000
-16.990870	 	8706.666667
36.777301	 	8713.333333
-6.983751	 	8720.000000
-25.300930	 	8726.666667
-12.149332	 	8733.333333
3.476878	 	8740.000000
-12.851108	 	8746.666667
6.112467	 	8753.333333
28.607481	 	8760.000000
7.348174	 	8766.666667
-10.409320	 	8773.333333
1.732687	 	8780.000000
-31.835736	 	8786.666667
13.896669	 	8793.333333
6.598874	 	8800.000000
10.935929	 	8806.666667
14.409606	 	8813.333333
13.161298	 	8820.000000
-20.499147	 	8826.666667
-50.420905	 	8833.333333
3.188220	 	8840.000000
33.541724	 	8846.666667
50.679413	 	8853.333333
-12.588321	 	8860.000000
-34.995466	 	8866.666667
-32.490044	 	8873.333333
5.822165	 	8880.000000
17.096431	 	8886.666667
48.418341	 	8893.333333
-3.666566	 	8900.000000
-39.126115	 	8906.666667
-17.673321	 	8913.333333
28.184156	 	8920.000000
-6.140968	 	8926.666667
17.164935	 	8933.333333
-3.364581	 	8940.000000
3.976876	 	8946.666667
25.618582	 	8953.333333
5.938176	 	8960.000000
-42.347896	 	8966.666667
-18.635009	 	8973.333333
-19.422639	 	8980.000000
82.528426	 	8986.666667
2.317554	 	8993.333333
-34.775706	 	9000.000000
-22.865619	 	9006.666667
32.262166	 	9013.333333
-6.546779	 	9020.000000
21.196324	 	9026.666667
-38.869795	 	9033.333333
8.616974	 	9040.000000
17.326978	 	9046.666667
-7.543813	 	9053.333333
17.198421	 	9060.000000
8.113467	 	9066.666667
-44.454915	 	9073.333333
25.449409	 	9080.000000
-21.282965	 	9086.666667
8.859925	 	9093.333333
16.169559	 	9100.000000
8.407769	 	9106.666667
-15.758308	 	9113.333333
18.473885	 	9120.000000
-20.809852	 	9126.666667
-16.791758	 	9133.333333
-5.077645	 	9140.000000
45.754465	 	9146.666667
24.797094	 	9153.333333
-46.936300	 	9160.000000
-23.178975	 	9166.666667
11.614668	 	9173.333333
20.325135	 	9180.000000
26.495748	 	9186.666667
-23.746342	 	9193.333333
-17.672641	 	9200.000000
17.637909	 	9206.666667
-4.408703	 	9213.333333
5.252602	 	9220.000000
-4.393228	 	9226.666667
-10.163703	 	9233.333333
6.554997	 	9240.000000
26.502177	 	9246.666667
9.371432	 	9253.333333
-29.127413	 	9260.000000
-41.162472	 	9266.666667
23.488417	 	9273.333333
14.284028	 	9280.000000
16.301281	 	9286.666667
-18.789831	 	9293.333333
-1.990601	 	9300.000000
-18.235184	 	9306.666667
20.031846	 	9313.333333
-2.016534	 	9320.000000
7.907515	 	9326.666667
-8.871933	 	9333.333333
-14.091216	 	9340.000000
7.579102	 	9346.666667
9.515723	 	9353.333333
-13.301530	 	9360.000000
1.408986	 	9366.666667
4.156016	 	9373.333333
-8.107801	 	9380.000000
0.459679	 	9386.666667
-2.647671	 	9393.333333
-21.913873	 	9400.000000
28.175590	 	9406.666667
11.198659	 	9413.333333
-8.034102	 	9420.000000
-5.371143	 	9426.666667
4.342260	 	9433.333333
1.341672	 	9440.000000
-32.818750	 	9446.666667
11.051977	 	9453.333333
15.124229	 	9460.000000
-32.746708	 	9466.666667
20.070662	 	9473.333333
24.225931	 	9480.000000
-7.408933	 	9486.666667
-18.704191	 	9493.333333
19.591416	 	9500.000000
27.192392	 	9506.666667
-39.754717	 	9513.333333
-5.749549	 	9520.000000
7.489565	 	9526.666667
-11.338544	 	9533.333333
27.428050	 	9540.000000
-5.890687	 	9546.666667
-17.840567	 	9553.333333
-8.060346	 	9560.000000
7.262822	 	9566.666667
7.037660	 	9573.333333
23.404150	 	9580.000000
-5.556915	 	9586.666667
1.274242	 	9593.333333
-24.123825	 	9600.000000
-21.188973	 	9606.666667
-8.485357	 	9613.333333
36.460950	 	9620.000000
32.979765	 	9626.666667
-2.117013	 	9633.333333
-45.142781	 	9640.000000
-11.480616	 	9646.666667
-0.386302	 	9653.333333
4.435678	 	9660.000000
2.833532	 	9666.666667
56.431089	 	9673.333333
-27.703462	 	9680.000000
-45.086946	 	9686.666667
9.250604	 	9693.333333
2.921486	 	9700.000000
-14.305592	 	9706.666667
12.823037	 	9713.333333
0.715947	 	9720.000000
12.505295	 	9726.666667
0.012257	 	9733.333333
-5.997305	 	9740.000000
-19.059501	 	9746.666667
-18.286772	 	9753.333333
-10.686299	 	9760.000000
39.356411	 	9766.666667
-7.065387	 	9773.333333
1.040270	 	9780.000000
7.471378	 	9786.666667
-13.537665	 	9793.333333
-28.627327	 	9800.000000
3.042659	 	9806.666667
-8.848290	 	9813.333333
28.763487	 	9820.000000
22.651077	 	9826.666667
-21.291527	 	9833.333333
-47.520664	 	9840.000000
5.970883	 	9846.666667
20.339397	 	9853.333333
32.768045	 	9860.000000
-11.652984	 	9866.666667
7.376093	 	9873.333333
-34.148015	 	9880.000000
-24.029398	 	9886.666667
16.150691	 	9893.333333
19.090509	 	9900.000000
-7.364742	 	9906.666667
11.005541	 	9913.333333
-22.969494	 	9920.000000
25.441051	 	9926.666667
-11.625774	 	9933.333333
-27.767043	 	9940.000000
-0.381370	 	9946.666667
-5.362146	 	9953.333333
13.110030	 	9960.000000
29.059386	 	9966.666667
-7.546651	 	9973.333333
-38.445072	 	9980.000000
-0.143910	 	9986.666667
26.424532	 	9993.333333
-15.909473	 	10000.000000
9.006175	 	10006.666667
-3.406728	 	10013.333333
7.592549	 	10020.000000
9.019152	 	10026.666667
-9.209205	 	10033.333333
-8.254593	 	10040.000000
-0.628343	 	10046.666667
-22.741815	 	10053.333333
-0.786651	 	10060.000000
26.033172	 	10066.666667
10.250782	 	10073.333333
8.962151	 	10080.000000
-16.582076	 	10086.666667
-35.604355	 	10093.333333
14.272882	 	10100.000000
-14.561296	 	10106.666667
29.330947	 	10113.333333
14.858452	 	10120.000000
-28.749779	 	10126.666667
-29.701316	 	10133.333333
-1.882304	 	10140.000000
15.373690	 	10146.666667
27.956606	 	10153.333333
-16.237579	 	10160.000000
-3.087616	 	10166.666667
-27.310793	 	10173.333333
-1.072946	 	10180.000000
-1.241226	 	10186.666667
7.937588	 	10193.333333
4.300764	 	10200.000000
38.420611	 	10206.666667
-4.729176	 	10213.333333
-41.624169	 	10220.000000
-24.462221	 	10226.666667
7.282332	 	10233.333333
20.384779	 	10240.000000
6.427680	 	10246.666667
-27.092641	 	10253.333333
17.421338	 	10260.000000
-10.512222	 	10266.666667
13.626458	 	10273.333333
-35.262410	 	10280.000000
-9.550114	 	10286.666667
19.322378	 	10293.333333
14.539751	 	10300.000000
10.065495	 	10306.666667
-1.114012	 	10313.333333
-22.825065	 	10320.000000
1.906722	 	10326.666667
-11.259181	 	10333.333333
3.474403	 	10340.000000
-3.872227	 	10346.666667
50.763866	 	10353.333333
-43.192292	 	10360.000000
-1.962711	 	10366.666667
-17.004374	 	10373.333333
19.375930	 	10380.000000
24.289373	 	10386.666667
2.228807	 	10393.333333
-50.718611	 	10400.000000
-4.797237	 	10406.666667
12.583892	 	10413.333333
47.107774	 	10420.000000
-30.751480	 	10426.666667
-22.223954	 	10433.333333
-35.931961	 	10440.000000
46.407511	 	10446.666667
19.801809	 	10453.333333
5.753303	 	10460.000000
-61.770059	 	10466.666667
0.000846	 	10473.333333
-10.832847	 	10480.000000
57.606679	 	10486.666667
3.214171	 	10493.333333
-36.403114	 	10500.000000
-5.886300	 	10506.666667
18.888755	 	10513.333333
10.527553	 	10520.000000
15.379847	 	10526.666667
-51.313198	 	10533.333333
-1.167888	 	10540.000000
13.318753	 	10546.666667
20.570330	 	10553.333333
6.580666	 	10560.000000
-5.414800	 	10566.666667
-17.252512	 	10573.333333
5.090383	 	10580.000000
-9.475791	 	10586.666667
14.909987	 	10593.333333
-30.441548	 	10600.000000
1.302160	 	10606.666667
14.994369	 	10613.333333
3.788237	 	10620.000000
23.494002	 	10626.666667
-47.872610	 	10633.333333
-5.496593	 	10640.000000
8.656072	 	10646.666667
0.860892	 	10653.333333
6.385237	 	10660.000000
-13.634720	 	10666.666667
13.271243	 	10673.333333
-12.473447	 	10680.000000
-4.353815	 	10686.666667
-14.784288	 	10693.333333
24.015404	 	10700.000000
10.867659	 	10706.666667
-2.639462	 	10713.333333
-23.142235	 	10720.000000
12.199579	 	10726.666667
-1.826786	 	10733.333333
-9.537608	 	10740.000000
-12.372380	 	10746.666667
30.841202	 	10753.333333
-3.592911	 	10760.000000
-0.358749	 	10766.666667
-9.915620	 	10773.333333
9.252382	 	10780.000000
-23.422469	 	10786.666667
7.096310	 	10793.333333
15.056549	 	10800.000000
46.862690	 	10806.666667
-16.591346	 	10813.333333
-11.071197	 	10820.000000
-53.825660	 	10826.666667
10.904310	 	10833.333333
17.258072	 	10840.000000
20.325348	 	10846.666667
-8.975834	 	10853.333333
-9.502617	 	10860.000000
-22.833527	 	10866.666667
18.286770	 	10873.333333
6.126430	 	10880.000000
20.194198	 	10886.666667
-50.664730	 	10893.333333
-6.363059	 	10900.000000
-7.837990	 	10906.666667
29.489617	 	10913.333333
10.816716	 	10920.000000
27.177801	 	10926.666667
-47.140062	 	10933.333333
2.128151	 	10940.000000
-6.773812	 	10946.666667
5.458114	 	10953.333333
-26.384396	 	10960.000000
39.494191	 	10966.666667
-31.422611	 	10973.333333
23.688272	 	10980.000000
-24.823473	 	10986.666667
16.206615	 	10993.333333
-9.834126	 	11000.000000
43.575057	 	11006.666667
-28.184300	 	11013.333333
-6.575959	 	11020.000000
-21.604744	 	11026.666667
6.841010	 	11033.333333
2.666209	 	11040.000000
46.728087	 	11046.666667
-29.725228	 	11053.333333
-21.075297	 	11060.000000
-9.235976	 	11066.666667
39.021204	 	11073.333333
-16.462452	 	11080.000000
7.827088	 	11086.666667
-17.531044	 	11093.333333
3.825938	 	11100.000000
-22.970315	 	11106.666667
18.839963	 	11113.333333
22.527527	 	11120.000000
8.293752	 	11126.666667
-16.779676	 	11133.333333
-21.468963	 	11140.000000
-30.685082	 	11146.666667
34.198626	 	11153.333333
13.557223	 	11160.000000
-50.439930	 	11166.666667
26.470124	 	11173.333333
31.461139	 	11180.000000
-1.611638	 	11186.666667
-15.769031	 	11193.333333
-33.670512	 	11200.000000
-3.991331	 	11206.666667
29.106091	 	11213.333333
11.932943	 	11220.000000
0.803054	 	11226.666667
-20.635326	 	11233.333333
-4.707291	 	11240.000000
-21.649205	 	11246.666667
20.826778	 	11253.333333
-11.626450	 	11260.000000
-3.255397	 	11266.666667
-7.659826	 	11273.333333
38.296810	 	11280.000000
0.125542	 	11286.666667
-11.755741	 	11293.333333
-23.399522	 	11300.000000
4.242975	 	11306.666667
-8.275054	 	11313.333333
34.166309	 	11320.000000
-1.736840	 	11326.666667
-8.612758	 	11333.333333
-21.024756	 	11340.000000
2.677920	 	11346.666667
-6.536104	 	11353.333333
21.191237	 	11360.000000
-4.918210	 	11366.666667
-10.064846	 	11373.333333
-34.982940	 	11380.000000
3.265334	 	11386.666667
25.040620	 	11393.333333
61.306908	 	11400.000000
-18.046870	 	11406.666667
-36.505483	 	11413.333333
-28.141271	 	11420.000000
14.188568	 	11426.666667
19.406727	 	11433.333333
8.131923	 	11440.000000
-26.070106	 	11446.666667
0.688891	 	11453.333333
-14.519642	 	11460.000000
-2.723978	 	11466.666667
15.881812	 	11473.333333
5.288449	 	11480.000000
-4.423683	 	11486.666667
-16.252772	 	11493.333333
-10.327642	 	11500.000000
15.095929	 	11506.666667
-17.826634	 	11513.333333
-22.308894	 	11520.000000
34.357020	 	11526.666667
17.900489	 	11533.333333
-20.232603	 	11540.000000
-38.418013	 	11546.666667
3.867341	 	11553.333333
42.283490	 	11560.000000
-1.428637	 	11566.666667
-40.774881	 	11573.333333
0.085854	 	11580.000000
-10.024237	 	11586.666667
21.626501	 	11593.333333
2.765881	 	11600.000000
-27.460489	 	11606.666667
2.575972	 	11613.333333
4.505528	 	11620.000000
35.173928	 	11626.666667
-17.540701	 	11633.333333
-35.210587	 	11640.000000
-13.955778	 	11646.666667
29.198657	 	11653.333333
13.971582	 	11660.000000
7.538476	 	11666.666667
-19.193740	 	11673.333333
-32.747917	 	11680.000000
-32.366377	 	11686.666667
40.735757	 	11693.333333
47.749266	 	11700.000000
-16.597517	 	11706.666667
-58.483676	 	11713.333333
-15.803286	 	11720.000000
47.895490	 	11726.666667
-8.654161	 	11733.333333
1.771075	 	11740.000000
8.815725	 	11746.666667
13.352770	 	11753.333333
-26.580171	 	11760.000000
-8.819940	 	11766.666667
-5.115395	 	11773.333333
11.863017	 	11780.000000
14.194549	 	11786.666667
-30.349423	 	11793.333333
-20.698960	 	11800.000000
9.780228	 	11806.666667
23.351403	 	11813.333333
-9.396655	 	11820.000000
-24.566471	 	11826.666667
15.747533	 	11833.333333
-9.047032	 	11840.000000
11.548869	 	11846.666667
4.899971	 	11853.333333
-11.653940	 	11860.000000
-22.602144	 	11866.666667
12.939404	 	11873.333333
-48.082263	 	11880.000000
37.799821	 	11886.666667
30.592196	 	11893.333333
-0.172282	 	11900.000000
-40.710844	 	11906.666667
0.218336	 	11913.333333
-24.726970	 	11920.000000
47.318766	 	11926.666667
-30.389012	 	11933.333333
9.145804	 	11940.000000
-3.444137	 	11946.666667
9.466328	 	11953.333333
-30.517017	 	11960.000000
20.297554	 	11966.666667
-21.926695	 	11973.333333
41.928456	 	11980.000000
-8.429874	 	11986.666667
-3.629844	 	11993.333333
-82.205294	 	12000.000000
49.359185	 	12006.666667
19.204350	 	12013.333333
-3.430887	 	12020.000000
12.154108	 	12026.666667
-15.485452	 	12033.333333
-24.021809	 	12040.000000
-28.036165	 	12046.666667
51.722249	 	12053.333333
-23.311790	 	12060.000000
24.820201	 	12066.666667
39.057994	 	12073.333333
-52.375992	 	12080.000000
-71.599340	 	12086.666667
17.121615	 	12093.333333
-5.292483	 	12100.000000
112.431212	 	12106.666667
-23.296098	 	12113.333333
-13.421291	 	12120.000000
-93.093316	 	12126.666667
-33.266677	 	12133.333333
8.911438	 	12140.000000
114.575709	 	12146.666667
64.234045	 	12153.333333
-99.479209	 	12160.000000
42.222762	 	12166.666667
-62.496180	 	12173.333333
-112.610837	 	12180.000000
29.794762	 	12186.666667
77.997084	 	12193.333333
178.037384	 	12200.000000
-183.359412	 	12206.666667
-23.447502	 	12213.333333
-17.895378	 	12220.000000
-2.130846	 	12226.666667
80.486772	 	12233.333333
-21.067896	 	12240.000000
14.956161	 	12246.666667
-63.284216	 	12253.333333
-81.944739	 	12260.000000
186.219112	 	12266.666667
-65.662170	 	12273.333333
-60.359016	 	12280.000000
-1.966286	 	12286.666667
-16.743988	 	12293.333333
25.287023	 	12300.000000
104.237387	 	12306.666667
-6.883972	 	12313.333333
-116.454947	 	12320.000000
-140.988093	 	12326.666667
150.193559	 	12333.333333
170.946878	 	12340.000000
-134.411368	 	12346.666667
-83.860127	 	12353.333333
-168.599946	 	12360.000000
413.209177	 	12366.666667
-180.450619	 	12373.333333
-22.340332	 	12380.000000
-68.705634	 	12386.666667
300.268382	 	12393.333333
-448.583571	 	12400.000000
231.973308	 	12406.666667
78.671321	 	12413.333333
-130.459463	 	12420.000000
-44.869620	 	12426.666667
17.503567	 	12433.333333
109.831340	 	12440.000000
227.429471	 	12446.666667
-502.640502	 	12453.333333
-86.597209	 	12460.000000
490.065833	 	12466.666667
-57.293249	 	12473.333333
-17.966155	 	12480.000000
-273.830449	 	12486.666667
-2.220905	 	12493.333333
-181.816912	 	12500.000000
268.359528	 	12506.666667
225.830535	 	12513.333333
555.597891	 	12520.000000
-704.977325	 	12526.666667
-392.289534	 	12533.333333
-494.425782	 	12540.000000
1134.217598	 	12546.666667
-229.774550	 	12553.333333
422.027325	 	12560.000000
-421.724192	 	12566.666667
-276.105704	 	12573.333333
-24.342198	 	12580.000000
-163.285343	 	12586.666667
886.965894	 	12593.333333
-386.932812	 	12600.000000
-10.825203	 	12606.666667
-247.895581	 	12613.333333
-337.546484	 	12620.000000
138.912058	 	12626.666667
766.231770	 	12633.333333
91.822649	 	12640.000000
-925.208721	 	12646.666667
163.042001	 	12653.333333
759.572339	 	12660.000000
-803.435812	 	12666.666667
-534.043436	 	12673.333333
1213.602365	 	12680.000000
307.897196	 	12686.666667
-732.793122	 	12693.333333
-884.633798	 	12700.000000
1417.827086	 	12706.666667
-568.331313	 	12713.333333
-800.475547	 	12720.000000
1019.362613	 	12726.666667
819.046774	 	12733.333333
-721.651061	 	12740.000000
-910.720461	 	12746.666667
-580.279595	 	12753.333333
1802.925365	 	12760.000000
-594.878404	 	12766.666667
2.817430	 	12773.333333
444.459954	 	12780.000000
-548.289400	 	12786.666667
-324.477271	 	12793.333333
543.442234	 	12800.000000
-484.067847	 	12806.666667
-651.200992	 	12813.333333
2171.893875	 	12820.000000
-645.752310	 	12826.666667
-991.470067	 	12833.333333
181.713716	 	12840.000000
-100.507324	 	12846.666667
-918.951118	 	12853.333333
2707.735308	 	12860.000000
-967.963260	 	12866.666667
-290.187465	 	12873.333333
-913.780962	 	12880.000000
-820.622578	 	12886.666667
2353.567474	 	12893.333333
-866.527707	 	12900.000000
824.833154	 	12906.666667
-618.469124	 	12913.333333
40.614265	 	12920.000000
-973.776655	 	12926.666667
139.138481	 	12933.333333
-997.902164	 	12940.000000
3215.194197	 	12946.666667
-991.106378	 	12953.333333
186.394382	 	12960.000000
-992.219795	 	12966.666667
-920.764248	 	12973.333333
-952.394168	 	12980.000000
3770.234475	 	12986.666667
-847.038882	 	12993.333333
-935.410386	 	13000.000000
-999.641704	 	13006.666667
2276.927149	 	13013.333333
-999.216300	 	13020.000000
-981.818938	 	13026.666667
-975.074007	 	13033.333333
3167.850313	 	13040.000000
-766.443903	 	13046.666667
-91.692711	 	13053.333333
-999.597850	 	13060.000000
-944.823815	 	13066.666667
488.189817	 	13073.333333
2781.612978	 	13080.000000
-870.988066	 	13086.666667
-998.339118	 	13093.333333
-577.330906	 	13100.000000
-128.950785	 	13106.666667
-999.865290	 	13113.333333
2769.678151	 	13120.000000
-898.751081	 	13126.666667
539.373015	 	13133.333333
-614.661425	 	13140.000000
-987.459344	 	13146.666667
1560.918944	 	13153.333333
-761.407301	 	13160.000000
334.557676	 	13166.666667
-998.549138	 	13173.333333
-979.978826	 	13180.000000
3450.934287	 	13186.666667
-796.108396	 	13193.333333
-993.594283	 	13200.000000
-999.971866	 	13206.666667
1575.866272	 	13213.333333
-999.313292	 	13220.000000
-999.998848	 	13226.666667
-999.997807	 	13233.333333
1929.107653	 	13240.000000
4682.838181	 	13246.666667
-999.998848	 	13253.333333
-999.998848	 	13260.000000
-999.998849	 	13266.666667
-999.998851	 	13273.333333
-999.998859	 	13280.000000
-999.998868	 	13286.666667
-999.998881	 	13293.333333
-999.998891	 	13300.000000
-999.998931	 	13306.666667
-999.998856	 	13313.333333
-999.999043	 	13320.000000
-999.999051	 	13326.666667
