#peak 	 	#time 
-999.999039	 	0.000000
-999.999255	 	6.666667
-999.999010	 	13.333333
-999.998877	 	20.000000
-999.999427	 	26.666667
-999.999439	 	33.333333
-999.999696	 	40.000000
-999.999735	 	46.666667
-999.999463	 	53.333333
-999.999878	 	60.000000
-999.999355	 	66.666667
-1000.000000	 	73.333333
-1000.000000	 	80.000000
-1000.000000	 	86.666667
-1000.000000	 	93.333333
32231.448829	 	100.000000
-999.998876	 	106.666667
-999.998882	 	113.333333
-999.998893	 	120.000000
-999.998900	 	126.666667
-999.998882	 	133.333333
-999.998896	 	140.000000
-999.998875	 	146.666667
-999.998887	 	153.333333
-999.998880	 	160.000000
-999.998880	 	166.666667
-999.998875	 	173.333333
-999.998874	 	180.000000
-999.998872	 	186.666667
-999.998871	 	193.333333
-999.998871	 	200.000000
-999.985263	 	206.666667
3350.097414	 	213.333333
1466.908201	 	220.000000
-505.810605	 	226.666667
-572.456260	 	233.333333
-131.789014	 	240.000000
253.696948	 	246.666667
-82.230410	 	253.333333
93.384028	 	260.000000
-54.823992	 	266.666667
-280.411937	 	273.333333
127.562783	 	280.000000
121.152891	 	286.666667
21.770773	 	293.333333
-34.957960	 	300.000000
-154.886708	 	306.666667
-135.164870	 	313.333333
90.525292	 	320.000000
-72.589647	 	326.666667
-4.943573	 	333.333333
31.898642	 	340.000000
168.875752	 	346.666667
-102.476614	 	353.333333
-105.191348	 	360.000000
-6.442694	 	366.666667
121.095389	 	373.333333
75.752484	 	380.000000
19.073595	 	386.666667
-5.767375	 	393.333333
177.643960	 	400.000000
-145.010788	 	406.666667
-133.745130	 	413.333333
-141.639027	 	420.000000
229.209028	 	426.666667
88.669244	 	433.333333
-40.753284	 	440.000000
95.665482	 	446.666667
-129.211482	 	453.333333
131.778364	 	460.000000
-74.922404	 	466.666667
-33.862198	 	473.333333
11.317739	 	480.000000
177.399673	 	486.666667
-155.869555	 	493.333333
129.329564	 	500.000000
-112.178572	 	506.666667
-2.888368	 	513.333333
67.801802	 	520.000000
68.043608	 	526.666667
17.477501	 	533.333333
-1.908950	 	540.000000
-106.823642	 	546.666667
-139.025367	 	553.333333
300.944777	 	560.000000
-75.240704	 	566.666667
-0.721811	 	573.333333
-30.648705	 	580.000000
25.926132	 	586.666667
57.850982	 	593.333333
-21.477952	 	600.000000
-23.550421	 	606.666667
-58.821855	 	613.333333
-7.316274	 	620.000000
50.617745	 	626.666667
85.664429	 	633.333333
0.415954	 	640.000000
-18.301212	 	646.666667
-86.995469	 	653.333333
79.240963	 	660.000000
5.997419	 	666.666667
-35.216074	 	673.333333
33.433519	 	680.000000
-30.259551	 	686.666667
-42.043683	 	693.333333
150.736767	 	700.000000
-9.379098	 	706.666667
-14.296739	 	713.333333
-64.355465	 	720.000000
-69.245119	 	726.666667
74.351888	 	733.333333
113.578071	 	740.000000
-44.987439	 	746.666667
-58.403398	 	753.333333
2.056046	 	760.000000
107.367040	 	766.666667
-21.434198	 	773.333333
-38.753996	 	780.000000
-62.757413	 	786.666667
47.460365	 	793.333333
36.014483	 	800.000000
18.823019	 	806.666667
21.248971	 	813.333333
-28.955406	 	820.000000
4.287498	 	826.666667
1.718745	 	833.333333
2.798923	 	840.000000
0.772077	 	846.666667
27.688964	 	853.333333
-26.796018	 	860.000000
19.759826	 	866.666667
35.238854	 	873.333333
19.348357	 	880.000000
6.589387	 	886.666667
-53.080591	 	893.333333
-21.502520	 	900.000000
63.400883	 	906.666667
-9.690318	 	913.333333
13.270976	 	920.000000
19.340380	 	926.666667
-21.739699	 	933.333333
2.255675	 	940.000000
-2.010108	 	946.666667
7.069406	 	953.333333
36.716394	 	960.000000
-31.329623	 	966.666667
-6.183358	 	973.333333
38.228410	 	980.000000
16.357300	 	986.666667
-5.775504	 	993.333333
-2.737503	 	1000.000000
11.977594	 	1006.666667
-6.525203	 	1013.333333
15.698094	 	1020.000000
2.977825	 	1026.666667
-9.309313	 	1033.333333
24.493041	 	1040.000000
-5.354552	 	1046.666667
7.004165	 	1053.333333
-11.535789	 	1060.000000
18.733503	 	1066.666667
22.519608	 	1073.333333
-16.816069	 	1080.000000
-8.113869	 	1086.666667
14.978742	 	1093.333333
17.434232	 	1100.000000
20.313819	 	1106.666667
-17.089171	 	1113.333333
-3.580621	 	1120.000000
9.535933	 	1126.666667
10.770001	 	1133.333333
-3.268084	 	1140.000000
20.734816	 	1146.666667
12.205861	 	1153.333333
-9.742239	 	1160.000000
-0.228467	 	1166.666667
4.210150	 	1173.333333
14.536442	 	1180.000000
5.001978	 	1186.666667
4.185523	 	1193.333333
8.490329	 	1200.000000
13.121805	 	1206.666667
-10.748067	 	1213.333333
0.584102	 	1220.000000
17.228970	 	1226.666667
11.520524	 	1233.333333
2.742859	 	1240.000000
-6.617057	 	1246.666667
-0.326826	 	1253.333333
14.478704	 	1260.000000
6.312823	 	1266.666667
11.128296	 	1273.333333
-7.370846	 	1280.000000
4.690838	 	1286.666667
3.409703	 	1293.333333
19.198412	 	1300.000000
4.315429	 	1306.666667
-2.507126	 	1313.333333
-3.315827	 	1320.000000
11.316653	 	1326.666667
14.759513	 	1333.333333
14.319324	 	1340.000000
-16.085303	 	1346.666667
2.292514	 	1353.333333
8.545232	 	1360.000000
9.355132	 	1366.666667
10.829278	 	1373.333333
10.067929	 	1380.000000
-10.084892	 	1386.666667
5.684018	 	1393.333333
1.898518	 	1400.000000
9.317800	 	1406.666667
17.611567	 	1413.333333
-7.465189	 	1420.000000
-3.166598	 	1426.666667
9.059334	 	1433.333333
12.994562	 	1440.000000
8.442149	 	1446.666667
-4.444719	 	1453.333333
6.528486	 	1460.000000
5.169099	 	1466.666667
-2.170895	 	1473.333333
12.157926	 	1480.000000
11.503578	 	1486.666667
2.341024	 	1493.333333
1.861371	 	1500.000000
-4.442932	 	1506.666667
5.992592	 	1513.333333
9.445421	 	1520.000000
13.693428	 	1526.666667
-5.088278	 	1533.333333
-2.606799	 	1540.000000
11.564055	 	1546.666667
5.407871	 	1553.333333
7.986016	 	1560.000000
7.516589	 	1566.666667
3.669431	 	1573.333333
12.603916	 	1580.000000
2.210407	 	1586.666667
-9.430929	 	1593.333333
6.442821	 	1600.000000
15.802418	 	1606.666667
5.073227	 	1613.333333
6.564131	 	1620.000000
-10.409885	 	1626.666667
8.808120	 	1633.333333
9.179554	 	1640.000000
4.268932	 	1646.666667
1.048226	 	1653.333333
8.188988	 	1660.000000
4.380617	 	1666.666667
7.561470	 	1673.333333
-5.094255	 	1680.000000
3.305555	 	1686.666667
11.482932	 	1693.333333
18.637670	 	1700.000000
-7.746650	 	1706.666667
-2.855069	 	1713.333333
10.358390	 	1720.000000
6.511157	 	1726.666667
2.849228	 	1733.333333
12.073892	 	1740.000000
-5.687982	 	1746.666667
4.771958	 	1753.333333
9.090739	 	1760.000000
14.659492	 	1766.666667
6.791421	 	1773.333333
-3.310858	 	1780.000000
-2.026775	 	1786.666667
7.502046	 	1793.333333
14.229925	 	1800.000000
7.587154	 	1806.666667
1.362462	 	1813.333333
0.929451	 	1820.000000
-7.154103	 	1826.666667
12.010453	 	1833.333333
4.700504	 	1840.000000
12.165466	 	1846.666667
11.080551	 	1853.333333
-5.156167	 	1860.000000
-2.896823	 	1866.666667
5.270538	 	1873.333333
10.744584	 	1880.000000
13.806079	 	1886.666667
-3.752311	 	1893.333333
-2.842443	 	1900.000000
2.764756	 	1906.666667
16.435047	 	1913.333333
-1.775452	 	1920.000000
2.176462	 	1926.666667
11.650669	 	1933.333333
3.751594	 	1940.000000
4.412708	 	1946.666667
3.205355	 	1953.333333
3.681449	 	1960.000000
5.902969	 	1966.666667
1.316022	 	1973.333333
3.927400	 	1980.000000
6.724743	 	1986.666667
1.354797	 	1993.333333
7.970509	 	2000.000000
3.161182	 	2006.666667
-2.649349	 	2013.333333
13.157477	 	2020.000000
4.351147	 	2026.666667
2.092785	 	2033.333333
5.230078	 	2040.000000
5.430502	 	2046.666667
0.605382	 	2053.333333
10.718268	 	2060.000000
-1.782656	 	2066.666667
17.407348	 	2073.333333
2.571746	 	2080.000000
9.224404	 	2086.666667
-4.448556	 	2093.333333
0.429613	 	2100.000000
-0.733473	 	2106.666667
9.423202	 	2113.333333
7.986463	 	2120.000000
15.073127	 	2126.666667
6.034570	 	2133.333333
-0.950096	 	2140.000000
-0.126682	 	2146.666667
2.739383	 	2153.333333
7.537544	 	2160.000000
6.745439	 	2166.666667
6.310209	 	2173.333333
6.779640	 	2180.000000
-3.110129	 	2186.666667
6.301820	 	2193.333333
-2.316914	 	2200.000000
13.774945	 	2206.666667
9.371246	 	2213.333333
4.607351	 	2220.000000
2.986776	 	2226.666667
-8.874805	 	2233.333333
9.882356	 	2240.000000
8.666565	 	2246.666667
12.523538	 	2253.333333
0.486236	 	2260.000000
-1.907040	 	2266.666667
9.383535	 	2273.333333
10.145708	 	2280.000000
1.508910	 	2286.666667
-2.825233	 	2293.333333
8.649617	 	2300.000000
11.187122	 	2306.666667
3.384614	 	2313.333333
2.178521	 	2320.000000
-3.631152	 	2326.666667
11.032794	 	2333.333333
15.660411	 	2340.000000
2.163193	 	2346.666667
-1.607364	 	2353.333333
1.856129	 	2360.000000
5.833053	 	2366.666667
10.026898	 	2373.333333
4.101706	 	2380.000000
1.054849	 	2386.666667
15.076835	 	2393.333333
0.111479	 	2400.000000
-6.536453	 	2406.666667
6.879328	 	2413.333333
14.935124	 	2420.000000
7.026680	 	2426.666667
2.550521	 	2433.333333
-11.842203	 	2440.000000
7.209585	 	2446.666667
11.311684	 	2453.333333
9.540210	 	2460.000000
9.022340	 	2466.666667
-7.481465	 	2473.333333
3.117817	 	2480.000000
8.492324	 	2486.666667
4.894644	 	2493.333333
6.811903	 	2500.000000
3.114943	 	2506.666667
8.748893	 	2513.333333
-1.294175	 	2520.000000
6.388993	 	2526.666667
19.031495	 	2533.333333
-1.584442	 	2540.000000
-6.863189	 	2546.666667
12.509203	 	2553.333333
9.689204	 	2560.000000
4.371455	 	2566.666667
-2.225856	 	2573.333333
6.556291	 	2580.000000
9.413447	 	2586.666667
0.450732	 	2593.333333
4.406819	 	2600.000000
15.682448	 	2606.666667
3.733316	 	2613.333333
1.391370	 	2620.000000
-0.355034	 	2626.666667
2.029273	 	2633.333333
12.462217	 	2640.000000
0.181726	 	2646.666667
-0.952127	 	2653.333333
27.421065	 	2660.000000
1.051487	 	2666.666667
-5.542613	 	2673.333333
-0.350238	 	2680.000000
7.279326	 	2686.666667
9.127090	 	2693.333333
4.693117	 	2700.000000
4.442592	 	2706.666667
7.316804	 	2713.333333
-4.576795	 	2720.000000
4.115916	 	2726.666667
11.872008	 	2733.333333
19.521377	 	2740.000000
-8.133539	 	2746.666667
-10.145878	 	2753.333333
17.554099	 	2760.000000
13.828775	 	2766.666667
-6.040714	 	2773.333333
7.792665	 	2780.000000
15.332805	 	2786.666667
-13.392406	 	2793.333333
14.941311	 	2800.000000
10.504269	 	2806.666667
4.283804	 	2813.333333
0.926199	 	2820.000000
-0.103397	 	2826.666667
11.640575	 	2833.333333
2.774548	 	2840.000000
0.399524	 	2846.666667
-9.552348	 	2853.333333
19.229401	 	2860.000000
18.085695	 	2866.666667
-1.982679	 	2873.333333
-6.749197	 	2880.000000
-3.742700	 	2886.666667
18.775598	 	2893.333333
15.180982	 	2900.000000
-13.890472	 	2906.666667
4.234326	 	2913.333333
15.773749	 	2920.000000
2.685135	 	2926.666667
-0.401936	 	2933.333333
8.995101	 	2940.000000
9.350834	 	2946.666667
9.459533	 	2953.333333
-14.928394	 	2960.000000
7.119759	 	2966.666667
21.396998	 	2973.333333
1.894944	 	2980.000000
0.026530	 	2986.666667
7.780497	 	2993.333333
15.175078	 	3000.000000
4.014736	 	3006.666667
-10.026004	 	3013.333333
5.783413	 	3020.000000
17.884046	 	3026.666667
1.153260	 	3033.333333
5.757264	 	3040.000000
-4.336300	 	3046.666667
16.859135	 	3053.333333
4.773853	 	3060.000000
-5.228952	 	3066.666667
5.524968	 	3073.333333
12.006419	 	3080.000000
12.314212	 	3086.666667
-1.422223	 	3093.333333
-6.422376	 	3100.000000
12.169291	 	3106.666667
16.259634	 	3113.333333
11.923451	 	3120.000000
3.902343	 	3126.666667
-13.669103	 	3133.333333
-5.969438	 	3140.000000
58.693484	 	3146.666667
95.466289	 	3153.333333
61.650497	 	3160.000000
138.969423	 	3166.666667
193.247883	 	3173.333333
30.355102	 	3180.000000
11.450218	 	3186.666667
654.917878	 	3193.333333
2974.311314	 	3200.000000
6947.875497	 	3206.666667
5751.256953	 	3213.333333
2563.274637	 	3220.000000
1975.392630	 	3226.666667
2961.110052	 	3233.333333
4150.934774	 	3240.000000
4616.080415	 	3246.666667
4957.998482	 	3253.333333
5051.501043	 	3260.000000
5059.977485	 	3266.666667
5158.011013	 	3273.333333
5269.358151	 	3280.000000
5381.061773	 	3286.666667
5386.265347	 	3293.333333
5347.971693	 	3300.000000
5191.474748	 	3306.666667
5162.932989	 	3313.333333
5104.959133	 	3320.000000
5163.437874	 	3326.666667
5052.367465	 	3333.333333
4644.061302	 	3340.000000
4533.954399	 	3346.666667
4505.875523	 	3353.333333
4484.152990	 	3360.000000
4305.732129	 	3366.666667
3916.336613	 	3373.333333
3932.423715	 	3380.000000
3924.903918	 	3386.666667
3790.027395	 	3393.333333
3491.570229	 	3400.000000
3361.981076	 	3406.666667
3127.280873	 	3413.333333
3099.653651	 	3420.000000
3049.809492	 	3426.666667
2954.155968	 	3433.333333
2836.085648	 	3440.000000
2834.111567	 	3446.666667
2708.861874	 	3453.333333
2575.326703	 	3460.000000
2408.368704	 	3466.666667
2486.219546	 	3473.333333
2493.501293	 	3480.000000
2373.183167	 	3486.666667
2243.040424	 	3493.333333
2262.935644	 	3500.000000
2244.788711	 	3506.666667
2122.918641	 	3513.333333
2041.720031	 	3520.000000
1997.799702	 	3526.666667
2053.867664	 	3533.333333
2018.880073	 	3540.000000
1923.903594	 	3546.666667
1830.043993	 	3553.333333
1767.631422	 	3560.000000
1784.307699	 	3566.666667
1803.962473	 	3573.333333
1697.929931	 	3580.000000
1687.040519	 	3586.666667
1648.622968	 	3593.333333
1596.287963	 	3600.000000
1630.210732	 	3606.666667
1564.203218	 	3613.333333
1510.677139	 	3620.000000
1513.422061	 	3626.666667
1504.272410	 	3633.333333
1488.996225	 	3640.000000
1402.237397	 	3646.666667
1332.291706	 	3653.333333
1343.432090	 	3660.000000
1390.063953	 	3666.666667
1391.430357	 	3673.333333
1320.048587	 	3680.000000
1234.513121	 	3686.666667
1227.160832	 	3693.333333
1241.010589	 	3700.000000
1206.360742	 	3706.666667
1194.236928	 	3713.333333
1146.498714	 	3720.000000
1120.326342	 	3726.666667
1126.540994	 	3733.333333
1121.130369	 	3740.000000
1046.482541	 	3746.666667
1041.031951	 	3753.333333
1050.952163	 	3760.000000
1029.430995	 	3766.666667
1017.802652	 	3773.333333
996.734541	 	3780.000000
939.574550	 	3786.666667
964.882549	 	3793.333333
933.493784	 	3800.000000
917.865700	 	3806.666667
939.162452	 	3813.333333
902.255378	 	3820.000000
876.034804	 	3826.666667
846.792561	 	3833.333333
837.885017	 	3840.000000
832.993983	 	3846.666667
833.263990	 	3853.333333
818.525854	 	3860.000000
786.252063	 	3866.666667
790.150911	 	3873.333333
791.583149	 	3880.000000
773.513208	 	3886.666667
710.319343	 	3893.333333
720.882280	 	3900.000000
718.003903	 	3906.666667
750.839025	 	3913.333333
737.732755	 	3920.000000
677.953167	 	3926.666667
673.024665	 	3933.333333
661.924528	 	3940.000000
656.981824	 	3946.666667
662.557214	 	3953.333333
633.517222	 	3960.000000
633.425669	 	3966.666667
624.858375	 	3973.333333
607.457347	 	3980.000000
604.521377	 	3986.666667
585.502545	 	3993.333333
572.934768	 	4000.000000
593.096548	 	4006.666667
580.238383	 	4013.333333
541.772267	 	4020.000000
541.393053	 	4026.666667
550.116195	 	4033.333333
527.126339	 	4040.000000
529.021236	 	4046.666667
517.711893	 	4053.333333
498.226363	 	4060.000000
515.424527	 	4066.666667
508.932081	 	4073.333333
466.790317	 	4080.000000
464.094659	 	4086.666667
469.276122	 	4093.333333
469.971107	 	4100.000000
477.566537	 	4106.666667
454.279125	 	4113.333333
416.107353	 	4120.000000
444.447577	 	4126.666667
432.788154	 	4133.333333
429.074489	 	4140.000000
441.529840	 	4146.666667
401.965050	 	4153.333333
399.655289	 	4160.000000
411.189956	 	4166.666667
395.519660	 	4173.333333
383.414391	 	4180.000000
382.790435	 	4186.666667
389.824314	 	4193.333333
401.798506	 	4200.000000
377.998100	 	4206.666667
362.381876	 	4213.333333
342.276569	 	4220.000000
348.644354	 	4226.666667
357.222388	 	4233.333333
379.750396	 	4240.000000
340.426111	 	4246.666667
358.916384	 	4253.333333
310.843035	 	4260.000000
309.991054	 	4266.666667
335.093370	 	4273.333333
343.656078	 	4280.000000
347.408490	 	4286.666667
312.658813	 	4293.333333
308.344979	 	4300.000000
305.295508	 	4306.666667
287.258110	 	4313.333333
294.180432	 	4320.000000
298.512751	 	4326.666667
312.955727	 	4333.333333
296.275584	 	4340.000000
280.916148	 	4346.666667
259.327134	 	4353.333333
269.230799	 	4360.000000
270.367641	 	4366.666667
278.250765	 	4373.333333
291.336620	 	4380.000000
258.014890	 	4386.666667
257.571649	 	4393.333333
230.060017	 	4400.000000
252.098324	 	4406.666667
260.712776	 	4413.333333
241.938124	 	4420.000000
238.352198	 	4426.666667
249.536121	 	4433.333333
237.431441	 	4440.000000
234.416756	 	4446.666667
225.311491	 	4453.333333
220.434954	 	4460.000000
220.441885	 	4466.666667
223.613885	 	4473.333333
220.063293	 	4480.000000
206.148274	 	4486.666667
209.200355	 	4493.333333
218.686911	 	4500.000000
202.604673	 	4506.666667
212.059574	 	4513.333333
196.571825	 	4520.000000
197.775187	 	4526.666667
193.174827	 	4533.333333
210.268754	 	4540.000000
163.277146	 	4546.666667
195.175529	 	4553.333333
194.767818	 	4560.000000
197.294981	 	4566.666667
180.899864	 	4573.333333
174.517161	 	4580.000000
133.713299	 	4586.666667
251.873600	 	4593.333333
157.445266	 	4600.000000
153.986237	 	4606.666667
152.724889	 	4613.333333
193.437644	 	4620.000000
154.495217	 	4626.666667
195.870713	 	4633.333333
139.609049	 	4640.000000
191.619142	 	4646.666667
85.932180	 	4653.333333
179.846541	 	4660.000000
224.231040	 	4666.666667
157.285041	 	4673.333333
75.942068	 	4680.000000
191.931570	 	4686.666667
128.189066	 	4693.333333
179.754252	 	4700.000000
126.732059	 	4706.666667
90.361586	 	4713.333333
250.787101	 	4720.000000
175.696518	 	4726.666667
30.310791	 	4733.333333
146.045960	 	4740.000000
127.139197	 	4746.666667
262.726376	 	4753.333333
-3.325693	 	4760.000000
113.910533	 	4766.666667
238.553164	 	4773.333333
68.755783	 	4780.000000
164.379792	 	4786.666667
73.199999	 	4793.333333
175.407973	 	4800.000000
121.966183	 	4806.666667
88.690379	 	4813.333333
100.351177	 	4820.000000
161.416628	 	4826.666667
148.001047	 	4833.333333
63.741015	 	4840.000000
126.713842	 	4846.666667
87.006055	 	4853.333333
180.193320	 	4860.000000
60.420046	 	4866.666667
23.308849	 	4873.333333
282.513116	 	4880.000000
-40.214093	 	4886.666667
188.158324	 	4893.333333
107.636236	 	4900.000000
75.511777	 	4906.666667
159.415436	 	4913.333333
26.750889	 	4920.000000
127.035652	 	4926.666667
114.995104	 	4933.333333
88.155551	 	4940.000000
63.855380	 	4946.666667
143.333866	 	4953.333333
124.787107	 	4960.000000
38.070205	 	4966.666667
120.852021	 	4973.333333
80.329554	 	4980.000000
178.196213	 	4986.666667
-42.432998	 	4993.333333
112.388569	 	5000.000000
197.043156	 	5006.666667
16.193239	 	5013.333333
125.013331	 	5020.000000
21.907953	 	5026.666667
128.566397	 	5033.333333
125.237315	 	5040.000000
61.021272	 	5046.666667
42.767701	 	5053.333333
102.410289	 	5060.000000
123.583124	 	5066.666667
49.121244	 	5073.333333
83.011338	 	5080.000000
72.506338	 	5086.666667
102.125387	 	5093.333333
62.274699	 	5100.000000
39.730248	 	5106.666667
142.786039	 	5113.333333
61.812059	 	5120.000000
68.435960	 	5126.666667
33.663455	 	5133.333333
134.658686	 	5140.000000
61.110919	 	5146.666667
50.752715	 	5153.333333
95.356533	 	5160.000000
42.705074	 	5166.666667
80.882975	 	5173.333333
84.120071	 	5180.000000
55.561178	 	5186.666667
75.404639	 	5193.333333
60.579633	 	5200.000000
60.967945	 	5206.666667
80.576632	 	5213.333333
70.591015	 	5220.000000
45.156492	 	5226.666667
72.216151	 	5233.333333
40.458987	 	5240.000000
103.646372	 	5246.666667
62.573809	 	5253.333333
21.771025	 	5260.000000
99.931153	 	5266.666667
33.414793	 	5273.333333
46.024916	 	5280.000000
85.888763	 	5286.666667
56.768969	 	5293.333333
57.700163	 	5300.000000
52.580212	 	5306.666667
59.491086	 	5313.333333
57.647084	 	5320.000000
61.500054	 	5326.666667
59.947677	 	5333.333333
46.096831	 	5340.000000
51.800195	 	5346.666667
67.308150	 	5353.333333
45.865631	 	5360.000000
58.158799	 	5366.666667
56.230559	 	5373.333333
32.509750	 	5380.000000
57.389493	 	5386.666667
66.669009	 	5393.333333
47.038656	 	5400.000000
43.385425	 	5406.666667
37.860803	 	5413.333333
75.531034	 	5420.000000
38.623396	 	5426.666667
46.247605	 	5433.333333
55.467788	 	5440.000000
28.736537	 	5446.666667
52.951151	 	5453.333333
64.460406	 	5460.000000
34.861288	 	5466.666667
41.707071	 	5473.333333
47.298570	 	5480.000000
30.973270	 	5486.666667
44.884365	 	5493.333333
34.762561	 	5500.000000
57.058748	 	5506.666667
49.336150	 	5513.333333
21.359554	 	5520.000000
59.328457	 	5526.666667
38.632300	 	5533.333333
50.797968	 	5540.000000
35.415994	 	5546.666667
26.821421	 	5553.333333
48.131945	 	5560.000000
50.072148	 	5566.666667
40.351610	 	5573.333333
31.477921	 	5580.000000
42.561006	 	5586.666667
46.002748	 	5593.333333
37.458282	 	5600.000000
27.561415	 	5606.666667
32.758495	 	5613.333333
45.482403	 	5620.000000
38.069727	 	5626.666667
45.076326	 	5633.333333
36.072530	 	5640.000000
37.003234	 	5646.666667
32.368865	 	5653.333333
32.651612	 	5660.000000
45.803062	 	5666.666667
26.454491	 	5673.333333
35.811788	 	5680.000000
36.995087	 	5686.666667
38.311574	 	5693.333333
43.558198	 	5700.000000
28.466728	 	5706.666667
11.299145	 	5713.333333
40.443170	 	5720.000000
47.934527	 	5726.666667
39.062062	 	5733.333333
24.161557	 	5740.000000
23.340873	 	5746.666667
35.929976	 	5753.333333
31.174333	 	5760.000000
23.920786	 	5766.666667
44.203898	 	5773.333333
24.369606	 	5780.000000
40.291128	 	5786.666667
23.681541	 	5793.333333
34.552559	 	5800.000000
30.317444	 	5806.666667
27.483947	 	5813.333333
26.515925	 	5820.000000
37.130005	 	5826.666667
25.441050	 	5833.333333
20.967231	 	5840.000000
17.264941	 	5846.666667
24.857876	 	5853.333333
44.354539	 	5860.000000
25.146189	 	5866.666667
22.516001	 	5873.333333
31.495962	 	5880.000000
26.048916	 	5886.666667
19.686946	 	5893.333333
16.744160	 	5900.000000
26.070015	 	5906.666667
41.542727	 	5913.333333
23.313887	 	5920.000000
14.859473	 	5926.666667
20.678126	 	5933.333333
32.326516	 	5940.000000
26.312134	 	5946.666667
20.977851	 	5953.333333
26.244404	 	5960.000000
26.780171	 	5966.666667
19.574696	 	5973.333333
24.910954	 	5980.000000
35.184310	 	5986.666667
15.069134	 	5993.333333
14.641164	 	6000.000000
27.105696	 	6006.666667
25.467096	 	6013.333333
27.828582	 	6020.000000
16.280516	 	6026.666667
14.718704	 	6033.333333
16.472999	 	6040.000000
36.416196	 	6046.666667
32.455609	 	6053.333333
15.498938	 	6060.000000
26.451356	 	6066.666667
4.586887	 	6073.333333
21.552201	 	6080.000000
35.214361	 	6086.666667
26.154285	 	6093.333333
13.228821	 	6100.000000
14.040109	 	6106.666667
22.003638	 	6113.333333
30.363077	 	6120.000000
31.493852	 	6126.666667
5.964210	 	6133.333333
10.126657	 	6140.000000
25.377816	 	6146.666667
24.146246	 	6153.333333
27.742944	 	6160.000000
11.170921	 	6166.666667
7.655477	 	6173.333333
29.935986	 	6180.000000
19.988857	 	6186.666667
24.363721	 	6193.333333
11.493102	 	6200.000000
18.081671	 	6206.666667
22.297441	 	6213.333333
21.870814	 	6220.000000
10.601308	 	6226.666667
27.756907	 	6233.333333
22.462182	 	6240.000000
14.383782	 	6246.666667
6.783312	 	6253.333333
21.857428	 	6260.000000
17.219014	 	6266.666667
19.858656	 	6273.333333
15.560468	 	6280.000000
31.663987	 	6286.666667
6.825694	 	6293.333333
12.319497	 	6300.000000
11.607902	 	6306.666667
16.893518	 	6313.333333
8.199802	 	6320.000000
21.677869	 	6326.666667
20.286583	 	6333.333333
22.166427	 	6340.000000
4.266259	 	6346.666667
15.663848	 	6353.333333
16.570340	 	6360.000000
29.111969	 	6366.666667
9.170707	 	6373.333333
5.527716	 	6380.000000
11.163624	 	6386.666667
21.666641	 	6393.333333
13.865094	 	6400.000000
28.445220	 	6406.666667
13.781456	 	6413.333333
4.293032	 	6420.000000
10.328500	 	6426.666667
14.402914	 	6433.333333
15.370108	 	6440.000000
23.350427	 	6446.666667
13.541430	 	6453.333333
18.464414	 	6460.000000
6.393719	 	6466.666667
6.226262	 	6473.333333
6.028647	 	6480.000000
36.109980	 	6486.666667
11.709423	 	6493.333333
25.301459	 	6500.000000
-4.480151	 	6506.666667
18.526873	 	6513.333333
9.934010	 	6520.000000
17.947966	 	6526.666667
13.041631	 	6533.333333
18.557550	 	6540.000000
15.168189	 	6546.666667
10.838614	 	6553.333333
14.117358	 	6560.000000
14.077453	 	6566.666667
10.597045	 	6573.333333
13.262664	 	6580.000000
18.341378	 	6586.666667
17.199136	 	6593.333333
10.226925	 	6600.000000
1.185174	 	6606.666667
16.824759	 	6613.333333
18.602511	 	6620.000000
13.652894	 	6626.666667
5.269899	 	6633.333333
14.624059	 	6640.000000
15.187242	 	6646.666667
13.310452	 	6653.333333
14.540953	 	6660.000000
8.900367	 	6666.666667
17.730938	 	6673.333333
9.858931	 	6680.000000
6.407312	 	6686.666667
4.823964	 	6693.333333
25.662769	 	6700.000000
14.072672	 	6706.666667
3.086579	 	6713.333333
4.951656	 	6720.000000
17.157554	 	6726.666667
16.768366	 	6733.333333
8.731937	 	6740.000000
10.248330	 	6746.666667
9.842568	 	6753.333333
4.448478	 	6760.000000
12.026384	 	6766.666667
9.849243	 	6773.333333
18.278275	 	6780.000000
6.353139	 	6786.666667
-1.408245	 	6793.333333
14.261629	 	6800.000000
17.400396	 	6806.666667
14.301764	 	6813.333333
0.678227	 	6820.000000
1.042014	 	6826.666667
16.687790	 	6833.333333
16.998851	 	6840.000000
10.078004	 	6846.666667
3.622689	 	6853.333333
9.383677	 	6860.000000
5.468375	 	6866.666667
15.933812	 	6873.333333
12.463870	 	6880.000000
8.693100	 	6886.666667
1.258918	 	6893.333333
9.839004	 	6900.000000
20.193383	 	6906.666667
6.008367	 	6913.333333
14.429924	 	6920.000000
10.345739	 	6926.666667
10.029587	 	6933.333333
9.446616	 	6940.000000
11.631647	 	6946.666667
2.632701	 	6953.333333
10.184172	 	6960.000000
9.973452	 	6966.666667
11.159575	 	6973.333333
14.820800	 	6980.000000
8.840240	 	6986.666667
2.458292	 	6993.333333
7.592285	 	7000.000000
8.261660	 	7006.666667
8.266110	 	7013.333333
9.301204	 	7020.000000
11.865226	 	7026.666667
4.125751	 	7033.333333
13.180654	 	7040.000000
3.624543	 	7046.666667
-4.009971	 	7053.333333
13.172299	 	7060.000000
13.778461	 	7066.666667
9.528190	 	7073.333333
12.254820	 	7080.000000
3.070248	 	7086.666667
0.755404	 	7093.333333
8.824016	 	7100.000000
1.704147	 	7106.666667
21.008642	 	7113.333333
6.325179	 	7120.000000
-3.009574	 	7126.666667
7.745626	 	7133.333333
8.387107	 	7140.000000
6.758641	 	7146.666667
5.197734	 	7153.333333
6.118893	 	7160.000000
8.603674	 	7166.666667
13.277559	 	7173.333333
3.359152	 	7180.000000
-3.408767	 	7186.666667
11.404869	 	7193.333333
11.308307	 	7200.000000
12.317180	 	7206.666667
14.586319	 	7213.333333
-2.164068	 	7220.000000
-1.833824	 	7226.666667
14.078375	 	7233.333333
3.034739	 	7240.000000
14.463602	 	7246.666667
5.719211	 	7253.333333
-4.729463	 	7260.000000
12.218020	 	7266.666667
10.354854	 	7273.333333
11.480810	 	7280.000000
0.818068	 	7286.666667
-7.056278	 	7293.333333
13.320232	 	7300.000000
21.004911	 	7306.666667
-7.886851	 	7313.333333
3.567153	 	7320.000000
6.394953	 	7326.666667
15.415899	 	7333.333333
5.130347	 	7340.000000
3.636491	 	7346.666667
0.481645	 	7353.333333
19.400024	 	7360.000000
4.853458	 	7366.666667
4.960180	 	7373.333333
1.223693	 	7380.000000
13.983797	 	7386.666667
9.540175	 	7393.333333
3.711625	 	7400.000000
0.030590	 	7406.666667
8.947530	 	7413.333333
7.493915	 	7420.000000
15.174105	 	7426.666667
-0.998329	 	7433.333333
-6.346738	 	7440.000000
9.692884	 	7446.666667
3.713174	 	7453.333333
8.469201	 	7460.000000
7.110561	 	7466.666667
3.098462	 	7473.333333
4.240420	 	7480.000000
11.089856	 	7486.666667
1.170641	 	7493.333333
2.064044	 	7500.000000
1.617638	 	7506.666667
7.773254	 	7513.333333
11.022913	 	7520.000000
-1.140431	 	7526.666667
-0.797956	 	7533.333333
10.506634	 	7540.000000
5.609625	 	7546.666667
2.340289	 	7553.333333
4.576598	 	7560.000000
4.723921	 	7566.666667
10.987444	 	7573.333333
-3.351614	 	7580.000000
4.573128	 	7586.666667
3.405700	 	7593.333333
12.478338	 	7600.000000
-0.429111	 	7606.666667
11.644691	 	7613.333333
12.852023	 	7620.000000
2.216639	 	7626.666667
-2.618134	 	7633.333333
-0.295274	 	7640.000000
2.149010	 	7646.666667
13.485588	 	7653.333333
4.866480	 	7660.000000
1.787825	 	7666.666667
2.313446	 	7673.333333
8.814860	 	7680.000000
11.829336	 	7686.666667
0.900434	 	7693.333333
-5.259463	 	7700.000000
7.562924	 	7706.666667
7.106541	 	7713.333333
4.919924	 	7720.000000
3.798391	 	7726.666667
4.067421	 	7733.333333
0.657253	 	7740.000000
5.734663	 	7746.666667
12.008963	 	7753.333333
0.930966	 	7760.000000
1.250427	 	7766.666667
-1.125467	 	7773.333333
12.829942	 	7780.000000
18.350697	 	7786.666667
-6.322191	 	7793.333333
-6.448500	 	7800.000000
14.169114	 	7806.666667
12.155277	 	7813.333333
3.054481	 	7820.000000
-10.157265	 	7826.666667
4.114462	 	7833.333333
20.015920	 	7840.000000
1.634499	 	7846.666667
-3.365669	 	7853.333333
5.779239	 	7860.000000
5.136110	 	7866.666667
-2.300938	 	7873.333333
3.773797	 	7880.000000
1.669883	 	7886.666667
15.877854	 	7893.333333
2.400275	 	7900.000000
-15.489587	 	7906.666667
4.758012	 	7913.333333
13.690405	 	7920.000000
8.785245	 	7926.666667
-4.205007	 	7933.333333
-4.958276	 	7940.000000
12.054851	 	7946.666667
14.089067	 	7953.333333
-4.168341	 	7960.000000
-1.320955	 	7966.666667
0.341537	 	7973.333333
8.403733	 	7980.000000
-2.788443	 	7986.666667
16.544095	 	7993.333333
-1.938478	 	8000.000000
-1.046557	 	8006.666667
-5.400456	 	8013.333333
2.428756	 	8020.000000
20.596526	 	8026.666667
6.494257	 	8033.333333
-17.350786	 	8040.000000
0.799006	 	8046.666667
10.577360	 	8053.333333
12.765464	 	8060.000000
-2.756863	 	8066.666667
0.808344	 	8073.333333
3.854217	 	8080.000000
0.719335	 	8086.666667
0.612461	 	8093.333333
11.204831	 	8100.000000
2.629996	 	8106.666667
6.998043	 	8113.333333
-5.100956	 	8120.000000
-1.590109	 	8126.666667
8.744091	 	8133.333333
2.753406	 	8140.000000
1.679629	 	8146.666667
-0.765660	 	8153.333333
11.026095	 	8160.000000
3.040534	 	8166.666667
-7.985495	 	8173.333333
5.825120	 	8180.000000
9.784560	 	8186.666667
-5.066736	 	8193.333333
7.573314	 	8200.000000
-5.405354	 	8206.666667
0.002027	 	8213.333333
17.499589	 	8220.000000
13.737035	 	8226.666667
-2.661417	 	8233.333333
-7.892777	 	8240.000000
-2.326649	 	8246.666667
8.231136	 	8253.333333
10.854338	 	8260.000000
-1.930356	 	8266.666667
-3.845485	 	8273.333333
-6.753976	 	8280.000000
14.294948	 	8286.666667
7.181039	 	8293.333333
-6.105337	 	8300.000000
5.480122	 	8306.666667
0.212974	 	8313.333333
4.479063	 	8320.000000
10.219799	 	8326.666667
7.175103	 	8333.333333
-19.933949	 	8340.000000
9.278070	 	8346.666667
6.426656	 	8353.333333
9.394822	 	8360.000000
8.478501	 	8366.666667
-11.228183	 	8373.333333
1.651745	 	8380.000000
8.811312	 	8386.666667
-8.550139	 	8393.333333
7.852234	 	8400.000000
4.028624	 	8406.666667
4.978299	 	8413.333333
-0.293413	 	8420.000000
1.912227	 	8426.666667
9.788952	 	8433.333333
-8.084238	 	8440.000000
-4.944351	 	8446.666667
6.274211	 	8453.333333
7.079670	 	8460.000000
14.600848	 	8466.666667
0.133529	 	8473.333333
-8.574265	 	8480.000000
5.163774	 	8486.666667
3.321429	 	8493.333333
7.753518	 	8500.000000
2.525396	 	8506.666667
-1.348841	 	8513.333333
1.284135	 	8520.000000
0.594850	 	8526.666667
5.300543	 	8533.333333
12.184485	 	8540.000000
-9.728062	 	8546.666667
9.620989	 	8553.333333
-3.181890	 	8560.000000
-2.272398	 	8566.666667
1.972843	 	8573.333333
3.012152	 	8580.000000
3.578713	 	8586.666667
11.259845	 	8593.333333
-5.969273	 	8600.000000
2.451581	 	8606.666667
1.634929	 	8613.333333
2.135947	 	8620.000000
-2.665990	 	8626.666667
6.660010	 	8633.333333
3.863131	 	8640.000000
-1.641424	 	8646.666667
1.225104	 	8653.333333
5.674465	 	8660.000000
-1.524146	 	8666.666667
13.174799	 	8673.333333
-2.218130	 	8680.000000
-2.356635	 	8686.666667
7.618874	 	8693.333333
7.232464	 	8700.000000
-7.763785	 	8706.666667
-1.556925	 	8713.333333
-6.302168	 	8720.000000
10.944646	 	8726.666667
3.158512	 	8733.333333
4.886753	 	8740.000000
1.544655	 	8746.666667
-5.290827	 	8753.333333
-3.350356	 	8760.000000
5.489819	 	8766.666667
0.090277	 	8773.333333
5.536426	 	8780.000000
4.365889	 	8786.666667
-5.813154	 	8793.333333
10.051656	 	8800.000000
4.742589	 	8806.666667
-11.442698	 	8813.333333
7.442310	 	8820.000000
7.212197	 	8826.666667
0.512206	 	8833.333333
-6.188286	 	8840.000000
-4.521980	 	8846.666667
6.537337	 	8853.333333
11.218246	 	8860.000000
4.318353	 	8866.666667
-3.902706	 	8873.333333
-1.862105	 	8880.000000
2.204980	 	8886.666667
5.686778	 	8893.333333
-0.376742	 	8900.000000
-1.306847	 	8906.666667
4.755773	 	8913.333333
-3.939477	 	8920.000000
1.387248	 	8926.666667
-1.629263	 	8933.333333
10.226100	 	8940.000000
2.521887	 	8946.666667
4.493828	 	8953.333333
-11.937926	 	8960.000000
0.152262	 	8966.666667
3.669800	 	8973.333333
9.722322	 	8980.000000
-1.471194	 	8986.666667
1.799435	 	8993.333333
8.159676	 	9000.000000
-6.479277	 	9006.666667
1.720759	 	9013.333333
-0.387844	 	9020.000000
-0.089218	 	9026.666667
1.719760	 	9033.333333
6.455221	 	9040.000000
-3.442800	 	9046.666667
-9.177950	 	9053.333333
4.435190	 	9060.000000
11.857207	 	9066.666667
4.162258	 	9073.333333
-3.071393	 	9080.000000
-8.422007	 	9086.666667
5.013829	 	9093.333333
7.028021	 	9100.000000
8.860687	 	9106.666667
-8.920595	 	9113.333333
1.521718	 	9120.000000
-8.867693	 	9126.666667
14.511968	 	9133.333333
6.475096	 	9140.000000
-15.971595	 	9146.666667
2.070948	 	9153.333333
11.315641	 	9160.000000
-5.657053	 	9166.666667
4.099440	 	9173.333333
7.285007	 	9180.000000
-4.455991	 	9186.666667
-6.297919	 	9193.333333
3.985276	 	9200.000000
4.499126	 	9206.666667
4.941800	 	9213.333333
1.368429	 	9220.000000
-4.316077	 	9226.666667
-2.959751	 	9233.333333
-0.501219	 	9240.000000
6.773558	 	9246.666667
-2.576887	 	9253.333333
1.769571	 	9260.000000
-3.881794	 	9266.666667
0.886394	 	9273.333333
1.985216	 	9280.000000
0.840341	 	9286.666667
5.882919	 	9293.333333
-0.180536	 	9300.000000
0.671724	 	9306.666667
-11.315867	 	9313.333333
5.243013	 	9320.000000
3.460067	 	9326.666667
13.926280	 	9333.333333
-4.191793	 	9340.000000
-4.691983	 	9346.666667
0.427138	 	9353.333333
-5.211024	 	9360.000000
1.798532	 	9366.666667
4.557090	 	9373.333333
-2.228085	 	9380.000000
0.179496	 	9386.666667
6.621216	 	9393.333333
-0.855443	 	9400.000000
0.406865	 	9406.666667
0.549287	 	9413.333333
-4.631410	 	9420.000000
-4.816710	 	9426.666667
7.782260	 	9433.333333
4.178859	 	9440.000000
-0.792083	 	9446.666667
-0.047367	 	9453.333333
-10.544291	 	9460.000000
12.911502	 	9466.666667
0.578188	 	9473.333333
-4.690050	 	9480.000000
5.217350	 	9486.666667
5.489757	 	9493.333333
-5.911045	 	9500.000000
3.173262	 	9506.666667
0.227656	 	9513.333333
2.034458	 	9520.000000
-1.454164	 	9526.666667
1.327606	 	9533.333333
-11.842583	 	9540.000000
14.082761	 	9546.666667
0.288640	 	9553.333333
-2.019292	 	9560.000000
5.555564	 	9566.666667
-4.153941	 	9573.333333
-13.084860	 	9580.000000
8.790540	 	9586.666667
3.778119	 	9593.333333
3.191391	 	9600.000000
1.243221	 	9606.666667
5.216369	 	9613.333333
-10.604654	 	9620.000000
-0.146469	 	9626.666667
2.407710	 	9633.333333
0.129596	 	9640.000000
6.128879	 	9646.666667
-14.580104	 	9653.333333
10.309276	 	9660.000000
10.833534	 	9666.666667
-4.721082	 	9673.333333
-8.072739	 	9680.000000
1.214254	 	9686.666667
3.749514	 	9693.333333
4.136904	 	9700.000000
-12.488152	 	9706.666667
5.767581	 	9713.333333
5.570684	 	9720.000000
7.921516	 	9726.666667
-7.801440	 	9733.333333
-4.336640	 	9740.000000
-5.509801	 	9746.666667
3.463476	 	9753.333333
1.517583	 	9760.000000
11.250090	 	9766.666667
-6.354076	 	9773.333333
-2.033587	 	9780.000000
-4.648898	 	9786.666667
7.895859	 	9793.333333
8.605189	 	9800.000000
-1.117594	 	9806.666667
-5.319964	 	9813.333333
3.004309	 	9820.000000
-1.175085	 	9826.666667
-0.018632	 	9833.333333
5.037051	 	9840.000000
-0.356291	 	9846.666667
2.599739	 	9853.333333
-1.717306	 	9860.000000
-6.743251	 	9866.666667
0.553961	 	9873.333333
3.449713	 	9880.000000
4.196988	 	9886.666667
-3.677780	 	9893.333333
-2.786912	 	9900.000000
1.600599	 	9906.666667
-0.295517	 	9913.333333
0.940662	 	9920.000000
8.101926	 	9926.666667
-3.030333	 	9933.333333
-3.286240	 	9940.000000
9.248840	 	9946.666667
7.067986	 	9953.333333
-7.417408	 	9960.000000
-9.372612	 	9966.666667
5.370596	 	9973.333333
0.705212	 	9980.000000
3.433946	 	9986.666667
-4.425936	 	9993.333333
-0.610980	 	10000.000000
8.446178	 	10006.666667
-5.939277	 	10013.333333
0.589038	 	10020.000000
-3.522881	 	10026.666667
-1.320886	 	10033.333333
6.591538	 	10040.000000
1.239609	 	10046.666667
0.899306	 	10053.333333
-4.609197	 	10060.000000
-0.522987	 	10066.666667
-1.791505	 	10073.333333
10.577796	 	10080.000000
-10.165757	 	10086.666667
1.513040	 	10093.333333
1.572127	 	10100.000000
1.066496	 	10106.666667
6.480131	 	10113.333333
-3.154379	 	10120.000000
1.110791	 	10126.666667
-5.050565	 	10133.333333
-4.040668	 	10140.000000
4.051791	 	10146.666667
3.160224	 	10153.333333
-2.798816	 	10160.000000
-3.594648	 	10166.666667
3.417089	 	10173.333333
6.442279	 	10180.000000
0.635819	 	10186.666667
-18.315246	 	10193.333333
-0.076772	 	10200.000000
9.085709	 	10206.666667
6.874677	 	10213.333333
2.791214	 	10220.000000
-19.511778	 	10226.666667
9.498605	 	10233.333333
1.314542	 	10240.000000
-2.164331	 	10246.666667
-5.501913	 	10253.333333
5.814529	 	10260.000000
8.695652	 	10266.666667
-2.200011	 	10273.333333
-11.778663	 	10280.000000
6.883192	 	10286.666667
6.341569	 	10293.333333
2.629308	 	10300.000000
-10.504194	 	10306.666667
0.552236	 	10313.333333
0.691661	 	10320.000000
-1.870386	 	10326.666667
-3.323517	 	10333.333333
8.128764	 	10340.000000
-3.173919	 	10346.666667
-2.071059	 	10353.333333
6.398879	 	10360.000000
2.100365	 	10366.666667
-2.219927	 	10373.333333
-10.194618	 	10380.000000
2.034990	 	10386.666667
2.594552	 	10393.333333
15.025748	 	10400.000000
-7.649773	 	10406.666667
-8.374610	 	10413.333333
-0.814183	 	10420.000000
12.486055	 	10426.666667
-3.987723	 	10433.333333
3.686251	 	10440.000000
-1.778986	 	10446.666667
-4.045560	 	10453.333333
-0.661562	 	10460.000000
-2.538526	 	10466.666667
4.466093	 	10473.333333
11.116134	 	10480.000000
-12.971127	 	10486.666667
-4.968158	 	10493.333333
3.334452	 	10500.000000
6.215827	 	10506.666667
-5.905229	 	10513.333333
-2.180584	 	10520.000000
10.073952	 	10526.666667
-4.984141	 	10533.333333
-8.313875	 	10540.000000
6.620359	 	10546.666667
1.116157	 	10553.333333
2.521777	 	10560.000000
-1.922817	 	10566.666667
-7.060538	 	10573.333333
2.454438	 	10580.000000
-1.334693	 	10586.666667
-0.596776	 	10593.333333
6.742424	 	10600.000000
1.630341	 	10606.666667
-8.228865	 	10613.333333
3.176306	 	10620.000000
6.365272	 	10626.666667
1.927625	 	10633.333333
-13.687431	 	10640.000000
-1.081413	 	10646.666667
6.133808	 	10653.333333
2.179035	 	10660.000000
2.772325	 	10666.666667
-10.569689	 	10673.333333
0.317266	 	10680.000000
1.561662	 	10686.666667
2.484659	 	10693.333333
0.023811	 	10700.000000
5.618212	 	10706.666667
-7.206507	 	10713.333333
-3.885610	 	10720.000000
1.731085	 	10726.666667
-5.915257	 	10733.333333
5.043363	 	10740.000000
9.845967	 	10746.666667
-1.106210	 	10753.333333
-7.995224	 	10760.000000
-4.201248	 	10766.666667
0.411608	 	10773.333333
4.351451	 	10780.000000
1.753834	 	10786.666667
-5.094005	 	10793.333333
-8.189284	 	10800.000000
1.710554	 	10806.666667
13.588770	 	10813.333333
-0.317356	 	10820.000000
-8.770030	 	10826.666667
-2.889692	 	10833.333333
9.663557	 	10840.000000
2.203188	 	10846.666667
-4.692787	 	10853.333333
-9.836779	 	10860.000000
1.295887	 	10866.666667
8.904500	 	10873.333333
6.327789	 	10880.000000
-9.891092	 	10886.666667
-4.548761	 	10893.333333
-1.018353	 	10900.000000
2.860938	 	10906.666667
11.625757	 	10913.333333
-11.946753	 	10920.000000
-6.225909	 	10926.666667
10.137496	 	10933.333333
6.107037	 	10940.000000
-2.257380	 	10946.666667
-8.404029	 	10953.333333
-15.941558	 	10960.000000
19.352703	 	10966.666667
11.986331	 	10973.333333
-4.370118	 	10980.000000
-14.786908	 	10986.666667
-8.502826	 	10993.333333
18.581759	 	11000.000000
-5.737256	 	11006.666667
-6.340048	 	11013.333333
3.361767	 	11020.000000
3.753098	 	11026.666667
-2.550169	 	11033.333333
-3.040621	 	11040.000000
-5.924364	 	11046.666667
4.941107	 	11053.333333
4.694591	 	11060.000000
-4.184797	 	11066.666667
2.051198	 	11073.333333
6.939206	 	11080.000000
-4.826816	 	11086.666667
-6.216454	 	11093.333333
-7.588344	 	11100.000000
6.060735	 	11106.666667
0.034072	 	11113.333333
0.859757	 	11120.000000
1.887654	 	11126.666667
2.904164	 	11133.333333
4.656322	 	11140.000000
-11.491515	 	11146.666667
-5.876522	 	11153.333333
2.164386	 	11160.000000
8.908108	 	11166.666667
4.776075	 	11173.333333
-6.705600	 	11180.000000
-7.452647	 	11186.666667
-12.242342	 	11193.333333
14.019423	 	11200.000000
4.439116	 	11206.666667
-0.144611	 	11213.333333
-9.392165	 	11220.000000
-3.914638	 	11226.666667
-6.227867	 	11233.333333
2.762300	 	11240.000000
-1.452556	 	11246.666667
3.811393	 	11253.333333
-4.294176	 	11260.000000
2.752500	 	11266.666667
0.117908	 	11273.333333
-4.309446	 	11280.000000
2.967546	 	11286.666667
1.192358	 	11293.333333
-11.352333	 	11300.000000
13.801742	 	11306.666667
-2.158964	 	11313.333333
-10.127537	 	11320.000000
-0.481975	 	11326.666667
9.177753	 	11333.333333
-1.066793	 	11340.000000
-0.657406	 	11346.666667
-8.367960	 	11353.333333
6.783476	 	11360.000000
6.564243	 	11366.666667
-4.378350	 	11373.333333
-10.714656	 	11380.000000
5.443658	 	11386.666667
3.727899	 	11393.333333
-2.959932	 	11400.000000
-2.938563	 	11406.666667
2.868422	 	11413.333333
2.723601	 	11420.000000
-1.367800	 	11426.666667
-11.182758	 	11433.333333
5.690424	 	11440.000000
-2.577538	 	11446.666667
3.825438	 	11453.333333
-5.567520	 	11460.000000
8.478275	 	11466.666667
-3.451664	 	11473.333333
-3.711574	 	11480.000000
-2.978950	 	11486.666667
9.045101	 	11493.333333
-2.952491	 	11500.000000
-5.356110	 	11506.666667
0.355889	 	11513.333333
6.181632	 	11520.000000
-3.792473	 	11526.666667
-0.823835	 	11533.333333
-6.021403	 	11540.000000
-3.599908	 	11546.666667
12.015084	 	11553.333333
0.660435	 	11560.000000
-14.004436	 	11566.666667
-3.320536	 	11573.333333
11.465912	 	11580.000000
-8.550733	 	11586.666667
7.244795	 	11593.333333
-4.073368	 	11600.000000
0.217151	 	11606.666667
5.138759	 	11613.333333
-6.144661	 	11620.000000
-1.802303	 	11626.666667
1.061984	 	11633.333333
-7.043627	 	11640.000000
-4.030351	 	11646.666667
4.209691	 	11653.333333
-0.271949	 	11660.000000
10.350290	 	11666.666667
-9.397924	 	11673.333333
-0.145499	 	11680.000000
6.454212	 	11686.666667
-12.108807	 	11693.333333
-1.613033	 	11700.000000
7.384547	 	11706.666667
4.310030	 	11713.333333
2.823110	 	11720.000000
-6.985924	 	11726.666667
-9.357549	 	11733.333333
8.143091	 	11740.000000
-4.258466	 	11746.666667
2.533528	 	11753.333333
2.674009	 	11760.000000
-3.402870	 	11766.666667
-4.289996	 	11773.333333
-3.313587	 	11780.000000
-2.017764	 	11786.666667
4.883187	 	11793.333333
-3.071312	 	11800.000000
2.744116	 	11806.666667
-5.001575	 	11813.333333
-4.217716	 	11820.000000
-5.341517	 	11826.666667
11.021975	 	11833.333333
4.308798	 	11840.000000
-2.593712	 	11846.666667
-10.757292	 	11853.333333
2.911678	 	11860.000000
-8.298846	 	11866.666667
3.693788	 	11873.333333
9.904261	 	11880.000000
-2.917938	 	11886.666667
-1.489304	 	11893.333333
-7.691934	 	11900.000000
-6.384839	 	11906.666667
11.200565	 	11913.333333
3.019896	 	11920.000000
-9.347904	 	11926.666667
4.508476	 	11933.333333
-12.194315	 	11940.000000
-5.098837	 	11946.666667
8.714337	 	11953.333333
3.361594	 	11960.000000
-0.516896	 	11966.666667
4.125323	 	11973.333333
-10.092468	 	11980.000000
4.189294	 	11986.666667
3.505222	 	11993.333333
-13.505668	 	12000.000000
13.444660	 	12006.666667
-14.088328	 	12013.333333
9.853097	 	12020.000000
5.195667	 	12026.666667
-7.923348	 	12033.333333
-0.487817	 	12040.000000
5.892308	 	12046.666667
-31.097178	 	12053.333333
35.978505	 	12060.000000
1.575375	 	12066.666667
-22.100762	 	12073.333333
-6.168758	 	12080.000000
16.758148	 	12086.666667
8.295605	 	12093.333333
-33.995492	 	12100.000000
1.429817	 	12106.666667
34.817652	 	12113.333333
-16.448680	 	12120.000000
-29.792362	 	12126.666667
43.967246	 	12133.333333
-39.894364	 	12140.000000
-4.809787	 	12146.666667
15.422990	 	12153.333333
32.716409	 	12160.000000
-48.502519	 	12166.666667
41.327383	 	12173.333333
-19.290827	 	12180.000000
-45.263604	 	12186.666667
22.195858	 	12193.333333
71.149450	 	12200.000000
-57.102729	 	12206.666667
-8.406808	 	12213.333333
-18.119739	 	12220.000000
23.750373	 	12226.666667
19.622752	 	12233.333333
4.202909	 	12240.000000
-11.097026	 	12246.666667
-24.992570	 	12253.333333
-13.681635	 	12260.000000
48.502086	 	12266.666667
40.156331	 	12273.333333
-73.960540	 	12280.000000
-19.331766	 	12286.666667
21.549288	 	12293.333333
59.423869	 	12300.000000
-54.713876	 	12306.666667
-6.194718	 	12313.333333
27.243183	 	12320.000000
-4.385283	 	12326.666667
-38.916686	 	12333.333333
-5.739014	 	12340.000000
54.030955	 	12346.666667
15.584490	 	12353.333333
-70.139086	 	12360.000000
27.471310	 	12366.666667
55.076945	 	12373.333333
-97.352073	 	12380.000000
-58.386089	 	12386.666667
229.487174	 	12393.333333
-186.794468	 	12400.000000
106.554251	 	12406.666667
-48.624144	 	12413.333333
-97.154817	 	12420.000000
114.848965	 	12426.666667
46.746668	 	12433.333333
-132.052056	 	12440.000000
114.057124	 	12446.666667
-139.512006	 	12453.333333
169.199438	 	12460.000000
-171.743632	 	12466.666667
147.393940	 	12473.333333
5.378874	 	12480.000000
-188.146452	 	12486.666667
192.993569	 	12493.333333
-144.282678	 	12500.000000
61.021809	 	12506.666667
25.478265	 	12513.333333
163.475214	 	12520.000000
-234.824105	 	12526.666667
-267.719192	 	12533.333333
675.585358	 	12540.000000
-335.689356	 	12546.666667
-213.386202	 	12553.333333
218.242180	 	12560.000000
-20.982832	 	12566.666667
108.650496	 	12573.333333
-219.589618	 	12580.000000
-47.997966	 	12586.666667
521.233568	 	12593.333333
-507.502590	 	12600.000000
-184.096030	 	12606.666667
399.810177	 	12613.333333
-9.543469	 	12620.000000
80.139509	 	12626.666667
-110.924497	 	12633.333333
-250.927918	 	12640.000000
279.588234	 	12646.666667
-154.318633	 	12653.333333
204.012993	 	12660.000000
-105.919074	 	12666.666667
-13.056544	 	12673.333333
-265.740433	 	12680.000000
281.130212	 	12686.666667
233.759440	 	12693.333333
-174.389251	 	12700.000000
76.645752	 	12706.666667
-521.763098	 	12713.333333
199.200954	 	12720.000000
-92.135149	 	12726.666667
1011.299104	 	12733.333333
-738.030811	 	12740.000000
-507.318490	 	12746.666667
97.951611	 	12753.333333
1169.312534	 	12760.000000
-522.783274	 	12766.666667
-778.741620	 	12773.333333
371.925718	 	12780.000000
245.392679	 	12786.666667
-418.622892	 	12793.333333
956.063362	 	12800.000000
-689.777722	 	12806.666667
-149.711556	 	12813.333333
284.281709	 	12820.000000
-404.029354	 	12826.666667
551.782964	 	12833.333333
125.388907	 	12840.000000
-721.084692	 	12846.666667
104.811861	 	12853.333333
26.063572	 	12860.000000
874.360128	 	12866.666667
-398.353896	 	12873.333333
-375.855869	 	12880.000000
-241.602642	 	12886.666667
248.633180	 	12893.333333
-157.204408	 	12900.000000
578.425029	 	12906.666667
-39.013600	 	12913.333333
-345.510150	 	12920.000000
133.695862	 	12926.666667
-748.770545	 	12933.333333
1546.225713	 	12940.000000
-996.680606	 	12946.666667
-634.420402	 	12953.333333
741.797046	 	12960.000000
324.442206	 	12966.666667
30.025989	 	12973.333333
-187.664752	 	12980.000000
-56.486619	 	12986.666667
-914.885864	 	12993.333333
1051.660052	 	13000.000000
-970.271321	 	13006.666667
1820.940473	 	13013.333333
-884.909867	 	13020.000000
-356.606248	 	13026.666667
-454.193802	 	13033.333333
856.130211	 	13040.000000
-870.835726	 	13046.666667
1182.298913	 	13053.333333
-376.210493	 	13060.000000
7.029938	 	13066.666667
513.490256	 	13073.333333
-989.732674	 	13080.000000
-241.135505	 	13086.666667
-903.714293	 	13093.333333
2641.020561	 	13100.000000
-976.299490	 	13106.666667
-323.980545	 	13113.333333
1102.831727	 	13120.000000
-494.617324	 	13126.666667
-772.769018	 	13133.333333
-772.288737	 	13140.000000
856.444274	 	13146.666667
1382.289079	 	13153.333333
-841.249289	 	13160.000000
-214.350074	 	13166.666667
-532.763187	 	13173.333333
815.409792	 	13180.000000
-978.848997	 	13186.666667
-641.876334	 	13193.333333
2344.320684	 	13200.000000
-373.665384	 	13206.666667
-584.187723	 	13213.333333
-957.955129	 	13220.000000
-999.988350	 	13226.666667
-977.429332	 	13233.333333
7115.186229	 	13240.000000
577.583942	 	13246.666667
-999.998871	 	13253.333333
-999.998871	 	13260.000000
-999.998876	 	13266.666667
-999.998880	 	13273.333333
-999.998876	 	13280.000000
-999.998901	 	13286.666667
-999.998902	 	13293.333333
-999.998930	 	13300.000000
-999.998911	 	13306.666667
-999.998991	 	13313.333333
-999.998984	 	13320.000000
-999.999092	 	13326.666667
