#peak 	 	#time 
-999.998795	 	0.000000
-999.998896	 	6.666667
-999.998869	 	13.333333
-999.999008	 	20.000000
-999.999465	 	26.666667
-999.999526	 	33.333333
-999.999114	 	40.000000
-999.999668	 	46.666667
-999.999873	 	53.333333
-999.999984	 	60.000000
-1000.000000	 	66.666667
-1000.000000	 	73.333333
-1000.000000	 	80.000000
-1000.000000	 	86.666667
35094.841420	 	93.333333
-999.998724	 	100.000000
-999.998739	 	106.666667
-999.998725	 	113.333333
-999.998724	 	120.000000
-999.998738	 	126.666667
-999.998740	 	133.333333
-999.998727	 	140.000000
-999.998731	 	146.666667
-999.998720	 	153.333333
-999.998722	 	160.000000
-999.998723	 	166.666667
-999.998720	 	173.333333
-999.998720	 	180.000000
-999.998720	 	186.666667
-999.998221	 	193.333333
4060.994046	 	200.000000
2484.418835	 	206.666667
-883.703223	 	213.333333
-970.842430	 	220.000000
-935.971975	 	226.666667
-612.733897	 	233.333333
94.752073	 	240.000000
436.104334	 	246.666667
312.427309	 	253.333333
-144.660696	 	260.000000
-206.735070	 	266.666667
-117.901837	 	273.333333
-4.413731	 	280.000000
49.822541	 	286.666667
132.291501	 	293.333333
229.351449	 	300.000000
-160.709953	 	306.666667
-288.641131	 	313.333333
-207.139359	 	320.000000
144.717044	 	326.666667
103.331305	 	333.333333
-136.489528	 	340.000000
16.699205	 	346.666667
15.663470	 	353.333333
-51.866090	 	360.000000
201.605206	 	366.666667
-135.497528	 	373.333333
-40.909803	 	380.000000
-79.395786	 	386.666667
-169.050351	 	393.333333
129.684140	 	400.000000
258.207418	 	406.666667
-109.705580	 	413.333333
-186.852243	 	420.000000
10.687007	 	426.666667
144.294875	 	433.333333
210.395947	 	440.000000
-156.819972	 	446.666667
-39.973917	 	453.333333
-158.954010	 	460.000000
-70.269303	 	466.666667
243.062869	 	473.333333
224.568898	 	480.000000
-88.405986	 	486.666667
-191.508602	 	493.333333
-4.009603	 	500.000000
18.307813	 	506.666667
116.271416	 	513.333333
-18.082722	 	520.000000
10.909420	 	526.666667
93.590719	 	533.333333
-108.813372	 	540.000000
-1.281932	 	546.666667
-36.050724	 	553.333333
79.701144	 	560.000000
91.421540	 	566.666667
133.037055	 	573.333333
-153.718174	 	580.000000
10.458107	 	586.666667
-87.684416	 	593.333333
86.659708	 	600.000000
-2.533742	 	606.666667
-38.486256	 	613.333333
32.794945	 	620.000000
-18.052091	 	626.666667
9.048842	 	633.333333
8.784948	 	640.000000
-10.571158	 	646.666667
183.314627	 	653.333333
-42.155643	 	660.000000
-37.608980	 	666.666667
-129.140137	 	673.333333
68.691424	 	680.000000
123.291787	 	686.666667
-41.168566	 	693.333333
-92.669221	 	700.000000
83.630495	 	706.666667
-52.231223	 	713.333333
107.172089	 	720.000000
-22.747825	 	726.666667
-24.844109	 	733.333333
22.940516	 	740.000000
-64.509444	 	746.666667
-10.692377	 	753.333333
152.434529	 	760.000000
40.612813	 	766.666667
-48.779001	 	773.333333
-149.610032	 	780.000000
-9.137856	 	786.666667
38.917056	 	793.333333
152.583397	 	800.000000
11.221545	 	806.666667
-85.228355	 	813.333333
-51.570226	 	820.000000
64.533352	 	826.666667
77.739966	 	833.333333
56.968324	 	840.000000
-143.201921	 	846.666667
-13.591762	 	853.333333
25.178413	 	860.000000
31.012364	 	866.666667
-21.624733	 	873.333333
58.367446	 	880.000000
39.745971	 	886.666667
13.340421	 	893.333333
-96.660720	 	900.000000
-10.504730	 	906.666667
29.505979	 	913.333333
91.019321	 	920.000000
-44.794538	 	926.666667
60.319150	 	933.333333
16.461777	 	940.000000
-44.703339	 	946.666667
-75.861368	 	953.333333
-9.932965	 	960.000000
51.726481	 	966.666667
77.145114	 	973.333333
23.976606	 	980.000000
-13.931304	 	986.666667
-80.470924	 	993.333333
53.976161	 	1000.000000
39.377048	 	1006.666667
4.540348	 	1013.333333
-51.049557	 	1020.000000
-29.611833	 	1026.666667
35.149098	 	1033.333333
103.335004	 	1040.000000
-15.990717	 	1046.666667
-8.283341	 	1053.333333
-41.065130	 	1060.000000
-60.447829	 	1066.666667
52.786660	 	1073.333333
54.195564	 	1080.000000
41.802502	 	1086.666667
-26.537459	 	1093.333333
-45.864198	 	1100.000000
10.758141	 	1106.666667
41.092372	 	1113.333333
-27.094340	 	1120.000000
24.528476	 	1126.666667
1.247595	 	1133.333333
26.476210	 	1140.000000
21.302827	 	1146.666667
2.031779	 	1153.333333
-29.609907	 	1160.000000
6.435543	 	1166.666667
-34.055017	 	1173.333333
-1.386385	 	1180.000000
78.671493	 	1186.666667
48.553402	 	1193.333333
-21.998790	 	1200.000000
-30.311374	 	1206.666667
-26.249750	 	1213.333333
7.129985	 	1220.000000
51.698360	 	1226.666667
4.681005	 	1233.333333
16.233317	 	1240.000000
-10.878413	 	1246.666667
-0.620978	 	1253.333333
3.873776	 	1260.000000
-7.912646	 	1266.666667
19.500851	 	1273.333333
12.824550	 	1280.000000
-10.244022	 	1286.666667
9.132028	 	1293.333333
15.459236	 	1300.000000
29.004560	 	1306.666667
-7.848091	 	1313.333333
-22.947327	 	1320.000000
-12.674471	 	1326.666667
30.697043	 	1333.333333
10.871833	 	1340.000000
8.903345	 	1346.666667
8.476061	 	1353.333333
-2.876015	 	1360.000000
4.879371	 	1366.666667
-0.675444	 	1373.333333
10.717760	 	1380.000000
18.708191	 	1386.666667
-5.391905	 	1393.333333
-12.891010	 	1400.000000
18.901775	 	1406.666667
8.115746	 	1413.333333
10.037453	 	1420.000000
15.357589	 	1426.666667
-9.959786	 	1433.333333
-1.356582	 	1440.000000
5.322485	 	1446.666667
9.613745	 	1453.333333
8.720064	 	1460.000000
2.950454	 	1466.666667
9.314232	 	1473.333333
-2.137782	 	1480.000000
8.207407	 	1486.666667
6.309221	 	1493.333333
5.339802	 	1500.000000
3.466653	 	1506.666667
6.214916	 	1513.333333
-1.089055	 	1520.000000
6.755234	 	1526.666667
12.488213	 	1533.333333
21.759706	 	1540.000000
-2.838703	 	1546.666667
-3.569570	 	1553.333333
3.699756	 	1560.000000
12.640601	 	1566.666667
1.750870	 	1573.333333
5.086313	 	1580.000000
0.661382	 	1586.666667
17.432081	 	1593.333333
7.327130	 	1600.000000
-5.594816	 	1606.666667
6.314993	 	1613.333333
1.775291	 	1620.000000
9.416094	 	1626.666667
12.362008	 	1633.333333
2.769985	 	1640.000000
-2.412292	 	1646.666667
4.250040	 	1653.333333
2.605122	 	1660.000000
12.789620	 	1666.666667
12.304645	 	1673.333333
7.348147	 	1680.000000
-5.473848	 	1686.666667
-5.060863	 	1693.333333
-2.788672	 	1700.000000
15.300482	 	1706.666667
21.088651	 	1713.333333
10.873080	 	1720.000000
2.427088	 	1726.666667
0.925865	 	1733.333333
-1.516457	 	1740.000000
4.023786	 	1746.666667
9.720010	 	1753.333333
8.563984	 	1760.000000
2.154487	 	1766.666667
-11.173535	 	1773.333333
8.115451	 	1780.000000
14.027792	 	1786.666667
17.247471	 	1793.333333
3.649879	 	1800.000000
-2.492419	 	1806.666667
8.046313	 	1813.333333
-1.835323	 	1820.000000
5.944143	 	1826.666667
16.498196	 	1833.333333
1.726908	 	1840.000000
-0.680810	 	1846.666667
0.725416	 	1853.333333
10.545860	 	1860.000000
9.880151	 	1866.666667
10.984506	 	1873.333333
-3.008050	 	1880.000000
2.104996	 	1886.666667
8.393643	 	1893.333333
2.676211	 	1900.000000
5.368833	 	1906.666667
-8.812442	 	1913.333333
4.976961	 	1920.000000
20.864823	 	1926.666667
17.534442	 	1933.333333
0.652767	 	1940.000000
-2.521068	 	1946.666667
-7.400145	 	1953.333333
8.631937	 	1960.000000
15.025861	 	1966.666667
9.181525	 	1973.333333
-0.728738	 	1980.000000
4.652433	 	1986.666667
5.780915	 	1993.333333
8.762334	 	2000.000000
9.609867	 	2006.666667
-3.069271	 	2013.333333
-0.245188	 	2020.000000
13.278360	 	2026.666667
11.114993	 	2033.333333
0.828760	 	2040.000000
8.767732	 	2046.666667
0.586742	 	2053.333333
10.901773	 	2060.000000
6.774580	 	2066.666667
-2.640763	 	2073.333333
6.185920	 	2080.000000
5.309229	 	2086.666667
5.388696	 	2093.333333
10.427381	 	2100.000000
-3.045794	 	2106.666667
1.093130	 	2113.333333
11.079925	 	2120.000000
11.825201	 	2126.666667
8.108151	 	2133.333333
5.172187	 	2140.000000
-4.126158	 	2146.666667
-6.069067	 	2153.333333
9.790161	 	2160.000000
24.367825	 	2166.666667
11.024134	 	2173.333333
0.452295	 	2180.000000
-10.190431	 	2186.666667
-1.651318	 	2193.333333
15.972653	 	2200.000000
17.665620	 	2206.666667
4.295317	 	2213.333333
-8.579638	 	2220.000000
0.789974	 	2226.666667
21.221296	 	2233.333333
5.420646	 	2240.000000
2.184662	 	2246.666667
-3.016413	 	2253.333333
-6.926841	 	2260.000000
17.054723	 	2266.666667
23.650374	 	2273.333333
9.617627	 	2280.000000
-8.494022	 	2286.666667
-14.805454	 	2293.333333
20.172538	 	2300.000000
25.442646	 	2306.666667
-7.261005	 	2313.333333
-2.830541	 	2320.000000
-1.945666	 	2326.666667
10.445861	 	2333.333333
27.647388	 	2340.000000
7.381693	 	2346.666667
-10.945008	 	2353.333333
-1.520394	 	2360.000000
4.108667	 	2366.666667
18.336849	 	2373.333333
-0.936799	 	2380.000000
2.511078	 	2386.666667
19.411361	 	2393.333333
5.378099	 	2400.000000
-12.270377	 	2406.666667
9.007815	 	2413.333333
11.789271	 	2420.000000
1.735768	 	2426.666667
14.856872	 	2433.333333
-5.761530	 	2440.000000
17.683745	 	2446.666667
1.262202	 	2453.333333
-11.134552	 	2460.000000
-5.252287	 	2466.666667
17.201697	 	2473.333333
28.794684	 	2480.000000
10.850041	 	2486.666667
-13.417499	 	2493.333333
-13.709266	 	2500.000000
1.446086	 	2506.666667
29.629490	 	2513.333333
17.522051	 	2520.000000
5.906067	 	2526.666667
-18.987369	 	2533.333333
-21.289084	 	2540.000000
34.735501	 	2546.666667
29.805835	 	2553.333333
-13.747054	 	2560.000000
-1.303116	 	2566.666667
-8.723405	 	2573.333333
6.231010	 	2580.000000
14.157824	 	2586.666667
4.128998	 	2593.333333
31.328286	 	2600.000000
-0.487927	 	2606.666667
-30.012235	 	2613.333333
14.621667	 	2620.000000
25.565582	 	2626.666667
15.020975	 	2633.333333
-11.251998	 	2640.000000
-16.080673	 	2646.666667
18.882952	 	2653.333333
9.551535	 	2660.000000
-3.215607	 	2666.666667
5.784196	 	2673.333333
19.847118	 	2680.000000
17.874617	 	2686.666667
-11.649310	 	2693.333333
-20.883727	 	2700.000000
6.855688	 	2706.666667
28.642979	 	2713.333333
19.131430	 	2720.000000
-13.604425	 	2726.666667
-18.222511	 	2733.333333
24.256002	 	2740.000000
3.477683	 	2746.666667
20.680265	 	2753.333333
6.074754	 	2760.000000
-20.996862	 	2766.666667
2.727241	 	2773.333333
33.890587	 	2780.000000
-0.755428	 	2786.666667
-16.454085	 	2793.333333
-3.763609	 	2800.000000
43.974441	 	2806.666667
11.262933	 	2813.333333
-24.007278	 	2820.000000
-2.091936	 	2826.666667
27.001848	 	2833.333333
-1.765351	 	2840.000000
12.393860	 	2846.666667
6.905968	 	2853.333333
-7.474127	 	2860.000000
-30.702775	 	2866.666667
34.665282	 	2873.333333
40.634061	 	2880.000000
-9.907538	 	2886.666667
-40.565469	 	2893.333333
24.475658	 	2900.000000
27.520151	 	2906.666667
4.485080	 	2913.333333
-0.582396	 	2920.000000
7.705203	 	2926.666667
-21.401735	 	2933.333333
1.741428	 	2940.000000
28.754173	 	2946.666667
29.180284	 	2953.333333
-5.371854	 	2960.000000
-25.286845	 	2966.666667
-15.492958	 	2973.333333
30.274053	 	2980.000000
33.105151	 	2986.666667
7.727073	 	2993.333333
-23.284517	 	3000.000000
8.559017	 	3006.666667
13.488572	 	3013.333333
-8.745298	 	3020.000000
-3.533394	 	3026.666667
23.345412	 	3033.333333
6.439800	 	3040.000000
12.575566	 	3046.666667
20.148333	 	3053.333333
-20.740591	 	3060.000000
-25.129848	 	3066.666667
4.927457	 	3073.333333
25.596801	 	3080.000000
8.088826	 	3086.666667
21.377772	 	3093.333333
35.690586	 	3100.000000
-0.743721	 	3106.666667
-24.675310	 	3113.333333
-23.520711	 	3120.000000
-30.308173	 	3126.666667
-12.020343	 	3133.333333
82.093127	 	3140.000000
219.463799	 	3146.666667
173.395806	 	3153.333333
93.484086	 	3160.000000
90.303993	 	3166.666667
5.077099	 	3173.333333
12.703737	 	3180.000000
532.534218	 	3186.666667
2561.191032	 	3193.333333
7625.496179	 	3200.000000
8612.487551	 	3206.666667
3484.626646	 	3213.333333
1690.341449	 	3220.000000
2211.104989	 	3226.666667
4037.506082	 	3233.333333
5834.234543	 	3240.000000
6499.815894	 	3246.666667
6200.968713	 	3253.333333
5775.885132	 	3260.000000
5832.902606	 	3266.666667
6266.865283	 	3273.333333
6291.814805	 	3280.000000
6418.480729	 	3286.666667
6777.454633	 	3293.333333
6615.329322	 	3300.000000
6272.212650	 	3306.666667
6022.957561	 	3313.333333
6062.288933	 	3320.000000
6169.399051	 	3326.666667
6280.825787	 	3333.333333
5899.291511	 	3340.000000
5589.498998	 	3346.666667
5172.291882	 	3353.333333
5395.943485	 	3360.000000
5254.024151	 	3366.666667
5115.419545	 	3373.333333
4878.447268	 	3380.000000
4658.836742	 	3386.666667
4313.020833	 	3393.333333
4387.633383	 	3400.000000
4178.976854	 	3406.666667
3935.805263	 	3413.333333
3623.324500	 	3420.000000
3639.990329	 	3426.666667
3548.645355	 	3433.333333
3501.247862	 	3440.000000
3353.436985	 	3446.666667
3279.817806	 	3453.333333
3189.284044	 	3460.000000
3217.439520	 	3466.666667
3066.387117	 	3473.333333
2935.658818	 	3480.000000
2770.721505	 	3486.666667
2713.083152	 	3493.333333
2757.174706	 	3500.000000
2749.290621	 	3506.666667
2672.726802	 	3513.333333
2559.094335	 	3520.000000
2428.578252	 	3526.666667
2447.587240	 	3533.333333
2428.808165	 	3540.000000
2356.974672	 	3546.666667
2309.050518	 	3553.333333
2260.779934	 	3560.000000
2223.078868	 	3566.666667
2209.449832	 	3573.333333
2150.927334	 	3580.000000
2130.961993	 	3586.666667
2067.911444	 	3593.333333
2067.698646	 	3600.000000
2079.283263	 	3606.666667
1996.784448	 	3613.333333
1925.797633	 	3620.000000
1964.978549	 	3626.666667
1989.878430	 	3633.333333
1930.221869	 	3640.000000
1818.308415	 	3646.666667
1732.320557	 	3653.333333
1785.546161	 	3660.000000
1876.659269	 	3666.666667
1934.828793	 	3673.333333
1780.564772	 	3680.000000
1574.129079	 	3686.666667
1587.021142	 	3693.333333
1663.189578	 	3700.000000
1737.520366	 	3706.666667
1749.685264	 	3713.333333
1618.360308	 	3720.000000
1506.071018	 	3726.666667
1561.493344	 	3733.333333
1584.173904	 	3740.000000
1516.035679	 	3746.666667
1511.445962	 	3753.333333
1505.916906	 	3760.000000
1521.429733	 	3766.666667
1471.248459	 	3773.333333
1404.922338	 	3780.000000
1354.401917	 	3786.666667
1370.573507	 	3793.333333
1385.053329	 	3800.000000
1380.449385	 	3806.666667
1370.199174	 	3813.333333
1324.430470	 	3820.000000
1286.531025	 	3826.666667
1264.462407	 	3833.333333
1286.566618	 	3840.000000
1267.673727	 	3846.666667
1202.439646	 	3853.333333
1198.827519	 	3860.000000
1239.710019	 	3866.666667
1231.257166	 	3873.333333
1166.919816	 	3880.000000
1108.871055	 	3886.666667
1102.665251	 	3893.333333
1111.394580	 	3900.000000
1126.566559	 	3906.666667
1135.987707	 	3913.333333
1106.112780	 	3920.000000
1046.084741	 	3926.666667
1032.976619	 	3933.333333
1006.491732	 	3940.000000
1027.795782	 	3946.666667
1013.199243	 	3953.333333
974.525627	 	3960.000000
979.177798	 	3966.666667
953.820697	 	3973.333333
967.214432	 	3980.000000
980.852191	 	3986.666667
930.246226	 	3993.333333
935.446798	 	4000.000000
895.766259	 	4006.666667
865.198422	 	4013.333333
870.798048	 	4020.000000
902.530627	 	4026.666667
856.893375	 	4033.333333
863.371314	 	4040.000000
847.673344	 	4046.666667
792.989545	 	4053.333333
764.108069	 	4060.000000
796.911431	 	4066.666667
796.374878	 	4073.333333
805.358372	 	4080.000000
756.027840	 	4086.666667
736.229150	 	4093.333333
723.654593	 	4100.000000
721.030176	 	4106.666667
741.920795	 	4113.333333
734.187139	 	4120.000000
693.497843	 	4126.666667
689.424354	 	4133.333333
678.954082	 	4140.000000
680.456912	 	4146.666667
693.864537	 	4153.333333
670.223060	 	4160.000000
630.922804	 	4166.666667
640.477265	 	4173.333333
656.116031	 	4180.000000
649.655050	 	4186.666667
620.490609	 	4193.333333
597.017648	 	4200.000000
605.849714	 	4206.666667
595.473652	 	4213.333333
618.296435	 	4220.000000
565.809476	 	4226.666667
549.518619	 	4233.333333
575.082315	 	4240.000000
575.917035	 	4246.666667
576.583941	 	4253.333333
524.442585	 	4260.000000
563.814655	 	4266.666667
530.376387	 	4273.333333
511.486279	 	4280.000000
515.265890	 	4286.666667
524.681231	 	4293.333333
540.159569	 	4300.000000
525.546737	 	4306.666667
472.562104	 	4313.333333
462.280822	 	4320.000000
504.468693	 	4326.666667
477.010953	 	4333.333333
512.439447	 	4340.000000
474.958263	 	4346.666667
405.221882	 	4353.333333
472.288215	 	4360.000000
440.955904	 	4366.666667
471.530262	 	4373.333333
441.409234	 	4380.000000
434.520222	 	4386.666667
443.567544	 	4393.333333
423.916282	 	4400.000000
388.430324	 	4406.666667
439.362918	 	4413.333333
423.828413	 	4420.000000
351.178361	 	4426.666667
443.128488	 	4433.333333
368.901785	 	4440.000000
385.603239	 	4446.666667
393.016878	 	4453.333333
369.119627	 	4460.000000
387.927263	 	4466.666667
368.062191	 	4473.333333
365.028662	 	4480.000000
367.547345	 	4486.666667
358.171844	 	4493.333333
331.530035	 	4500.000000
341.886287	 	4506.666667
341.041834	 	4513.333333
365.072818	 	4520.000000
358.317626	 	4526.666667
287.849652	 	4533.333333
328.556497	 	4540.000000
332.703200	 	4546.666667
310.186525	 	4553.333333
306.364870	 	4560.000000
297.874555	 	4566.666667
325.799449	 	4573.333333
279.595686	 	4580.000000
381.978741	 	4586.666667
236.790767	 	4593.333333
286.213596	 	4600.000000
283.917630	 	4606.666667
268.850790	 	4613.333333
310.171590	 	4620.000000
327.053828	 	4626.666667
253.759293	 	4633.333333
193.273283	 	4640.000000
290.749151	 	4646.666667
291.001829	 	4653.333333
305.385534	 	4660.000000
207.931198	 	4666.666667
229.950244	 	4673.333333
436.675220	 	4680.000000
93.228723	 	4686.666667
197.387920	 	4693.333333
300.746126	 	4700.000000
153.095833	 	4706.666667
486.244791	 	4713.333333
200.801723	 	4720.000000
-1.925381	 	4726.666667
312.279396	 	4733.333333
428.620504	 	4740.000000
37.821632	 	4746.666667
320.352106	 	4753.333333
177.214463	 	4760.000000
193.347527	 	4766.666667
277.673619	 	4773.333333
34.854116	 	4780.000000
420.617637	 	4786.666667
312.970149	 	4793.333333
68.537042	 	4800.000000
132.220619	 	4806.666667
96.388666	 	4813.333333
382.894147	 	4820.000000
287.793104	 	4826.666667
88.237975	 	4833.333333
82.713913	 	4840.000000
342.637148	 	4846.666667
101.624593	 	4853.333333
248.419462	 	4860.000000
172.970286	 	4866.666667
79.495282	 	4873.333333
265.844912	 	4880.000000
181.614896	 	4886.666667
167.655849	 	4893.333333
147.037184	 	4900.000000
252.130509	 	4906.666667
100.080724	 	4913.333333
44.203350	 	4920.000000
426.429766	 	4926.666667
17.855330	 	4933.333333
108.913672	 	4940.000000
309.390107	 	4946.666667
20.407778	 	4953.333333
210.180503	 	4960.000000
258.513388	 	4966.666667
52.688810	 	4973.333333
129.449616	 	4980.000000
128.020515	 	4986.666667
68.367363	 	4993.333333
376.358444	 	5000.000000
73.006687	 	5006.666667
63.681486	 	5013.333333
196.996619	 	5020.000000
1.723914	 	5026.666667
309.614454	 	5033.333333
155.954116	 	5040.000000
-37.196898	 	5046.666667
321.134976	 	5053.333333
0.386417	 	5060.000000
92.506825	 	5066.666667
293.401577	 	5073.333333
91.581344	 	5080.000000
39.226252	 	5086.666667
189.639083	 	5093.333333
46.698858	 	5100.000000
165.107805	 	5106.666667
175.801220	 	5113.333333
28.606785	 	5120.000000
155.065333	 	5126.666667
148.688657	 	5133.333333
104.092058	 	5140.000000
103.801419	 	5146.666667
85.374300	 	5153.333333
129.873660	 	5160.000000
104.841305	 	5166.666667
133.505568	 	5173.333333
101.227663	 	5180.000000
142.171692	 	5186.666667
70.398809	 	5193.333333
44.064220	 	5200.000000
193.456078	 	5206.666667
81.741647	 	5213.333333
77.894218	 	5220.000000
133.248124	 	5226.666667
47.653669	 	5233.333333
131.591410	 	5240.000000
145.399653	 	5246.666667
-3.268613	 	5253.333333
124.163373	 	5260.000000
143.280280	 	5266.666667
31.656365	 	5273.333333
142.598989	 	5280.000000
72.082999	 	5286.666667
79.666197	 	5293.333333
129.764629	 	5300.000000
41.402441	 	5306.666667
113.057374	 	5313.333333
109.909448	 	5320.000000
15.993119	 	5326.666667
110.407019	 	5333.333333
109.960596	 	5340.000000
87.297465	 	5346.666667
84.726227	 	5353.333333
53.721614	 	5360.000000
55.061555	 	5366.666667
126.301867	 	5373.333333
72.879830	 	5380.000000
59.973811	 	5386.666667
105.814716	 	5393.333333
74.635067	 	5400.000000
43.354864	 	5406.666667
101.280194	 	5413.333333
91.234937	 	5420.000000
55.771609	 	5426.666667
69.867839	 	5433.333333
34.622054	 	5440.000000
85.348460	 	5446.666667
115.493681	 	5453.333333
28.683708	 	5460.000000
77.856790	 	5466.666667
86.713052	 	5473.333333
56.390505	 	5480.000000
98.689412	 	5486.666667
29.978083	 	5493.333333
44.718811	 	5500.000000
103.839065	 	5506.666667
37.335372	 	5513.333333
77.750721	 	5520.000000
110.082619	 	5526.666667
28.991059	 	5533.333333
54.883544	 	5540.000000
49.402283	 	5546.666667
60.386579	 	5553.333333
98.503279	 	5560.000000
33.370434	 	5566.666667
52.787989	 	5573.333333
78.554134	 	5580.000000
53.056648	 	5586.666667
60.091573	 	5593.333333
45.962125	 	5600.000000
48.694725	 	5606.666667
91.247609	 	5613.333333
55.869478	 	5620.000000
43.860157	 	5626.666667
51.688493	 	5633.333333
57.536570	 	5640.000000
47.144737	 	5646.666667
40.430456	 	5653.333333
83.124630	 	5660.000000
39.731027	 	5666.666667
29.773103	 	5673.333333
63.206543	 	5680.000000
51.087265	 	5686.666667
78.819178	 	5693.333333
62.802059	 	5700.000000
-2.049111	 	5706.666667
60.409307	 	5713.333333
45.869746	 	5720.000000
40.282228	 	5726.666667
81.598998	 	5733.333333
30.298553	 	5740.000000
64.065437	 	5746.666667
49.110131	 	5753.333333
1.188315	 	5760.000000
89.853925	 	5766.666667
61.863948	 	5773.333333
8.964353	 	5780.000000
57.929353	 	5786.666667
36.645064	 	5793.333333
51.130360	 	5800.000000
65.554444	 	5806.666667
9.185958	 	5813.333333
41.390020	 	5820.000000
63.074888	 	5826.666667
40.554524	 	5833.333333
38.941245	 	5840.000000
20.285051	 	5846.666667
56.274957	 	5853.333333
61.917611	 	5860.000000
16.022051	 	5866.666667
40.439352	 	5873.333333
54.602231	 	5880.000000
16.319954	 	5886.666667
44.990959	 	5893.333333
35.805708	 	5900.000000
33.605194	 	5906.666667
47.044466	 	5913.333333
29.885218	 	5920.000000
29.130356	 	5926.666667
33.203045	 	5933.333333
38.405192	 	5940.000000
43.540054	 	5946.666667
25.276050	 	5953.333333
37.836138	 	5960.000000
34.325255	 	5966.666667
20.657081	 	5973.333333
37.949597	 	5980.000000
40.331147	 	5986.666667
31.910141	 	5993.333333
32.606233	 	6000.000000
23.863180	 	6006.666667
39.394944	 	6013.333333
21.658871	 	6020.000000
29.962903	 	6026.666667
44.624923	 	6033.333333
23.489369	 	6040.000000
36.775336	 	6046.666667
31.759502	 	6053.333333
26.556111	 	6060.000000
24.823589	 	6066.666667
23.605407	 	6073.333333
24.249552	 	6080.000000
41.236586	 	6086.666667
28.991193	 	6093.333333
36.826392	 	6100.000000
22.332937	 	6106.666667
26.370602	 	6113.333333
26.129251	 	6120.000000
28.155385	 	6126.666667
31.000856	 	6133.333333
27.493083	 	6140.000000
26.557532	 	6146.666667
21.476521	 	6153.333333
24.495183	 	6160.000000
28.859831	 	6166.666667
18.154325	 	6173.333333
28.343605	 	6180.000000
34.363438	 	6186.666667
17.199412	 	6193.333333
16.661037	 	6200.000000
29.182810	 	6206.666667
25.381307	 	6213.333333
22.052001	 	6220.000000
25.805472	 	6226.666667
23.416658	 	6233.333333
24.586018	 	6240.000000
23.187166	 	6246.666667
11.270146	 	6253.333333
11.653442	 	6260.000000
27.784022	 	6266.666667
39.320505	 	6273.333333
26.788306	 	6280.000000
0.875936	 	6286.666667
6.211585	 	6293.333333
24.776960	 	6300.000000
28.045435	 	6306.666667
22.256909	 	6313.333333
20.187115	 	6320.000000
11.094895	 	6326.666667
24.916263	 	6333.333333
26.309887	 	6340.000000
22.307078	 	6346.666667
9.318040	 	6353.333333
8.369619	 	6360.000000
24.822971	 	6366.666667
29.442410	 	6373.333333
29.612649	 	6380.000000
6.770253	 	6386.666667
12.502759	 	6393.333333
32.256812	 	6400.000000
20.203089	 	6406.666667
22.511489	 	6413.333333
7.937991	 	6420.000000
22.253887	 	6426.666667
19.809313	 	6433.333333
13.398675	 	6440.000000
25.200843	 	6446.666667
27.731246	 	6453.333333
7.826789	 	6460.000000
21.689595	 	6466.666667
7.373119	 	6473.333333
16.933667	 	6480.000000
18.955735	 	6486.666667
17.866159	 	6493.333333
25.769797	 	6500.000000
20.484508	 	6506.666667
9.063846	 	6513.333333
21.370097	 	6520.000000
10.486919	 	6526.666667
18.022556	 	6533.333333
2.996080	 	6540.000000
17.416830	 	6546.666667
32.686877	 	6553.333333
14.253503	 	6560.000000
2.946971	 	6566.666667
22.902467	 	6573.333333
27.475048	 	6580.000000
10.694416	 	6586.666667
0.431847	 	6593.333333
7.965698	 	6600.000000
25.124638	 	6606.666667
18.804539	 	6613.333333
14.122919	 	6620.000000
16.611496	 	6626.666667
13.133280	 	6633.333333
9.809345	 	6640.000000
14.382550	 	6646.666667
3.537475	 	6653.333333
23.940020	 	6660.000000
22.152003	 	6666.666667
14.779340	 	6673.333333
1.466644	 	6680.000000
6.734873	 	6686.666667
8.285514	 	6693.333333
17.065021	 	6700.000000
24.155809	 	6706.666667
27.278637	 	6713.333333
-7.440469	 	6720.000000
4.481480	 	6726.666667
13.338760	 	6733.333333
14.198777	 	6740.000000
20.455386	 	6746.666667
3.108403	 	6753.333333
10.318114	 	6760.000000
10.224105	 	6766.666667
15.180700	 	6773.333333
29.482694	 	6780.000000
7.549597	 	6786.666667
10.157955	 	6793.333333
4.868404	 	6800.000000
-0.629640	 	6806.666667
25.510761	 	6813.333333
14.874329	 	6820.000000
5.001366	 	6826.666667
18.285441	 	6833.333333
9.617915	 	6840.000000
5.016362	 	6846.666667
12.712368	 	6853.333333
16.142034	 	6860.000000
20.649979	 	6866.666667
4.443327	 	6873.333333
-6.239693	 	6880.000000
0.164380	 	6886.666667
24.325202	 	6893.333333
23.223746	 	6900.000000
8.034423	 	6906.666667
1.660087	 	6913.333333
20.061154	 	6920.000000
12.086163	 	6926.666667
15.608458	 	6933.333333
-4.557876	 	6940.000000
-0.800016	 	6946.666667
0.116021	 	6953.333333
23.323076	 	6960.000000
18.765049	 	6966.666667
24.453268	 	6973.333333
7.292576	 	6980.000000
-3.553449	 	6986.666667
-3.652004	 	6993.333333
21.773903	 	7000.000000
13.192616	 	7006.666667
11.108219	 	7013.333333
13.361650	 	7020.000000
15.756739	 	7026.666667
2.371587	 	7033.333333
7.803315	 	7040.000000
2.920624	 	7046.666667
22.337810	 	7053.333333
16.500604	 	7060.000000
2.231558	 	7066.666667
-8.909171	 	7073.333333
7.426686	 	7080.000000
11.167663	 	7086.666667
25.526184	 	7093.333333
3.523528	 	7100.000000
3.844647	 	7106.666667
-0.301842	 	7113.333333
4.552281	 	7120.000000
7.138276	 	7126.666667
20.856825	 	7133.333333
8.620673	 	7140.000000
11.098493	 	7146.666667
-2.749933	 	7153.333333
15.082850	 	7160.000000
4.958386	 	7166.666667
7.774616	 	7173.333333
8.461873	 	7180.000000
12.688826	 	7186.666667
0.154514	 	7193.333333
4.921977	 	7200.000000
4.807789	 	7206.666667
18.976449	 	7213.333333
3.896642	 	7220.000000
3.642920	 	7226.666667
-0.353707	 	7233.333333
13.025968	 	7240.000000
13.781610	 	7246.666667
7.058211	 	7253.333333
9.476118	 	7260.000000
21.930641	 	7266.666667
-1.059681	 	7273.333333
2.500116	 	7280.000000
8.813875	 	7286.666667
14.581651	 	7293.333333
-1.865914	 	7300.000000
4.668453	 	7306.666667
4.620968	 	7313.333333
16.315846	 	7320.000000
6.656098	 	7326.666667
9.889709	 	7333.333333
6.610533	 	7340.000000
11.519171	 	7346.666667
-0.856318	 	7353.333333
-6.900879	 	7360.000000
-0.420873	 	7366.666667
7.082649	 	7373.333333
17.239433	 	7380.000000
12.857458	 	7386.666667
4.492792	 	7393.333333
-4.358356	 	7400.000000
2.898255	 	7406.666667
9.690536	 	7413.333333
6.773496	 	7420.000000
1.590306	 	7426.666667
11.706773	 	7433.333333
6.959908	 	7440.000000
7.891903	 	7446.666667
4.121884	 	7453.333333
-1.418327	 	7460.000000
6.096319	 	7466.666667
11.987900	 	7473.333333
0.551616	 	7480.000000
9.171286	 	7486.666667
9.775727	 	7493.333333
1.516579	 	7500.000000
-0.354434	 	7506.666667
1.620708	 	7513.333333
1.151652	 	7520.000000
14.775148	 	7526.666667
3.289204	 	7533.333333
8.081352	 	7540.000000
13.726056	 	7546.666667
-7.745302	 	7553.333333
-5.629566	 	7560.000000
10.992261	 	7566.666667
10.898019	 	7573.333333
8.402874	 	7580.000000
5.870855	 	7586.666667
-2.313325	 	7593.333333
-7.398446	 	7600.000000
15.504021	 	7606.666667
7.108840	 	7613.333333
10.544301	 	7620.000000
5.436767	 	7626.666667
0.029555	 	7633.333333
5.661953	 	7640.000000
10.141985	 	7646.666667
-4.845128	 	7653.333333
1.199237	 	7660.000000
-3.302196	 	7666.666667
19.051628	 	7673.333333
9.302746	 	7680.000000
-0.413987	 	7686.666667
0.092321	 	7693.333333
8.865389	 	7700.000000
2.086403	 	7706.666667
9.374717	 	7713.333333
0.020417	 	7720.000000
2.577942	 	7726.666667
6.642891	 	7733.333333
-1.818975	 	7740.000000
1.876554	 	7746.666667
13.275751	 	7753.333333
-1.321774	 	7760.000000
4.164978	 	7766.666667
1.204776	 	7773.333333
0.129029	 	7780.000000
11.522018	 	7786.666667
4.973750	 	7793.333333
-1.720670	 	7800.000000
5.044076	 	7806.666667
-6.505652	 	7813.333333
10.736638	 	7820.000000
14.783554	 	7826.666667
2.532760	 	7833.333333
-0.427018	 	7840.000000
-6.541562	 	7846.666667
-2.553189	 	7853.333333
3.554983	 	7860.000000
9.449587	 	7866.666667
8.111249	 	7873.333333
10.261049	 	7880.000000
-2.044288	 	7886.666667
-6.497339	 	7893.333333
-6.189155	 	7900.000000
4.905292	 	7906.666667
20.236656	 	7913.333333
11.916436	 	7920.000000
-9.080078	 	7926.666667
-7.104463	 	7933.333333
-6.532901	 	7940.000000
-4.798857	 	7946.666667
15.267079	 	7953.333333
16.666433	 	7960.000000
7.836590	 	7966.666667
-2.337889	 	7973.333333
-13.429668	 	7980.000000
-3.657688	 	7986.666667
1.975534	 	7993.333333
2.190947	 	8000.000000
13.148508	 	8006.666667
4.932094	 	8013.333333
0.213031	 	8020.000000
-5.237642	 	8026.666667
4.516233	 	8033.333333
6.170543	 	8040.000000
3.122397	 	8046.666667
-0.314224	 	8053.333333
10.838067	 	8060.000000
0.029185	 	8066.666667
-7.320079	 	8073.333333
-3.390518	 	8080.000000
29.566163	 	8086.666667
8.396277	 	8093.333333
-6.229718	 	8100.000000
-16.406242	 	8106.666667
-0.776318	 	8113.333333
4.561733	 	8120.000000
11.625521	 	8126.666667
0.121075	 	8133.333333
14.066525	 	8140.000000
3.941206	 	8146.666667
-3.806272	 	8153.333333
-4.441487	 	8160.000000
-2.971984	 	8166.666667
-1.497346	 	8173.333333
24.526895	 	8180.000000
9.408280	 	8186.666667
4.263939	 	8193.333333
-7.745995	 	8200.000000
-13.025127	 	8206.666667
6.266227	 	8213.333333
13.170728	 	8220.000000
-10.682007	 	8226.666667
5.663031	 	8233.333333
4.822577	 	8240.000000
3.057684	 	8246.666667
4.487032	 	8253.333333
0.049408	 	8260.000000
0.630090	 	8266.666667
7.390524	 	8273.333333
-0.562932	 	8280.000000
2.699369	 	8286.666667
-4.483363	 	8293.333333
3.166660	 	8300.000000
3.955641	 	8306.666667
3.688849	 	8313.333333
11.645517	 	8320.000000
-1.712755	 	8326.666667
-13.418484	 	8333.333333
-1.736971	 	8340.000000
10.121983	 	8346.666667
14.185339	 	8353.333333
2.929756	 	8360.000000
-8.246006	 	8366.666667
0.118122	 	8373.333333
3.452959	 	8380.000000
3.994235	 	8386.666667
-2.269711	 	8393.333333
-1.020241	 	8400.000000
12.002009	 	8406.666667
-1.530387	 	8413.333333
-8.863315	 	8420.000000
1.158061	 	8426.666667
-6.852924	 	8433.333333
16.618667	 	8440.000000
13.765189	 	8446.666667
-21.484433	 	8453.333333
5.045215	 	8460.000000
0.112290	 	8466.666667
6.135942	 	8473.333333
13.008186	 	8480.000000
-10.749827	 	8486.666667
1.770013	 	8493.333333
11.522307	 	8500.000000
1.665445	 	8506.666667
3.532230	 	8513.333333
-7.581456	 	8520.000000
-11.708875	 	8526.666667
9.620945	 	8533.333333
14.295015	 	8540.000000
12.863990	 	8546.666667
-4.016476	 	8553.333333
-6.838244	 	8560.000000
-2.175897	 	8566.666667
-0.198045	 	8573.333333
11.953474	 	8580.000000
5.882124	 	8586.666667
3.866963	 	8593.333333
9.235491	 	8600.000000
-12.853838	 	8606.666667
3.522882	 	8613.333333
-4.145006	 	8620.000000
7.122937	 	8626.666667
9.684213	 	8633.333333
8.825270	 	8640.000000
0.304412	 	8646.666667
0.040739	 	8653.333333
-19.722288	 	8660.000000
12.843018	 	8666.666667
5.982215	 	8673.333333
4.828080	 	8680.000000
-4.973260	 	8686.666667
-5.795785	 	8693.333333
8.166455	 	8700.000000
6.838994	 	8706.666667
-4.871491	 	8713.333333
-0.120559	 	8720.000000
-0.416500	 	8726.666667
17.773869	 	8733.333333
-2.424242	 	8740.000000
-5.484653	 	8746.666667
-5.428563	 	8753.333333
5.933647	 	8760.000000
4.233297	 	8766.666667
-1.932215	 	8773.333333
0.590428	 	8780.000000
11.950866	 	8786.666667
-3.272257	 	8793.333333
6.976802	 	8800.000000
-10.803779	 	8806.666667
-8.551501	 	8813.333333
4.882196	 	8820.000000
6.899960	 	8826.666667
5.503609	 	8833.333333
4.987488	 	8840.000000
-13.485990	 	8846.666667
1.552140	 	8853.333333
0.420967	 	8860.000000
2.374201	 	8866.666667
3.860879	 	8873.333333
6.605507	 	8880.000000
-4.662667	 	8886.666667
-0.359679	 	8893.333333
-13.711229	 	8900.000000
10.193087	 	8906.666667
0.103078	 	8913.333333
-1.411396	 	8920.000000
1.219522	 	8926.666667
-0.170287	 	8933.333333
4.499941	 	8940.000000
3.724379	 	8946.666667
-4.311423	 	8953.333333
-1.851839	 	8960.000000
-2.020540	 	8966.666667
-3.086824	 	8973.333333
15.858569	 	8980.000000
-4.300801	 	8986.666667
0.334565	 	8993.333333
7.592174	 	9000.000000
-12.207512	 	9006.666667
6.306461	 	9013.333333
-1.617941	 	9020.000000
0.738623	 	9026.666667
1.588724	 	9033.333333
6.589424	 	9040.000000
-2.730654	 	9046.666667
-0.968048	 	9053.333333
-1.217322	 	9060.000000
-2.428463	 	9066.666667
-4.481087	 	9073.333333
13.452314	 	9080.000000
-3.553608	 	9086.666667
9.131465	 	9093.333333
-4.270685	 	9100.000000
-0.732709	 	9106.666667
-0.889036	 	9113.333333
-4.294643	 	9120.000000
-11.971794	 	9126.666667
14.520691	 	9133.333333
0.057606	 	9140.000000
5.742258	 	9146.666667
-8.641751	 	9153.333333
-4.641005	 	9160.000000
1.519292	 	9166.666667
9.726320	 	9173.333333
-5.204713	 	9180.000000
3.553446	 	9186.666667
-3.890663	 	9193.333333
-8.657171	 	9200.000000
-1.404897	 	9206.666667
4.978412	 	9213.333333
-0.643579	 	9220.000000
-2.082592	 	9226.666667
-0.982533	 	9233.333333
8.172095	 	9240.000000
7.587706	 	9246.666667
-6.768551	 	9253.333333
-10.155446	 	9260.000000
14.979219	 	9266.666667
3.446137	 	9273.333333
-10.661832	 	9280.000000
-13.931792	 	9286.666667
-0.227541	 	9293.333333
13.244686	 	9300.000000
11.675837	 	9306.666667
1.868743	 	9313.333333
-9.590274	 	9320.000000
-7.217142	 	9326.666667
-10.281882	 	9333.333333
14.020501	 	9340.000000
15.693744	 	9346.666667
-1.046474	 	9353.333333
-17.254035	 	9360.000000
-5.032622	 	9366.666667
10.773771	 	9373.333333
11.814057	 	9380.000000
-12.063136	 	9386.666667
1.359537	 	9393.333333
-0.978662	 	9400.000000
10.342879	 	9406.666667
9.325449	 	9413.333333
-7.439239	 	9420.000000
-8.195363	 	9426.666667
-16.374751	 	9433.333333
0.907684	 	9440.000000
18.910102	 	9446.666667
8.508264	 	9453.333333
-9.546417	 	9460.000000
-7.658066	 	9466.666667
-2.252828	 	9473.333333
6.750869	 	9480.000000
9.814269	 	9486.666667
-7.893892	 	9493.333333
-2.797945	 	9500.000000
2.256795	 	9506.666667
3.186455	 	9513.333333
-8.379267	 	9520.000000
-0.851139	 	9526.666667
4.883401	 	9533.333333
-3.895379	 	9540.000000
8.411432	 	9546.666667
0.340673	 	9553.333333
-4.918253	 	9560.000000
-8.079480	 	9566.666667
2.266725	 	9573.333333
0.965136	 	9580.000000
-7.157212	 	9586.666667
3.057662	 	9593.333333
3.169729	 	9600.000000
13.384343	 	9606.666667
-10.162723	 	9613.333333
-16.493219	 	9620.000000
-6.143203	 	9626.666667
13.481777	 	9633.333333
12.992712	 	9640.000000
-3.995504	 	9646.666667
-14.746231	 	9653.333333
2.409740	 	9660.000000
-4.223243	 	9666.666667
1.627025	 	9673.333333
6.681064	 	9680.000000
7.387076	 	9686.666667
8.825589	 	9693.333333
-10.020228	 	9700.000000
-12.705912	 	9706.666667
-1.770014	 	9713.333333
-5.764006	 	9720.000000
12.974332	 	9726.666667
6.189447	 	9733.333333
-9.230594	 	9740.000000
3.925269	 	9746.666667
-6.282660	 	9753.333333
3.292466	 	9760.000000
-2.802387	 	9766.666667
9.069076	 	9773.333333
-3.985369	 	9780.000000
-4.377654	 	9786.666667
0.402630	 	9793.333333
3.211395	 	9800.000000
-1.611364	 	9806.666667
7.012365	 	9813.333333
-15.862717	 	9820.000000
0.802723	 	9826.666667
12.882596	 	9833.333333
-1.415293	 	9840.000000
-5.065126	 	9846.666667
-4.605838	 	9853.333333
-2.910825	 	9860.000000
10.511552	 	9866.666667
5.249290	 	9873.333333
-10.154754	 	9880.000000
-5.745041	 	9886.666667
5.609683	 	9893.333333
0.125129	 	9900.000000
-3.081811	 	9906.666667
-6.316772	 	9913.333333
-0.432942	 	9920.000000
2.076638	 	9926.666667
-4.435827	 	9933.333333
-4.281301	 	9940.000000
4.132885	 	9946.666667
6.534343	 	9953.333333
-1.910318	 	9960.000000
-8.058659	 	9966.666667
-1.635509	 	9973.333333
0.338704	 	9980.000000
5.452490	 	9986.666667
-3.603732	 	9993.333333
0.672542	 	10000.000000
-9.287685	 	10006.666667
0.939005	 	10013.333333
11.094978	 	10020.000000
-0.361612	 	10026.666667
-0.497440	 	10033.333333
-5.420421	 	10040.000000
-4.461938	 	10046.666667
-0.990930	 	10053.333333
-3.706326	 	10060.000000
-1.257466	 	10066.666667
0.241883	 	10073.333333
4.181300	 	10080.000000
4.157690	 	10086.666667
-4.135700	 	10093.333333
-7.139302	 	10100.000000
-0.029967	 	10106.666667
0.779317	 	10113.333333
8.624778	 	10120.000000
0.846030	 	10126.666667
-2.366535	 	10133.333333
-1.851562	 	10140.000000
-12.527024	 	10146.666667
3.305936	 	10153.333333
2.823873	 	10160.000000
2.488984	 	10166.666667
8.894863	 	10173.333333
-6.905395	 	10180.000000
-12.789132	 	10186.666667
-5.269765	 	10193.333333
13.434924	 	10200.000000
2.511639	 	10206.666667
4.033376	 	10213.333333
-13.791363	 	10220.000000
-5.710624	 	10226.666667
1.662416	 	10233.333333
5.921953	 	10240.000000
7.309140	 	10246.666667
-4.391186	 	10253.333333
-4.635918	 	10260.000000
-8.626759	 	10266.666667
-4.972013	 	10273.333333
8.369944	 	10280.000000
-12.309764	 	10286.666667
16.418546	 	10293.333333
4.497057	 	10300.000000
-2.404317	 	10306.666667
-15.239137	 	10313.333333
-7.547676	 	10320.000000
8.151625	 	10326.666667
7.476727	 	10333.333333
-5.220274	 	10340.000000
1.435390	 	10346.666667
3.797371	 	10353.333333
-1.616953	 	10360.000000
-2.044943	 	10366.666667
-12.167529	 	10373.333333
2.591699	 	10380.000000
11.095904	 	10386.666667
-0.619725	 	10393.333333
-3.187942	 	10400.000000
-8.530733	 	10406.666667
7.177710	 	10413.333333
3.478451	 	10420.000000
-8.011041	 	10426.666667
6.037217	 	10433.333333
-0.920239	 	10440.000000
-4.472879	 	10446.666667
-4.128306	 	10453.333333
1.670577	 	10460.000000
7.312438	 	10466.666667
-1.560483	 	10473.333333
-15.581053	 	10480.000000
4.177385	 	10486.666667
2.971471	 	10493.333333
1.175972	 	10500.000000
-0.679188	 	10506.666667
-5.210183	 	10513.333333
8.986721	 	10520.000000
-8.738890	 	10526.666667
-19.774980	 	10533.333333
14.733537	 	10540.000000
10.865136	 	10546.666667
6.469584	 	10553.333333
-19.868680	 	10560.000000
-7.944484	 	10566.666667
-2.859491	 	10573.333333
24.046223	 	10580.000000
-12.162829	 	10586.666667
4.950138	 	10593.333333
3.333826	 	10600.000000
-3.047950	 	10606.666667
-13.871256	 	10613.333333
6.114466	 	10620.000000
-3.795363	 	10626.666667
8.649129	 	10633.333333
2.170859	 	10640.000000
-7.445038	 	10646.666667
-1.913923	 	10653.333333
-4.116001	 	10660.000000
-0.803757	 	10666.666667
10.922329	 	10673.333333
-3.229045	 	10680.000000
-5.071941	 	10686.666667
-3.612475	 	10693.333333
-5.940233	 	10700.000000
9.809133	 	10706.666667
3.804813	 	10713.333333
-5.882366	 	10720.000000
-11.169472	 	10726.666667
6.539190	 	10733.333333
-1.439923	 	10740.000000
-3.325833	 	10746.666667
1.997810	 	10753.333333
-5.264368	 	10760.000000
3.580955	 	10766.666667
16.165421	 	10773.333333
-13.215099	 	10780.000000
-13.628380	 	10786.666667
4.677554	 	10793.333333
-0.168451	 	10800.000000
10.988955	 	10806.666667
12.374537	 	10813.333333
0.963450	 	10820.000000
-11.024778	 	10826.666667
-18.127878	 	10833.333333
5.976118	 	10840.000000
-2.453198	 	10846.666667
0.211023	 	10853.333333
11.494317	 	10860.000000
-4.342312	 	10866.666667
-5.731016	 	10873.333333
1.779162	 	10880.000000
-8.220284	 	10886.666667
0.134245	 	10893.333333
0.324481	 	10900.000000
-1.379350	 	10906.666667
7.063069	 	10913.333333
2.124499	 	10920.000000
-7.212261	 	10926.666667
0.220189	 	10933.333333
-5.248261	 	10940.000000
5.205640	 	10946.666667
2.572312	 	10953.333333
-0.240126	 	10960.000000
-4.135887	 	10966.666667
-2.693276	 	10973.333333
-8.949494	 	10980.000000
5.902416	 	10986.666667
7.704239	 	10993.333333
-2.439394	 	11000.000000
-8.692498	 	11006.666667
-3.786309	 	11013.333333
2.339280	 	11020.000000
-0.636987	 	11026.666667
-1.869199	 	11033.333333
2.621915	 	11040.000000
-5.158708	 	11046.666667
3.023636	 	11053.333333
1.370442	 	11060.000000
-0.587686	 	11066.666667
0.318972	 	11073.333333
0.169855	 	11080.000000
-19.398949	 	11086.666667
2.266195	 	11093.333333
14.504117	 	11100.000000
2.330303	 	11106.666667
-14.626579	 	11113.333333
-4.443990	 	11120.000000
0.277002	 	11126.666667
-6.612509	 	11133.333333
6.211362	 	11140.000000
10.435195	 	11146.666667
-11.262032	 	11153.333333
-8.832805	 	11160.000000
-0.695235	 	11166.666667
0.382036	 	11173.333333
8.999539	 	11180.000000
-6.750074	 	11186.666667
-7.129096	 	11193.333333
-0.229665	 	11200.000000
4.897009	 	11206.666667
-5.290163	 	11213.333333
7.179972	 	11220.000000
-17.930231	 	11226.666667
6.677424	 	11233.333333
3.210883	 	11240.000000
4.331095	 	11246.666667
-6.989206	 	11253.333333
-9.826232	 	11260.000000
-9.199223	 	11266.666667
11.919842	 	11273.333333
4.897420	 	11280.000000
-2.691976	 	11286.666667
-10.407212	 	11293.333333
5.660967	 	11300.000000
0.354459	 	11306.666667
0.828942	 	11313.333333
-20.032894	 	11320.000000
-0.566360	 	11326.666667
3.332993	 	11333.333333
7.993010	 	11340.000000
-2.874677	 	11346.666667
-1.431487	 	11353.333333
-5.135453	 	11360.000000
-8.612592	 	11366.666667
2.041519	 	11373.333333
7.491658	 	11380.000000
-2.332022	 	11386.666667
-6.485445	 	11393.333333
-4.029749	 	11400.000000
-3.587916	 	11406.666667
9.121941	 	11413.333333
2.867563	 	11420.000000
-10.349614	 	11426.666667
-1.125632	 	11433.333333
-3.312082	 	11440.000000
-1.870249	 	11446.666667
3.393528	 	11453.333333
-1.390447	 	11460.000000
7.427508	 	11466.666667
-16.286774	 	11473.333333
-6.838314	 	11480.000000
-1.659441	 	11486.666667
4.102411	 	11493.333333
5.070322	 	11500.000000
-12.098621	 	11506.666667
-10.170186	 	11513.333333
10.435921	 	11520.000000
10.471904	 	11526.666667
-8.865058	 	11533.333333
-16.710291	 	11540.000000
-9.621992	 	11546.666667
4.744521	 	11553.333333
10.213220	 	11560.000000
-2.928322	 	11566.666667
-1.394780	 	11573.333333
-2.853125	 	11580.000000
-16.596576	 	11586.666667
0.838409	 	11593.333333
9.292833	 	11600.000000
-0.038936	 	11606.666667
-6.473266	 	11613.333333
-5.813507	 	11620.000000
8.696426	 	11626.666667
6.969346	 	11633.333333
-16.979147	 	11640.000000
-10.725473	 	11646.666667
2.584089	 	11653.333333
7.416499	 	11660.000000
4.399299	 	11666.666667
-15.687363	 	11673.333333
-8.015637	 	11680.000000
8.320603	 	11686.666667
-5.712752	 	11693.333333
5.402328	 	11700.000000
-2.713553	 	11706.666667
-15.845958	 	11713.333333
-7.249489	 	11720.000000
-4.660593	 	11726.666667
20.824987	 	11733.333333
11.992299	 	11740.000000
-19.660979	 	11746.666667
-15.294370	 	11753.333333
-14.403755	 	11760.000000
5.299709	 	11766.666667
14.588308	 	11773.333333
31.912254	 	11780.000000
-49.548447	 	11786.666667
-8.263197	 	11793.333333
10.423411	 	11800.000000
14.652426	 	11806.666667
-21.581469	 	11813.333333
1.708843	 	11820.000000
-16.024463	 	11826.666667
28.321142	 	11833.333333
-6.716878	 	11840.000000
-37.855604	 	11846.666667
20.839975	 	11853.333333
-14.065717	 	11860.000000
7.056160	 	11866.666667
35.991229	 	11873.333333
-29.003375	 	11880.000000
-4.646921	 	11886.666667
-22.132357	 	11893.333333
16.383041	 	11900.000000
-12.897355	 	11906.666667
14.293074	 	11913.333333
14.801620	 	11920.000000
-21.407835	 	11926.666667
-11.779953	 	11933.333333
-16.951673	 	11940.000000
16.659028	 	11946.666667
-25.966755	 	11953.333333
29.854142	 	11960.000000
6.171895	 	11966.666667
31.342830	 	11973.333333
-62.066091	 	11980.000000
9.050623	 	11986.666667
-25.766600	 	11993.333333
-14.689021	 	12000.000000
25.041727	 	12006.666667
48.236202	 	12013.333333
-14.927943	 	12020.000000
-58.549694	 	12026.666667
6.946300	 	12033.333333
24.878793	 	12040.000000
-15.602170	 	12046.666667
-15.016284	 	12053.333333
31.564859	 	12060.000000
11.059760	 	12066.666667
-88.513025	 	12073.333333
102.748238	 	12080.000000
-92.686996	 	12086.666667
3.394731	 	12093.333333
55.972284	 	12100.000000
44.491895	 	12106.666667
-103.573343	 	12113.333333
-68.767297	 	12120.000000
71.693310	 	12126.666667
44.167815	 	12133.333333
125.974287	 	12140.000000
-162.276858	 	12146.666667
6.728627	 	12153.333333
-94.192401	 	12160.000000
-8.043082	 	12166.666667
137.066710	 	12173.333333
106.058095	 	12180.000000
-198.218626	 	12186.666667
33.436535	 	12193.333333
-58.205199	 	12200.000000
133.833042	 	12206.666667
33.176771	 	12213.333333
-168.343077	 	12220.000000
16.011111	 	12226.666667
-29.596504	 	12233.333333
-9.930493	 	12240.000000
207.445572	 	12246.666667
-193.573855	 	12253.333333
363.857188	 	12260.000000
-273.431360	 	12266.666667
-226.506189	 	12273.333333
-18.273312	 	12280.000000
-179.466721	 	12286.666667
816.428168	 	12293.333333
-16.602454	 	12300.000000
-353.716564	 	12306.666667
-497.385082	 	12313.333333
550.482574	 	12320.000000
-356.544509	 	12326.666667
97.712366	 	12333.333333
217.901304	 	12340.000000
210.884227	 	12346.666667
-370.936369	 	12353.333333
154.652076	 	12360.000000
-414.946243	 	12366.666667
526.181787	 	12373.333333
-71.605849	 	12380.000000
-377.108035	 	12386.666667
-69.618901	 	12393.333333
467.428287	 	12400.000000
193.745723	 	12406.666667
-94.929765	 	12413.333333
-657.157622	 	12420.000000
51.261250	 	12426.666667
409.801210	 	12433.333333
-538.904987	 	12440.000000
1341.022187	 	12446.666667
-571.477845	 	12453.333333
-599.667618	 	12460.000000
-299.808970	 	12466.666667
554.546437	 	12473.333333
434.709418	 	12480.000000
-219.192524	 	12486.666667
-770.802737	 	12493.333333
564.419098	 	12500.000000
84.937385	 	12506.666667
206.513872	 	12513.333333
88.067409	 	12520.000000
-430.875334	 	12526.666667
-340.332663	 	12533.333333
-213.048333	 	12540.000000
762.039105	 	12546.666667
236.642149	 	12553.333333
-819.859095	 	12560.000000
1150.422317	 	12566.666667
-592.857425	 	12573.333333
-495.104525	 	12580.000000
-672.906353	 	12586.666667
1461.996454	 	12593.333333
102.456873	 	12600.000000
-511.315253	 	12606.666667
-322.903316	 	12613.333333
663.334365	 	12620.000000
-371.183210	 	12626.666667
-365.214969	 	12633.333333
-885.527875	 	12640.000000
2150.363633	 	12646.666667
-199.548451	 	12653.333333
-608.401914	 	12660.000000
-486.383431	 	12666.666667
-663.178128	 	12673.333333
1369.324464	 	12680.000000
508.285038	 	12686.666667
-670.492752	 	12693.333333
-330.714225	 	12700.000000
-683.156347	 	12706.666667
731.824362	 	12713.333333
230.824242	 	12720.000000
581.382358	 	12726.666667
-735.629146	 	12733.333333
-800.453812	 	12740.000000
1280.827564	 	12746.666667
-477.689844	 	12753.333333
-531.275420	 	12760.000000
1115.384603	 	12766.666667
-909.081695	 	12773.333333
790.026843	 	12780.000000
-840.143339	 	12786.666667
89.451745	 	12793.333333
1060.539818	 	12800.000000
-692.666312	 	12806.666667
-886.910775	 	12813.333333
468.107229	 	12820.000000
-210.404897	 	12826.666667
1762.406744	 	12833.333333
-914.927399	 	12840.000000
-598.079762	 	12846.666667
230.813752	 	12853.333333
-621.725153	 	12860.000000
1196.081418	 	12866.666667
-807.475821	 	12873.333333
287.522273	 	12880.000000
607.838926	 	12886.666667
-979.083844	 	12893.333333
-403.124412	 	12900.000000
-979.321609	 	12906.666667
3469.948229	 	12913.333333
-760.466987	 	12920.000000
-698.735995	 	12926.666667
-625.672339	 	12933.333333
-227.029167	 	12940.000000
-786.558974	 	12946.666667
2216.916043	 	12953.333333
-295.975692	 	12960.000000
-862.209661	 	12966.666667
747.042177	 	12973.333333
-689.339657	 	12980.000000
442.635630	 	12986.666667
-985.205956	 	12993.333333
-268.145420	 	13000.000000
2837.602921	 	13006.666667
-908.132567	 	13013.333333
-985.583564	 	13020.000000
-967.709838	 	13026.666667
877.308140	 	13033.333333
-983.088759	 	13040.000000
2671.149750	 	13046.666667
-399.671177	 	13053.333333
-836.138565	 	13060.000000
-987.095653	 	13066.666667
-656.303841	 	13073.333333
3193.677259	 	13080.000000
-975.086240	 	13086.666667
-994.881850	 	13093.333333
-222.907221	 	13100.000000
-74.106865	 	13106.666667
-996.954713	 	13113.333333
3477.639092	 	13120.000000
-989.900688	 	13126.666667
-936.880968	 	13133.333333
-653.876812	 	13140.000000
-966.913481	 	13146.666667
3317.039069	 	13153.333333
-799.563299	 	13160.000000
-993.295919	 	13166.666667
-956.375067	 	13173.333333
-646.425320	 	13180.000000
3601.064670	 	13186.666667
-999.246765	 	13193.333333
-999.962333	 	13200.000000
-999.847019	 	13206.666667
-999.995455	 	13213.333333
-995.171518	 	13220.000000
5154.663400	 	13226.666667
1791.342049	 	13233.333333
-999.998720	 	13240.000000
-999.998720	 	13246.666667
-999.998720	 	13253.333333
-999.998727	 	13260.000000
-999.998721	 	13266.666667
-999.998726	 	13273.333333
-999.998738	 	13280.000000
-999.998786	 	13286.666667
-999.998741	 	13293.333333
-999.998767	 	13300.000000
-999.998849	 	13306.666667
-999.998884	 	13313.333333
-999.998796	 	13320.000000
-999.998880	 	13326.666667
