#peak 	 	#time 
-999.999032	 	0.000000
-999.999228	 	6.666667
-999.998892	 	13.333333
-999.999330	 	20.000000
-999.999153	 	26.666667
-999.998943	 	33.333333
-999.999233	 	40.000000
-999.998877	 	46.666667
-999.999665	 	53.333333
-999.999910	 	60.000000
-999.999997	 	66.666667
-1000.000000	 	73.333333
-1000.000000	 	80.000000
-1000.000000	 	86.666667
-1000.000000	 	93.333333
32614.888004	 	100.000000
-999.998853	 	106.666667
-999.998858	 	113.333333
-999.998848	 	120.000000
-999.998856	 	126.666667
-999.998869	 	133.333333
-999.998851	 	140.000000
-999.998861	 	146.666667
-999.998852	 	153.333333
-999.998849	 	160.000000
-999.998853	 	166.666667
-999.998849	 	173.333333
-999.998849	 	180.000000
-999.998848	 	186.666667
-999.998848	 	193.333333
1698.234661	 	200.000000
4162.568827	 	206.666667
-761.650770	 	213.333333
-955.750485	 	220.000000
-801.388526	 	226.666667
-465.445581	 	233.333333
167.651656	 	240.000000
235.288001	 	246.666667
390.412939	 	253.333333
-81.543555	 	260.000000
-391.183902	 	266.666667
-232.291366	 	273.333333
435.298970	 	280.000000
20.973376	 	286.666667
-310.143467	 	293.333333
70.367939	 	300.000000
272.937542	 	306.666667
41.581505	 	313.333333
-343.327699	 	320.000000
-162.767259	 	326.666667
123.084088	 	333.333333
124.713866	 	340.000000
-138.077490	 	346.666667
-76.101441	 	353.333333
213.634510	 	360.000000
173.683956	 	366.666667
-141.025352	 	373.333333
14.475289	 	380.000000
-324.143386	 	386.666667
130.059585	 	393.333333
-176.707839	 	400.000000
-9.807633	 	406.666667
208.759972	 	413.333333
357.685483	 	420.000000
-279.893080	 	426.666667
-219.314775	 	433.333333
-283.621713	 	440.000000
597.590820	 	446.666667
-51.724722	 	453.333333
68.971037	 	460.000000
-262.596005	 	466.666667
-41.894680	 	473.333333
-86.568466	 	480.000000
344.152038	 	486.666667
-303.866612	 	493.333333
211.420469	 	500.000000
46.093908	 	506.666667
155.238208	 	513.333333
-281.208127	 	520.000000
-64.248967	 	526.666667
-51.185698	 	533.333333
264.162751	 	540.000000
5.815985	 	546.666667
232.192292	 	553.333333
-294.822564	 	560.000000
-9.879108	 	566.666667
-126.511033	 	573.333333
35.242456	 	580.000000
139.661858	 	586.666667
88.282041	 	593.333333
15.373517	 	600.000000
24.780747	 	606.666667
-119.253012	 	613.333333
-9.739160	 	620.000000
-7.196053	 	626.666667
-51.774618	 	633.333333
255.848533	 	640.000000
-78.262049	 	646.666667
-1.176518	 	653.333333
-58.420161	 	660.000000
-174.798486	 	666.666667
172.713307	 	673.333333
142.606486	 	680.000000
-83.201188	 	686.666667
-76.308790	 	693.333333
49.411482	 	700.000000
-28.417464	 	706.666667
-5.402435	 	713.333333
72.842318	 	720.000000
42.458331	 	726.666667
-27.495444	 	733.333333
31.466809	 	740.000000
-130.429494	 	746.666667
-43.234655	 	753.333333
60.933066	 	760.000000
113.379456	 	766.666667
11.640780	 	773.333333
-50.901953	 	780.000000
-10.164181	 	786.666667
5.019423	 	793.333333
-82.138341	 	800.000000
81.147668	 	806.666667
48.142268	 	813.333333
41.490045	 	820.000000
-72.132436	 	826.666667
-23.814413	 	833.333333
73.067372	 	840.000000
-23.083825	 	846.666667
-99.156806	 	853.333333
130.814767	 	860.000000
70.283212	 	866.666667
-36.639666	 	873.333333
-76.228939	 	880.000000
4.482617	 	886.666667
1.816070	 	893.333333
36.846885	 	900.000000
25.886555	 	906.666667
0.639579	 	913.333333
-37.921640	 	920.000000
-7.978381	 	926.666667
-12.001020	 	933.333333
102.264331	 	940.000000
8.730163	 	946.666667
-10.218330	 	953.333333
-109.870550	 	960.000000
1.681758	 	966.666667
27.341879	 	973.333333
94.959864	 	980.000000
24.878714	 	986.666667
-8.230723	 	993.333333
-46.407946	 	1000.000000
-30.976681	 	1006.666667
11.966373	 	1013.333333
37.618296	 	1020.000000
7.957016	 	1026.666667
7.555615	 	1033.333333
-21.507787	 	1040.000000
-15.956690	 	1046.666667
66.501542	 	1053.333333
-6.215247	 	1060.000000
-26.611774	 	1066.666667
0.986091	 	1073.333333
14.164481	 	1080.000000
29.401617	 	1086.666667
22.231879	 	1093.333333
-49.152593	 	1100.000000
17.883907	 	1106.666667
-0.247694	 	1113.333333
8.311485	 	1120.000000
2.445215	 	1126.666667
31.314389	 	1133.333333
-23.386624	 	1140.000000
-5.378771	 	1146.666667
15.079289	 	1153.333333
32.445060	 	1160.000000
-12.303614	 	1166.666667
-16.487999	 	1173.333333
-3.272617	 	1180.000000
19.974637	 	1186.666667
23.727578	 	1193.333333
2.033917	 	1200.000000
-5.540854	 	1206.666667
-2.328949	 	1213.333333
-8.572653	 	1220.000000
14.951843	 	1226.666667
12.335600	 	1233.333333
-4.903008	 	1240.000000
4.948425	 	1246.666667
10.665604	 	1253.333333
7.840038	 	1260.000000
8.462349	 	1266.666667
-6.566354	 	1273.333333
-3.069347	 	1280.000000
-0.982369	 	1286.666667
9.281607	 	1293.333333
30.541646	 	1300.000000
-3.703247	 	1306.666667
-9.442995	 	1313.333333
-10.003945	 	1320.000000
5.275206	 	1326.666667
26.113069	 	1333.333333
6.735407	 	1340.000000
0.252811	 	1346.666667
-4.076643	 	1353.333333
-4.528447	 	1360.000000
9.259865	 	1366.666667
11.507230	 	1373.333333
-5.635253	 	1380.000000
11.036179	 	1386.666667
12.535415	 	1393.333333
-6.553114	 	1400.000000
1.585512	 	1406.666667
10.564067	 	1413.333333
5.893756	 	1420.000000
7.695073	 	1426.666667
-2.156445	 	1433.333333
-0.649813	 	1440.000000
12.406955	 	1446.666667
12.348958	 	1453.333333
-15.927573	 	1460.000000
13.878129	 	1466.666667
-3.462261	 	1473.333333
5.542494	 	1480.000000
16.427106	 	1486.666667
11.754530	 	1493.333333
-19.920482	 	1500.000000
14.857564	 	1506.666667
4.814988	 	1513.333333
10.911183	 	1520.000000
9.494990	 	1526.666667
-2.206040	 	1533.333333
-5.643946	 	1540.000000
5.983634	 	1546.666667
0.712581	 	1553.333333
15.341257	 	1560.000000
11.765839	 	1566.666667
-4.766382	 	1573.333333
-1.631383	 	1580.000000
8.174832	 	1586.666667
5.095010	 	1593.333333
4.700251	 	1600.000000
4.911061	 	1606.666667
-0.481349	 	1613.333333
9.731365	 	1620.000000
4.092326	 	1626.666667
-0.170723	 	1633.333333
5.354469	 	1640.000000
4.900379	 	1646.666667
12.798926	 	1653.333333
5.101286	 	1660.000000
-2.154227	 	1666.666667
-3.066117	 	1673.333333
-2.708939	 	1680.000000
1.693009	 	1686.666667
23.048361	 	1693.333333
12.786317	 	1700.000000
-9.473754	 	1706.666667
0.472260	 	1713.333333
3.274751	 	1720.000000
0.361462	 	1726.666667
12.310359	 	1733.333333
16.147702	 	1740.000000
10.846288	 	1746.666667
-12.130849	 	1753.333333
-5.038190	 	1760.000000
-2.964146	 	1766.666667
17.123514	 	1773.333333
8.165284	 	1780.000000
-0.359186	 	1786.666667
-0.794673	 	1793.333333
10.982106	 	1800.000000
5.014031	 	1806.666667
5.854607	 	1813.333333
-2.026617	 	1820.000000
9.463300	 	1826.666667
5.520196	 	1833.333333
-2.219173	 	1840.000000
-1.073224	 	1846.666667
11.844228	 	1853.333333
4.329389	 	1860.000000
6.330737	 	1866.666667
5.194252	 	1873.333333
13.468030	 	1880.000000
-3.622495	 	1886.666667
-6.326470	 	1893.333333
-1.881414	 	1900.000000
19.104229	 	1906.666667
10.993636	 	1913.333333
-1.580881	 	1920.000000
-4.877896	 	1926.666667
7.943006	 	1933.333333
4.946903	 	1940.000000
8.773024	 	1946.666667
3.227130	 	1953.333333
7.918613	 	1960.000000
3.936451	 	1966.666667
0.734667	 	1973.333333
-0.024355	 	1980.000000
10.372305	 	1986.666667
-9.764391	 	1993.333333
15.793448	 	2000.000000
2.135251	 	2006.666667
15.879209	 	2013.333333
9.026224	 	2020.000000
-7.646684	 	2026.666667
0.705358	 	2033.333333
4.614685	 	2040.000000
2.489779	 	2046.666667
13.602440	 	2053.333333
-0.582339	 	2060.000000
14.063424	 	2066.666667
-5.749202	 	2073.333333
-4.006464	 	2080.000000
-11.011772	 	2086.666667
21.351731	 	2093.333333
14.149452	 	2100.000000
2.608010	 	2106.666667
-10.726063	 	2113.333333
7.261424	 	2120.000000
5.803207	 	2126.666667
14.639448	 	2133.333333
-1.765223	 	2140.000000
2.983515	 	2146.666667
5.975935	 	2153.333333
1.126092	 	2160.000000
-6.953824	 	2166.666667
18.691745	 	2173.333333
3.141513	 	2180.000000
14.825956	 	2186.666667
-2.138152	 	2193.333333
-4.655064	 	2200.000000
-3.913900	 	2206.666667
15.608539	 	2213.333333
-0.317750	 	2220.000000
15.227915	 	2226.666667
-1.878907	 	2233.333333
5.484105	 	2240.000000
-12.377587	 	2246.666667
9.413824	 	2253.333333
9.353506	 	2260.000000
20.545550	 	2266.666667
-2.099978	 	2273.333333
-6.409883	 	2280.000000
4.456625	 	2286.666667
22.571450	 	2293.333333
-9.781688	 	2300.000000
5.694416	 	2306.666667
0.144864	 	2313.333333
11.600683	 	2320.000000
2.305129	 	2326.666667
3.499830	 	2333.333333
1.401885	 	2340.000000
12.083768	 	2346.666667
3.154635	 	2353.333333
11.132834	 	2360.000000
-14.619081	 	2366.666667
5.228880	 	2373.333333
-5.229563	 	2380.000000
10.210512	 	2386.666667
20.912393	 	2393.333333
5.083717	 	2400.000000
-7.857124	 	2406.666667
1.525205	 	2413.333333
-0.087867	 	2420.000000
22.228521	 	2426.666667
5.841827	 	2433.333333
1.981833	 	2440.000000
-5.861554	 	2446.666667
0.368012	 	2453.333333
16.405825	 	2460.000000
11.659960	 	2466.666667
-13.311138	 	2473.333333
14.081814	 	2480.000000
14.677894	 	2486.666667
-10.885094	 	2493.333333
-1.389911	 	2500.000000
8.648486	 	2506.666667
2.904761	 	2513.333333
10.340032	 	2520.000000
9.492594	 	2526.666667
12.417993	 	2533.333333
-4.050556	 	2540.000000
-30.826602	 	2546.666667
12.766163	 	2553.333333
35.922581	 	2560.000000
9.310051	 	2566.666667
-17.193543	 	2573.333333
12.186483	 	2580.000000
9.424964	 	2586.666667
-5.014250	 	2593.333333
-6.624438	 	2600.000000
4.996032	 	2606.666667
15.027348	 	2613.333333
18.535002	 	2620.000000
-1.019365	 	2626.666667
-13.730725	 	2633.333333
-9.179737	 	2640.000000
32.917008	 	2646.666667
13.416397	 	2653.333333
-7.158625	 	2660.000000
-7.105294	 	2666.666667
-5.022937	 	2673.333333
8.863308	 	2680.000000
9.028816	 	2686.666667
15.441833	 	2693.333333
-7.674770	 	2700.000000
-4.787900	 	2706.666667
17.482383	 	2713.333333
15.674441	 	2720.000000
-6.660749	 	2726.666667
-6.168861	 	2733.333333
-12.119858	 	2740.000000
15.942940	 	2746.666667
23.426868	 	2753.333333
12.084704	 	2760.000000
-6.062855	 	2766.666667
-19.990732	 	2773.333333
4.002686	 	2780.000000
23.880230	 	2786.666667
19.752612	 	2793.333333
-13.440339	 	2800.000000
-12.750843	 	2806.666667
16.039780	 	2813.333333
29.328213	 	2820.000000
-11.408101	 	2826.666667
-19.936716	 	2833.333333
11.880095	 	2840.000000
32.765806	 	2846.666667
6.802708	 	2853.333333
-25.824570	 	2860.000000
-24.034402	 	2866.666667
35.346851	 	2873.333333
33.853264	 	2880.000000
5.907071	 	2886.666667
-37.256001	 	2893.333333
-5.760847	 	2900.000000
32.796591	 	2906.666667
0.423904	 	2913.333333
7.974282	 	2920.000000
3.886949	 	2926.666667
10.514907	 	2933.333333
-7.872727	 	2940.000000
3.139741	 	2946.666667
1.967198	 	2953.333333
16.544860	 	2960.000000
3.119763	 	2966.666667
3.334828	 	2973.333333
-17.931573	 	2980.000000
24.257456	 	2986.666667
26.293119	 	2993.333333
-15.935056	 	3000.000000
-34.650364	 	3006.666667
35.560730	 	3013.333333
27.218950	 	3020.000000
1.928848	 	3026.666667
-38.344566	 	3033.333333
28.308732	 	3040.000000
15.163725	 	3046.666667
-9.039519	 	3053.333333
-4.521894	 	3060.000000
29.719154	 	3066.666667
5.502960	 	3073.333333
-12.845958	 	3080.000000
-11.934996	 	3086.666667
19.087313	 	3093.333333
1.549134	 	3100.000000
17.922230	 	3106.666667
8.460063	 	3113.333333
30.483777	 	3120.000000
-11.902116	 	3126.666667
-32.578336	 	3133.333333
-27.654630	 	3140.000000
69.427406	 	3146.666667
157.219906	 	3153.333333
203.103069	 	3160.000000
251.934338	 	3166.666667
291.959234	 	3173.333333
220.383252	 	3180.000000
249.258821	 	3186.666667
774.818750	 	3193.333333
2706.227148	 	3200.000000
6507.270073	 	3206.666667
7226.313175	 	3213.333333
3600.393530	 	3220.000000
1935.207372	 	3226.666667
2363.574733	 	3233.333333
4123.427065	 	3240.000000
5464.163328	 	3246.666667
5670.219502	 	3253.333333
5576.325948	 	3260.000000
5419.571671	 	3266.666667
5413.415674	 	3273.333333
5705.764810	 	3280.000000
5851.649552	 	3286.666667
5969.165919	 	3293.333333
6121.081755	 	3300.000000
5922.293226	 	3306.666667
5675.071071	 	3313.333333
5355.436653	 	3320.000000
5641.297000	 	3326.666667
5897.127688	 	3333.333333
5745.348237	 	3340.000000
5237.239329	 	3346.666667
4844.355259	 	3353.333333
4753.020262	 	3360.000000
5040.363733	 	3366.666667
5042.791380	 	3373.333333
4852.580737	 	3380.000000
4369.078315	 	3386.666667
4033.080457	 	3393.333333
3804.131493	 	3400.000000
3976.521528	 	3406.666667
3938.990561	 	3413.333333
3784.448867	 	3420.000000
3446.183875	 	3426.666667
3346.858870	 	3433.333333
3266.230382	 	3440.000000
3238.592009	 	3446.666667
3148.592941	 	3453.333333
3148.093352	 	3460.000000
3084.714833	 	3466.666667
3041.153137	 	3473.333333
2779.678704	 	3480.000000
2672.126039	 	3486.666667
2539.003111	 	3493.333333
2678.193918	 	3500.000000
2782.615536	 	3506.666667
2737.793451	 	3513.333333
2461.909151	 	3520.000000
2341.211721	 	3526.666667
2280.032019	 	3533.333333
2357.467999	 	3540.000000
2361.728621	 	3546.666667
2375.637347	 	3553.333333
2243.248999	 	3560.000000
2142.182899	 	3566.666667
2059.204957	 	3573.333333
2061.298371	 	3580.000000
2023.626012	 	3586.666667
2033.895734	 	3593.333333
2097.229862	 	3600.000000
2109.681795	 	3606.666667
2033.423675	 	3613.333333
1857.020486	 	3620.000000
1772.881571	 	3626.666667
1759.612856	 	3633.333333
1917.072408	 	3640.000000
1993.718079	 	3646.666667
1898.431217	 	3653.333333
1709.110083	 	3660.000000
1662.074124	 	3666.666667
1675.860002	 	3673.333333
1800.301277	 	3680.000000
1698.192212	 	3686.666667
1626.507051	 	3693.333333
1610.323379	 	3700.000000
1710.589366	 	3706.666667
1621.743965	 	3713.333333
1608.982181	 	3720.000000
1479.408411	 	3726.666667
1484.673021	 	3733.333333
1545.692507	 	3740.000000
1585.514894	 	3746.666667
1489.740483	 	3753.333333
1454.674652	 	3760.000000
1409.704209	 	3766.666667
1442.527225	 	3773.333333
1435.211081	 	3780.000000
1388.492531	 	3786.666667
1315.440312	 	3793.333333
1331.202870	 	3800.000000
1397.833412	 	3806.666667
1396.690004	 	3813.333333
1284.711514	 	3820.000000
1191.837693	 	3826.666667
1243.862306	 	3833.333333
1245.682063	 	3840.000000
1266.906333	 	3846.666667
1246.745930	 	3853.333333
1196.202008	 	3860.000000
1153.698456	 	3866.666667
1167.138203	 	3873.333333
1137.748181	 	3880.000000
1098.313922	 	3886.666667
1126.794705	 	3893.333333
1172.740201	 	3900.000000
1159.689241	 	3906.666667
1072.768930	 	3913.333333
1032.741458	 	3920.000000
986.497312	 	3926.666667
1041.133824	 	3933.333333
1060.640491	 	3940.000000
1056.403775	 	3946.666667
1020.341652	 	3953.333333
977.567990	 	3960.000000
957.898211	 	3966.666667
936.885759	 	3973.333333
927.247782	 	3980.000000
956.614013	 	3986.666667
960.428059	 	3993.333333
947.156901	 	4000.000000
901.893226	 	4006.666667
854.541577	 	4013.333333
856.858611	 	4020.000000
853.676209	 	4026.666667
853.996339	 	4033.333333
864.993050	 	4040.000000
906.504476	 	4046.666667
816.008973	 	4053.333333
792.454112	 	4060.000000
729.126403	 	4066.666667
780.241761	 	4073.333333
819.352120	 	4080.000000
825.814355	 	4086.666667
803.030604	 	4093.333333
744.040624	 	4100.000000
681.020263	 	4106.666667
716.990368	 	4113.333333
739.102208	 	4120.000000
727.946454	 	4126.666667
729.390943	 	4133.333333
705.994384	 	4140.000000
675.184695	 	4146.666667
682.695434	 	4153.333333
686.427918	 	4160.000000
635.381968	 	4166.666667
696.377410	 	4173.333333
647.170411	 	4180.000000
687.696814	 	4186.666667
561.124298	 	4193.333333
601.646385	 	4200.000000
647.914387	 	4206.666667
645.413713	 	4213.333333
631.535875	 	4220.000000
577.272971	 	4226.666667
602.447033	 	4233.333333
545.995153	 	4240.000000
605.983225	 	4246.666667
551.752072	 	4253.333333
597.210008	 	4260.000000
558.132888	 	4266.666667
546.614799	 	4273.333333
536.037477	 	4280.000000
542.213322	 	4286.666667
530.773509	 	4293.333333
538.004110	 	4300.000000
502.303446	 	4306.666667
573.487575	 	4313.333333
459.844893	 	4320.000000
558.756691	 	4326.666667
393.269845	 	4333.333333
564.370101	 	4340.000000
436.971461	 	4346.666667
536.674568	 	4353.333333
420.450542	 	4360.000000
497.025707	 	4366.666667
446.018067	 	4373.333333
468.137831	 	4380.000000
454.449704	 	4386.666667
436.514260	 	4393.333333
428.239156	 	4400.000000
432.393397	 	4406.666667
382.396700	 	4413.333333
540.253647	 	4420.000000
333.082680	 	4426.666667
479.448216	 	4433.333333
327.758447	 	4440.000000
427.825683	 	4446.666667
396.096513	 	4453.333333
395.481542	 	4460.000000
420.750037	 	4466.666667
369.322713	 	4473.333333
405.921682	 	4480.000000
305.944592	 	4486.666667
387.577642	 	4493.333333
367.896449	 	4500.000000
330.761139	 	4506.666667
434.134161	 	4513.333333
252.216576	 	4520.000000
497.021280	 	4526.666667
254.970936	 	4533.333333
323.131694	 	4540.000000
282.558794	 	4546.666667
392.073301	 	4553.333333
435.595774	 	4560.000000
208.197543	 	4566.666667
360.604510	 	4573.333333
265.056791	 	4580.000000
318.231608	 	4586.666667
337.939485	 	4593.333333
259.544849	 	4600.000000
380.622954	 	4606.666667
250.030931	 	4613.333333
351.854839	 	4620.000000
221.183628	 	4626.666667
304.926417	 	4633.333333
307.792665	 	4640.000000
242.817363	 	4646.666667
318.605662	 	4653.333333
155.604647	 	4660.000000
538.094918	 	4666.666667
39.207603	 	4673.333333
326.424983	 	4680.000000
247.156636	 	4686.666667
335.235530	 	4693.333333
246.176471	 	4700.000000
286.722800	 	4706.666667
1.738071	 	4713.333333
617.194345	 	4720.000000
193.021282	 	4726.666667
111.103196	 	4733.333333
119.890254	 	4740.000000
465.553428	 	4746.666667
230.125940	 	4753.333333
195.588688	 	4760.000000
79.034216	 	4766.666667
464.828304	 	4773.333333
206.165670	 	4780.000000
74.770576	 	4786.666667
160.597184	 	4793.333333
449.863970	 	4800.000000
164.021214	 	4806.666667
294.047446	 	4813.333333
-70.105431	 	4820.000000
307.759454	 	4826.666667
367.916733	 	4833.333333
118.502505	 	4840.000000
178.192840	 	4846.666667
196.554397	 	4853.333333
284.372919	 	4860.000000
121.322104	 	4866.666667
172.332771	 	4873.333333
149.388511	 	4880.000000
273.553823	 	4886.666667
251.080436	 	4893.333333
69.735544	 	4900.000000
236.062786	 	4906.666667
215.619118	 	4913.333333
70.275098	 	4920.000000
153.159964	 	4926.666667
306.227057	 	4933.333333
246.185710	 	4940.000000
-33.550314	 	4946.666667
251.395786	 	4953.333333
139.290544	 	4960.000000
282.300608	 	4966.666667
99.496603	 	4973.333333
97.341147	 	4980.000000
273.224510	 	4986.666667
52.895935	 	4993.333333
182.928038	 	5000.000000
188.429519	 	5006.666667
174.889380	 	5013.333333
185.472625	 	5020.000000
92.789388	 	5026.666667
79.763409	 	5033.333333
222.783875	 	5040.000000
243.299883	 	5046.666667
29.568392	 	5053.333333
207.936731	 	5060.000000
76.396947	 	5066.666667
94.849267	 	5073.333333
265.093234	 	5080.000000
108.743792	 	5086.666667
156.372934	 	5093.333333
93.167342	 	5100.000000
72.532841	 	5106.666667
187.070846	 	5113.333333
182.806420	 	5120.000000
96.072750	 	5126.666667
69.637143	 	5133.333333
183.226652	 	5140.000000
142.056864	 	5146.666667
136.446601	 	5153.333333
83.276932	 	5160.000000
65.801844	 	5166.666667
186.773711	 	5173.333333
134.808106	 	5180.000000
120.254975	 	5186.666667
106.894768	 	5193.333333
91.667697	 	5200.000000
82.642704	 	5206.666667
164.767370	 	5213.333333
100.156931	 	5220.000000
128.034063	 	5226.666667
114.364855	 	5233.333333
48.778008	 	5240.000000
148.807442	 	5246.666667
124.132748	 	5253.333333
47.212080	 	5260.000000
148.499316	 	5266.666667
104.784975	 	5273.333333
103.731187	 	5280.000000
102.356799	 	5286.666667
95.988554	 	5293.333333
79.503772	 	5300.000000
115.173636	 	5306.666667
72.479184	 	5313.333333
119.249418	 	5320.000000
119.968255	 	5326.666667
58.627303	 	5333.333333
82.588190	 	5340.000000
78.478221	 	5346.666667
105.282124	 	5353.333333
117.999290	 	5360.000000
75.043292	 	5366.666667
78.619409	 	5373.333333
91.660319	 	5380.000000
75.079634	 	5386.666667
64.615789	 	5393.333333
112.734532	 	5400.000000
91.737806	 	5406.666667
70.129862	 	5413.333333
89.998790	 	5420.000000
76.713707	 	5426.666667
82.929169	 	5433.333333
81.626922	 	5440.000000
51.768081	 	5446.666667
99.112561	 	5453.333333
110.196667	 	5460.000000
62.808111	 	5466.666667
64.238153	 	5473.333333
61.763918	 	5480.000000
67.301951	 	5486.666667
112.929024	 	5493.333333
67.794185	 	5500.000000
61.098433	 	5506.666667
81.149789	 	5513.333333
58.458086	 	5520.000000
74.516310	 	5526.666667
93.713736	 	5533.333333
56.957113	 	5540.000000
60.185604	 	5546.666667
52.518289	 	5553.333333
75.098307	 	5560.000000
91.585253	 	5566.666667
48.188672	 	5573.333333
51.765143	 	5580.000000
76.804069	 	5586.666667
53.067054	 	5593.333333
64.432239	 	5600.000000
59.297241	 	5606.666667
58.662368	 	5613.333333
65.539614	 	5620.000000
75.790374	 	5626.666667
39.730862	 	5633.333333
51.418696	 	5640.000000
74.387196	 	5646.666667
62.849770	 	5653.333333
41.429907	 	5660.000000
68.436032	 	5666.666667
61.501806	 	5673.333333
54.788155	 	5680.000000
48.640333	 	5686.666667
40.667540	 	5693.333333
73.174287	 	5700.000000
75.554964	 	5706.666667
40.851360	 	5713.333333
50.196775	 	5720.000000
22.110100	 	5726.666667
63.188809	 	5733.333333
70.009450	 	5740.000000
43.414547	 	5746.666667
73.988392	 	5753.333333
47.093387	 	5760.000000
15.391282	 	5766.666667
70.512168	 	5773.333333
44.812911	 	5780.000000
36.882192	 	5786.666667
47.795279	 	5793.333333
57.496987	 	5800.000000
61.032017	 	5806.666667
52.836689	 	5813.333333
7.303459	 	5820.000000
35.263239	 	5826.666667
51.370821	 	5833.333333
53.359794	 	5840.000000
67.149208	 	5846.666667
23.940889	 	5853.333333
40.435764	 	5860.000000
43.463657	 	5866.666667
34.865905	 	5873.333333
46.283678	 	5880.000000
52.077656	 	5886.666667
39.352382	 	5893.333333
32.986452	 	5900.000000
36.760372	 	5906.666667
41.655394	 	5913.333333
40.068542	 	5920.000000
42.439878	 	5926.666667
34.639517	 	5933.333333
34.753330	 	5940.000000
37.771547	 	5946.666667
34.562644	 	5953.333333
40.668112	 	5960.000000
43.206056	 	5966.666667
40.089599	 	5973.333333
18.989759	 	5980.000000
36.982806	 	5986.666667
37.165958	 	5993.333333
48.948655	 	6000.000000
23.617159	 	6006.666667
28.164490	 	6013.333333
40.625402	 	6020.000000
31.876306	 	6026.666667
33.676204	 	6033.333333
38.005162	 	6040.000000
29.690916	 	6046.666667
39.712441	 	6053.333333
26.039496	 	6060.000000
28.868232	 	6066.666667
25.209475	 	6073.333333
38.022535	 	6080.000000
40.806543	 	6086.666667
41.327352	 	6093.333333
20.577857	 	6100.000000
21.866081	 	6106.666667
37.426797	 	6113.333333
27.471986	 	6120.000000
22.718337	 	6126.666667
36.753946	 	6133.333333
39.716941	 	6140.000000
35.126879	 	6146.666667
19.950427	 	6153.333333
9.020381	 	6160.000000
24.443609	 	6166.666667
39.573486	 	6173.333333
50.222711	 	6180.000000
25.667920	 	6186.666667
14.959334	 	6193.333333
16.908111	 	6200.000000
19.492760	 	6206.666667
31.122008	 	6213.333333
45.105856	 	6220.000000
28.208160	 	6226.666667
22.511124	 	6233.333333
13.014571	 	6240.000000
26.971856	 	6246.666667
11.294456	 	6253.333333
35.298209	 	6260.000000
28.536103	 	6266.666667
32.256044	 	6273.333333
14.047475	 	6280.000000
22.729319	 	6286.666667
23.924423	 	6293.333333
18.059503	 	6300.000000
21.375512	 	6306.666667
32.590927	 	6313.333333
27.953478	 	6320.000000
23.114979	 	6326.666667
25.654486	 	6333.333333
12.605715	 	6340.000000
16.730516	 	6346.666667
28.188807	 	6353.333333
22.751426	 	6360.000000
31.748625	 	6366.666667
18.168676	 	6373.333333
24.987567	 	6380.000000
4.491994	 	6386.666667
19.342849	 	6393.333333
19.598157	 	6400.000000
29.446330	 	6406.666667
28.297703	 	6413.333333
25.178200	 	6420.000000
27.972705	 	6426.666667
7.072697	 	6433.333333
8.714115	 	6440.000000
31.862862	 	6446.666667
17.934808	 	6453.333333
33.574461	 	6460.000000
26.432568	 	6466.666667
12.065708	 	6473.333333
2.768991	 	6480.000000
19.681482	 	6486.666667
23.392459	 	6493.333333
20.064609	 	6500.000000
34.247845	 	6506.666667
11.642599	 	6513.333333
11.431999	 	6520.000000
17.171052	 	6526.666667
14.882897	 	6533.333333
29.260313	 	6540.000000
30.348848	 	6546.666667
6.771481	 	6553.333333
10.997757	 	6560.000000
16.766476	 	6566.666667
22.854955	 	6573.333333
22.408873	 	6580.000000
17.372581	 	6586.666667
9.057594	 	6593.333333
30.415562	 	6600.000000
11.535362	 	6606.666667
16.311119	 	6613.333333
21.004378	 	6620.000000
26.351921	 	6626.666667
14.674666	 	6633.333333
15.372766	 	6640.000000
18.819987	 	6646.666667
15.287482	 	6653.333333
15.016320	 	6660.000000
15.383382	 	6666.666667
10.692371	 	6673.333333
17.112911	 	6680.000000
12.354683	 	6686.666667
16.061103	 	6693.333333
15.676305	 	6700.000000
15.423571	 	6706.666667
16.402893	 	6713.333333
16.222926	 	6720.000000
17.145847	 	6726.666667
18.690528	 	6733.333333
1.217161	 	6740.000000
15.844164	 	6746.666667
24.924121	 	6753.333333
27.438790	 	6760.000000
-1.818932	 	6766.666667
6.664181	 	6773.333333
15.869389	 	6780.000000
16.832533	 	6786.666667
14.835023	 	6793.333333
19.230717	 	6800.000000
6.555158	 	6806.666667
15.403621	 	6813.333333
19.044302	 	6820.000000
10.378564	 	6826.666667
9.620105	 	6833.333333
20.333041	 	6840.000000
12.559488	 	6846.666667
3.634838	 	6853.333333
20.461246	 	6860.000000
13.254945	 	6866.666667
12.084138	 	6873.333333
17.241346	 	6880.000000
11.651712	 	6886.666667
6.907173	 	6893.333333
13.923803	 	6900.000000
8.819289	 	6906.666667
17.235269	 	6913.333333
14.665833	 	6920.000000
11.857403	 	6926.666667
6.561843	 	6933.333333
13.532009	 	6940.000000
7.791915	 	6946.666667
23.164745	 	6953.333333
4.787027	 	6960.000000
16.214810	 	6966.666667
5.270294	 	6973.333333
12.367972	 	6980.000000
5.035296	 	6986.666667
20.220118	 	6993.333333
19.534767	 	7000.000000
10.090523	 	7006.666667
1.512937	 	7013.333333
-1.483468	 	7020.000000
14.560532	 	7026.666667
31.743851	 	7033.333333
12.270619	 	7040.000000
-7.581263	 	7046.666667
10.009802	 	7053.333333
4.627194	 	7060.000000
9.840704	 	7066.666667
16.161005	 	7073.333333
9.532091	 	7080.000000
6.936778	 	7086.666667
7.732554	 	7093.333333
8.769027	 	7100.000000
4.468938	 	7106.666667
16.942337	 	7113.333333
11.660454	 	7120.000000
2.474629	 	7126.666667
14.344581	 	7133.333333
-9.115659	 	7140.000000
8.439441	 	7146.666667
5.693503	 	7153.333333
17.027369	 	7160.000000
16.856124	 	7166.666667
20.133044	 	7173.333333
-9.540412	 	7180.000000
3.229542	 	7186.666667
9.707778	 	7193.333333
13.564708	 	7200.000000
7.266115	 	7206.666667
8.627311	 	7213.333333
10.334261	 	7220.000000
8.916448	 	7226.666667
-6.007018	 	7233.333333
13.627863	 	7240.000000
29.264341	 	7246.666667
3.667606	 	7253.333333
-17.480665	 	7260.000000
3.813693	 	7266.666667
19.314296	 	7273.333333
12.054831	 	7280.000000
20.139081	 	7286.666667
-6.598620	 	7293.333333
-3.260028	 	7300.000000
10.804000	 	7306.666667
15.919422	 	7313.333333
9.314533	 	7320.000000
-0.846246	 	7326.666667
9.323120	 	7333.333333
13.857901	 	7340.000000
0.728478	 	7346.666667
11.881830	 	7353.333333
-1.005302	 	7360.000000
2.384126	 	7366.666667
16.519993	 	7373.333333
18.004673	 	7380.000000
-2.214710	 	7386.666667
4.717030	 	7393.333333
6.956585	 	7400.000000
7.069888	 	7406.666667
3.322671	 	7413.333333
13.903915	 	7420.000000
5.685871	 	7426.666667
7.058629	 	7433.333333
3.292310	 	7440.000000
1.886448	 	7446.666667
0.881023	 	7453.333333
10.757478	 	7460.000000
-1.258213	 	7466.666667
16.168689	 	7473.333333
15.128559	 	7480.000000
6.217117	 	7486.666667
-1.855307	 	7493.333333
-1.241384	 	7500.000000
18.312486	 	7506.666667
19.967616	 	7513.333333
-8.938987	 	7520.000000
-2.798878	 	7526.666667
1.916675	 	7533.333333
17.755014	 	7540.000000
9.608171	 	7546.666667
3.714516	 	7553.333333
-1.664816	 	7560.000000
6.134951	 	7566.666667
4.251366	 	7573.333333
4.569474	 	7580.000000
3.529286	 	7586.666667
6.620634	 	7593.333333
6.228928	 	7600.000000
6.402421	 	7606.666667
-5.350307	 	7613.333333
14.681667	 	7620.000000
9.856680	 	7626.666667
2.715462	 	7633.333333
-7.227484	 	7640.000000
7.119612	 	7646.666667
14.049417	 	7653.333333
5.197910	 	7660.000000
2.405600	 	7666.666667
-11.771716	 	7673.333333
5.319019	 	7680.000000
24.109161	 	7686.666667
15.704210	 	7693.333333
-16.178392	 	7700.000000
4.777416	 	7706.666667
1.779698	 	7713.333333
15.444453	 	7720.000000
3.239847	 	7726.666667
8.052975	 	7733.333333
-8.355159	 	7740.000000
20.372095	 	7746.666667
2.702554	 	7753.333333
-0.863678	 	7760.000000
4.482459	 	7766.666667
7.856465	 	7773.333333
7.572471	 	7780.000000
8.120158	 	7786.666667
-9.867113	 	7793.333333
10.138517	 	7800.000000
3.526593	 	7806.666667
5.272473	 	7813.333333
3.310635	 	7820.000000
11.851959	 	7826.666667
-4.311769	 	7833.333333
-6.273610	 	7840.000000
11.379165	 	7846.666667
14.663768	 	7853.333333
6.196909	 	7860.000000
7.385678	 	7866.666667
-14.444438	 	7873.333333
-1.183817	 	7880.000000
8.756659	 	7886.666667
-0.313005	 	7893.333333
24.022724	 	7900.000000
18.940019	 	7906.666667
-12.895903	 	7913.333333
-7.094496	 	7920.000000
-7.480255	 	7926.666667
19.414616	 	7933.333333
21.090855	 	7940.000000
-10.606900	 	7946.666667
-3.035446	 	7953.333333
10.662551	 	7960.000000
7.213419	 	7966.666667
-1.888890	 	7973.333333
-6.450114	 	7980.000000
13.475704	 	7986.666667
7.949162	 	7993.333333
14.533273	 	8000.000000
-18.162565	 	8006.666667
-4.571189	 	8013.333333
8.085531	 	8020.000000
5.224027	 	8026.666667
5.864547	 	8033.333333
13.406685	 	8040.000000
3.793164	 	8046.666667
-12.384903	 	8053.333333
-13.714020	 	8060.000000
15.029996	 	8066.666667
15.373706	 	8073.333333
-6.258995	 	8080.000000
-2.211942	 	8086.666667
7.461940	 	8093.333333
3.512041	 	8100.000000
12.225496	 	8106.666667
-13.790197	 	8113.333333
0.167218	 	8120.000000
9.769159	 	8126.666667
7.786182	 	8133.333333
11.841493	 	8140.000000
-10.111280	 	8146.666667
-8.488722	 	8153.333333
3.846285	 	8160.000000
7.236666	 	8166.666667
14.383626	 	8173.333333
0.757929	 	8180.000000
0.573389	 	8186.666667
-0.085493	 	8193.333333
9.042187	 	8200.000000
13.864761	 	8206.666667
-5.068980	 	8213.333333
-6.409022	 	8220.000000
1.934023	 	8226.666667
-10.056274	 	8233.333333
16.638049	 	8240.000000
15.174179	 	8246.666667
-0.208706	 	8253.333333
-13.059721	 	8260.000000
6.088326	 	8266.666667
10.520590	 	8273.333333
16.997537	 	8280.000000
-9.018732	 	8286.666667
-15.352121	 	8293.333333
2.531589	 	8300.000000
17.392384	 	8306.666667
9.613639	 	8313.333333
-12.389394	 	8320.000000
2.747614	 	8326.666667
22.316456	 	8333.333333
1.952890	 	8340.000000
-7.724901	 	8346.666667
-16.863905	 	8353.333333
7.495773	 	8360.000000
21.701587	 	8366.666667
5.465789	 	8373.333333
-6.017347	 	8380.000000
-5.392159	 	8386.666667
-3.371453	 	8393.333333
14.283750	 	8400.000000
3.938352	 	8406.666667
2.677272	 	8413.333333
1.251662	 	8420.000000
1.031378	 	8426.666667
-10.116236	 	8433.333333
3.679599	 	8440.000000
-1.071578	 	8446.666667
11.193081	 	8453.333333
11.159886	 	8460.000000
3.265208	 	8466.666667
-11.089674	 	8473.333333
-0.612615	 	8480.000000
-3.450991	 	8486.666667
9.490743	 	8493.333333
4.006290	 	8500.000000
8.725628	 	8506.666667
-7.327263	 	8513.333333
6.986451	 	8520.000000
-3.351023	 	8526.666667
9.995711	 	8533.333333
2.919274	 	8540.000000
3.068030	 	8546.666667
6.870687	 	8553.333333
-3.036106	 	8560.000000
-11.054302	 	8566.666667
-1.816386	 	8573.333333
8.414954	 	8580.000000
11.716006	 	8586.666667
5.303430	 	8593.333333
-2.213661	 	8600.000000
-11.024971	 	8606.666667
-3.720184	 	8613.333333
13.680135	 	8620.000000
11.947077	 	8626.666667
0.347052	 	8633.333333
-9.016099	 	8640.000000
-1.034001	 	8646.666667
0.465307	 	8653.333333
8.900199	 	8660.000000
9.613686	 	8666.666667
-1.892099	 	8673.333333
-6.576585	 	8680.000000
1.663082	 	8686.666667
-4.260677	 	8693.333333
-2.467634	 	8700.000000
16.219548	 	8706.666667
8.286248	 	8713.333333
-0.317243	 	8720.000000
3.785485	 	8726.666667
-20.378366	 	8733.333333
0.018399	 	8740.000000
12.054731	 	8746.666667
4.045557	 	8753.333333
9.101919	 	8760.000000
-10.341805	 	8766.666667
-4.966927	 	8773.333333
11.090630	 	8780.000000
-1.959590	 	8786.666667
5.025564	 	8793.333333
0.773526	 	8800.000000
4.935500	 	8806.666667
7.067555	 	8813.333333
-10.746538	 	8820.000000
-4.222897	 	8826.666667
-0.300407	 	8833.333333
2.730385	 	8840.000000
10.819300	 	8846.666667
-16.804792	 	8853.333333
28.214753	 	8860.000000
-15.840328	 	8866.666667
-6.469443	 	8873.333333
-3.114417	 	8880.000000
13.283594	 	8886.666667
14.096821	 	8893.333333
8.808871	 	8900.000000
-28.020430	 	8906.666667
4.534364	 	8913.333333
-1.508979	 	8920.000000
11.097927	 	8926.666667
-9.276584	 	8933.333333
21.118177	 	8940.000000
-7.506513	 	8946.666667
5.719295	 	8953.333333
-19.473806	 	8960.000000
-2.697151	 	8966.666667
6.061867	 	8973.333333
27.048949	 	8980.000000
-9.401451	 	8986.666667
-7.975351	 	8993.333333
-11.682063	 	9000.000000
14.774879	 	9006.666667
6.452487	 	9013.333333
-2.110960	 	9020.000000
-12.765454	 	9026.666667
4.206243	 	9033.333333
6.119129	 	9040.000000
7.783009	 	9046.666667
-6.487163	 	9053.333333
4.817084	 	9060.000000
0.452528	 	9066.666667
-4.695523	 	9073.333333
1.126176	 	9080.000000
7.212918	 	9086.666667
0.239248	 	9093.333333
12.569776	 	9100.000000
-4.232461	 	9106.666667
-1.658155	 	9113.333333
-3.144882	 	9120.000000
5.097530	 	9126.666667
-5.064797	 	9133.333333
11.082066	 	9140.000000
-5.526263	 	9146.666667
-2.055276	 	9153.333333
7.979478	 	9160.000000
4.834397	 	9166.666667
-5.455636	 	9173.333333
7.865840	 	9180.000000
-5.513731	 	9186.666667
-0.983717	 	9193.333333
-1.802571	 	9200.000000
0.438884	 	9206.666667
1.045488	 	9213.333333
1.632261	 	9220.000000
5.563066	 	9226.666667
3.165440	 	9233.333333
6.930097	 	9240.000000
-4.336317	 	9246.666667
-5.641520	 	9253.333333
0.720738	 	9260.000000
-7.477881	 	9266.666667
15.711315	 	9273.333333
6.200570	 	9280.000000
-4.660662	 	9286.666667
6.010794	 	9293.333333
-3.495780	 	9300.000000
-4.634817	 	9306.666667
-3.713088	 	9313.333333
11.433991	 	9320.000000
3.837437	 	9326.666667
4.078979	 	9333.333333
-8.692667	 	9340.000000
-8.677917	 	9346.666667
6.084741	 	9353.333333
6.250957	 	9360.000000
4.861525	 	9366.666667
5.496135	 	9373.333333
-5.994696	 	9380.000000
-3.066894	 	9386.666667
-2.497274	 	9393.333333
0.543647	 	9400.000000
-4.397968	 	9406.666667
7.404854	 	9413.333333
1.026856	 	9420.000000
-8.109757	 	9426.666667
3.669219	 	9433.333333
4.261446	 	9440.000000
0.597798	 	9446.666667
0.877202	 	9453.333333
-2.366174	 	9460.000000
-8.226776	 	9466.666667
-3.725779	 	9473.333333
11.313498	 	9480.000000
7.852446	 	9486.666667
7.549793	 	9493.333333
-7.716823	 	9500.000000
-11.397927	 	9506.666667
4.375078	 	9513.333333
-5.557864	 	9520.000000
-0.780109	 	9526.666667
4.506223	 	9533.333333
11.579430	 	9540.000000
-2.370501	 	9546.666667
-15.739762	 	9553.333333
4.849226	 	9560.000000
5.690536	 	9566.666667
9.339892	 	9573.333333
2.011100	 	9580.000000
-12.685059	 	9586.666667
-5.508944	 	9593.333333
7.019795	 	9600.000000
9.589301	 	9606.666667
2.676809	 	9613.333333
-11.321125	 	9620.000000
-5.013304	 	9626.666667
9.615500	 	9633.333333
8.098356	 	9640.000000
-0.786228	 	9646.666667
-6.947438	 	9653.333333
-11.217161	 	9660.000000
-5.691500	 	9666.666667
14.391927	 	9673.333333
-10.071975	 	9680.000000
8.668166	 	9686.666667
8.707864	 	9693.333333
-7.786709	 	9700.000000
-6.008540	 	9706.666667
-0.478705	 	9713.333333
5.195252	 	9720.000000
14.594297	 	9726.666667
-7.567835	 	9733.333333
-4.256973	 	9740.000000
-10.829543	 	9746.666667
11.472530	 	9753.333333
-10.999195	 	9760.000000
3.767069	 	9766.666667
2.339808	 	9773.333333
5.799366	 	9780.000000
-3.588655	 	9786.666667
4.601497	 	9793.333333
4.311942	 	9800.000000
0.149995	 	9806.666667
-5.190382	 	9813.333333
-2.423014	 	9820.000000
-3.656896	 	9826.666667
9.320206	 	9833.333333
9.521257	 	9840.000000
-2.560259	 	9846.666667
-8.221463	 	9853.333333
0.511067	 	9860.000000
-4.077726	 	9866.666667
3.648992	 	9873.333333
2.377990	 	9880.000000
0.328363	 	9886.666667
4.376085	 	9893.333333
6.433586	 	9900.000000
-12.366958	 	9906.666667
-6.565246	 	9913.333333
3.701244	 	9920.000000
11.529533	 	9926.666667
-2.149979	 	9933.333333
-15.446601	 	9940.000000
-4.358708	 	9946.666667
8.371717	 	9953.333333
16.212130	 	9960.000000
-9.924282	 	9966.666667
-10.518872	 	9973.333333
-15.563773	 	9980.000000
15.820711	 	9986.666667
-1.671817	 	9993.333333
1.463065	 	10000.000000
1.577573	 	10006.666667
0.160358	 	10013.333333
-16.630085	 	10020.000000
11.450509	 	10026.666667
-6.474012	 	10033.333333
2.769862	 	10040.000000
-3.354616	 	10046.666667
9.503762	 	10053.333333
-2.998368	 	10060.000000
-13.408846	 	10066.666667
-10.322086	 	10073.333333
18.179925	 	10080.000000
1.654468	 	10086.666667
1.933122	 	10093.333333
-22.910616	 	10100.000000
-8.231590	 	10106.666667
17.931567	 	10113.333333
15.413595	 	10120.000000
-7.794728	 	10126.666667
-18.339895	 	10133.333333
-7.544802	 	10140.000000
14.081496	 	10146.666667
12.128139	 	10153.333333
-11.291277	 	10160.000000
-11.362503	 	10166.666667
-3.312151	 	10173.333333
9.330614	 	10180.000000
5.296262	 	10186.666667
5.675520	 	10193.333333
-4.956388	 	10200.000000
-10.621573	 	10206.666667
5.661354	 	10213.333333
6.263770	 	10220.000000
-2.918479	 	10226.666667
-10.429928	 	10233.333333
-8.375449	 	10240.000000
4.599142	 	10246.666667
17.230199	 	10253.333333
-0.931330	 	10260.000000
-7.071743	 	10266.666667
-10.353397	 	10273.333333
0.861763	 	10280.000000
4.130648	 	10286.666667
5.867525	 	10293.333333
0.929376	 	10300.000000
-11.968681	 	10306.666667
-10.534774	 	10313.333333
9.002849	 	10320.000000
14.710436	 	10326.666667
1.245275	 	10333.333333
-12.923107	 	10340.000000
-0.359715	 	10346.666667
-2.918500	 	10353.333333
-0.588948	 	10360.000000
4.262035	 	10366.666667
-7.847677	 	10373.333333
4.585621	 	10380.000000
-0.694699	 	10386.666667
-13.613412	 	10393.333333
-2.021962	 	10400.000000
11.878070	 	10406.666667
-5.795865	 	10413.333333
-0.802451	 	10420.000000
-0.622882	 	10426.666667
-3.443853	 	10433.333333
9.708793	 	10440.000000
-10.210722	 	10446.666667
-9.433682	 	10453.333333
1.805212	 	10460.000000
10.353083	 	10466.666667
4.990174	 	10473.333333
-10.767550	 	10480.000000
-17.671052	 	10486.666667
7.375170	 	10493.333333
10.102693	 	10500.000000
3.235425	 	10506.666667
-18.988281	 	10513.333333
0.435612	 	10520.000000
-3.452163	 	10526.666667
8.626556	 	10533.333333
-6.609979	 	10540.000000
-3.520156	 	10546.666667
1.791984	 	10553.333333
8.388681	 	10560.000000
-20.656473	 	10566.666667
5.671518	 	10573.333333
-12.355509	 	10580.000000
2.847063	 	10586.666667
4.226930	 	10593.333333
2.782811	 	10600.000000
-11.829535	 	10606.666667
5.912661	 	10613.333333
-4.859120	 	10620.000000
1.929816	 	10626.666667
4.363362	 	10633.333333
-2.870346	 	10640.000000
-11.190391	 	10646.666667
11.778825	 	10653.333333
-2.938632	 	10660.000000
-1.372443	 	10666.666667
-3.259971	 	10673.333333
4.764310	 	10680.000000
-1.637001	 	10686.666667
2.111393	 	10693.333333
-8.432635	 	10700.000000
-7.713697	 	10706.666667
-4.671668	 	10713.333333
11.987835	 	10720.000000
5.601880	 	10726.666667
-16.499573	 	10733.333333
-3.787257	 	10740.000000
1.816043	 	10746.666667
3.855282	 	10753.333333
-3.314156	 	10760.000000
-6.628039	 	10766.666667
-11.829002	 	10773.333333
16.579599	 	10780.000000
12.510502	 	10786.666667
-1.614166	 	10793.333333
-13.938202	 	10800.000000
1.671434	 	10806.666667
-6.479357	 	10813.333333
7.733415	 	10820.000000
4.970684	 	10826.666667
1.568542	 	10833.333333
-20.965840	 	10840.000000
5.091747	 	10846.666667
-3.459671	 	10853.333333
5.333473	 	10860.000000
3.038192	 	10866.666667
2.683728	 	10873.333333
-14.119063	 	10880.000000
-2.347489	 	10886.666667
-7.800584	 	10893.333333
19.389177	 	10900.000000
-11.376011	 	10906.666667
6.508749	 	10913.333333
-4.589039	 	10920.000000
0.292782	 	10926.666667
-5.865308	 	10933.333333
2.654533	 	10940.000000
-4.028677	 	10946.666667
5.675178	 	10953.333333
-16.564005	 	10960.000000
-1.508870	 	10966.666667
16.477010	 	10973.333333
-3.938467	 	10980.000000
-8.798173	 	10986.666667
6.772672	 	10993.333333
-16.461984	 	11000.000000
15.090415	 	11006.666667
-4.684780	 	11013.333333
-2.265500	 	11020.000000
8.025476	 	11026.666667
-1.052378	 	11033.333333
-10.893090	 	11040.000000
-5.404760	 	11046.666667
0.359180	 	11053.333333
-2.217871	 	11060.000000
11.992623	 	11066.666667
1.334832	 	11073.333333
-6.163034	 	11080.000000
-10.230356	 	11086.666667
-6.974149	 	11093.333333
7.463539	 	11100.000000
22.192553	 	11106.666667
-13.598327	 	11113.333333
-5.394334	 	11120.000000
-12.704666	 	11126.666667
2.845893	 	11133.333333
16.806378	 	11140.000000
-8.102948	 	11146.666667
-14.895701	 	11153.333333
5.762632	 	11160.000000
1.451868	 	11166.666667
6.995307	 	11173.333333
-5.985724	 	11180.000000
-4.363796	 	11186.666667
-7.581851	 	11193.333333
5.903535	 	11200.000000
-12.986923	 	11206.666667
16.414985	 	11213.333333
-5.729128	 	11220.000000
2.553396	 	11226.666667
-13.843759	 	11233.333333
2.341838	 	11240.000000
4.520399	 	11246.666667
-0.384646	 	11253.333333
-10.660666	 	11260.000000
-3.220850	 	11266.666667
-1.657943	 	11273.333333
12.108262	 	11280.000000
-8.235153	 	11286.666667
-6.939259	 	11293.333333
-8.319687	 	11300.000000
17.356911	 	11306.666667
2.059322	 	11313.333333
-7.421251	 	11320.000000
-9.819952	 	11326.666667
-9.063736	 	11333.333333
-0.860430	 	11340.000000
11.195213	 	11346.666667
-4.237698	 	11353.333333
4.686924	 	11360.000000
-3.500773	 	11366.666667
-7.602646	 	11373.333333
-2.288181	 	11380.000000
6.872787	 	11386.666667
-15.284931	 	11393.333333
2.564331	 	11400.000000
-3.139001	 	11406.666667
6.921761	 	11413.333333
-0.097240	 	11420.000000
-9.557910	 	11426.666667
0.422537	 	11433.333333
-0.871503	 	11440.000000
-1.422973	 	11446.666667
3.412800	 	11453.333333
-1.807988	 	11460.000000
-14.293787	 	11466.666667
9.896378	 	11473.333333
0.458530	 	11480.000000
-1.174358	 	11486.666667
-4.978859	 	11493.333333
-3.943516	 	11500.000000
-10.828565	 	11506.666667
10.388552	 	11513.333333
-13.429079	 	11520.000000
7.218908	 	11526.666667
-3.090001	 	11533.333333
-6.232427	 	11540.000000
-4.639652	 	11546.666667
10.090442	 	11553.333333
-2.088060	 	11560.000000
-4.497861	 	11566.666667
-9.208891	 	11573.333333
-11.146211	 	11580.000000
12.917740	 	11586.666667
17.990054	 	11593.333333
-13.240822	 	11600.000000
-12.844861	 	11606.666667
-11.161268	 	11613.333333
1.696156	 	11620.000000
13.135405	 	11626.666667
6.178260	 	11633.333333
-5.076266	 	11640.000000
-14.222217	 	11646.666667
-9.970069	 	11653.333333
6.294259	 	11660.000000
4.495591	 	11666.666667
14.611075	 	11673.333333
-5.159755	 	11680.000000
-12.769034	 	11686.666667
-9.393967	 	11693.333333
4.266401	 	11700.000000
-2.312895	 	11706.666667
4.989277	 	11713.333333
-6.157729	 	11720.000000
8.346022	 	11726.666667
-14.804658	 	11733.333333
0.320468	 	11740.000000
-7.646309	 	11746.666667
8.771886	 	11753.333333
3.672796	 	11760.000000
-7.411426	 	11766.666667
-8.024357	 	11773.333333
-2.043103	 	11780.000000
4.969700	 	11786.666667
-3.475043	 	11793.333333
-2.499624	 	11800.000000
5.007707	 	11806.666667
2.655102	 	11813.333333
-13.441897	 	11820.000000
-12.785029	 	11826.666667
-6.699788	 	11833.333333
25.476375	 	11840.000000
1.899742	 	11846.666667
-10.083589	 	11853.333333
-21.636860	 	11860.000000
-2.570368	 	11866.666667
15.686666	 	11873.333333
-6.357098	 	11880.000000
4.589948	 	11886.666667
5.709554	 	11893.333333
1.503984	 	11900.000000
-24.217927	 	11906.666667
-20.659787	 	11913.333333
9.008673	 	11920.000000
5.987107	 	11926.666667
-7.087759	 	11933.333333
22.633899	 	11940.000000
-15.602901	 	11946.666667
-2.983897	 	11953.333333
-26.607903	 	11960.000000
10.047931	 	11966.666667
-9.839331	 	11973.333333
32.785946	 	11980.000000
8.935646	 	11986.666667
-11.115930	 	11993.333333
-69.269581	 	12000.000000
15.442158	 	12006.666667
38.793820	 	12013.333333
-1.590943	 	12020.000000
17.265007	 	12026.666667
-15.340936	 	12033.333333
-55.447809	 	12040.000000
-17.060745	 	12046.666667
81.483755	 	12053.333333
-42.517529	 	12060.000000
13.835027	 	12066.666667
29.033875	 	12073.333333
-32.341251	 	12080.000000
-43.892912	 	12086.666667
5.763009	 	12093.333333
-30.674382	 	12100.000000
113.293681	 	12106.666667
-13.791264	 	12113.333333
-20.521860	 	12120.000000
-59.729100	 	12126.666667
-19.393336	 	12133.333333
-13.271843	 	12140.000000
58.603394	 	12146.666667
52.164965	 	12153.333333
-66.501189	 	12160.000000
61.559395	 	12166.666667
-44.794793	 	12173.333333
-113.541000	 	12180.000000
23.763300	 	12186.666667
54.452801	 	12193.333333
184.664956	 	12200.000000
-184.457473	 	12206.666667
-55.221544	 	12213.333333
9.296401	 	12220.000000
19.275138	 	12226.666667
57.622898	 	12233.333333
4.498210	 	12240.000000
-8.798464	 	12246.666667
-79.550357	 	12253.333333
-85.213746	 	12260.000000
224.711589	 	12266.666667
-45.111703	 	12273.333333
-80.068967	 	12280.000000
-39.294364	 	12286.666667
-7.903407	 	12293.333333
34.426415	 	12300.000000
140.801955	 	12306.666667
-29.792407	 	12313.333333
-148.217802	 	12320.000000
-138.475138	 	12326.666667
171.588475	 	12333.333333
176.865454	 	12340.000000
-120.841371	 	12346.666667
-83.120678	 	12353.333333
-187.227787	 	12360.000000
415.701925	 	12366.666667
-204.954083	 	12373.333333
-19.276163	 	12380.000000
-35.981706	 	12386.666667
282.607854	 	12393.333333
-454.906706	 	12400.000000
246.710384	 	12406.666667
77.721985	 	12413.333333
-135.419800	 	12420.000000
-38.183811	 	12426.666667
13.099964	 	12433.333333
123.273527	 	12440.000000
209.077995	 	12446.666667
-498.870295	 	12453.333333
-88.460499	 	12460.000000
514.384343	 	12466.666667
-75.058038	 	12473.333333
-30.225976	 	12480.000000
-251.041797	 	12486.666667
-4.578982	 	12493.333333
-196.270068	 	12500.000000
283.427163	 	12506.666667
237.048557	 	12513.333333
547.193788	 	12520.000000
-696.685077	 	12526.666667
-395.823508	 	12533.333333
-498.219252	 	12540.000000
1145.586603	 	12546.666667
-232.711565	 	12553.333333
400.465176	 	12560.000000
-400.545083	 	12566.666667
-297.986384	 	12573.333333
-9.532742	 	12580.000000
-165.492978	 	12586.666667
897.442212	 	12593.333333
-378.696746	 	12600.000000
2.654536	 	12606.666667
-261.593636	 	12613.333333
-341.161280	 	12620.000000
126.995865	 	12626.666667
791.217679	 	12633.333333
70.673544	 	12640.000000
-924.097618	 	12646.666667
132.481072	 	12653.333333
798.495126	 	12660.000000
-802.663636	 	12666.666667
-523.385916	 	12673.333333
1183.210778	 	12680.000000
327.995443	 	12686.666667
-738.440151	 	12693.333333
-884.440145	 	12700.000000
1427.270469	 	12706.666667
-563.350781	 	12713.333333
-799.292525	 	12720.000000
1010.672167	 	12726.666667
812.297944	 	12733.333333
-725.284993	 	12740.000000
-910.014959	 	12746.666667
-556.067555	 	12753.333333
1803.595467	 	12760.000000
-605.281434	 	12766.666667
5.391351	 	12773.333333
459.577515	 	12780.000000
-548.993982	 	12786.666667
-337.879142	 	12793.333333
527.233583	 	12800.000000
-466.471512	 	12806.666667
-640.213828	 	12813.333333
2175.920675	 	12820.000000
-664.472534	 	12826.666667
-991.935832	 	12833.333333
151.423173	 	12840.000000
-52.404468	 	12846.666667
-915.046593	 	12853.333333
2711.804212	 	12860.000000
-968.361836	 	12866.666667
-311.757033	 	12873.333333
-910.432064	 	12880.000000
-820.396739	 	12886.666667
2351.412104	 	12893.333333
-863.869857	 	12900.000000
877.455288	 	12906.666667
-632.239439	 	12913.333333
10.190672	 	12920.000000
-975.122387	 	12926.666667
146.879226	 	12933.333333
-997.951096	 	12940.000000
3234.706670	 	12946.666667
-991.186600	 	12953.333333
172.392049	 	12960.000000
-993.234134	 	12966.666667
-926.376714	 	12973.333333
-955.798138	 	12980.000000
3792.313623	 	12986.666667
-843.259143	 	12993.333333
-931.636403	 	13000.000000
-999.632177	 	13006.666667
2258.696373	 	13013.333333
-999.264439	 	13020.000000
-982.600289	 	13026.666667
-976.328540	 	13033.333333
3177.344405	 	13040.000000
-759.472942	 	13046.666667
-77.974572	 	13053.333333
-999.630891	 	13060.000000
-945.504697	 	13066.666667
427.929030	 	13073.333333
2823.349290	 	13080.000000
-865.457216	 	13086.666667
-998.067278	 	13093.333333
-549.259966	 	13100.000000
-149.593938	 	13106.666667
-999.874669	 	13113.333333
2740.037883	 	13120.000000
-896.324307	 	13126.666667
584.047999	 	13133.333333
-620.921592	 	13140.000000
-987.379463	 	13146.666667
1546.953617	 	13153.333333
-757.921141	 	13160.000000
330.837679	 	13166.666667
-998.594212	 	13173.333333
-980.553800	 	13180.000000
3475.026654	 	13186.666667
-805.342419	 	13193.333333
-993.987856	 	13200.000000
-999.973143	 	13206.666667
1574.533065	 	13213.333333
-999.317301	 	13220.000000
-999.998848	 	13226.666667
-999.997882	 	13233.333333
1953.420721	 	13240.000000
4662.206738	 	13246.666667
-999.998848	 	13253.333333
-999.998848	 	13260.000000
-999.998851	 	13266.666667
-999.998849	 	13273.333333
-999.998848	 	13280.000000
-999.998856	 	13286.666667
-999.998894	 	13293.333333
-999.998900	 	13300.000000
-999.998938	 	13306.666667
-999.998862	 	13313.333333
-999.999047	 	13320.000000
-999.999055	 	13326.666667
