#peak 	 	#time 
-999.998984	 	0.000000
-999.999010	 	6.666667
-999.999365	 	13.333333
-999.999177	 	20.000000
-999.999092	 	26.666667
-999.999395	 	33.333333
-999.999291	 	40.000000
-999.999819	 	46.666667
-999.999061	 	53.333333
-999.999514	 	60.000000
-1000.000000	 	66.666667
-1000.000000	 	73.333333
-1000.000000	 	80.000000
-1000.000000	 	86.666667
-1000.000000	 	93.333333
34465.158346	 	100.000000
-999.998813	 	106.666667
-999.998807	 	113.333333
-999.998802	 	120.000000
-999.998816	 	126.666667
-999.998807	 	133.333333
-999.998803	 	140.000000
-999.998808	 	146.666667
-999.998809	 	153.333333
-999.998811	 	160.000000
-999.998810	 	166.666667
-999.998808	 	173.333333
-999.998804	 	180.000000
-999.998803	 	186.666667
-999.998801	 	193.333333
-999.998801	 	200.000000
-999.946925	 	206.666667
4678.748776	 	213.333333
773.764986	 	220.000000
-730.933271	 	226.666667
-712.437293	 	233.333333
-196.915672	 	240.000000
162.790589	 	246.666667
-2.923520	 	253.333333
19.002590	 	260.000000
-391.262757	 	266.666667
-220.730646	 	273.333333
576.780884	 	280.000000
62.828113	 	286.666667
-195.923318	 	293.333333
-36.349059	 	300.000000
-28.636501	 	306.666667
211.190407	 	313.333333
-77.930581	 	320.000000
-248.924792	 	326.666667
-90.855496	 	333.333333
8.409689	 	340.000000
96.437538	 	346.666667
184.362668	 	353.333333
82.125053	 	360.000000
-240.629894	 	366.666667
-300.984762	 	373.333333
365.599146	 	380.000000
236.992208	 	386.666667
-239.142666	 	393.333333
-198.727036	 	400.000000
-99.284002	 	406.666667
194.216109	 	413.333333
140.758351	 	420.000000
-133.539378	 	426.666667
133.669077	 	433.333333
-14.942372	 	440.000000
-106.493706	 	446.666667
-14.077996	 	453.333333
-9.599195	 	460.000000
179.088010	 	466.666667
80.913682	 	473.333333
-111.726621	 	480.000000
131.196249	 	486.666667
-87.250766	 	493.333333
-63.215306	 	500.000000
95.826630	 	506.666667
8.203047	 	513.333333
32.908918	 	520.000000
29.228194	 	526.666667
11.419639	 	533.333333
-186.188908	 	540.000000
-164.726285	 	546.666667
89.894238	 	553.333333
144.960419	 	560.000000
248.944337	 	566.666667
32.471556	 	573.333333
-257.749885	 	580.000000
-1.445163	 	586.666667
-63.423112	 	593.333333
139.879035	 	600.000000
218.545947	 	606.666667
-153.617483	 	613.333333
-263.767324	 	620.000000
-51.560472	 	626.666667
115.434389	 	633.333333
330.781898	 	640.000000
55.781484	 	646.666667
-102.316291	 	653.333333
-241.766458	 	660.000000
-54.317161	 	666.666667
-1.014575	 	673.333333
109.695922	 	680.000000
38.624947	 	686.666667
128.161568	 	693.333333
-3.653255	 	700.000000
-31.945950	 	706.666667
-178.508760	 	713.333333
38.151595	 	720.000000
63.580427	 	726.666667
82.046165	 	733.333333
-60.428720	 	740.000000
12.084074	 	746.666667
20.027469	 	753.333333
-28.864764	 	760.000000
-66.692537	 	766.666667
83.082266	 	773.333333
-48.695124	 	780.000000
31.482385	 	786.666667
65.556433	 	793.333333
-55.474016	 	800.000000
-17.394969	 	806.666667
44.212901	 	813.333333
3.226574	 	820.000000
14.459917	 	826.666667
-80.671892	 	833.333333
93.659592	 	840.000000
87.370629	 	846.666667
-116.301055	 	853.333333
-110.561010	 	860.000000
59.598016	 	866.666667
114.694623	 	873.333333
54.279271	 	880.000000
-109.173848	 	886.666667
0.498582	 	893.333333
-42.531467	 	900.000000
-27.620889	 	906.666667
113.621501	 	913.333333
106.071545	 	920.000000
-4.723978	 	926.666667
-128.775358	 	933.333333
-89.884930	 	940.000000
59.029561	 	946.666667
64.789169	 	953.333333
81.375918	 	960.000000
-28.590303	 	966.666667
-100.082622	 	973.333333
32.458859	 	980.000000
75.990745	 	986.666667
17.328976	 	993.333333
-73.669008	 	1000.000000
-69.633858	 	1006.666667
57.794998	 	1013.333333
69.807150	 	1020.000000
16.107932	 	1026.666667
-1.709881	 	1033.333333
-26.223173	 	1040.000000
-30.288091	 	1046.666667
-44.940260	 	1053.333333
45.883509	 	1060.000000
90.136025	 	1066.666667
8.894481	 	1073.333333
-63.773230	 	1080.000000
-37.594912	 	1086.666667
0.155780	 	1093.333333
55.955049	 	1100.000000
25.653911	 	1106.666667
7.135157	 	1113.333333
-1.121982	 	1120.000000
-12.959223	 	1126.666667
-13.577650	 	1133.333333
-1.975018	 	1140.000000
-12.101135	 	1146.666667
33.023277	 	1153.333333
19.027652	 	1160.000000
3.592283	 	1166.666667
-17.768214	 	1173.333333
-0.530054	 	1180.000000
11.944338	 	1186.666667
12.626586	 	1193.333333
-4.359225	 	1200.000000
6.103515	 	1206.666667
-7.634304	 	1213.333333
-1.810476	 	1220.000000
4.977611	 	1226.666667
23.957356	 	1233.333333
3.059409	 	1240.000000
-3.502740	 	1246.666667
-8.485360	 	1253.333333
-4.371148	 	1260.000000
6.634006	 	1266.666667
20.982486	 	1273.333333
21.384601	 	1280.000000
-7.188689	 	1286.666667
-16.615402	 	1293.333333
0.601268	 	1300.000000
15.451502	 	1306.666667
-2.519931	 	1313.333333
-7.247002	 	1320.000000
5.710618	 	1326.666667
20.602877	 	1333.333333
7.631020	 	1340.000000
0.894602	 	1346.666667
-9.533662	 	1353.333333
5.054088	 	1360.000000
3.213043	 	1366.666667
9.931180	 	1373.333333
6.381762	 	1380.000000
3.152412	 	1386.666667
-6.912924	 	1393.333333
-0.991751	 	1400.000000
5.877386	 	1406.666667
5.537016	 	1413.333333
4.936043	 	1420.000000
7.083062	 	1426.666667
-4.091322	 	1433.333333
2.589788	 	1440.000000
7.578740	 	1446.666667
8.503327	 	1453.333333
2.348244	 	1460.000000
-6.186045	 	1466.666667
-1.244945	 	1473.333333
5.996928	 	1480.000000
13.152637	 	1486.666667
7.650150	 	1493.333333
-0.477773	 	1500.000000
-8.291494	 	1506.666667
-0.491940	 	1513.333333
16.123659	 	1520.000000
19.115316	 	1526.666667
-4.828377	 	1533.333333
-3.076381	 	1540.000000
-6.287431	 	1546.666667
8.573222	 	1553.333333
11.286858	 	1560.000000
-0.102357	 	1566.666667
5.911169	 	1573.333333
-0.171645	 	1580.000000
-8.431987	 	1586.666667
13.194093	 	1593.333333
5.915765	 	1600.000000
-1.198683	 	1606.666667
6.175660	 	1613.333333
10.914505	 	1620.000000
12.155553	 	1626.666667
-4.269166	 	1633.333333
-8.645333	 	1640.000000
-0.211643	 	1646.666667
8.146964	 	1653.333333
12.727717	 	1660.000000
6.376501	 	1666.666667
-3.819960	 	1673.333333
-2.663966	 	1680.000000
3.515468	 	1686.666667
8.280768	 	1693.333333
6.512591	 	1700.000000
2.367698	 	1706.666667
-1.126474	 	1713.333333
0.646720	 	1720.000000
5.822590	 	1726.666667
5.567889	 	1733.333333
5.681202	 	1740.000000
-1.865270	 	1746.666667
-4.511515	 	1753.333333
17.100883	 	1760.000000
14.992482	 	1766.666667
-4.217231	 	1773.333333
-8.248448	 	1780.000000
1.838902	 	1786.666667
6.102789	 	1793.333333
10.583940	 	1800.000000
7.337326	 	1806.666667
2.660966	 	1813.333333
-11.769033	 	1820.000000
0.792903	 	1826.666667
12.932939	 	1833.333333
14.568041	 	1840.000000
7.297105	 	1846.666667
-8.986624	 	1853.333333
-10.456570	 	1860.000000
5.107872	 	1866.666667
7.619828	 	1873.333333
9.998754	 	1880.000000
6.729859	 	1886.666667
2.324629	 	1893.333333
-2.755155	 	1900.000000
-3.129569	 	1906.666667
9.417408	 	1913.333333
8.018301	 	1920.000000
3.645265	 	1926.666667
-0.978867	 	1933.333333
-7.835336	 	1940.000000
3.889558	 	1946.666667
17.827678	 	1953.333333
9.041127	 	1960.000000
-4.997237	 	1966.666667
-11.225901	 	1973.333333
4.671091	 	1980.000000
14.605724	 	1986.666667
9.901037	 	1993.333333
-6.701692	 	2000.000000
-8.835922	 	2006.666667
8.513087	 	2013.333333
17.293292	 	2020.000000
0.324441	 	2026.666667
0.863521	 	2033.333333
6.837580	 	2040.000000
2.789918	 	2046.666667
-0.631001	 	2053.333333
-0.654315	 	2060.000000
-1.941343	 	2066.666667
14.831272	 	2073.333333
7.040489	 	2080.000000
0.918855	 	2086.666667
-3.519396	 	2093.333333
3.226593	 	2100.000000
7.884507	 	2106.666667
7.398244	 	2113.333333
-0.588096	 	2120.000000
2.264278	 	2126.666667
-0.663537	 	2133.333333
-0.780170	 	2140.000000
0.775206	 	2146.666667
11.344928	 	2153.333333
12.871786	 	2160.000000
5.030340	 	2166.666667
-5.896719	 	2173.333333
-3.776127	 	2180.000000
-0.915781	 	2186.666667
9.396060	 	2193.333333
12.037683	 	2200.000000
6.159559	 	2206.666667
-3.912250	 	2213.333333
0.591521	 	2220.000000
3.365804	 	2226.666667
2.422865	 	2233.333333
1.974122	 	2240.000000
8.045591	 	2246.666667
5.826654	 	2253.333333
0.743347	 	2260.000000
-3.121165	 	2266.666667
6.114731	 	2273.333333
6.510753	 	2280.000000
-0.972366	 	2286.666667
8.213374	 	2293.333333
7.595904	 	2300.000000
-3.453286	 	2306.666667
-3.583758	 	2313.333333
2.820775	 	2320.000000
8.235864	 	2326.666667
7.313251	 	2333.333333
1.100080	 	2340.000000
3.230910	 	2346.666667
1.178129	 	2353.333333
9.269059	 	2360.000000
4.207558	 	2366.666667
-0.408437	 	2373.333333
-3.811440	 	2380.000000
1.587267	 	2386.666667
5.799806	 	2393.333333
10.408722	 	2400.000000
-0.948448	 	2406.666667
9.534418	 	2413.333333
11.168268	 	2420.000000
-6.822821	 	2426.666667
-7.538922	 	2433.333333
11.164982	 	2440.000000
9.678819	 	2446.666667
-1.398557	 	2453.333333
-10.382422	 	2460.000000
10.977112	 	2466.666667
11.256778	 	2473.333333
2.800854	 	2480.000000
0.614195	 	2486.666667
1.639414	 	2493.333333
-0.281148	 	2500.000000
11.048940	 	2506.666667
8.105197	 	2513.333333
-0.141108	 	2520.000000
-3.045721	 	2526.666667
2.112013	 	2533.333333
10.846243	 	2540.000000
4.641233	 	2546.666667
0.504623	 	2553.333333
-0.427399	 	2560.000000
3.159098	 	2566.666667
-1.103211	 	2573.333333
5.763343	 	2580.000000
16.700046	 	2586.666667
2.708501	 	2593.333333
-12.089846	 	2600.000000
-5.207055	 	2606.666667
13.031615	 	2613.333333
7.649343	 	2620.000000
6.239910	 	2626.666667
-9.285980	 	2633.333333
7.533900	 	2640.000000
7.452959	 	2646.666667
9.763317	 	2653.333333
0.387647	 	2660.000000
-4.060303	 	2666.666667
-4.701189	 	2673.333333
12.727916	 	2680.000000
7.880841	 	2686.666667
6.319621	 	2693.333333
-18.961969	 	2700.000000
13.377637	 	2706.666667
9.150238	 	2713.333333
4.645853	 	2720.000000
4.876836	 	2726.666667
2.219729	 	2733.333333
-16.710814	 	2740.000000
10.530057	 	2746.666667
12.079933	 	2753.333333
11.573753	 	2760.000000
-8.640355	 	2766.666667
7.686267	 	2773.333333
-11.445350	 	2780.000000
12.805076	 	2786.666667
13.583762	 	2793.333333
-4.428540	 	2800.000000
-1.814075	 	2806.666667
3.353410	 	2813.333333
-8.081264	 	2820.000000
26.469940	 	2826.666667
5.466145	 	2833.333333
-9.953698	 	2840.000000
-1.166534	 	2846.666667
12.305138	 	2853.333333
2.324761	 	2860.000000
-4.085164	 	2866.666667
5.125327	 	2873.333333
10.162662	 	2880.000000
0.928973	 	2886.666667
-7.677350	 	2893.333333
1.326526	 	2900.000000
17.085744	 	2906.666667
4.644740	 	2913.333333
-12.289390	 	2920.000000
-4.333811	 	2926.666667
20.913832	 	2933.333333
15.676223	 	2940.000000
-16.531086	 	2946.666667
-5.307961	 	2953.333333
19.052960	 	2960.000000
8.550563	 	2966.666667
-2.338486	 	2973.333333
4.453793	 	2980.000000
-8.612806	 	2986.666667
-7.223603	 	2993.333333
17.145791	 	3000.000000
15.743871	 	3006.666667
4.258414	 	3013.333333
-8.050115	 	3020.000000
-14.261351	 	3026.666667
16.838318	 	3033.333333
18.967792	 	3040.000000
-1.744064	 	3046.666667
-1.506289	 	3053.333333
-4.817053	 	3060.000000
0.825564	 	3066.666667
12.137397	 	3073.333333
17.312284	 	3080.000000
-10.145876	 	3086.666667
-12.958976	 	3093.333333
14.186848	 	3100.000000
20.612842	 	3106.666667
1.632422	 	3113.333333
0.857189	 	3120.000000
-0.790632	 	3126.666667
-17.068051	 	3133.333333
0.980122	 	3140.000000
71.765084	 	3146.666667
139.938418	 	3153.333333
144.413360	 	3160.000000
150.704825	 	3166.666667
150.786649	 	3173.333333
160.410422	 	3180.000000
377.337855	 	3186.666667
1036.850065	 	3193.333333
2055.302063	 	3200.000000
2502.498510	 	3206.666667
2154.070530	 	3213.333333
2048.674580	 	3220.000000
2634.821932	 	3226.666667
3407.497399	 	3233.333333
3963.589370	 	3240.000000
4263.861812	 	3246.666667
4526.278568	 	3253.333333
4557.437703	 	3260.000000
4714.805224	 	3266.666667
4775.854386	 	3273.333333
4966.180618	 	3280.000000
5026.873114	 	3286.666667
4963.488216	 	3293.333333
4846.451393	 	3300.000000
4964.791736	 	3306.666667
4863.649452	 	3313.333333
4770.186582	 	3320.000000
4541.301362	 	3326.666667
4466.776187	 	3333.333333
4413.433468	 	3340.000000
4361.313484	 	3346.666667
4128.513228	 	3353.333333
3986.645618	 	3360.000000
3853.544366	 	3366.666667
3781.839512	 	3373.333333
3624.787164	 	3380.000000
3467.964361	 	3386.666667
3207.030739	 	3393.333333
3058.669754	 	3400.000000
3001.138444	 	3406.666667
2962.280393	 	3413.333333
2749.634136	 	3420.000000
2537.358211	 	3426.666667
2458.135273	 	3433.333333
2473.808155	 	3440.000000
2406.763960	 	3446.666667
2280.069536	 	3453.333333
2179.227780	 	3460.000000
2102.954062	 	3466.666667
2019.915565	 	3473.333333
1978.672112	 	3480.000000
1967.202496	 	3486.666667
1916.580221	 	3493.333333
1786.150973	 	3500.000000
1705.342355	 	3506.666667
1711.138409	 	3513.333333
1709.971462	 	3520.000000
1615.349967	 	3526.666667
1520.379034	 	3533.333333
1494.034204	 	3540.000000
1479.119443	 	3546.666667
1455.173555	 	3553.333333
1412.339835	 	3560.000000
1361.785909	 	3566.666667
1338.713126	 	3573.333333
1328.941636	 	3580.000000
1311.982106	 	3586.666667
1294.086865	 	3593.333333
1233.102039	 	3600.000000
1189.799082	 	3606.666667
1191.961336	 	3613.333333
1213.365796	 	3620.000000
1180.936893	 	3626.666667
1106.333620	 	3633.333333
1071.609867	 	3640.000000
1093.915252	 	3646.666667
1108.182486	 	3653.333333
1077.020599	 	3660.000000
1035.736090	 	3666.666667
1001.372331	 	3673.333333
993.810766	 	3680.000000
986.459505	 	3686.666667
981.681081	 	3693.333333
938.692610	 	3700.000000
913.117675	 	3706.666667
920.276633	 	3713.333333
926.641648	 	3720.000000
887.770421	 	3726.666667
845.745286	 	3733.333333
849.468602	 	3740.000000
877.915425	 	3746.666667
843.744397	 	3753.333333
785.555272	 	3760.000000
765.371072	 	3766.666667
773.640325	 	3773.333333
782.781865	 	3780.000000
774.522856	 	3786.666667
747.564594	 	3793.333333
728.722496	 	3800.000000
711.182764	 	3806.666667
683.905838	 	3813.333333
687.808853	 	3820.000000
689.564206	 	3826.666667
686.516080	 	3833.333333
671.609548	 	3840.000000
642.354958	 	3846.666667
628.067293	 	3853.333333
628.334532	 	3860.000000
620.307329	 	3866.666667
611.540073	 	3873.333333
610.779167	 	3880.000000
599.331027	 	3886.666667
574.107704	 	3893.333333
570.199424	 	3900.000000
561.483328	 	3906.666667
552.346068	 	3913.333333
558.310232	 	3920.000000
544.190662	 	3926.666667
528.226169	 	3933.333333
510.294571	 	3940.000000
512.236117	 	3946.666667
510.092588	 	3953.333333
497.745519	 	3960.000000
486.896175	 	3966.666667
487.978167	 	3973.333333
480.263857	 	3980.000000
477.584376	 	3986.666667
455.267297	 	3993.333333
442.442000	 	4000.000000
440.621165	 	4006.666667
451.640878	 	4013.333333
441.547538	 	4020.000000
435.055048	 	4026.666667
417.044392	 	4033.333333
403.912546	 	4040.000000
397.506336	 	4046.666667
416.649855	 	4053.333333
412.426719	 	4060.000000
378.143706	 	4066.666667
358.837688	 	4073.333333
377.294889	 	4080.000000
394.991874	 	4086.666667
380.612528	 	4093.333333
354.220374	 	4100.000000
342.969890	 	4106.666667
356.095236	 	4113.333333
364.712167	 	4120.000000
340.160111	 	4126.666667
330.537852	 	4133.333333
336.436277	 	4140.000000
316.617478	 	4146.666667
323.632906	 	4153.333333
336.871653	 	4160.000000
309.724650	 	4166.666667
294.007710	 	4173.333333
311.163909	 	4180.000000
306.822464	 	4186.666667
303.898033	 	4193.333333
289.208378	 	4200.000000
299.453372	 	4206.666667
288.073596	 	4213.333333
275.234776	 	4220.000000
288.097687	 	4226.666667
276.289958	 	4233.333333
253.071265	 	4240.000000
284.876828	 	4246.666667
273.006327	 	4253.333333
273.819484	 	4260.000000
253.121165	 	4266.666667
251.332821	 	4273.333333
252.561726	 	4280.000000
258.883335	 	4286.666667
249.075765	 	4293.333333
242.762859	 	4300.000000
235.687990	 	4306.666667
231.524039	 	4313.333333
223.368342	 	4320.000000
242.976890	 	4326.666667
231.312537	 	4333.333333
237.037240	 	4340.000000
212.495827	 	4346.666667
217.219467	 	4353.333333
227.428148	 	4360.000000
209.085765	 	4366.666667
201.254916	 	4373.333333
212.977250	 	4380.000000
211.155392	 	4386.666667
188.933124	 	4393.333333
207.957969	 	4400.000000
214.378426	 	4406.666667
187.554709	 	4413.333333
184.986576	 	4420.000000
188.724843	 	4426.666667
198.676402	 	4433.333333
186.736336	 	4440.000000
179.548365	 	4446.666667
177.799057	 	4453.333333
181.691280	 	4460.000000
193.063341	 	4466.666667
160.024984	 	4473.333333
164.225667	 	4480.000000
172.482169	 	4486.666667
168.478340	 	4493.333333
151.751838	 	4500.000000
167.109717	 	4506.666667
186.343096	 	4513.333333
149.478672	 	4520.000000
134.957285	 	4526.666667
171.899187	 	4533.333333
139.625641	 	4540.000000
149.505337	 	4546.666667
162.562726	 	4553.333333
170.228679	 	4560.000000
143.579639	 	4566.666667
149.430313	 	4573.333333
110.523272	 	4580.000000
127.559825	 	4586.666667
145.677136	 	4593.333333
160.261369	 	4600.000000
124.175939	 	4606.666667
148.095395	 	4613.333333
122.942526	 	4620.000000
135.569793	 	4626.666667
123.740553	 	4633.333333
135.508835	 	4640.000000
102.449163	 	4646.666667
160.818054	 	4653.333333
95.950767	 	4660.000000
79.015061	 	4666.666667
152.491189	 	4673.333333
198.315350	 	4680.000000
94.158433	 	4686.666667
46.931496	 	4693.333333
124.416212	 	4700.000000
220.090224	 	4706.666667
66.711597	 	4713.333333
44.201774	 	4720.000000
140.100460	 	4726.666667
137.491499	 	4733.333333
110.957416	 	4740.000000
78.323946	 	4746.666667
124.968246	 	4753.333333
160.691682	 	4760.000000
89.298033	 	4766.666667
15.530673	 	4773.333333
114.479338	 	4780.000000
142.532813	 	4786.666667
118.043360	 	4793.333333
62.502821	 	4800.000000
84.840039	 	4806.666667
91.252832	 	4813.333333
150.318975	 	4820.000000
68.439601	 	4826.666667
82.112065	 	4833.333333
90.961614	 	4840.000000
110.885755	 	4846.666667
32.282710	 	4853.333333
99.836908	 	4860.000000
111.717670	 	4866.666667
108.939254	 	4873.333333
64.613208	 	4880.000000
87.912373	 	4886.666667
75.806525	 	4893.333333
67.116975	 	4900.000000
63.812400	 	4906.666667
144.430904	 	4913.333333
63.388235	 	4920.000000
39.444117	 	4926.666667
84.822749	 	4933.333333
105.896162	 	4940.000000
71.626835	 	4946.666667
45.395450	 	4953.333333
103.393608	 	4960.000000
100.029325	 	4966.666667
37.101060	 	4973.333333
20.731776	 	4980.000000
121.098480	 	4986.666667
135.949596	 	4993.333333
33.176124	 	5000.000000
-2.755403	 	5006.666667
112.418011	 	5013.333333
112.988349	 	5020.000000
59.825283	 	5026.666667
20.655071	 	5033.333333
69.402127	 	5040.000000
114.948913	 	5046.666667
89.215871	 	5053.333333
-10.609815	 	5060.000000
77.955480	 	5066.666667
95.773617	 	5073.333333
55.198602	 	5080.000000
51.544621	 	5086.666667
68.402757	 	5093.333333
78.027623	 	5100.000000
53.690173	 	5106.666667
23.672487	 	5113.333333
83.298199	 	5120.000000
83.774962	 	5126.666667
45.172941	 	5133.333333
43.409404	 	5140.000000
62.716352	 	5146.666667
55.865917	 	5153.333333
54.607972	 	5160.000000
51.504508	 	5166.666667
71.618394	 	5173.333333
57.199094	 	5180.000000
30.064662	 	5186.666667
57.427436	 	5193.333333
71.928282	 	5200.000000
58.080639	 	5206.666667
36.661889	 	5213.333333
38.225488	 	5220.000000
63.941272	 	5226.666667
64.437726	 	5233.333333
46.140364	 	5240.000000
30.434457	 	5246.666667
51.179944	 	5253.333333
58.955581	 	5260.000000
43.633366	 	5266.666667
51.731061	 	5273.333333
58.706989	 	5280.000000
33.421526	 	5286.666667
34.717455	 	5293.333333
53.389399	 	5300.000000
50.233922	 	5306.666667
47.864118	 	5313.333333
41.829199	 	5320.000000
40.491497	 	5326.666667
58.983358	 	5333.333333
39.935242	 	5340.000000
34.962590	 	5346.666667
44.904788	 	5353.333333
54.293400	 	5360.000000
50.992237	 	5366.666667
35.864273	 	5373.333333
32.657261	 	5380.000000
43.402549	 	5386.666667
39.920206	 	5393.333333
41.219188	 	5400.000000
47.696423	 	5406.666667
47.169436	 	5413.333333
31.265766	 	5420.000000
26.484413	 	5426.666667
32.879799	 	5433.333333
50.247791	 	5440.000000
47.260525	 	5446.666667
32.329322	 	5453.333333
24.599826	 	5460.000000
43.580177	 	5466.666667
36.748427	 	5473.333333
28.270451	 	5480.000000
32.561941	 	5486.666667
43.289851	 	5493.333333
32.912482	 	5500.000000
31.311370	 	5506.666667
36.166542	 	5513.333333
42.004074	 	5520.000000
29.608255	 	5526.666667
23.468605	 	5533.333333
31.779304	 	5540.000000
39.736334	 	5546.666667
36.570298	 	5553.333333
35.192584	 	5560.000000
23.108487	 	5566.666667
36.631223	 	5573.333333
38.034323	 	5580.000000
28.814801	 	5586.666667
20.219526	 	5593.333333
28.169065	 	5600.000000
40.847850	 	5606.666667
41.497235	 	5613.333333
24.738091	 	5620.000000
15.913839	 	5626.666667
21.327440	 	5633.333333
34.473632	 	5640.000000
32.601096	 	5646.666667
32.627634	 	5653.333333
26.745249	 	5660.000000
23.611464	 	5666.666667
29.366950	 	5673.333333
32.225487	 	5680.000000
29.285625	 	5686.666667
22.825982	 	5693.333333
14.376623	 	5700.000000
27.044640	 	5706.666667
33.793068	 	5713.333333
27.971010	 	5720.000000
31.092852	 	5726.666667
27.309733	 	5733.333333
14.069612	 	5740.000000
27.612695	 	5746.666667
26.280546	 	5753.333333
27.978810	 	5760.000000
24.708584	 	5766.666667
15.799784	 	5773.333333
15.231355	 	5780.000000
29.337677	 	5786.666667
34.882597	 	5793.333333
25.127569	 	5800.000000
21.018753	 	5806.666667
26.439895	 	5813.333333
9.857018	 	5820.000000
22.311276	 	5826.666667
27.144875	 	5833.333333
24.768396	 	5840.000000
20.612330	 	5846.666667
21.054572	 	5853.333333
21.681781	 	5860.000000
30.618886	 	5866.666667
18.556013	 	5873.333333
16.213408	 	5880.000000
12.035267	 	5886.666667
26.895667	 	5893.333333
17.328630	 	5900.000000
17.318023	 	5906.666667
21.535964	 	5913.333333
23.088173	 	5920.000000
20.439458	 	5926.666667
20.391839	 	5933.333333
11.742683	 	5940.000000
20.023985	 	5946.666667
23.419319	 	5953.333333
19.503848	 	5960.000000
16.210955	 	5966.666667
17.328556	 	5973.333333
14.938670	 	5980.000000
13.992734	 	5986.666667
18.606585	 	5993.333333
30.100293	 	6000.000000
24.581147	 	6006.666667
9.899387	 	6013.333333
6.830564	 	6020.000000
20.119486	 	6026.666667
21.688485	 	6033.333333
17.416833	 	6040.000000
18.653508	 	6046.666667
17.887172	 	6053.333333
17.728208	 	6060.000000
18.385656	 	6066.666667
12.475131	 	6073.333333
17.926956	 	6080.000000
11.272909	 	6086.666667
12.613414	 	6093.333333
18.191325	 	6100.000000
24.183220	 	6106.666667
16.137066	 	6113.333333
16.328377	 	6120.000000
16.077994	 	6126.666667
15.571427	 	6133.333333
15.450190	 	6140.000000
17.817841	 	6146.666667
18.191672	 	6153.333333
14.284317	 	6160.000000
5.112112	 	6166.666667
12.695363	 	6173.333333
20.681120	 	6180.000000
18.003243	 	6186.666667
14.950759	 	6193.333333
14.536176	 	6200.000000
19.194797	 	6206.666667
14.858590	 	6213.333333
4.652273	 	6220.000000
4.692508	 	6226.666667
18.044625	 	6233.333333
22.764240	 	6240.000000
20.358848	 	6246.666667
13.673516	 	6253.333333
4.388464	 	6260.000000
6.786988	 	6266.666667
18.529696	 	6273.333333
16.718761	 	6280.000000
8.386746	 	6286.666667
12.919295	 	6293.333333
7.203850	 	6300.000000
11.565030	 	6306.666667
18.065666	 	6313.333333
17.780739	 	6320.000000
9.400382	 	6326.666667
10.802230	 	6333.333333
2.174277	 	6340.000000
7.806880	 	6346.666667
14.590359	 	6353.333333
12.638929	 	6360.000000
19.268353	 	6366.666667
19.520536	 	6373.333333
1.432605	 	6380.000000
5.416723	 	6386.666667
8.310889	 	6393.333333
23.611197	 	6400.000000
27.544470	 	6406.666667
0.130407	 	6413.333333
-10.742297	 	6420.000000
12.579385	 	6426.666667
20.648048	 	6433.333333
14.826131	 	6440.000000
8.553380	 	6446.666667
16.900852	 	6453.333333
10.867559	 	6460.000000
5.665064	 	6466.666667
1.856298	 	6473.333333
17.694456	 	6480.000000
10.835460	 	6486.666667
5.660764	 	6493.333333
5.883080	 	6500.000000
18.874328	 	6506.666667
13.347730	 	6513.333333
4.675671	 	6520.000000
7.450190	 	6526.666667
17.384630	 	6533.333333
5.580461	 	6540.000000
8.870493	 	6546.666667
9.952202	 	6553.333333
12.122145	 	6560.000000
16.165629	 	6566.666667
16.363932	 	6573.333333
-0.668309	 	6580.000000
2.455554	 	6586.666667
5.369589	 	6593.333333
14.659658	 	6600.000000
13.765439	 	6606.666667
9.339359	 	6613.333333
3.259545	 	6620.000000
18.654029	 	6626.666667
6.752919	 	6633.333333
3.151140	 	6640.000000
5.066486	 	6646.666667
10.237979	 	6653.333333
15.238363	 	6660.000000
9.533223	 	6666.666667
-2.973954	 	6673.333333
4.118201	 	6680.000000
11.033803	 	6686.666667
16.248642	 	6693.333333
10.930712	 	6700.000000
0.216950	 	6706.666667
11.446492	 	6713.333333
9.709111	 	6720.000000
2.539860	 	6726.666667
9.604941	 	6733.333333
13.469873	 	6740.000000
11.115559	 	6746.666667
6.657763	 	6753.333333
2.222284	 	6760.000000
4.632002	 	6766.666667
6.607163	 	6773.333333
12.402825	 	6780.000000
15.165260	 	6786.666667
12.585225	 	6793.333333
2.072928	 	6800.000000
-8.644930	 	6806.666667
12.185244	 	6813.333333
22.199862	 	6820.000000
15.665934	 	6826.666667
6.303786	 	6833.333333
-4.788187	 	6840.000000
4.729778	 	6846.666667
18.047723	 	6853.333333
6.488335	 	6860.000000
5.400100	 	6866.666667
6.837356	 	6873.333333
13.096178	 	6880.000000
5.628127	 	6886.666667
6.018453	 	6893.333333
5.543195	 	6900.000000
5.544798	 	6906.666667
4.913379	 	6913.333333
10.379986	 	6920.000000
12.435351	 	6926.666667
9.370030	 	6933.333333
-0.315766	 	6940.000000
8.470190	 	6946.666667
9.233091	 	6953.333333
9.722323	 	6960.000000
1.672941	 	6966.666667
2.517433	 	6973.333333
6.783841	 	6980.000000
13.983813	 	6986.666667
9.014459	 	6993.333333
7.193332	 	7000.000000
2.998709	 	7006.666667
5.874500	 	7013.333333
7.953195	 	7020.000000
6.375286	 	7026.666667
-9.204633	 	7033.333333
2.972449	 	7040.000000
17.694529	 	7046.666667
21.242730	 	7053.333333
4.654551	 	7060.000000
-0.024678	 	7066.666667
-4.524618	 	7073.333333
6.650991	 	7080.000000
9.732356	 	7086.666667
9.963686	 	7093.333333
2.463422	 	7100.000000
6.939157	 	7106.666667
4.692743	 	7113.333333
12.166205	 	7120.000000
8.103001	 	7126.666667
-2.993465	 	7133.333333
-5.441730	 	7140.000000
12.401963	 	7146.666667
7.464439	 	7153.333333
8.536124	 	7160.000000
2.755932	 	7166.666667
3.283669	 	7173.333333
8.645808	 	7180.000000
4.482947	 	7186.666667
2.219117	 	7193.333333
2.712266	 	7200.000000
-0.773393	 	7206.666667
9.748071	 	7213.333333
3.672194	 	7220.000000
3.940096	 	7226.666667
6.870696	 	7233.333333
-0.417235	 	7240.000000
6.947640	 	7246.666667
9.107800	 	7253.333333
3.769700	 	7260.000000
-1.576271	 	7266.666667
0.254139	 	7273.333333
3.168651	 	7280.000000
11.549921	 	7286.666667
10.771358	 	7293.333333
-2.541696	 	7300.000000
-1.785317	 	7306.666667
8.102163	 	7313.333333
6.622884	 	7320.000000
5.967276	 	7326.666667
-3.229426	 	7333.333333
-2.713890	 	7340.000000
5.130577	 	7346.666667
8.890636	 	7353.333333
9.300422	 	7360.000000
3.820253	 	7366.666667
1.823700	 	7373.333333
0.578941	 	7380.000000
1.172267	 	7386.666667
1.198464	 	7393.333333
7.002061	 	7400.000000
4.590348	 	7406.666667
4.592526	 	7413.333333
-2.115501	 	7420.000000
-4.399141	 	7426.666667
7.675500	 	7433.333333
12.423424	 	7440.000000
-3.697755	 	7446.666667
-2.133227	 	7453.333333
2.208734	 	7460.000000
7.304684	 	7466.666667
7.374927	 	7473.333333
0.237678	 	7480.000000
2.865600	 	7486.666667
6.542811	 	7493.333333
2.135928	 	7500.000000
1.980665	 	7506.666667
0.628258	 	7513.333333
0.898398	 	7520.000000
1.880348	 	7526.666667
6.670069	 	7533.333333
9.195871	 	7540.000000
2.340861	 	7546.666667
-2.503296	 	7553.333333
0.230370	 	7560.000000
3.311915	 	7566.666667
-0.442340	 	7573.333333
2.205886	 	7580.000000
0.312705	 	7586.666667
6.672444	 	7593.333333
11.304574	 	7600.000000
8.528337	 	7606.666667
-8.308071	 	7613.333333
-4.909145	 	7620.000000
9.043681	 	7626.666667
15.312619	 	7633.333333
3.906994	 	7640.000000
-6.380505	 	7646.666667
-1.030694	 	7653.333333
8.762231	 	7660.000000
-1.351449	 	7666.666667
-1.593178	 	7673.333333
11.724164	 	7680.000000
10.670831	 	7686.666667
-3.547159	 	7693.333333
-3.072554	 	7700.000000
3.975940	 	7706.666667
-0.565246	 	7713.333333
-0.926856	 	7720.000000
10.011777	 	7726.666667
9.633557	 	7733.333333
-1.266645	 	7740.000000
-8.264030	 	7746.666667
3.753744	 	7753.333333
8.192656	 	7760.000000
7.435283	 	7766.666667
-1.099697	 	7773.333333
4.490508	 	7780.000000
1.544586	 	7786.666667
-3.286397	 	7793.333333
-0.955390	 	7800.000000
10.536473	 	7806.666667
8.749143	 	7813.333333
-0.776918	 	7820.000000
-11.201242	 	7826.666667
4.684648	 	7833.333333
8.135195	 	7840.000000
12.521895	 	7846.666667
-1.059874	 	7853.333333
-8.477936	 	7860.000000
0.306224	 	7866.666667
12.395360	 	7873.333333
7.771797	 	7880.000000
-0.671248	 	7886.666667
-2.508407	 	7893.333333
5.351895	 	7900.000000
5.972491	 	7906.666667
3.543356	 	7913.333333
-0.785843	 	7920.000000
1.811355	 	7926.666667
7.444753	 	7933.333333
3.655407	 	7940.000000
4.777453	 	7946.666667
5.258313	 	7953.333333
2.643086	 	7960.000000
-4.880850	 	7966.666667
4.954632	 	7973.333333
7.159930	 	7980.000000
6.072772	 	7986.666667
-4.989738	 	7993.333333
-4.825265	 	8000.000000
0.616252	 	8006.666667
4.773010	 	8013.333333
6.319665	 	8020.000000
8.814491	 	8026.666667
-6.485038	 	8033.333333
-3.430774	 	8040.000000
5.346820	 	8046.666667
1.979433	 	8053.333333
1.563350	 	8060.000000
-3.002961	 	8066.666667
1.610873	 	8073.333333
8.530821	 	8080.000000
4.786528	 	8086.666667
-0.379778	 	8093.333333
-4.445836	 	8100.000000
-2.556843	 	8106.666667
3.261956	 	8113.333333
10.411627	 	8120.000000
7.742405	 	8126.666667
-5.534639	 	8133.333333
-0.903543	 	8140.000000
3.869334	 	8146.666667
-0.757889	 	8153.333333
0.633266	 	8160.000000
0.119935	 	8166.666667
-1.739030	 	8173.333333
2.036210	 	8180.000000
0.081755	 	8186.666667
5.540794	 	8193.333333
1.346294	 	8200.000000
-6.096935	 	8206.666667
4.040961	 	8213.333333
11.671816	 	8220.000000
-5.500383	 	8226.666667
-9.129597	 	8233.333333
-3.117274	 	8240.000000
13.061177	 	8246.666667
7.210798	 	8253.333333
-4.444341	 	8260.000000
-4.759868	 	8266.666667
10.554458	 	8273.333333
3.293505	 	8280.000000
-2.900234	 	8286.666667
-1.649487	 	8293.333333
-0.365488	 	8300.000000
-3.845305	 	8306.666667
2.910570	 	8313.333333
7.218054	 	8320.000000
5.595424	 	8326.666667
-9.136654	 	8333.333333
-4.218149	 	8340.000000
8.952865	 	8346.666667
15.489479	 	8353.333333
-3.847871	 	8360.000000
-13.089209	 	8366.666667
-4.239636	 	8373.333333
7.933170	 	8380.000000
3.566422	 	8386.666667
2.513140	 	8393.333333
1.149806	 	8400.000000
2.004213	 	8406.666667
-3.673310	 	8413.333333
-6.874375	 	8420.000000
6.214080	 	8426.666667
11.145422	 	8433.333333
-0.209232	 	8440.000000
-4.825501	 	8446.666667
-5.333031	 	8453.333333
-1.214603	 	8460.000000
1.054735	 	8466.666667
-1.408128	 	8473.333333
4.283222	 	8480.000000
10.544032	 	8486.666667
1.260275	 	8493.333333
-8.085632	 	8500.000000
-7.648875	 	8506.666667
-2.255022	 	8513.333333
13.072142	 	8520.000000
9.658945	 	8526.666667
-5.003773	 	8533.333333
-2.372830	 	8540.000000
1.944392	 	8546.666667
-8.597555	 	8553.333333
6.672674	 	8560.000000
7.820629	 	8566.666667
5.106189	 	8573.333333
-2.322726	 	8580.000000
-3.913415	 	8586.666667
-4.570421	 	8593.333333
2.668107	 	8600.000000
-1.928283	 	8606.666667
6.534271	 	8613.333333
5.716601	 	8620.000000
-5.726201	 	8626.666667
-6.980720	 	8633.333333
8.342403	 	8640.000000
7.323113	 	8646.666667
-2.962505	 	8653.333333
-4.749810	 	8660.000000
1.652445	 	8666.666667
-1.185536	 	8673.333333
-3.666977	 	8680.000000
4.537879	 	8686.666667
7.187585	 	8693.333333
0.892183	 	8700.000000
-7.394254	 	8706.666667
-0.998267	 	8713.333333
7.292627	 	8720.000000
-3.073384	 	8726.666667
-3.624821	 	8733.333333
4.117776	 	8740.000000
-1.645452	 	8746.666667
2.396302	 	8753.333333
0.162510	 	8760.000000
-1.454915	 	8766.666667
-1.017287	 	8773.333333
-1.646637	 	8780.000000
3.666765	 	8786.666667
-1.482867	 	8793.333333
-7.901551	 	8800.000000
2.826084	 	8806.666667
7.969230	 	8813.333333
6.001326	 	8820.000000
-5.759926	 	8826.666667
-9.455547	 	8833.333333
-0.272529	 	8840.000000
0.826430	 	8846.666667
5.599247	 	8853.333333
-0.702405	 	8860.000000
-4.567574	 	8866.666667
-1.558887	 	8873.333333
3.216015	 	8880.000000
4.019732	 	8886.666667
-1.913707	 	8893.333333
-15.738388	 	8900.000000
0.869848	 	8906.666667
12.107695	 	8913.333333
11.204655	 	8920.000000
-0.275006	 	8926.666667
-6.364102	 	8933.333333
-11.965127	 	8940.000000
-2.303734	 	8946.666667
5.753286	 	8953.333333
11.554503	 	8960.000000
-0.537524	 	8966.666667
-11.593607	 	8973.333333
-7.431894	 	8980.000000
9.824557	 	8986.666667
5.221270	 	8993.333333
0.088700	 	9000.000000
-6.876518	 	9006.666667
-3.013264	 	9013.333333
-2.212203	 	9020.000000
0.441426	 	9026.666667
6.415696	 	9033.333333
5.056980	 	9040.000000
0.641476	 	9046.666667
-1.999636	 	9053.333333
-2.075243	 	9060.000000
5.382899	 	9066.666667
0.195062	 	9073.333333
-5.866708	 	9080.000000
-5.668200	 	9086.666667
-3.017654	 	9093.333333
6.710683	 	9100.000000
5.354000	 	9106.666667
1.515751	 	9113.333333
-4.316552	 	9120.000000
-2.525799	 	9126.666667
0.665990	 	9133.333333
-3.770268	 	9140.000000
-3.529371	 	9146.666667
2.062858	 	9153.333333
3.989199	 	9160.000000
0.568483	 	9166.666667
-6.342286	 	9173.333333
-1.029759	 	9180.000000
7.637183	 	9186.666667
0.915368	 	9193.333333
0.395852	 	9200.000000
-2.112709	 	9206.666667
-3.772871	 	9213.333333
-10.448782	 	9220.000000
-6.980326	 	9226.666667
5.709744	 	9233.333333
13.827861	 	9240.000000
1.843323	 	9246.666667
-5.050571	 	9253.333333
-3.677710	 	9260.000000
-2.824883	 	9266.666667
3.395888	 	9273.333333
1.839045	 	9280.000000
0.615674	 	9286.666667
-4.463324	 	9293.333333
-6.634842	 	9300.000000
2.991227	 	9306.666667
8.705801	 	9313.333333
-4.554452	 	9320.000000
2.881196	 	9326.666667
-3.485950	 	9333.333333
-1.334213	 	9340.000000
1.343793	 	9346.666667
7.259137	 	9353.333333
-0.980084	 	9360.000000
-4.561547	 	9366.666667
-6.213143	 	9373.333333
5.116324	 	9380.000000
3.737210	 	9386.666667
3.029361	 	9393.333333
-0.324891	 	9400.000000
-0.258149	 	9406.666667
-0.468069	 	9413.333333
-1.083870	 	9420.000000
7.346661	 	9426.666667
4.227812	 	9433.333333
-5.085662	 	9440.000000
-10.659259	 	9446.666667
-2.811852	 	9453.333333
5.164014	 	9460.000000
12.552178	 	9466.666667
2.814792	 	9473.333333
-0.201030	 	9480.000000
-10.703928	 	9486.666667
-7.140542	 	9493.333333
3.125020	 	9500.000000
9.992720	 	9506.666667
-0.523643	 	9513.333333
-2.489114	 	9520.000000
-3.246051	 	9526.666667
-7.415805	 	9533.333333
-5.773596	 	9540.000000
5.401264	 	9546.666667
7.905425	 	9553.333333
-1.036964	 	9560.000000
-6.318369	 	9566.666667
-0.298912	 	9573.333333
3.067002	 	9580.000000
-1.198982	 	9586.666667
-2.042911	 	9593.333333
-1.402091	 	9600.000000
-1.179341	 	9606.666667
-4.677638	 	9613.333333
-3.142951	 	9620.000000
9.349503	 	9626.666667
3.905977	 	9633.333333
-6.584678	 	9640.000000
-2.257251	 	9646.666667
0.556254	 	9653.333333
-0.947518	 	9660.000000
-4.996409	 	9666.666667
-1.638598	 	9673.333333
5.293782	 	9680.000000
-0.194164	 	9686.666667
3.146673	 	9693.333333
1.731933	 	9700.000000
0.983460	 	9706.666667
-2.844055	 	9713.333333
-8.463967	 	9720.000000
-6.012582	 	9726.666667
13.914875	 	9733.333333
4.746971	 	9740.000000
-4.157328	 	9746.666667
-7.506715	 	9753.333333
-0.640527	 	9760.000000
7.807857	 	9766.666667
1.369783	 	9773.333333
-6.449146	 	9780.000000
-1.705844	 	9786.666667
-0.336917	 	9793.333333
6.380773	 	9800.000000
-4.668305	 	9806.666667
-5.596364	 	9813.333333
5.046835	 	9820.000000
0.283161	 	9826.666667
-1.239139	 	9833.333333
-5.668523	 	9840.000000
-0.489711	 	9846.666667
4.268247	 	9853.333333
-4.803453	 	9860.000000
3.754543	 	9866.666667
6.069018	 	9873.333333
-2.965586	 	9880.000000
-4.154538	 	9886.666667
-7.601359	 	9893.333333
4.142979	 	9900.000000
4.698155	 	9906.666667
-5.293165	 	9913.333333
-5.195805	 	9920.000000
-3.981748	 	9926.666667
-0.121451	 	9933.333333
2.050077	 	9940.000000
-1.864549	 	9946.666667
1.663375	 	9953.333333
-2.707960	 	9960.000000
-1.738265	 	9966.666667
1.666809	 	9973.333333
-1.091897	 	9980.000000
-0.273887	 	9986.666667
-0.083660	 	9993.333333
-0.604708	 	10000.000000
2.773356	 	10006.666667
-4.868046	 	10013.333333
-9.897835	 	10020.000000
-1.378827	 	10026.666667
2.317423	 	10033.333333
1.368151	 	10040.000000
-5.989218	 	10046.666667
-2.073799	 	10053.333333
7.520623	 	10060.000000
-0.378168	 	10066.666667
-5.908107	 	10073.333333
-7.084433	 	10080.000000
-5.681603	 	10086.666667
8.586365	 	10093.333333
10.912103	 	10100.000000
-0.785256	 	10106.666667
-7.800739	 	10113.333333
-13.858686	 	10120.000000
-0.047577	 	10126.666667
9.183686	 	10133.333333
5.924260	 	10140.000000
1.489326	 	10146.666667
-4.760704	 	10153.333333
-1.057022	 	10160.000000
-1.675364	 	10166.666667
-7.964215	 	10173.333333
-0.936919	 	10180.000000
1.115528	 	10186.666667
1.003092	 	10193.333333
-1.595433	 	10200.000000
-2.502305	 	10206.666667
-0.047391	 	10213.333333
-3.362321	 	10220.000000
-2.659516	 	10226.666667
1.544302	 	10233.333333
0.872423	 	10240.000000
2.211021	 	10246.666667
-6.701594	 	10253.333333
-1.658455	 	10260.000000
2.671376	 	10266.666667
-4.435391	 	10273.333333
-1.702176	 	10280.000000
0.569083	 	10286.666667
3.277383	 	10293.333333
0.843133	 	10300.000000
-9.941025	 	10306.666667
-6.575798	 	10313.333333
3.974126	 	10320.000000
7.249025	 	10326.666667
4.875687	 	10333.333333
-9.343538	 	10340.000000
-7.213458	 	10346.666667
-3.791828	 	10353.333333
1.060062	 	10360.000000
1.562782	 	10366.666667
0.217933	 	10373.333333
0.190834	 	10380.000000
-3.347078	 	10386.666667
-4.426513	 	10393.333333
0.554247	 	10400.000000
-4.716598	 	10406.666667
-1.646683	 	10413.333333
-6.048814	 	10420.000000
1.189707	 	10426.666667
5.870396	 	10433.333333
-2.199024	 	10440.000000
-6.445369	 	10446.666667
-4.314997	 	10453.333333
-1.361795	 	10460.000000
5.316360	 	10466.666667
1.056598	 	10473.333333
-1.794701	 	10480.000000
-5.466705	 	10486.666667
-3.815276	 	10493.333333
0.407304	 	10500.000000
-0.787386	 	10506.666667
-0.150152	 	10513.333333
-0.622622	 	10520.000000
-0.806179	 	10526.666667
2.180703	 	10533.333333
-3.638388	 	10540.000000
-10.112059	 	10546.666667
-6.758677	 	10553.333333
4.749656	 	10560.000000
11.198583	 	10566.666667
2.069786	 	10573.333333
-10.656618	 	10580.000000
-9.296618	 	10586.666667
-0.392161	 	10593.333333
2.005143	 	10600.000000
0.578298	 	10606.666667
-1.479813	 	10613.333333
-4.003813	 	10620.000000
-0.774121	 	10626.666667
-0.807299	 	10633.333333
-3.136735	 	10640.000000
-3.657926	 	10646.666667
0.758286	 	10653.333333
-2.747437	 	10660.000000
-1.634490	 	10666.666667
4.892411	 	10673.333333
-1.972767	 	10680.000000
-5.356330	 	10686.666667
-0.599530	 	10693.333333
-3.792611	 	10700.000000
-2.915886	 	10706.666667
-1.758171	 	10713.333333
2.216492	 	10720.000000
6.689270	 	10726.666667
-0.075200	 	10733.333333
-9.095380	 	10740.000000
-8.551013	 	10746.666667
-0.176927	 	10753.333333
10.591868	 	10760.000000
0.169666	 	10766.666667
-6.052925	 	10773.333333
-4.515331	 	10780.000000
-2.787561	 	10786.666667
2.299541	 	10793.333333
-2.141701	 	10800.000000
-5.546328	 	10806.666667
3.536743	 	10813.333333
2.055024	 	10820.000000
2.290261	 	10826.666667
-1.292349	 	10833.333333
-4.822929	 	10840.000000
-8.180022	 	10846.666667
-2.330026	 	10853.333333
8.219936	 	10860.000000
-0.269838	 	10866.666667
-5.687216	 	10873.333333
-6.462417	 	10880.000000
2.940921	 	10886.666667
6.317266	 	10893.333333
-3.587764	 	10900.000000
-5.117048	 	10906.666667
-2.796885	 	10913.333333
2.567076	 	10920.000000
-0.751399	 	10926.666667
-4.245313	 	10933.333333
2.223808	 	10940.000000
-0.945363	 	10946.666667
-6.808060	 	10953.333333
-0.869250	 	10960.000000
3.203205	 	10966.666667
4.351022	 	10973.333333
-2.979218	 	10980.000000
-4.290130	 	10986.666667
0.710233	 	10993.333333
-0.130968	 	11000.000000
-4.944812	 	11006.666667
-3.168450	 	11013.333333
-2.864121	 	11020.000000
5.065631	 	11026.666667
1.497200	 	11033.333333
2.695408	 	11040.000000
0.059388	 	11046.666667
-6.424511	 	11053.333333
-4.679676	 	11060.000000
-0.175718	 	11066.666667
-1.280293	 	11073.333333
-4.627188	 	11080.000000
-1.614870	 	11086.666667
9.174143	 	11093.333333
0.389367	 	11100.000000
-8.465966	 	11106.666667
-9.693857	 	11113.333333
-4.411191	 	11120.000000
7.396677	 	11126.666667
7.031223	 	11133.333333
-6.696793	 	11140.000000
-0.159509	 	11146.666667
-2.170614	 	11153.333333
-4.229911	 	11160.000000
-0.432649	 	11166.666667
-4.285445	 	11173.333333
-5.183233	 	11180.000000
2.796601	 	11186.666667
-0.978722	 	11193.333333
-0.553278	 	11200.000000
-3.126157	 	11206.666667
-9.984107	 	11213.333333
6.787875	 	11220.000000
7.763572	 	11226.666667
2.074606	 	11233.333333
-7.810019	 	11240.000000
-11.837046	 	11246.666667
0.834994	 	11253.333333
5.324876	 	11260.000000
2.523982	 	11266.666667
-5.200864	 	11273.333333
-9.861545	 	11280.000000
4.686268	 	11286.666667
1.495290	 	11293.333333
-2.097214	 	11300.000000
-6.226645	 	11306.666667
-8.042197	 	11313.333333
3.649328	 	11320.000000
3.442739	 	11326.666667
5.117014	 	11333.333333
1.526535	 	11340.000000
-11.538474	 	11346.666667
-8.092011	 	11353.333333
1.113523	 	11360.000000
6.934652	 	11366.666667
-3.360412	 	11373.333333
-9.167571	 	11380.000000
-0.474794	 	11386.666667
5.115061	 	11393.333333
-1.241057	 	11400.000000
-2.078676	 	11406.666667
1.770395	 	11413.333333
-3.971618	 	11420.000000
-7.341663	 	11426.666667
-5.602851	 	11433.333333
4.881093	 	11440.000000
0.137267	 	11446.666667
-0.782478	 	11453.333333
-0.606041	 	11460.000000
-4.427006	 	11466.666667
-2.031468	 	11473.333333
5.474702	 	11480.000000
-11.090161	 	11486.666667
-6.820148	 	11493.333333
-0.347693	 	11500.000000
12.928062	 	11506.666667
7.488535	 	11513.333333
-20.286454	 	11520.000000
-4.341743	 	11526.666667
17.629926	 	11533.333333
-0.912507	 	11540.000000
-19.954184	 	11546.666667
-8.629608	 	11553.333333
18.166775	 	11560.000000
12.637446	 	11566.666667
-16.583768	 	11573.333333
-3.974717	 	11580.000000
1.602138	 	11586.666667
-7.722146	 	11593.333333
-7.808304	 	11600.000000
5.177518	 	11606.666667
15.171391	 	11613.333333
0.708541	 	11620.000000
-16.740572	 	11626.666667
-11.384881	 	11633.333333
-13.394925	 	11640.000000
14.611505	 	11646.666667
26.748634	 	11653.333333
0.731305	 	11660.000000
-29.706462	 	11666.666667
-21.636152	 	11673.333333
8.818298	 	11680.000000
23.986106	 	11686.666667
-5.988063	 	11693.333333
-0.039791	 	11700.000000
2.085426	 	11706.666667
-15.621282	 	11713.333333
-16.614299	 	11720.000000
10.545103	 	11726.666667
10.845165	 	11733.333333
-4.069054	 	11740.000000
-15.999219	 	11746.666667
10.584906	 	11753.333333
7.858063	 	11760.000000
-2.514980	 	11766.666667
-17.703322	 	11773.333333
-16.788804	 	11780.000000
-4.674366	 	11786.666667
27.967789	 	11793.333333
25.164623	 	11800.000000
1.103777	 	11806.666667
-60.738793	 	11813.333333
-11.514394	 	11820.000000
32.693317	 	11826.666667
15.150303	 	11833.333333
-4.109089	 	11840.000000
0.799380	 	11846.666667
-3.565131	 	11853.333333
-20.212921	 	11860.000000
-24.091648	 	11866.666667
29.652808	 	11873.333333
19.029290	 	11880.000000
-10.512664	 	11886.666667
-16.444931	 	11893.333333
-0.928144	 	11900.000000
11.975189	 	11906.666667
-24.137188	 	11913.333333
-8.922038	 	11920.000000
11.762292	 	11926.666667
0.875577	 	11933.333333
25.958686	 	11940.000000
3.681123	 	11946.666667
-69.519715	 	11953.333333
12.037973	 	11960.000000
30.886892	 	11966.666667
72.614066	 	11973.333333
-89.280783	 	11980.000000
-25.063372	 	11986.666667
10.503618	 	11993.333333
32.783179	 	12000.000000
3.869181	 	12006.666667
-14.906301	 	12013.333333
-25.064482	 	12020.000000
-24.480372	 	12026.666667
75.404945	 	12033.333333
-1.210205	 	12040.000000
-22.843600	 	12046.666667
-31.869220	 	12053.333333
-31.664523	 	12060.000000
17.909175	 	12066.666667
52.686564	 	12073.333333
13.019067	 	12080.000000
-1.560710	 	12086.666667
-69.989279	 	12093.333333
-46.782260	 	12100.000000
1.059555	 	12106.666667
171.163692	 	12113.333333
-18.498492	 	12120.000000
-127.021379	 	12126.666667
-41.252017	 	12133.333333
87.112119	 	12140.000000
-140.765670	 	12146.666667
220.076798	 	12153.333333
-14.619297	 	12160.000000
-35.648967	 	12166.666667
-169.278793	 	12173.333333
40.596344	 	12180.000000
220.827501	 	12186.666667
-120.475178	 	12193.333333
-95.906779	 	12200.000000
-118.342671	 	12206.666667
209.399829	 	12213.333333
112.853263	 	12220.000000
-133.847214	 	12226.666667
-61.445984	 	12233.333333
43.797832	 	12240.000000
-15.086174	 	12246.666667
-1.944638	 	12253.333333
-12.873991	 	12260.000000
98.830040	 	12266.666667
-128.429902	 	12273.333333
111.830979	 	12280.000000
-172.278894	 	12286.666667
147.679381	 	12293.333333
-139.816032	 	12300.000000
321.250132	 	12306.666667
-229.350006	 	12313.333333
-361.817734	 	12320.000000
458.349469	 	12326.666667
86.716167	 	12333.333333
-71.403360	 	12340.000000
-35.789866	 	12346.666667
-349.717240	 	12353.333333
299.382642	 	12360.000000
-362.087934	 	12366.666667
382.419556	 	12373.333333
244.696703	 	12380.000000
-392.481992	 	12386.666667
180.894391	 	12393.333333
165.838226	 	12400.000000
-464.824541	 	12406.666667
-145.794517	 	12413.333333
-35.294182	 	12420.000000
898.801808	 	12426.666667
-116.835340	 	12433.333333
-466.386985	 	12440.000000
-313.197107	 	12446.666667
468.813874	 	12453.333333
-380.202318	 	12460.000000
105.047679	 	12466.666667
614.950602	 	12473.333333
-18.309982	 	12480.000000
-565.373540	 	12486.666667
-784.941651	 	12493.333333
1268.977470	 	12500.000000
-117.652377	 	12506.666667
-35.897551	 	12513.333333
-360.128272	 	12520.000000
-715.686030	 	12526.666667
1342.808487	 	12533.333333
113.456637	 	12540.000000
-352.572076	 	12546.666667
-354.628346	 	12553.333333
-833.473481	 	12560.000000
355.209418	 	12566.666667
1312.795426	 	12573.333333
47.391499	 	12580.000000
-720.224497	 	12586.666667
-706.975213	 	12593.333333
939.604779	 	12600.000000
-632.348765	 	12606.666667
-886.534306	 	12613.333333
2744.070487	 	12620.000000
-963.327158	 	12626.666667
-955.179599	 	12633.333333
-902.699143	 	12640.000000
1973.786563	 	12646.666667
-240.375395	 	12653.333333
-855.586153	 	12660.000000
525.455454	 	12666.666667
87.509505	 	12673.333333
-734.931828	 	12680.000000
830.634597	 	12686.666667
-133.804583	 	12693.333333
-820.852441	 	12700.000000
834.145208	 	12706.666667
359.271561	 	12713.333333
-863.256421	 	12720.000000
652.109557	 	12726.666667
-835.503036	 	12733.333333
623.642112	 	12740.000000
-495.478290	 	12746.666667
485.521212	 	12753.333333
-566.031836	 	12760.000000
1579.570401	 	12766.666667
-979.173834	 	12773.333333
-807.923720	 	12780.000000
-907.948631	 	12786.666667
2564.817463	 	12793.333333
-559.656994	 	12800.000000
-43.666226	 	12806.666667
-489.305438	 	12813.333333
314.734086	 	12820.000000
-793.619353	 	12826.666667
-68.977904	 	12833.333333
-765.698871	 	12840.000000
2175.773269	 	12846.666667
255.298739	 	12853.333333
-156.890458	 	12860.000000
-991.353502	 	12866.666667
-959.769809	 	12873.333333
-918.654122	 	12880.000000
3197.653605	 	12886.666667
-123.828885	 	12893.333333
-998.084745	 	12900.000000
-373.527704	 	12906.666667
-978.435548	 	12913.333333
-999.767916	 	12920.000000
4577.259010	 	12926.666667
-995.764862	 	12933.333333
-995.750010	 	12940.000000
-845.651358	 	12946.666667
-510.206972	 	12953.333333
363.468482	 	12960.000000
-681.422322	 	12966.666667
2823.343343	 	12973.333333
-989.911674	 	12980.000000
-743.746855	 	12986.666667
126.159113	 	12993.333333
-999.021211	 	13000.000000
1569.485863	 	13006.666667
-384.864339	 	13013.333333
-998.857741	 	13020.000000
2221.758469	 	13026.666667
-851.410452	 	13033.333333
-914.684762	 	13040.000000
-746.449846	 	13046.666667
1668.309704	 	13053.333333
338.474105	 	13060.000000
-976.403928	 	13066.666667
-754.104953	 	13073.333333
2234.333388	 	13080.000000
-997.065723	 	13086.666667
-999.250229	 	13093.333333
268.634142	 	13100.000000
-321.356223	 	13106.666667
1967.017535	 	13113.333333
-998.570367	 	13120.000000
-999.998654	 	13126.666667
75.800916	 	13133.333333
2082.507445	 	13140.000000
-939.957845	 	13146.666667
-390.900707	 	13153.333333
122.294982	 	13160.000000
-984.005894	 	13166.666667
-995.110971	 	13173.333333
3276.712904	 	13180.000000
-985.990531	 	13186.666667
-999.998801	 	13193.333333
1122.541804	 	13200.000000
-811.026808	 	13206.666667
-963.688831	 	13213.333333
112.569237	 	13220.000000
-999.753604	 	13226.666667
7049.964421	 	13233.333333
-999.998801	 	13240.000000
-999.998802	 	13246.666667
-999.998802	 	13253.333333
-999.998803	 	13260.000000
-999.998807	 	13266.666667
-999.998820	 	13273.333333
-999.998817	 	13280.000000
-999.998830	 	13286.666667
-999.998811	 	13293.333333
-999.998919	 	13300.000000
-999.998869	 	13306.666667
-999.998977	 	13313.333333
-999.999010	 	13320.000000
-999.998967	 	13326.666667
