#peak 	 	#time 
-999.998985	 	0.000000
-999.999011	 	6.666667
-999.999366	 	13.333333
-999.999179	 	20.000000
-999.999094	 	26.666667
-999.999397	 	33.333333
-999.999293	 	40.000000
-999.999819	 	46.666667
-999.999064	 	53.333333
-999.999515	 	60.000000
-1000.000000	 	66.666667
-1000.000000	 	73.333333
-1000.000000	 	80.000000
-1000.000000	 	86.666667
-1000.000000	 	93.333333
34484.573775	 	100.000000
-999.998809	 	106.666667
-999.998803	 	113.333333
-999.998828	 	120.000000
-999.998814	 	126.666667
-999.998807	 	133.333333
-999.998803	 	140.000000
-999.998811	 	146.666667
-999.998813	 	153.333333
-999.998802	 	160.000000
-999.998807	 	166.666667
-999.998804	 	173.333333
-999.998805	 	180.000000
-999.998803	 	186.666667
-999.998802	 	193.333333
-999.998801	 	200.000000
-999.952481	 	206.666667
4716.618809	 	213.333333
741.839047	 	220.000000
-743.930394	 	226.666667
-724.937314	 	233.333333
-168.892252	 	240.000000
195.030747	 	246.666667
-26.374175	 	253.333333
-21.790313	 	260.000000
-417.961007	 	266.666667
-213.969427	 	273.333333
670.270532	 	280.000000
66.819978	 	286.666667
-234.584459	 	293.333333
-77.121022	 	300.000000
-61.340866	 	306.666667
270.136373	 	313.333333
-42.371134	 	320.000000
-287.467338	 	326.666667
-125.192050	 	333.333333
37.064580	 	340.000000
93.326662	 	346.666667
186.288243	 	353.333333
76.801440	 	360.000000
-222.856486	 	366.666667
-262.577209	 	373.333333
372.054532	 	380.000000
145.291017	 	386.666667
-244.879143	 	393.333333
-153.132462	 	400.000000
-113.662299	 	406.666667
183.819151	 	413.333333
201.897645	 	420.000000
-117.572846	 	426.666667
127.420069	 	433.333333
-91.361864	 	440.000000
-169.693015	 	446.666667
53.932832	 	453.333333
59.898728	 	460.000000
172.814464	 	466.666667
50.141359	 	473.333333
-136.307565	 	480.000000
151.488510	 	486.666667
-68.545331	 	493.333333
-42.663122	 	500.000000
60.692162	 	506.666667
-23.446488	 	513.333333
19.392264	 	520.000000
39.934575	 	526.666667
47.102853	 	533.333333
-170.806253	 	540.000000
-192.481180	 	546.666667
104.842424	 	553.333333
139.072940	 	560.000000
280.452474	 	566.666667
20.313677	 	573.333333
-277.511401	 	580.000000
-25.536932	 	586.666667
-90.889722	 	593.333333
128.473267	 	600.000000
286.646738	 	606.666667
-151.310764	 	613.333333
-234.756559	 	620.000000
-70.556841	 	626.666667
81.600146	 	633.333333
311.668156	 	640.000000
94.098399	 	646.666667
-58.927119	 	653.333333
-240.188948	 	660.000000
-131.948872	 	666.666667
-61.190096	 	673.333333
162.553402	 	680.000000
139.231385	 	686.666667
109.440027	 	693.333333
-47.231530	 	700.000000
-65.681223	 	706.666667
-211.040113	 	713.333333
24.401143	 	720.000000
140.089918	 	726.666667
118.417324	 	733.333333
-71.421264	 	740.000000
-33.698583	 	746.666667
16.037393	 	753.333333
-22.369123	 	760.000000
-67.157119	 	766.666667
69.590651	 	773.333333
-5.889703	 	780.000000
37.978786	 	786.666667
67.334223	 	793.333333
-59.113753	 	800.000000
-42.507134	 	806.666667
41.372752	 	813.333333
5.417744	 	820.000000
8.215460	 	826.666667
-36.954292	 	833.333333
105.121289	 	840.000000
48.185617	 	846.666667
-110.341504	 	853.333333
-118.088346	 	860.000000
34.088353	 	866.666667
176.474296	 	873.333333
62.793390	 	880.000000
-172.696655	 	886.666667
-40.179058	 	893.333333
-22.108332	 	900.000000
-8.086102	 	906.666667
135.844889	 	913.333333
107.528230	 	920.000000
8.800192	 	926.666667
-116.714165	 	933.333333
-96.973365	 	940.000000
27.225200	 	946.666667
89.505164	 	953.333333
105.446340	 	960.000000
-75.804638	 	966.666667
-119.254084	 	973.333333
100.716743	 	980.000000
58.907080	 	986.666667
-28.735526	 	993.333333
-32.381768	 	1000.000000
-50.984984	 	1006.666667
23.891405	 	1013.333333
48.075280	 	1020.000000
-45.294160	 	1026.666667
39.278229	 	1033.333333
20.769281	 	1040.000000
-16.877638	 	1046.666667
-45.715068	 	1053.333333
61.789352	 	1060.000000
31.711214	 	1066.666667
16.403887	 	1073.333333
0.298359	 	1080.000000
-14.949870	 	1086.666667
-75.795670	 	1093.333333
-15.811666	 	1100.000000
57.086375	 	1106.666667
103.784632	 	1113.333333
-8.964114	 	1120.000000
-77.638394	 	1126.666667
-50.477917	 	1133.333333
36.656095	 	1140.000000
62.187356	 	1146.666667
34.391664	 	1153.333333
-36.965305	 	1160.000000
-6.662659	 	1166.666667
5.496414	 	1173.333333
4.851140	 	1180.000000
-22.684860	 	1186.666667
45.536934	 	1193.333333
-30.616162	 	1200.000000
37.802267	 	1206.666667
24.332035	 	1213.333333
23.898000	 	1220.000000
-45.890458	 	1226.666667
-17.769673	 	1233.333333
4.740139	 	1240.000000
79.792745	 	1246.666667
-67.700549	 	1253.333333
-39.692360	 	1260.000000
11.382093	 	1266.666667
121.422364	 	1273.333333
32.054955	 	1280.000000
-84.599001	 	1286.666667
-21.981447	 	1293.333333
7.719492	 	1300.000000
-9.417220	 	1306.666667
10.356720	 	1313.333333
30.236646	 	1320.000000
-24.948620	 	1326.666667
12.319151	 	1333.333333
18.314728	 	1340.000000
70.018211	 	1346.666667
-3.758348	 	1353.333333
-60.617275	 	1360.000000
-29.451891	 	1366.666667
43.535553	 	1373.333333
18.324352	 	1380.000000
13.269667	 	1386.666667
-51.005853	 	1393.333333
41.110186	 	1400.000000
21.757781	 	1406.666667
-34.369588	 	1413.333333
-7.579239	 	1420.000000
52.762098	 	1426.666667
5.178916	 	1433.333333
-5.535998	 	1440.000000
-21.378013	 	1446.666667
7.536913	 	1453.333333
-2.255075	 	1460.000000
14.542081	 	1466.666667
5.133223	 	1473.333333
19.644636	 	1480.000000
40.853776	 	1486.666667
-5.882361	 	1493.333333
-33.863715	 	1500.000000
-20.797005	 	1506.666667
-13.075819	 	1513.333333
80.338641	 	1520.000000
52.172764	 	1526.666667
-61.508040	 	1533.333333
-78.886264	 	1540.000000
-24.923924	 	1546.666667
107.216080	 	1553.333333
62.096328	 	1560.000000
-47.567743	 	1566.666667
-4.636361	 	1573.333333
-44.797726	 	1580.000000
4.774020	 	1586.666667
85.781259	 	1593.333333
-43.881492	 	1600.000000
-51.869057	 	1606.666667
4.505576	 	1613.333333
52.934610	 	1620.000000
64.353463	 	1626.666667
-5.717931	 	1633.333333
-52.130059	 	1640.000000
-59.210638	 	1646.666667
-3.768381	 	1653.333333
79.772866	 	1660.000000
35.136914	 	1666.666667
-0.121417	 	1673.333333
-39.185384	 	1680.000000
11.311276	 	1686.666667
61.950749	 	1693.333333
-11.788025	 	1700.000000
-74.269136	 	1706.666667
-21.753158	 	1713.333333
55.205948	 	1720.000000
96.366424	 	1726.666667
-32.860475	 	1733.333333
-22.905805	 	1740.000000
-14.315692	 	1746.666667
19.000907	 	1753.333333
51.523321	 	1760.000000
-34.488791	 	1766.666667
-52.078179	 	1773.333333
45.975881	 	1780.000000
-6.587672	 	1786.666667
19.043657	 	1793.333333
21.453349	 	1800.000000
-6.772331	 	1806.666667
2.765646	 	1813.333333
-17.904719	 	1820.000000
-14.340706	 	1826.666667
5.884468	 	1833.333333
19.157178	 	1840.000000
67.526721	 	1846.666667
-31.052020	 	1853.333333
-21.834171	 	1860.000000
-12.882719	 	1866.666667
12.099539	 	1873.333333
43.840606	 	1880.000000
-18.188522	 	1886.666667
-63.964941	 	1893.333333
17.784004	 	1900.000000
14.541520	 	1906.666667
57.584399	 	1913.333333
-31.866652	 	1920.000000
44.251399	 	1926.666667
3.460550	 	1933.333333
-67.997062	 	1940.000000
-27.090810	 	1946.666667
72.487674	 	1953.333333
27.519372	 	1960.000000
3.653784	 	1966.666667
-59.698382	 	1973.333333
51.607597	 	1980.000000
39.826379	 	1986.666667
-35.268130	 	1993.333333
-28.325517	 	2000.000000
25.331222	 	2006.666667
-5.494415	 	2013.333333
-21.989328	 	2020.000000
19.380043	 	2026.666667
67.494326	 	2033.333333
21.149536	 	2040.000000
-45.866493	 	2046.666667
-88.433042	 	2053.333333
-6.711335	 	2060.000000
95.697195	 	2066.666667
70.500255	 	2073.333333
1.708252	 	2080.000000
-72.602244	 	2086.666667
-53.010511	 	2093.333333
23.990214	 	2100.000000
58.881896	 	2106.666667
15.955709	 	2113.333333
17.602287	 	2120.000000
-34.060011	 	2126.666667
-61.602575	 	2133.333333
-14.387069	 	2140.000000
3.134909	 	2146.666667
88.201504	 	2153.333333
54.850437	 	2160.000000
-50.688883	 	2166.666667
-42.012150	 	2173.333333
39.385060	 	2180.000000
12.560745	 	2186.666667
-46.756151	 	2193.333333
-11.590893	 	2200.000000
59.611078	 	2206.666667
12.255840	 	2213.333333
26.373549	 	2220.000000
-21.210026	 	2226.666667
-8.088744	 	2233.333333
-2.649605	 	2240.000000
-27.788545	 	2246.666667
19.536198	 	2253.333333
39.966619	 	2260.000000
-28.638206	 	2266.666667
-24.770292	 	2273.333333
1.555513	 	2280.000000
30.486933	 	2286.666667
40.816994	 	2293.333333
24.928991	 	2300.000000
-7.663234	 	2306.666667
-38.476061	 	2313.333333
-39.803360	 	2320.000000
-19.954635	 	2326.666667
21.861158	 	2333.333333
56.453493	 	2340.000000
64.732917	 	2346.666667
-13.097650	 	2353.333333
-49.568380	 	2360.000000
-54.604848	 	2366.666667
38.628322	 	2373.333333
33.161078	 	2380.000000
-5.298782	 	2386.666667
-4.443059	 	2393.333333
7.829447	 	2400.000000
-18.170380	 	2406.666667
7.254614	 	2413.333333
7.073579	 	2420.000000
49.271545	 	2426.666667
-32.456109	 	2433.333333
-4.877493	 	2440.000000
44.500726	 	2446.666667
-23.363043	 	2453.333333
-51.539951	 	2460.000000
-10.934133	 	2466.666667
50.915318	 	2473.333333
40.967403	 	2480.000000
47.434364	 	2486.666667
-66.106109	 	2493.333333
-33.577013	 	2500.000000
43.229699	 	2506.666667
36.993367	 	2513.333333
-4.436788	 	2520.000000
-13.180504	 	2526.666667
-75.930442	 	2533.333333
16.197009	 	2540.000000
23.566877	 	2546.666667
98.334175	 	2553.333333
39.557486	 	2560.000000
-59.959547	 	2566.666667
-95.124355	 	2573.333333
-26.057388	 	2580.000000
88.803689	 	2586.666667
51.847896	 	2593.333333
-52.805631	 	2600.000000
5.165933	 	2606.666667
-41.951094	 	2613.333333
70.057892	 	2620.000000
66.645431	 	2626.666667
-46.325755	 	2633.333333
-108.003786	 	2640.000000
9.435694	 	2646.666667
55.274861	 	2653.333333
92.665457	 	2660.000000
-97.443304	 	2666.666667
-15.681660	 	2673.333333
38.709263	 	2680.000000
61.743518	 	2686.666667
-55.074601	 	2693.333333
-59.557021	 	2700.000000
-44.396828	 	2706.666667
112.129799	 	2713.333333
10.915390	 	2720.000000
58.463666	 	2726.666667
-25.481261	 	2733.333333
-58.677632	 	2740.000000
13.780054	 	2746.666667
41.376819	 	2753.333333
-35.407960	 	2760.000000
9.865317	 	2766.666667
-4.064090	 	2773.333333
-51.524894	 	2780.000000
36.981178	 	2786.666667
99.152856	 	2793.333333
12.135973	 	2800.000000
-31.353545	 	2806.666667
-40.766699	 	2813.333333
-68.967922	 	2820.000000
48.470945	 	2826.666667
33.220927	 	2833.333333
4.081078	 	2840.000000
97.444723	 	2846.666667
-8.816824	 	2853.333333
-104.595792	 	2860.000000
0.450832	 	2866.666667
49.112100	 	2873.333333
44.828377	 	2880.000000
-58.639117	 	2886.666667
-9.322845	 	2893.333333
14.526437	 	2900.000000
62.321794	 	2906.666667
21.224238	 	2913.333333
-87.333000	 	2920.000000
-20.867365	 	2926.666667
105.009410	 	2933.333333
-33.873565	 	2940.000000
-12.147193	 	2946.666667
-13.618017	 	2953.333333
5.507101	 	2960.000000
-15.737670	 	2966.666667
57.310723	 	2973.333333
26.926916	 	2980.000000
-93.950969	 	2986.666667
-3.487231	 	2993.333333
38.961769	 	3000.000000
6.427441	 	3006.666667
93.525557	 	3013.333333
-29.098823	 	3020.000000
-81.805627	 	3026.666667
-9.532653	 	3033.333333
70.206332	 	3040.000000
43.472153	 	3046.666667
-16.470904	 	3053.333333
-23.247517	 	3060.000000
-35.630576	 	3066.666667
-11.053532	 	3073.333333
54.411303	 	3080.000000
-22.957941	 	3086.666667
-21.358726	 	3093.333333
71.225948	 	3100.000000
57.827146	 	3106.666667
-47.504083	 	3113.333333
-11.243501	 	3120.000000
-25.467602	 	3126.666667
-46.083240	 	3133.333333
54.987998	 	3140.000000
179.026641	 	3146.666667
192.057028	 	3153.333333
-4.100339	 	3160.000000
-131.235195	 	3166.666667
-124.870983	 	3173.333333
-157.116038	 	3180.000000
183.518037	 	3186.666667
1846.202967	 	3193.333333
5809.290510	 	3200.000000
5750.762737	 	3206.666667
1525.539741	 	3213.333333
306.226571	 	3220.000000
686.728596	 	3226.666667
1948.557176	 	3233.333333
3028.466558	 	3240.000000
3321.791835	 	3246.666667
3089.826063	 	3253.333333
3002.964917	 	3260.000000
3108.038497	 	3266.666667
3706.695635	 	3273.333333
4273.555064	 	3280.000000
4797.922743	 	3286.666667
4015.546878	 	3293.333333
4011.052005	 	3300.000000
4856.973766	 	3306.666667
5375.791422	 	3313.333333
5028.155137	 	3320.000000
4845.541839	 	3326.666667
4828.919393	 	3333.333333
5560.641715	 	3340.000000
5462.789464	 	3346.666667
5510.452322	 	3353.333333
5361.932973	 	3360.000000
5173.381717	 	3366.666667
5335.472500	 	3373.333333
5462.192599	 	3380.000000
5801.001473	 	3386.666667
5655.688616	 	3393.333333
4673.048125	 	3400.000000
5188.795960	 	3406.666667
6267.643383	 	3413.333333
5911.772463	 	3420.000000
5224.496559	 	3426.666667
4764.606449	 	3433.333333
4994.894876	 	3440.000000
5497.690607	 	3446.666667
5414.284956	 	3453.333333
4971.320912	 	3460.000000
4897.258200	 	3466.666667
4440.234673	 	3473.333333
3958.807610	 	3480.000000
3944.117786	 	3486.666667
4293.422571	 	3493.333333
4152.717578	 	3500.000000
4099.969326	 	3506.666667
3987.997854	 	3513.333333
3975.867367	 	3520.000000
3672.922535	 	3526.666667
3535.965752	 	3533.333333
3687.702610	 	3540.000000
3920.822661	 	3546.666667
3824.087423	 	3553.333333
3494.243147	 	3560.000000
3115.158308	 	3566.666667
3107.193449	 	3573.333333
3275.086917	 	3580.000000
3356.751419	 	3586.666667
3294.670249	 	3593.333333
3046.212716	 	3600.000000
2744.827107	 	3606.666667
2939.627433	 	3613.333333
3326.537103	 	3620.000000
3117.054461	 	3626.666667
2596.614804	 	3633.333333
2467.403503	 	3640.000000
2559.258806	 	3646.666667
2902.702346	 	3653.333333
2756.505658	 	3660.000000
2546.137930	 	3666.666667
2498.277925	 	3673.333333
2539.325708	 	3680.000000
2272.210959	 	3686.666667
2233.163094	 	3693.333333
2324.954209	 	3700.000000
2740.771713	 	3706.666667
2642.716700	 	3713.333333
2147.366829	 	3720.000000
1907.483340	 	3726.666667
2119.986587	 	3733.333333
2296.312200	 	3740.000000
2215.541216	 	3746.666667
1963.295526	 	3753.333333
1894.193142	 	3760.000000
2033.032729	 	3766.666667
1945.170378	 	3773.333333
1782.942836	 	3780.000000
1823.499033	 	3786.666667
1855.833481	 	3793.333333
1800.130564	 	3800.000000
1714.167761	 	3806.666667
1759.880393	 	3813.333333
1813.214718	 	3820.000000
1764.981640	 	3826.666667
1642.792137	 	3833.333333
1507.350343	 	3840.000000
1587.137973	 	3846.666667
1585.879563	 	3853.333333
1361.370346	 	3860.000000
1411.430153	 	3866.666667
1521.728599	 	3873.333333
1546.076332	 	3880.000000
1538.621327	 	3886.666667
1422.735941	 	3893.333333
1267.175357	 	3900.000000
1281.471379	 	3906.666667
1355.085577	 	3913.333333
1424.160159	 	3920.000000
1362.096114	 	3926.666667
1202.883026	 	3933.333333
1143.711644	 	3940.000000
1267.132038	 	3946.666667
1348.175315	 	3953.333333
1296.856503	 	3960.000000
1121.891726	 	3966.666667
1037.802355	 	3973.333333
1004.679488	 	3980.000000
993.776258	 	3986.666667
1116.211266	 	3993.333333
1178.343849	 	4000.000000
1043.036546	 	4006.666667
942.212565	 	4013.333333
906.713255	 	4020.000000
991.364316	 	4026.666667
1024.029338	 	4033.333333
956.754667	 	4040.000000
859.537529	 	4046.666667
973.356276	 	4053.333333
1005.299022	 	4060.000000
907.241692	 	4066.666667
808.430741	 	4073.333333
813.162824	 	4080.000000
898.407997	 	4086.666667
1017.047413	 	4093.333333
878.809023	 	4100.000000
811.183528	 	4106.666667
758.568216	 	4113.333333
716.978006	 	4120.000000
775.831416	 	4126.666667
773.818191	 	4133.333333
780.639389	 	4140.000000
721.814807	 	4146.666667
670.143060	 	4153.333333
786.654795	 	4160.000000
841.112720	 	4166.666667
605.036609	 	4173.333333
598.521463	 	4180.000000
659.464761	 	4186.666667
783.309242	 	4193.333333
734.085446	 	4200.000000
540.869135	 	4206.666667
538.052083	 	4213.333333
689.043649	 	4220.000000
695.620462	 	4226.666667
652.314242	 	4233.333333
562.181273	 	4240.000000
571.684814	 	4246.666667
574.859608	 	4253.333333
559.140569	 	4260.000000
646.867990	 	4266.666667
598.204728	 	4273.333333
440.695077	 	4280.000000
458.915663	 	4286.666667
561.333208	 	4293.333333
626.823462	 	4300.000000
582.854238	 	4306.666667
479.634359	 	4313.333333
420.033720	 	4320.000000
463.900015	 	4326.666667
478.650241	 	4333.333333
519.225606	 	4340.000000
502.332039	 	4346.666667
550.134888	 	4353.333333
492.734003	 	4360.000000
462.241480	 	4366.666667
409.786929	 	4373.333333
437.492947	 	4380.000000
502.648277	 	4386.666667
444.529769	 	4393.333333
401.301445	 	4400.000000
438.117255	 	4406.666667
391.831721	 	4413.333333
448.805717	 	4420.000000
411.521375	 	4426.666667
411.210290	 	4433.333333
405.998683	 	4440.000000
362.949548	 	4446.666667
407.303473	 	4453.333333
435.419615	 	4460.000000
413.242476	 	4466.666667
411.294805	 	4473.333333
437.623227	 	4480.000000
442.265287	 	4486.666667
289.441342	 	4493.333333
171.105838	 	4500.000000
288.163778	 	4506.666667
398.854970	 	4513.333333
490.127824	 	4520.000000
389.502660	 	4526.666667
273.501766	 	4533.333333
252.231823	 	4540.000000
317.505961	 	4546.666667
383.676819	 	4553.333333
444.127047	 	4560.000000
301.028047	 	4566.666667
246.521204	 	4573.333333
235.262088	 	4580.000000
352.716558	 	4586.666667
362.706206	 	4593.333333
256.606051	 	4600.000000
197.985597	 	4606.666667
317.113347	 	4613.333333
303.707893	 	4620.000000
320.535988	 	4626.666667
238.104911	 	4633.333333
245.397431	 	4640.000000
263.239513	 	4646.666667
327.885300	 	4653.333333
226.703507	 	4660.000000
201.545361	 	4666.666667
282.688944	 	4673.333333
324.604549	 	4680.000000
188.627428	 	4686.666667
273.967070	 	4693.333333
313.516847	 	4700.000000
278.367367	 	4706.666667
92.372640	 	4713.333333
122.714862	 	4720.000000
328.274463	 	4726.666667
348.073365	 	4733.333333
184.664154	 	4740.000000
200.689800	 	4746.666667
190.823000	 	4753.333333
253.274453	 	4760.000000
170.137144	 	4766.666667
109.314586	 	4773.333333
321.489730	 	4780.000000
305.157479	 	4786.666667
143.055057	 	4793.333333
139.694737	 	4800.000000
144.280181	 	4806.666667
301.377407	 	4813.333333
326.607003	 	4820.000000
164.809880	 	4826.666667
109.759693	 	4833.333333
117.897789	 	4840.000000
185.093641	 	4846.666667
168.729331	 	4853.333333
279.408593	 	4860.000000
301.010847	 	4866.666667
96.216648	 	4873.333333
80.690437	 	4880.000000
196.369007	 	4886.666667
271.699280	 	4893.333333
266.750884	 	4900.000000
91.932138	 	4906.666667
157.370899	 	4913.333333
192.814449	 	4920.000000
177.797366	 	4926.666667
137.458954	 	4933.333333
206.682715	 	4940.000000
229.270905	 	4946.666667
171.215023	 	4953.333333
85.258564	 	4960.000000
111.395602	 	4966.666667
79.915733	 	4973.333333
160.913340	 	4980.000000
254.073528	 	4986.666667
217.093781	 	4993.333333
54.224057	 	5000.000000
37.358609	 	5006.666667
166.675917	 	5013.333333
240.764038	 	5020.000000
150.149924	 	5026.666667
81.254030	 	5033.333333
126.966744	 	5040.000000
141.625070	 	5046.666667
88.087596	 	5053.333333
89.718374	 	5060.000000
238.065679	 	5066.666667
173.067913	 	5073.333333
38.142777	 	5080.000000
72.158962	 	5086.666667
146.137174	 	5093.333333
135.067642	 	5100.000000
142.958988	 	5106.666667
99.831973	 	5113.333333
143.208701	 	5120.000000
136.084868	 	5126.666667
121.740160	 	5133.333333
107.580719	 	5140.000000
122.639949	 	5146.666667
110.055897	 	5153.333333
134.132567	 	5160.000000
139.151874	 	5166.666667
104.644626	 	5173.333333
61.383887	 	5180.000000
85.552175	 	5186.666667
146.753709	 	5193.333333
143.172112	 	5200.000000
169.991080	 	5206.666667
127.154144	 	5213.333333
58.849673	 	5220.000000
-2.092050	 	5226.666667
110.112457	 	5233.333333
138.768064	 	5240.000000
137.465180	 	5246.666667
84.592714	 	5253.333333
103.344698	 	5260.000000
76.708749	 	5266.666667
111.750950	 	5273.333333
131.091939	 	5280.000000
94.877534	 	5286.666667
51.856054	 	5293.333333
68.695339	 	5300.000000
95.216054	 	5306.666667
137.690107	 	5313.333333
99.764438	 	5320.000000
16.614470	 	5326.666667
76.602724	 	5333.333333
162.068332	 	5340.000000
114.163425	 	5346.666667
34.500960	 	5353.333333
63.100704	 	5360.000000
78.859037	 	5366.666667
80.151704	 	5373.333333
60.939075	 	5380.000000
95.241188	 	5386.666667
102.264516	 	5393.333333
144.477325	 	5400.000000
94.740656	 	5406.666667
28.526336	 	5413.333333
27.721166	 	5420.000000
51.971223	 	5426.666667
70.319917	 	5433.333333
244.056625	 	5440.000000
130.288754	 	5446.666667
-13.400309	 	5453.333333
45.961366	 	5460.000000
99.209024	 	5466.666667
62.126082	 	5473.333333
41.713638	 	5480.000000
85.441562	 	5486.666667
199.072165	 	5493.333333
46.412041	 	5500.000000
-6.437949	 	5506.666667
21.990254	 	5513.333333
126.739771	 	5520.000000
147.404929	 	5526.666667
-14.717211	 	5533.333333
-13.365106	 	5540.000000
110.634705	 	5546.666667
116.582730	 	5553.333333
128.070556	 	5560.000000
28.912476	 	5566.666667
-1.578553	 	5573.333333
53.819156	 	5580.000000
149.853838	 	5586.666667
97.302715	 	5593.333333
-18.418242	 	5600.000000
-38.763227	 	5606.666667
111.809325	 	5613.333333
141.198833	 	5620.000000
78.153118	 	5626.666667
-55.284802	 	5633.333333
-35.306105	 	5640.000000
71.133274	 	5646.666667
117.350526	 	5653.333333
71.319549	 	5660.000000
63.330329	 	5666.666667
38.597726	 	5673.333333
48.576961	 	5680.000000
-6.169793	 	5686.666667
47.122248	 	5693.333333
72.016824	 	5700.000000
34.149831	 	5706.666667
107.253878	 	5713.333333
110.077898	 	5720.000000
57.519047	 	5726.666667
35.534680	 	5733.333333
-38.986156	 	5740.000000
56.253320	 	5746.666667
159.177511	 	5753.333333
70.037457	 	5760.000000
45.730067	 	5766.666667
-69.340685	 	5773.333333
-17.612734	 	5780.000000
98.400540	 	5786.666667
85.263334	 	5793.333333
103.902265	 	5800.000000
46.941421	 	5806.666667
-8.391677	 	5813.333333
36.493898	 	5820.000000
-1.218084	 	5826.666667
88.420493	 	5833.333333
86.778981	 	5840.000000
3.649337	 	5846.666667
-6.691967	 	5853.333333
67.866706	 	5860.000000
76.175136	 	5866.666667
45.514827	 	5873.333333
56.722886	 	5880.000000
143.480795	 	5886.666667
12.941730	 	5893.333333
-32.477522	 	5900.000000
-48.765377	 	5906.666667
58.247138	 	5913.333333
149.421485	 	5920.000000
39.644337	 	5926.666667
3.531609	 	5933.333333
69.679378	 	5940.000000
-11.753788	 	5946.666667
51.903434	 	5953.333333
58.579035	 	5960.000000
17.070734	 	5966.666667
29.572698	 	5973.333333
24.156505	 	5980.000000
41.663154	 	5986.666667
20.375375	 	5993.333333
-17.295760	 	6000.000000
49.771737	 	6006.666667
28.182217	 	6013.333333
8.652411	 	6020.000000
81.176819	 	6026.666667
67.025421	 	6033.333333
-25.222255	 	6040.000000
-28.227707	 	6046.666667
72.688155	 	6053.333333
41.178253	 	6060.000000
35.436209	 	6066.666667
-13.301936	 	6073.333333
49.447286	 	6080.000000
110.777264	 	6086.666667
103.595101	 	6093.333333
-43.346715	 	6100.000000
-3.215423	 	6106.666667
-4.536294	 	6113.333333
33.152322	 	6120.000000
45.705588	 	6126.666667
57.279812	 	6133.333333
-1.708124	 	6140.000000
62.156061	 	6146.666667
13.520732	 	6153.333333
1.145337	 	6160.000000
-7.336807	 	6166.666667
3.564166	 	6173.333333
67.123949	 	6180.000000
41.294089	 	6186.666667
-11.123389	 	6193.333333
51.041617	 	6200.000000
21.317429	 	6206.666667
47.302709	 	6213.333333
54.310574	 	6220.000000
-20.169219	 	6226.666667
-28.467505	 	6233.333333
46.963638	 	6240.000000
55.935227	 	6246.666667
92.185947	 	6253.333333
44.340853	 	6260.000000
-1.358251	 	6266.666667
-73.369261	 	6273.333333
57.082869	 	6280.000000
90.010275	 	6286.666667
73.186037	 	6293.333333
-19.900369	 	6300.000000
-10.881793	 	6306.666667
-7.243438	 	6313.333333
120.217319	 	6320.000000
50.907973	 	6326.666667
22.091142	 	6333.333333
-8.943959	 	6340.000000
34.112485	 	6346.666667
12.361043	 	6353.333333
36.227957	 	6360.000000
30.736953	 	6366.666667
55.328304	 	6373.333333
12.768007	 	6380.000000
34.456612	 	6386.666667
27.341554	 	6393.333333
28.171053	 	6400.000000
-15.261380	 	6406.666667
-5.847755	 	6413.333333
35.328825	 	6420.000000
37.296429	 	6426.666667
29.896988	 	6433.333333
-9.268139	 	6440.000000
30.125944	 	6446.666667
67.800067	 	6453.333333
-14.182512	 	6460.000000
-39.001919	 	6466.666667
84.621691	 	6473.333333
40.399449	 	6480.000000
48.482560	 	6486.666667
-23.313852	 	6493.333333
-11.562322	 	6500.000000
82.255619	 	6506.666667
59.578002	 	6513.333333
17.861747	 	6520.000000
42.417475	 	6526.666667
-6.560937	 	6533.333333
58.483391	 	6540.000000
14.129309	 	6546.666667
20.494061	 	6553.333333
93.607345	 	6560.000000
0.665314	 	6566.666667
-22.250775	 	6573.333333
2.079892	 	6580.000000
22.592494	 	6586.666667
51.062355	 	6593.333333
42.439330	 	6600.000000
-0.672487	 	6606.666667
8.008340	 	6613.333333
-8.557000	 	6620.000000
-1.874502	 	6626.666667
17.044949	 	6633.333333
69.174748	 	6640.000000
18.909230	 	6646.666667
-8.159760	 	6653.333333
-34.284754	 	6660.000000
71.257977	 	6666.666667
66.796040	 	6673.333333
21.233142	 	6680.000000
-39.478410	 	6686.666667
-15.262425	 	6693.333333
-0.448251	 	6700.000000
81.344804	 	6706.666667
2.435173	 	6713.333333
-15.083673	 	6720.000000
13.584337	 	6726.666667
52.871287	 	6733.333333
17.600549	 	6740.000000
41.003949	 	6746.666667
-15.349011	 	6753.333333
-37.924029	 	6760.000000
8.921158	 	6766.666667
38.412644	 	6773.333333
57.298328	 	6780.000000
4.812590	 	6786.666667
-18.384328	 	6793.333333
68.546494	 	6800.000000
-3.624415	 	6806.666667
30.680141	 	6813.333333
23.259709	 	6820.000000
-80.040001	 	6826.666667
-4.721329	 	6833.333333
14.158786	 	6840.000000
44.065754	 	6846.666667
85.126426	 	6853.333333
-42.526535	 	6860.000000
-22.940575	 	6866.666667
12.856494	 	6873.333333
27.939526	 	6880.000000
64.053852	 	6886.666667
19.014984	 	6893.333333
24.491251	 	6900.000000
18.278617	 	6906.666667
-49.637170	 	6913.333333
25.979239	 	6920.000000
14.163984	 	6926.666667
36.102992	 	6933.333333
38.374007	 	6940.000000
7.262779	 	6946.666667
-7.182064	 	6953.333333
-42.041121	 	6960.000000
-11.863577	 	6966.666667
107.514497	 	6973.333333
42.024915	 	6980.000000
32.499253	 	6986.666667
-103.212534	 	6993.333333
-25.968019	 	7000.000000
145.946933	 	7006.666667
45.452826	 	7013.333333
-41.983884	 	7020.000000
21.886389	 	7026.666667
0.277748	 	7033.333333
30.825633	 	7040.000000
-3.812558	 	7046.666667
22.054803	 	7053.333333
44.625430	 	7060.000000
-0.653962	 	7066.666667
-16.042234	 	7073.333333
-8.882110	 	7080.000000
42.169839	 	7086.666667
95.610239	 	7093.333333
-36.294872	 	7100.000000
-36.418986	 	7106.666667
15.779111	 	7113.333333
-0.366593	 	7120.000000
11.249988	 	7126.666667
22.576839	 	7133.333333
-11.987759	 	7140.000000
27.037441	 	7146.666667
22.212526	 	7153.333333
17.686755	 	7160.000000
-13.231412	 	7166.666667
-4.225277	 	7173.333333
-7.145703	 	7180.000000
-19.327780	 	7186.666667
25.601018	 	7193.333333
53.666967	 	7200.000000
23.382870	 	7206.666667
6.646663	 	7213.333333
-22.977754	 	7220.000000
7.563002	 	7226.666667
24.184163	 	7233.333333
22.360256	 	7240.000000
2.018048	 	7246.666667
-16.279561	 	7253.333333
1.257698	 	7260.000000
28.127476	 	7266.666667
-44.516798	 	7273.333333
86.356158	 	7280.000000
45.491963	 	7286.666667
2.086675	 	7293.333333
-26.728478	 	7300.000000
0.130356	 	7306.666667
7.423392	 	7313.333333
82.469659	 	7320.000000
-20.860549	 	7326.666667
-13.879967	 	7333.333333
-30.719219	 	7340.000000
63.703914	 	7346.666667
4.703362	 	7353.333333
-7.879535	 	7360.000000
26.972675	 	7366.666667
61.079321	 	7373.333333
9.158023	 	7380.000000
-40.985196	 	7386.666667
-79.658919	 	7393.333333
45.953539	 	7400.000000
77.363963	 	7406.666667
-16.463439	 	7413.333333
-54.210816	 	7420.000000
-23.698797	 	7426.666667
37.752212	 	7433.333333
1.786329	 	7440.000000
6.208351	 	7446.666667
32.377035	 	7453.333333
-3.778346	 	7460.000000
-19.668835	 	7466.666667
51.162171	 	7473.333333
-1.827428	 	7480.000000
0.008341	 	7486.666667
-13.274060	 	7493.333333
-4.261974	 	7500.000000
-1.018410	 	7506.666667
72.045725	 	7513.333333
-1.395886	 	7520.000000
-46.183992	 	7526.666667
-13.375583	 	7533.333333
21.767654	 	7540.000000
27.877419	 	7546.666667
45.056119	 	7553.333333
-16.829179	 	7560.000000
-24.308118	 	7566.666667
-0.982996	 	7573.333333
-50.929274	 	7580.000000
45.599388	 	7586.666667
89.480994	 	7593.333333
86.170768	 	7600.000000
-63.555527	 	7606.666667
-101.075145	 	7613.333333
-44.646480	 	7620.000000
68.119273	 	7626.666667
39.147733	 	7633.333333
30.171028	 	7640.000000
13.177577	 	7646.666667
-1.430329	 	7653.333333
-32.135435	 	7660.000000
41.328470	 	7666.666667
3.370999	 	7673.333333
-9.573142	 	7680.000000
-6.019280	 	7686.666667
-25.188243	 	7693.333333
58.854809	 	7700.000000
57.198256	 	7706.666667
-58.867855	 	7713.333333
-52.831712	 	7720.000000
4.397479	 	7726.666667
46.076256	 	7733.333333
43.238480	 	7740.000000
0.664993	 	7746.666667
-15.869707	 	7753.333333
49.336075	 	7760.000000
-3.921944	 	7766.666667
-16.469373	 	7773.333333
-8.341233	 	7780.000000
11.092168	 	7786.666667
18.499470	 	7793.333333
18.089115	 	7800.000000
-0.348809	 	7806.666667
-20.052428	 	7813.333333
-40.530965	 	7820.000000
55.489478	 	7826.666667
82.279903	 	7833.333333
11.301025	 	7840.000000
-73.726508	 	7846.666667
-17.888494	 	7853.333333
-11.489295	 	7860.000000
-9.173874	 	7866.666667
48.006700	 	7873.333333
80.628940	 	7880.000000
-24.952281	 	7886.666667
4.230580	 	7893.333333
-56.140973	 	7900.000000
6.363086	 	7906.666667
3.703743	 	7913.333333
-1.122370	 	7920.000000
14.149510	 	7926.666667
25.358295	 	7933.333333
-46.859475	 	7940.000000
37.847998	 	7946.666667
0.270775	 	7953.333333
-24.298552	 	7960.000000
-14.033078	 	7966.666667
48.944893	 	7973.333333
54.730536	 	7980.000000
-43.151150	 	7986.666667
-64.099205	 	7993.333333
12.876595	 	8000.000000
66.351478	 	8006.666667
-3.680922	 	8013.333333
-66.868933	 	8020.000000
-7.929924	 	8026.666667
38.101091	 	8033.333333
66.558433	 	8040.000000
-25.171853	 	8046.666667
-72.313866	 	8053.333333
17.995770	 	8060.000000
41.008797	 	8066.666667
7.822170	 	8073.333333
-26.825810	 	8080.000000
-32.459301	 	8086.666667
44.815576	 	8093.333333
76.438835	 	8100.000000
-33.266922	 	8106.666667
-28.481531	 	8113.333333
-7.445249	 	8120.000000
13.032641	 	8126.666667
-0.764399	 	8133.333333
-17.149975	 	8140.000000
-16.527717	 	8146.666667
12.800092	 	8153.333333
6.272662	 	8160.000000
-0.010247	 	8166.666667
39.589454	 	8173.333333
-37.365961	 	8180.000000
17.072178	 	8186.666667
8.458410	 	8193.333333
-30.991393	 	8200.000000
-42.792873	 	8206.666667
-15.317165	 	8213.333333
31.446146	 	8220.000000
80.771361	 	8226.666667
-14.483562	 	8233.333333
-34.773800	 	8240.000000
-41.738021	 	8246.666667
46.095464	 	8253.333333
45.180635	 	8260.000000
-45.620575	 	8266.666667
-0.005789	 	8273.333333
6.605487	 	8280.000000
29.452102	 	8286.666667
13.639606	 	8293.333333
-33.317168	 	8300.000000
-7.255766	 	8306.666667
24.158512	 	8313.333333
21.519276	 	8320.000000
-15.753465	 	8326.666667
-34.816106	 	8333.333333
10.775078	 	8340.000000
27.268732	 	8346.666667
7.634737	 	8353.333333
4.590316	 	8360.000000
22.748265	 	8366.666667
20.864936	 	8373.333333
-12.188882	 	8380.000000
2.199839	 	8386.666667
20.937051	 	8393.333333
2.204505	 	8400.000000
-16.629846	 	8406.666667
-38.315261	 	8413.333333
36.320354	 	8420.000000
29.981838	 	8426.666667
2.488492	 	8433.333333
20.277987	 	8440.000000
-22.523613	 	8446.666667
-107.952688	 	8453.333333
-25.745674	 	8460.000000
36.386092	 	8466.666667
71.034732	 	8473.333333
55.003118	 	8480.000000
-62.102543	 	8486.666667
-71.760191	 	8493.333333
-29.146757	 	8500.000000
-11.202960	 	8506.666667
49.622608	 	8513.333333
54.346200	 	8520.000000
7.148204	 	8526.666667
6.365122	 	8533.333333
-33.172572	 	8540.000000
-43.325311	 	8546.666667
-10.606690	 	8553.333333
11.914275	 	8560.000000
16.033645	 	8566.666667
9.319687	 	8573.333333
-24.544601	 	8580.000000
-24.984266	 	8586.666667
18.259302	 	8593.333333
7.676286	 	8600.000000
7.385059	 	8606.666667
31.834033	 	8613.333333
-61.329936	 	8620.000000
15.137207	 	8626.666667
26.298711	 	8633.333333
6.489927	 	8640.000000
-38.724349	 	8646.666667
-35.421226	 	8653.333333
-17.281567	 	8660.000000
78.682911	 	8666.666667
3.611540	 	8673.333333
-58.013580	 	8680.000000
-69.191961	 	8686.666667
51.409132	 	8693.333333
105.105452	 	8700.000000
37.798696	 	8706.666667
-110.270148	 	8713.333333
-98.163794	 	8720.000000
32.801398	 	8726.666667
158.869238	 	8733.333333
27.824435	 	8740.000000
-105.029001	 	8746.666667
-95.515347	 	8753.333333
29.237244	 	8760.000000
76.923061	 	8766.666667
46.309565	 	8773.333333
-21.294329	 	8780.000000
-37.343320	 	8786.666667
-27.618335	 	8793.333333
22.062541	 	8800.000000
10.471933	 	8806.666667
40.717500	 	8813.333333
-1.554145	 	8820.000000
-19.297094	 	8826.666667
-8.094259	 	8833.333333
-25.924947	 	8840.000000
-8.565025	 	8846.666667
38.534832	 	8853.333333
9.126350	 	8860.000000
-53.540442	 	8866.666667
-35.674396	 	8873.333333
31.757692	 	8880.000000
25.553847	 	8886.666667
-44.251922	 	8893.333333
-20.688915	 	8900.000000
52.965119	 	8906.666667
14.550790	 	8913.333333
-58.797826	 	8920.000000
-45.389872	 	8926.666667
27.124151	 	8933.333333
69.434312	 	8940.000000
-10.564550	 	8946.666667
-3.009725	 	8953.333333
-7.294903	 	8960.000000
-34.966676	 	8966.666667
-66.405560	 	8973.333333
-1.404388	 	8980.000000
38.768689	 	8986.666667
32.075734	 	8993.333333
13.703249	 	9000.000000
-9.730044	 	9006.666667
-81.718748	 	9013.333333
-10.792687	 	9020.000000
45.271631	 	9026.666667
55.480576	 	9033.333333
-53.081281	 	9040.000000
-83.626829	 	9046.666667
7.915279	 	9053.333333
96.805348	 	9060.000000
-5.210798	 	9066.666667
-0.787346	 	9073.333333
-11.483433	 	9080.000000
-17.416757	 	9086.666667
-45.021471	 	9093.333333
-15.943780	 	9100.000000
52.257950	 	9106.666667
76.020798	 	9113.333333
-59.113059	 	9120.000000
-78.875432	 	9126.666667
28.519671	 	9133.333333
80.046101	 	9140.000000
-1.077069	 	9146.666667
-78.635059	 	9153.333333
-42.163187	 	9160.000000
37.190581	 	9166.666667
79.252299	 	9173.333333
6.535205	 	9180.000000
-75.429070	 	9186.666667
-36.835484	 	9193.333333
-2.584572	 	9200.000000
24.110344	 	9206.666667
74.705630	 	9213.333333
-35.117457	 	9220.000000
-44.167382	 	9226.666667
-30.933108	 	9233.333333
22.813477	 	9240.000000
69.827256	 	9246.666667
23.855672	 	9253.333333
-49.635617	 	9260.000000
-72.206700	 	9266.666667
4.714045	 	9273.333333
34.399888	 	9280.000000
-13.929575	 	9286.666667
-21.911919	 	9293.333333
41.062471	 	9300.000000
18.123744	 	9306.666667
-27.553428	 	9313.333333
-59.885648	 	9320.000000
-0.651879	 	9326.666667
56.962190	 	9333.333333
10.783862	 	9340.000000
9.212083	 	9346.666667
13.598223	 	9353.333333
22.638799	 	9360.000000
0.580884	 	9366.666667
-26.613207	 	9373.333333
-41.310714	 	9380.000000
-9.204607	 	9386.666667
-14.461999	 	9393.333333
85.920401	 	9400.000000
-11.046960	 	9406.666667
-45.828055	 	9413.333333
-29.576346	 	9420.000000
0.108604	 	9426.666667
42.933052	 	9433.333333
29.435840	 	9440.000000
-43.287486	 	9446.666667
-11.534452	 	9453.333333
-26.978610	 	9460.000000
19.903249	 	9466.666667
35.060011	 	9473.333333
0.652334	 	9480.000000
-14.863327	 	9486.666667
25.179153	 	9493.333333
29.082257	 	9500.000000
10.886877	 	9506.666667
-60.496351	 	9513.333333
-39.584642	 	9520.000000
53.292736	 	9526.666667
23.227891	 	9533.333333
-24.106104	 	9540.000000
-16.635910	 	9546.666667
3.681410	 	9553.333333
9.038223	 	9560.000000
23.558015	 	9566.666667
44.752913	 	9573.333333
-12.200768	 	9580.000000
-66.953161	 	9586.666667
-19.717442	 	9593.333333
-7.995553	 	9600.000000
49.289082	 	9606.666667
42.142135	 	9613.333333
11.254751	 	9620.000000
-40.556438	 	9626.666667
-22.772289	 	9633.333333
-1.621443	 	9640.000000
-27.717153	 	9646.666667
7.717021	 	9653.333333
50.456849	 	9660.000000
-1.370040	 	9666.666667
-3.195470	 	9673.333333
-53.250960	 	9680.000000
-38.560976	 	9686.666667
67.046215	 	9693.333333
-19.432605	 	9700.000000
-28.613234	 	9706.666667
2.478938	 	9713.333333
36.574096	 	9720.000000
43.090046	 	9726.666667
11.751334	 	9733.333333
-9.701147	 	9740.000000
-11.141765	 	9746.666667
-76.306095	 	9753.333333
-45.155718	 	9760.000000
-1.525114	 	9766.666667
78.463224	 	9773.333333
36.520923	 	9780.000000
-4.753880	 	9786.666667
-33.055335	 	9793.333333
-21.145677	 	9800.000000
-33.751633	 	9806.666667
27.759939	 	9813.333333
0.343716	 	9820.000000
34.927318	 	9826.666667
-11.674409	 	9833.333333
-22.981215	 	9840.000000
-0.270452	 	9846.666667
-11.720662	 	9853.333333
-48.583927	 	9860.000000
46.312686	 	9866.666667
59.049156	 	9873.333333
44.353770	 	9880.000000
-39.991083	 	9886.666667
-42.941643	 	9893.333333
-13.264452	 	9900.000000
0.642865	 	9906.666667
-13.570063	 	9913.333333
0.851922	 	9920.000000
44.885613	 	9926.666667
55.226911	 	9933.333333
-43.128914	 	9940.000000
-2.091141	 	9946.666667
-5.181445	 	9953.333333
-25.822766	 	9960.000000
-21.022811	 	9966.666667
5.940049	 	9973.333333
27.704830	 	9980.000000
43.971096	 	9986.666667
-48.949974	 	9993.333333
-14.887625	 	10000.000000
-28.482738	 	10006.666667
5.858627	 	10013.333333
39.856674	 	10020.000000
3.671303	 	10026.666667
-67.937431	 	10033.333333
-15.338158	 	10040.000000
23.521665	 	10046.666667
40.434722	 	10053.333333
-17.373090	 	10060.000000
-15.357128	 	10066.666667
16.422802	 	10073.333333
1.405751	 	10080.000000
-26.383958	 	10086.666667
-48.020265	 	10093.333333
-7.285730	 	10100.000000
81.846823	 	10106.666667
12.910987	 	10113.333333
-76.596634	 	10120.000000
-31.104486	 	10126.666667
29.511270	 	10133.333333
20.662406	 	10140.000000
-19.156727	 	10146.666667
24.147662	 	10153.333333
-1.159499	 	10160.000000
-79.953069	 	10166.666667
-9.690966	 	10173.333333
67.841141	 	10180.000000
15.284069	 	10186.666667
-26.111816	 	10193.333333
-53.101481	 	10200.000000
41.945211	 	10206.666667
3.775788	 	10213.333333
-39.232745	 	10220.000000
-10.593158	 	10226.666667
42.183156	 	10233.333333
19.965715	 	10240.000000
-27.015738	 	10246.666667
7.608131	 	10253.333333
24.447573	 	10260.000000
-65.629920	 	10266.666667
-46.726299	 	10273.333333
36.625504	 	10280.000000
-5.314961	 	10286.666667
3.569214	 	10293.333333
29.809204	 	10300.000000
1.201069	 	10306.666667
-28.262397	 	10313.333333
21.646424	 	10320.000000
-10.784041	 	10326.666667
-26.002084	 	10333.333333
-1.823331	 	10340.000000
59.490883	 	10346.666667
40.733910	 	10353.333333
-27.331351	 	10360.000000
-122.774918	 	10366.666667
-50.000137	 	10373.333333
95.422792	 	10380.000000
90.670904	 	10386.666667
-59.925122	 	10393.333333
-50.678803	 	10400.000000
-34.003539	 	10406.666667
-8.186808	 	10413.333333
4.717073	 	10420.000000
-7.552657	 	10426.666667
23.338321	 	10433.333333
19.653083	 	10440.000000
-38.069320	 	10446.666667
-1.498170	 	10453.333333
-30.264364	 	10460.000000
18.797846	 	10466.666667
34.238062	 	10473.333333
5.757470	 	10480.000000
-45.027917	 	10486.666667
-35.916695	 	10493.333333
7.366140	 	10500.000000
78.747128	 	10506.666667
-7.888930	 	10513.333333
-74.509018	 	10520.000000
-20.117966	 	10526.666667
41.116200	 	10533.333333
-2.917217	 	10540.000000
2.766337	 	10546.666667
-5.680496	 	10553.333333
-40.802053	 	10560.000000
-6.873476	 	10566.666667
28.603206	 	10573.333333
11.296949	 	10580.000000
8.460346	 	10586.666667
-45.554115	 	10593.333333
-29.387178	 	10600.000000
29.637388	 	10606.666667
22.102640	 	10613.333333
-32.838508	 	10620.000000
-41.104096	 	10626.666667
-40.031711	 	10633.333333
37.762008	 	10640.000000
68.442183	 	10646.666667
1.739687	 	10653.333333
-13.311040	 	10660.000000
-36.168817	 	10666.666667
-56.623264	 	10673.333333
52.742205	 	10680.000000
-11.333484	 	10686.666667
-25.644996	 	10693.333333
-20.171279	 	10700.000000
-44.967917	 	10706.666667
10.315947	 	10713.333333
41.787735	 	10720.000000
-29.025269	 	10726.666667
36.688335	 	10733.333333
49.918576	 	10740.000000
-64.616981	 	10746.666667
-68.796863	 	10753.333333
50.380275	 	10760.000000
-15.201850	 	10766.666667
-37.851243	 	10773.333333
14.866478	 	10780.000000
13.224452	 	10786.666667
33.984618	 	10793.333333
-12.435080	 	10800.000000
-80.498907	 	10806.666667
18.745555	 	10813.333333
0.490501	 	10820.000000
-44.613020	 	10826.666667
24.349488	 	10833.333333
51.125583	 	10840.000000
-9.599926	 	10846.666667
-35.826493	 	10853.333333
-33.282349	 	10860.000000
8.257840	 	10866.666667
21.828048	 	10873.333333
-32.619066	 	10880.000000
-24.731197	 	10886.666667
19.267219	 	10893.333333
0.521733	 	10900.000000
46.351032	 	10906.666667
-2.136979	 	10913.333333
-48.063401	 	10920.000000
-33.084003	 	10926.666667
22.721723	 	10933.333333
19.637497	 	10940.000000
60.751623	 	10946.666667
-36.135742	 	10953.333333
-56.700697	 	10960.000000
-30.153886	 	10966.666667
-6.732552	 	10973.333333
-14.982067	 	10980.000000
72.245142	 	10986.666667
-18.688160	 	10993.333333
-32.642508	 	11000.000000
20.583594	 	11006.666667
-2.301645	 	11013.333333
-60.789298	 	11020.000000
16.683143	 	11026.666667
43.192664	 	11033.333333
48.620726	 	11040.000000
-49.766881	 	11046.666667
-49.014825	 	11053.333333
12.300699	 	11060.000000
34.047837	 	11066.666667
-25.958476	 	11073.333333
2.461464	 	11080.000000
7.474494	 	11086.666667
52.519834	 	11093.333333
-54.796338	 	11100.000000
-47.905202	 	11106.666667
-14.326641	 	11113.333333
30.259199	 	11120.000000
-17.498881	 	11126.666667
25.462228	 	11133.333333
37.236670	 	11140.000000
-42.909112	 	11146.666667
-85.573327	 	11153.333333
47.450583	 	11160.000000
29.623580	 	11166.666667
62.205354	 	11173.333333
-50.164354	 	11180.000000
-50.954227	 	11186.666667
1.773026	 	11193.333333
0.159448	 	11200.000000
5.948039	 	11206.666667
21.344140	 	11213.333333
-17.671813	 	11220.000000
-32.421355	 	11226.666667
17.708682	 	11233.333333
38.164097	 	11240.000000
-41.019091	 	11246.666667
-20.917562	 	11253.333333
-12.967456	 	11260.000000
-12.193056	 	11266.666667
33.392666	 	11273.333333
3.607710	 	11280.000000
18.134448	 	11286.666667
-15.484823	 	11293.333333
-27.833568	 	11300.000000
61.667684	 	11306.666667
0.724859	 	11313.333333
-93.903852	 	11320.000000
-22.274149	 	11326.666667
65.394553	 	11333.333333
18.715774	 	11340.000000
-14.738394	 	11346.666667
-28.330693	 	11353.333333
0.431276	 	11360.000000
36.671478	 	11366.666667
5.047570	 	11373.333333
-67.254805	 	11380.000000
-25.303961	 	11386.666667
-23.015713	 	11393.333333
29.014580	 	11400.000000
44.530507	 	11406.666667
-27.349909	 	11413.333333
-27.417622	 	11420.000000
53.996068	 	11426.666667
-19.263254	 	11433.333333
-85.920911	 	11440.000000
-40.626022	 	11446.666667
14.648510	 	11453.333333
76.666396	 	11460.000000
29.488162	 	11466.666667
-51.893802	 	11473.333333
18.297487	 	11480.000000
-25.261874	 	11486.666667
-69.842699	 	11493.333333
-2.185042	 	11500.000000
50.684464	 	11506.666667
22.380015	 	11513.333333
-14.562949	 	11520.000000
-60.685649	 	11526.666667
-18.590311	 	11533.333333
23.695448	 	11540.000000
60.024719	 	11546.666667
-16.087376	 	11553.333333
-32.276685	 	11560.000000
-7.527715	 	11566.666667
-12.296473	 	11573.333333
-16.006443	 	11580.000000
-1.140514	 	11586.666667
-53.372224	 	11593.333333
32.238271	 	11600.000000
31.330219	 	11606.666667
8.004969	 	11613.333333
-22.028044	 	11620.000000
-23.238040	 	11626.666667
14.012068	 	11633.333333
-46.982774	 	11640.000000
-47.688193	 	11646.666667
95.945552	 	11653.333333
10.582947	 	11660.000000
-36.623949	 	11666.666667
-23.264401	 	11673.333333
-2.186330	 	11680.000000
15.019569	 	11686.666667
-53.945388	 	11693.333333
-55.494092	 	11700.000000
79.569769	 	11706.666667
63.866143	 	11713.333333
-58.467309	 	11720.000000
-33.797749	 	11726.666667
-1.031069	 	11733.333333
-28.114193	 	11740.000000
-37.661954	 	11746.666667
33.864466	 	11753.333333
28.454939	 	11760.000000
-12.556270	 	11766.666667
0.057915	 	11773.333333
-4.645958	 	11780.000000
-2.482014	 	11786.666667
-54.906743	 	11793.333333
5.596413	 	11800.000000
43.424208	 	11806.666667
-32.175652	 	11813.333333
-21.103251	 	11820.000000
34.669986	 	11826.666667
-16.805328	 	11833.333333
14.891425	 	11840.000000
14.997488	 	11846.666667
9.153186	 	11853.333333
-60.984061	 	11860.000000
-44.958505	 	11866.666667
60.497936	 	11873.333333
30.652671	 	11880.000000
-46.687626	 	11886.666667
-24.070057	 	11893.333333
10.101875	 	11900.000000
59.878195	 	11906.666667
-30.681780	 	11913.333333
-29.790570	 	11920.000000
33.436210	 	11926.666667
-51.662666	 	11933.333333
-4.488526	 	11940.000000
49.051226	 	11946.666667
-88.669078	 	11953.333333
4.317229	 	11960.000000
45.253716	 	11966.666667
51.962250	 	11973.333333
-79.262304	 	11980.000000
-22.027340	 	11986.666667
-13.394653	 	11993.333333
-0.928977	 	12000.000000
7.141204	 	12006.666667
22.454634	 	12013.333333
21.672883	 	12020.000000
-37.023321	 	12026.666667
38.315507	 	12033.333333
-6.829036	 	12040.000000
-2.638687	 	12046.666667
-56.761949	 	12053.333333
-63.105111	 	12060.000000
-3.952363	 	12066.666667
83.560461	 	12073.333333
14.434726	 	12080.000000
35.252092	 	12086.666667
-67.869531	 	12093.333333
-92.787755	 	12100.000000
-38.545732	 	12106.666667
204.858724	 	12113.333333
-10.541610	 	12120.000000
-93.765967	 	12126.666667
-112.165791	 	12133.333333
68.751354	 	12140.000000
-132.228370	 	12146.666667
283.718863	 	12153.333333
-63.487433	 	12160.000000
-21.914549	 	12166.666667
-161.091930	 	12173.333333
49.121802	 	12180.000000
176.755597	 	12186.666667
-141.549307	 	12193.333333
-105.899054	 	12200.000000
-93.251156	 	12206.666667
153.059819	 	12213.333333
169.913106	 	12220.000000
-78.448195	 	12226.666667
-88.836630	 	12233.333333
-8.335409	 	12240.000000
-32.640741	 	12246.666667
13.955278	 	12253.333333
-10.677421	 	12260.000000
67.135944	 	12266.666667
-129.872897	 	12273.333333
131.416205	 	12280.000000
-185.745397	 	12286.666667
149.803949	 	12293.333333
-120.599772	 	12300.000000
322.688513	 	12306.666667
-262.126080	 	12313.333333
-365.205013	 	12320.000000
422.302730	 	12326.666667
87.652671	 	12333.333333
-63.239555	 	12340.000000
-41.506017	 	12346.666667
-320.002034	 	12353.333333
328.017966	 	12360.000000
-400.451031	 	12366.666667
351.526633	 	12373.333333
215.697446	 	12380.000000
-414.905812	 	12386.666667
194.890041	 	12393.333333
242.966589	 	12400.000000
-464.589624	 	12406.666667
-174.269312	 	12413.333333
-100.215998	 	12420.000000
875.498909	 	12426.666667
-98.199695	 	12433.333333
-457.908141	 	12440.000000
-310.725207	 	12446.666667
515.979631	 	12453.333333
-380.592712	 	12460.000000
96.836329	 	12466.666667
575.253817	 	12473.333333
7.072916	 	12480.000000
-594.019887	 	12486.666667
-803.504966	 	12493.333333
1294.669906	 	12500.000000
-113.451801	 	12506.666667
-29.807114	 	12513.333333
-348.919452	 	12520.000000
-706.116433	 	12526.666667
1282.307498	 	12533.333333
61.865427	 	12540.000000
-322.403987	 	12546.666667
-295.688616	 	12553.333333
-829.244188	 	12560.000000
371.927969	 	12566.666667
1216.849035	 	12573.333333
78.834947	 	12580.000000
-718.856250	 	12586.666667
-718.927556	 	12593.333333
912.234876	 	12600.000000
-616.566082	 	12606.666667
-889.801117	 	12613.333333
2757.885014	 	12620.000000
-961.871786	 	12626.666667
-950.732270	 	12633.333333
-901.612378	 	12640.000000
1944.276685	 	12646.666667
-272.855605	 	12653.333333
-861.605872	 	12660.000000
525.230907	 	12666.666667
166.486666	 	12673.333333
-748.539745	 	12680.000000
797.267653	 	12686.666667
-155.104543	 	12693.333333
-815.188854	 	12700.000000
847.350957	 	12706.666667
351.753676	 	12713.333333
-870.078698	 	12720.000000
643.140213	 	12726.666667
-850.793123	 	12733.333333
602.707422	 	12740.000000
-487.179812	 	12746.666667
581.858178	 	12753.333333
-577.821369	 	12760.000000
1464.872527	 	12766.666667
-981.255191	 	12773.333333
-828.731204	 	12780.000000
-916.949032	 	12786.666667
2681.126642	 	12793.333333
-576.270210	 	12800.000000
-97.050898	 	12806.666667
-512.634992	 	12813.333333
400.770700	 	12820.000000
-784.680155	 	12826.666667
-107.766493	 	12833.333333
-796.991510	 	12840.000000
2126.576223	 	12846.666667
286.581866	 	12853.333333
-137.569740	 	12860.000000
-992.151093	 	12866.666667
-961.297148	 	12873.333333
-919.437173	 	12880.000000
3141.453674	 	12886.666667
-111.969138	 	12893.333333
-997.939792	 	12900.000000
-351.156405	 	12906.666667
-978.482183	 	12913.333333
-999.782317	 	12920.000000
4536.439987	 	12926.666667
-995.767967	 	12933.333333
-995.607021	 	12940.000000
-838.715315	 	12946.666667
-488.384647	 	12953.333333
352.522659	 	12960.000000
-692.452124	 	12966.666667
2793.230364	 	12973.333333
-989.318351	 	12980.000000
-741.748212	 	12986.666667
107.375901	 	12993.333333
-999.019714	 	13000.000000
1619.070015	 	13006.666667
-401.486555	 	13013.333333
-998.880451	 	13020.000000
2177.844614	 	13026.666667
-849.756533	 	13033.333333
-912.765603	 	13040.000000
-755.149563	 	13046.666667
1677.898563	 	13053.333333
362.831264	 	13060.000000
-976.485792	 	13066.666667
-762.500179	 	13073.333333
2183.476726	 	13080.000000
-997.135555	 	13086.666667
-999.263844	 	13093.333333
286.596994	 	13100.000000
-304.738380	 	13106.666667
1953.957525	 	13113.333333
-998.418864	 	13120.000000
-999.998378	 	13126.666667
181.551640	 	13133.333333
1979.954423	 	13140.000000
-946.823357	 	13146.666667
-400.981013	 	13153.333333
121.169822	 	13160.000000
-984.656224	 	13166.666667
-995.668071	 	13173.333333
3245.659704	 	13180.000000
-983.589707	 	13186.666667
-999.998787	 	13193.333333
1182.318363	 	13200.000000
-851.400638	 	13206.666667
-973.542175	 	13213.333333
104.265830	 	13220.000000
-999.730876	 	13226.666667
7017.064344	 	13233.333333
-999.998801	 	13240.000000
-999.998802	 	13246.666667
-999.998804	 	13253.333333
-999.998803	 	13260.000000
-999.998815	 	13266.666667
-999.998826	 	13273.333333
-999.998821	 	13280.000000
-999.998832	 	13286.666667
-999.998811	 	13293.333333
-999.998919	 	13300.000000
-999.998868	 	13306.666667
-999.998977	 	13313.333333
-999.999010	 	13320.000000
-999.998969	 	13326.666667
