#peak 	 	#time 
1.490760	 	0.000000
1.765623	 	6.666667
2.417910	 	13.333333
2.700984	 	20.000000
3.113892	 	26.666667
3.394056	 	33.333333
3.655396	 	40.000000
3.427562	 	46.666667
3.486781	 	53.333333
3.760662	 	60.000000
3.560068	 	66.666667
3.687183	 	73.333333
3.810124	 	80.000000
3.860852	 	86.666667
3.806353	 	93.333333
3.855783	 	100.000000
3.702424	 	106.666667
3.992665	 	113.333333
3.884933	 	120.000000
3.770865	 	126.666667
3.919154	 	133.333333
3.876062	 	140.000000
3.721435	 	146.666667
3.792411	 	153.333333
3.760726	 	160.000000
3.669471	 	166.666667
3.944503	 	173.333333
3.986328	 	180.000000
3.713831	 	186.666667
3.783539	 	193.333333
3.959712	 	200.000000
3.941968	 	206.666667
3.906480	 	213.333333
3.883666	 	220.000000
4.023083	 	226.666667
3.948305	 	233.333333
3.997735	 	240.000000
3.865922	 	246.666667
3.759458	 	253.333333
3.844376	 	260.000000
3.877329	 	266.666667
3.962247	 	273.333333
3.812690	 	280.000000
3.826632	 	286.666667
3.810155	 	293.333333
3.902677	 	300.000000
4.057304	 	306.666667
3.858318	 	313.333333
3.910282	 	320.000000
3.822830	 	326.666667
3.693552	 	333.333333
3.759458	 	340.000000
3.732842	 	346.666667
3.893805	 	353.333333
3.635250	 	360.000000
3.708761	 	366.666667
3.853248	 	373.333333
3.754389	 	380.000000
3.741714	 	386.666667
3.859585	 	393.333333
3.864655	 	400.000000
3.817760	 	406.666667
3.628913	 	413.333333
3.811423	 	420.000000
3.508508	 	426.666667
3.791144	 	433.333333
3.753121	 	440.000000
3.740447	 	446.666667
3.683413	 	453.333333
3.701157	 	460.000000
3.649192	 	466.666667
3.841841	 	473.333333
3.824097	 	480.000000
3.740447	 	486.666667
3.727773	 	493.333333
3.859585	 	500.000000
3.850713	 	506.666667
3.876062	 	513.333333
3.911549	 	520.000000
3.926759	 	526.666667
3.999002	 	533.333333
4.010409	 	540.000000
3.843108	 	546.666667
3.891271	 	553.333333
3.843108	 	560.000000
3.867190	 	566.666667
3.883666	 	573.333333
3.698622	 	580.000000
3.760726	 	586.666667
3.699889	 	593.333333
3.658064	 	600.000000
3.926759	 	606.666667
3.712563	 	613.333333
3.512310	 	620.000000
3.334870	 	626.666667
3.497101	 	633.333333
3.443869	 	640.000000
3.568077	 	646.666667
3.078850	 	653.333333
3.276568	 	660.000000
3.252487	 	666.666667
3.308254	 	673.333333
3.301917	 	680.000000
3.170105	 	686.666667
3.105466	 	693.333333
3.186581	 	700.000000
3.050966	 	706.666667
3.162500	 	713.333333
3.042094	 	720.000000
2.848178	 	726.666667
2.906480	 	733.333333
3.109268	 	740.000000
3.143489	 	746.666667
3.243615	 	753.333333
3.173907	 	760.000000
3.069978	 	766.666667
2.962247	 	773.333333
3.205593	 	780.000000
3.104198	 	786.666667
3.159965	 	793.333333
3.138419	 	800.000000
3.409648	 	806.666667
3.224604	 	813.333333
3.325998	 	820.000000
3.332335	 	826.666667
3.424857	 	833.333333
3.320928	 	840.000000
3.447671	 	846.666667
3.104198	 	853.333333
3.189116	 	860.000000
3.115605	 	866.666667
3.251220	 	873.333333
3.255022	 	880.000000
3.006606	 	886.666667
2.922956	 	893.333333
3.167570	 	900.000000
3.133349	 	906.666667
3.298115	 	913.333333
3.152361	 	920.000000
3.156163	 	926.666667
3.038292	 	933.333333
3.243615	 	940.000000
3.334870	 	946.666667
3.118140	 	953.333333
3.343742	 	960.000000
3.524984	 	966.666667
3.170105	 	973.333333
3.233476	 	980.000000
3.265162	 	986.666667
3.166302	 	993.333333
3.239813	 	1000.000000
3.185314	 	1006.666667
3.170105	 	1013.333333
3.023083	 	1020.000000
3.343742	 	1026.666667
3.121942	 	1033.333333
3.237278	 	1040.000000
3.061106	 	1046.666667
3.407113	 	1053.333333
2.986328	 	1060.000000
3.077582	 	1066.666667
3.043362	 	1073.333333
3.168837	 	1080.000000
3.147291	 	1086.666667
3.099129	 	1093.333333
3.091524	 	1100.000000
3.123210	 	1106.666667
3.059838	 	1113.333333
3.025618	 	1120.000000
3.282906	 	1126.666667
3.208127	 	1133.333333
3.000269	 	1140.000000
3.029420	 	1146.666667
2.921689	 	1153.333333
3.135884	 	1160.000000
3.072513	 	1166.666667
3.109268	 	1173.333333
3.059838	 	1180.000000
3.241081	 	1186.666667
3.076315	 	1193.333333
3.064908	 	1200.000000
3.127012	 	1206.666667
3.319661	 	1213.333333
3.232209	 	1220.000000
3.066176	 	1226.666667
3.356416	 	1233.333333
3.066176	 	1240.000000
3.081385	 	1246.666667
3.208127	 	1253.333333
3.101664	 	1260.000000
2.990130	 	1266.666667
3.222069	 	1273.333333
3.148558	 	1280.000000
3.118140	 	1286.666667
3.016746	 	1293.333333
2.910282	 	1300.000000
3.127012	 	1306.666667
3.097861	 	1313.333333
3.166302	 	1320.000000
2.854515	 	1326.666667
3.057304	 	1333.333333
3.224604	 	1340.000000
3.057304	 	1346.666667
3.236011	 	1353.333333
3.021816	 	1360.000000
3.171372	 	1366.666667
3.133349	 	1373.333333
3.088989	 	1380.000000
3.057304	 	1386.666667
3.087722	 	1393.333333
3.114338	 	1400.000000
3.101664	 	1406.666667
3.144756	 	1413.333333
3.200523	 	1420.000000
3.025618	 	1426.666667
3.063641	 	1433.333333
3.019281	 	1440.000000
3.187849	 	1446.666667
3.037025	 	1453.333333
3.229674	 	1460.000000
3.097861	 	1466.666667
3.291778	 	1473.333333
3.130814	 	1480.000000
3.168837	 	1486.666667
3.222069	 	1493.333333
3.170105	 	1500.000000
3.159965	 	1506.666667
3.109268	 	1513.333333
3.077582	 	1520.000000
2.962247	 	1526.666667
2.985060	 	1533.333333
3.360219	 	1540.000000
2.997735	 	1546.666667
3.225871	 	1553.333333
3.111803	 	1560.000000
3.134617	 	1566.666667
2.948305	 	1573.333333
3.216999	 	1580.000000
2.982525	 	1586.666667
3.275301	 	1593.333333
3.077582	 	1600.000000
2.997735	 	1606.666667
3.045897	 	1613.333333
3.152361	 	1620.000000
3.086454	 	1626.666667
2.859585	 	1633.333333
3.139686	 	1640.000000
3.116873	 	1646.666667
2.727773	 	1653.333333
2.963514	 	1660.000000
2.821562	 	1666.666667
2.931828	 	1673.333333
2.912817	 	1680.000000
2.748051	 	1686.666667
3.059838	 	1693.333333
2.997735	 	1700.000000
2.858318	 	1706.666667
2.943235	 	1713.333333
2.811423	 	1720.000000
2.721435	 	1726.666667
2.824097	 	1733.333333
2.902677	 	1740.000000
3.148558	 	1746.666667
3.137151	 	1753.333333
2.949572	 	1760.000000
3.042094	 	1766.666667
3.225871	 	1773.333333
3.020548	 	1780.000000
2.826632	 	1786.666667
2.997735	 	1793.333333
3.053501	 	1800.000000
3.042094	 	1806.666667
3.165035	 	1813.333333
2.954642	 	1820.000000
3.118140	 	1826.666667
3.289243	 	1833.333333
3.194186	 	1840.000000
3.261359	 	1846.666667
3.296847	 	1853.333333
3.039560	 	1860.000000
3.044629	 	1866.666667
3.284173	 	1873.333333
3.291778	 	1880.000000
3.165035	 	1886.666667
3.279103	 	1893.333333
3.177709	 	1900.000000
3.279103	 	1906.666667
3.399509	 	1913.333333
3.333603	 	1920.000000
3.348812	 	1926.666667
3.236011	 	1933.333333
3.182779	 	1940.000000
3.334870	 	1946.666667
3.428660	 	1953.333333
3.519914	 	1960.000000
3.666936	 	1966.666667
3.466683	 	1973.333333
3.374160	 	1980.000000
3.434997	 	1986.666667
3.371626	 	1993.333333
3.498368	 	2000.000000
3.616239	 	2006.666667
3.612437	 	2013.333333
3.656797	 	2020.000000
3.462880	 	2026.666667
3.571879	 	2033.333333
3.706226	 	2040.000000
3.498368	 	2046.666667
3.369091	 	2053.333333
3.400776	 	2060.000000
3.334870	 	2066.666667
3.030688	 	2073.333333
3.304452	 	2080.000000
3.372893	 	2086.666667
3.182779	 	2093.333333
3.281638	 	2100.000000
2.890003	 	2106.666667
3.135884	 	2113.333333
3.197988	 	2120.000000
3.161233	 	2126.666667
3.260092	 	2133.333333
3.009141	 	2140.000000
3.115605	 	2146.666667
3.257557	 	2153.333333
2.982525	 	2160.000000
3.125745	 	2166.666667
3.195453	 	2173.333333
3.315859	 	2180.000000
3.347544	 	2186.666667
3.266429	 	2193.333333
3.274034	 	2200.000000
3.261359	 	2206.666667
3.339940	 	2213.333333
3.371626	 	2220.000000
3.073780	 	2226.666667
3.040827	 	2233.333333
3.233476	 	2240.000000
3.163767	 	2246.666667
3.305719	 	2253.333333
3.644122	 	2260.000000
3.494566	 	2266.666667
3.481892	 	2273.333333
3.551600	 	2280.000000
3.549065	 	2286.666667
3.578216	 	2293.333333
3.582018	 	2300.000000
3.521182	 	2306.666667
3.537658	 	2313.333333
3.628913	 	2320.000000
3.670738	 	2326.666667
3.514845	 	2333.333333
3.320928	 	2340.000000
3.464148	 	2346.666667
3.345010	 	2353.333333
3.432462	 	2360.000000
3.262627	 	2366.666667
3.390637	 	2373.333333
3.485694	 	2380.000000
3.421055	 	2386.666667
3.450206	 	2393.333333
3.438799	 	2400.000000
3.649192	 	2406.666667
3.870992	 	2413.333333
3.722703	 	2420.000000
3.679610	 	2426.666667
3.706226	 	2433.333333
3.930561	 	2440.000000
3.859585	 	2446.666667
3.763260	 	2453.333333
3.786074	 	2460.000000
3.670738	 	2466.666667
3.887468	 	2473.333333
3.703691	 	2480.000000
4.005339	 	2486.666667
3.839306	 	2493.333333
3.710029	 	2500.000000
3.895073	 	2506.666667
3.764528	 	2513.333333
3.685947	 	2520.000000
3.750586	 	2526.666667
3.685947	 	2533.333333
3.543996	 	2540.000000
3.559205	 	2546.666667
3.677075	 	2553.333333
3.587088	 	2560.000000
3.492031	 	2566.666667
3.476822	 	2573.333333
3.429927	 	2580.000000
3.497101	 	2586.666667
3.407113	 	2593.333333
3.551600	 	2600.000000
3.441334	 	2606.666667
3.289243	 	2613.333333
3.261359	 	2620.000000
3.350079	 	2626.666667
3.481892	 	2633.333333
3.248685	 	2640.000000
3.469217	 	2646.666667
3.519914	 	2653.333333
3.486961	 	2660.000000
3.184046	 	2666.666667
3.486961	 	2673.333333
3.357684	 	2680.000000
3.400776	 	2686.666667
3.276568	 	2693.333333
3.234743	 	2700.000000
3.513577	 	2706.666667
3.391904	 	2713.333333
3.451473	 	2720.000000
3.552868	 	2726.666667
3.570612	 	2733.333333
3.499636	 	2740.000000
3.139686	 	2746.666667
3.493299	 	2753.333333
3.328533	 	2760.000000
3.419788	 	2766.666667
3.185314	 	2773.333333
3.236011	 	2780.000000
3.140954	 	2786.666667
3.358951	 	2793.333333
3.232209	 	2800.000000
3.144756	 	2806.666667
3.139686	 	2813.333333
3.140954	 	2820.000000
3.118140	 	2826.666667
3.203058	 	2833.333333
3.090257	 	2840.000000
3.178977	 	2846.666667
3.053501	 	2853.333333
3.120675	 	2860.000000
2.830434	 	2866.666667
3.210662	 	2873.333333
3.104198	 	2880.000000
3.025618	 	2886.666667
2.817760	 	2893.333333
2.901410	 	2900.000000
2.903945	 	2906.666667
2.901410	 	2913.333333
2.679610	 	2920.000000
3.078850	 	2926.666667
2.891271	 	2933.333333
2.936898	 	2940.000000
2.945770	 	2946.666667
2.920421	 	2953.333333
2.930561	 	2960.000000
3.026885	 	2966.666667
3.001537	 	2973.333333
3.035757	 	2980.000000
3.314591	 	2986.666667
3.253755	 	2993.333333
3.275301	 	3000.000000
3.205593	 	3006.666667
3.236011	 	3013.333333
3.285440	 	3020.000000
3.105466	 	3026.666667
3.255022	 	3033.333333
3.111803	 	3040.000000
3.177709	 	3046.666667
3.208127	 	3053.333333
3.291778	 	3060.000000
3.350079	 	3066.666667
3.375428	 	3073.333333
3.233476	 	3080.000000
3.438799	 	3086.666667
4.244883	 	3093.333333
5.450206	 	3100.000000
7.137151	 	3106.666667
9.614972	 	3113.333333
13.068710	 	3120.000000
17.720168	 	3126.666667
25.731575	 	3133.333333
44.796214	 	3140.000000
75.257557	 	3146.666667
112.848178	 	3153.333333
154.669471	 	3160.000000
204.494566	 	3166.666667
263.936898	 	3173.333333
333.291778	 	3180.000000
413.451473	 	3186.666667
503.325998	 	3193.333333
602.528786	 	3200.000000
713.255022	 	3206.666667
832.301917	 	3213.333333
957.867190	 	3220.000000
1089.171372	 	3226.666667
1224.963514	 	3233.333333
1363.607367	 	3240.000000
1504.916619	 	3246.666667
1645.066176	 	3253.333333
1783.736645	 	3260.000000
1921.058571	 	3266.666667
2052.801283	 	3273.333333
2182.976188	 	3280.000000
2308.456543	 	3286.666667
2427.296847	 	3293.333333
2540.713831	 	3300.000000
2647.710029	 	3306.666667
2746.012944	 	3313.333333
2837.778470	 	3320.000000
2921.465415	 	3326.666667
2998.342475	 	3333.333333
3066.595960	 	3340.000000
3125.745517	 	3346.666667
3177.493299	 	3353.333333
3222.819027	 	3360.000000
3258.215732	 	3366.666667
3285.881131	 	3373.333333
3308.124477	 	3380.000000
3322.797481	 	3386.666667
3329.675808	 	3393.333333
3332.726505	 	3400.000000
3329.997735	 	3406.666667
3320.545263	 	3413.333333
3306.997735	 	3420.000000
3289.836771	 	3426.666667
3269.290510	 	3433.333333
3243.912817	 	3440.000000
3215.948305	 	3446.666667
3184.628913	 	3453.333333
3150.241081	 	3460.000000
3114.050966	 	3466.666667
3076.053501	 	3473.333333
3036.461613	 	3480.000000
2995.148558	 	3486.666667
2952.622576	 	3493.333333
2910.076315	 	3500.000000
2865.754389	 	3506.666667
2821.016746	 	3513.333333
2775.461613	 	3520.000000
2729.447671	 	3526.666667
2683.415985	 	3533.333333
2636.385567	 	3540.000000
2589.339940	 	3546.666667
2542.938165	 	3553.333333
2497.148558	 	3560.000000
2451.343742	 	3566.666667
2406.166302	 	3573.333333
2360.858318	 	3580.000000
2315.310789	 	3586.666667
2271.001537	 	3593.333333
2227.511042	 	3600.000000
2183.916619	 	3606.666667
2140.499636	 	3613.333333
2097.361486	 	3620.000000
2055.422323	 	3626.666667
2014.543996	 	3633.333333
1974.318394	 	3640.000000
1934.162500	 	3646.666667
1895.470485	 	3653.333333
1857.635250	 	3660.000000
1821.043362	 	3666.666667
1784.717633	 	3673.333333
1749.405846	 	3680.000000
1715.338672	 	3686.666667
1681.327266	 	3693.333333
1647.982525	 	3700.000000
1615.346277	 	3706.666667
1583.015478	 	3713.333333
1551.815225	 	3720.000000
1521.025618	 	3726.666667
1490.546530	 	3733.333333
1460.641587	 	3740.000000
1432.028153	 	3746.666667
1403.890003	 	3753.333333
1376.220802	 	3760.000000
1349.277836	 	3766.666667
1323.146023	 	3773.333333
1297.551600	 	3780.000000
1272.838039	 	3786.666667
1248.189116	 	3793.333333
1224.717633	 	3800.000000
1201.497101	 	3806.666667
1178.772132	 	3813.333333
1156.451473	 	3820.000000
1134.763260	 	3826.666667
1113.502171	 	3833.333333
1093.101664	 	3840.000000
1073.135884	 	3846.666667
1053.564274	 	3853.333333
1034.545263	 	3860.000000
1015.500903	 	3866.666667
997.091524	 	3873.333333
979.130814	 	3880.000000
961.919154	 	3886.666667
944.708761	 	3893.333333
928.251220	 	3900.000000
911.906480	 	3906.666667
895.729040	 	3913.333333
879.950840	 	3920.000000
864.443869	 	3926.666667
849.456543	 	3933.333333
834.535124	 	3940.000000
820.159965	 	3946.666667
806.408381	 	3953.333333
792.301917	 	3960.000000
778.613704	 	3966.666667
765.928026	 	3973.333333
753.053501	 	3980.000000
740.422323	 	3986.666667
728.237278	 	3993.333333
716.347544	 	4000.000000
704.230941	 	4006.666667
692.824097	 	4013.333333
681.523717	 	4020.000000
670.524984	 	4026.666667
659.792411	 	4033.333333
649.035757	 	4040.000000
638.394439	 	4046.666667
628.415985	 	4053.333333
617.781004	 	4060.000000
607.868457	 	4066.666667
597.769598	 	4073.333333
588.427392	 	4080.000000
579.115605	 	4086.666667
570.215732	 	4093.333333
561.130814	 	4100.000000
552.607367	 	4106.666667
543.831702	 	4113.333333
535.398241	 	4120.000000
527.007874	 	4126.666667
518.749319	 	4133.333333
510.635250	 	4140.000000
502.517380	 	4146.666667
494.683413	 	4153.333333
487.263894	 	4160.000000
480.018013	 	4166.666667
472.626378	 	4173.333333
465.517380	 	4180.000000
458.575681	 	4186.666667
451.881131	 	4193.333333
445.355149	 	4200.000000
438.627646	 	4206.666667
432.248685	 	4213.333333
425.971119	 	4220.000000
419.825364	 	4226.666667
413.636518	 	4233.333333
407.744249	 	4240.000000
402.159965	 	4246.666667
396.345010	 	4253.333333
391.014211	 	4260.000000
385.668203	 	4266.666667
380.455276	 	4273.333333
375.007874	 	4280.000000
369.915352	 	4286.666667
364.954642	 	4293.333333
360.056036	 	4300.000000
355.080117	 	4306.666667
350.078850	 	4313.333333
345.334870	 	4320.000000
340.177709	 	4326.666667
335.527519	 	4333.333333
330.902677	 	4340.000000
326.229674	 	4346.666667
322.056036	 	4353.333333
317.516112	 	4360.000000
313.025618	 	4366.666667
308.654262	 	4373.333333
304.471752	 	4380.000000
300.284173	 	4386.666667
296.262627	 	4393.333333
292.281638	 	4400.000000
288.223337	 	4406.666667
284.483159	 	4413.333333
280.590890	 	4420.000000
276.526252	 	4426.666667
272.769598	 	4433.333333
269.451473	 	4440.000000
266.168837	 	4446.666667
262.598495	 	4453.333333
259.085187	 	4460.000000
255.523717	 	4466.666667
252.156163	 	4473.333333
248.905212	 	4480.000000
245.399509	 	4486.666667
242.317126	 	4493.333333
238.631448	 	4500.000000
235.720168	 	4506.666667
232.712563	 	4513.333333
229.616239	 	4520.000000
226.306987	 	4526.666667
223.579484	 	4533.333333
220.590890	 	4540.000000
217.727773	 	4546.666667
214.803818	 	4553.333333
211.898875	 	4560.000000
209.159965	 	4566.666667
206.588356	 	4573.333333
204.073780	 	4580.000000
201.557937	 	4586.666667
198.609902	 	4593.333333
196.381765	 	4600.000000
193.263894	 	4606.666667
190.740447	 	4613.333333
188.127012	 	4620.000000
186.910282	 	4626.666667
183.071245	 	4633.333333
181.178977	 	4640.000000
179.954642	 	4646.666667
177.379230	 	4653.333333
174.599762	 	4660.000000
172.433729	 	4666.666667
170.849446	 	4673.333333
168.324731	 	4680.000000
165.699889	 	4686.666667
164.263894	 	4693.333333
162.713831	 	4700.000000
160.201790	 	4706.666667
158.380498	 	4713.333333
156.684680	 	4720.000000
154.560472	 	4726.666667
152.704959	 	4733.333333
151.385567	 	4740.000000
148.637785	 	4746.666667
147.881131	 	4753.333333
145.959712	 	4760.000000
144.010409	 	4766.666667
142.518647	 	4773.333333
141.252487	 	4780.000000
139.218267	 	4786.666667
138.229674	 	4793.333333
136.538926	 	4800.000000
135.192918	 	4806.666667
132.800016	 	4813.333333
132.102931	 	4820.000000
130.087722	 	4826.666667
129.038292	 	4833.333333
127.389369	 	4840.000000
126.319661	 	4846.666667
124.412183	 	4853.333333
123.716366	 	4860.000000
122.218267	 	4866.666667
120.409648	 	4873.333333
119.337405	 	4880.000000
118.216999	 	4886.666667
115.924224	 	4893.333333
114.938165	 	4900.000000
113.815225	 	4906.666667
112.308254	 	4913.333333
109.720168	 	4920.000000
109.372893	 	4926.666667
108.493299	 	4933.333333
106.310789	 	4940.000000
105.438799	 	4946.666667
104.545263	 	4953.333333
103.220802	 	4960.000000
102.488229	 	4966.666667
101.509775	 	4973.333333
100.173907	 	4980.000000
99.530054	 	4986.666667
98.561740	 	4993.333333
97.075048	 	5000.000000
96.035757	 	5006.666667
95.257557	 	5013.333333
94.514845	 	5020.000000
93.133349	 	5026.666667
91.844376	 	5033.333333
91.703691	 	5040.000000
90.627646	 	5046.666667
89.282906	 	5053.333333
88.715098	 	5060.000000
87.797481	 	5066.666667
86.935631	 	5073.333333
85.838039	 	5080.000000
85.035757	 	5086.666667
84.159965	 	5093.333333
83.399509	 	5100.000000
82.538926	 	5106.666667
81.442601	 	5113.333333
80.655529	 	5120.000000
79.779737	 	5126.666667
78.655529	 	5133.333333
77.737912	 	5140.000000
77.069978	 	5146.666667
76.313324	 	5153.333333
75.542728	 	5160.000000
74.891271	 	5166.666667
73.831702	 	5173.333333
73.197988	 	5180.000000
72.333603	 	5186.666667
71.793679	 	5193.333333
70.858318	 	5200.000000
69.996467	 	5206.666667
69.616239	 	5213.333333
68.640320	 	5220.000000
67.710029	 	5226.666667
67.465415	 	5233.333333
66.585821	 	5240.000000
66.053501	 	5246.666667
65.282906	 	5253.333333
64.811423	 	5260.000000
63.839306	 	5266.666667
63.437532	 	5273.333333
62.611169	 	5280.000000
62.000269	 	5286.666667
61.125745	 	5293.333333
60.742982	 	5300.000000
60.143489	 	5306.666667
59.550333	 	5313.333333
59.123210	 	5320.000000
58.334870	 	5326.666667
57.652994	 	5333.333333
57.276568	 	5340.000000
56.623844	 	5346.666667
55.768330	 	5353.333333
55.433729	 	5360.000000
54.822830	 	5366.666667
54.158698	 	5373.333333
53.963514	 	5380.000000
53.203058	 	5386.666667
52.530054	 	5393.333333
51.967316	 	5400.000000
51.320928	 	5406.666667
50.844376	 	5413.333333
50.222069	 	5420.000000
49.806353	 	5426.666667
49.284173	 	5433.333333
48.512310	 	5440.000000
48.001537	 	5446.666667
47.888736	 	5453.333333
47.147291	 	5460.000000
46.963514	 	5466.666667
46.660599	 	5473.333333
46.119408	 	5480.000000
45.616239	 	5486.666667
45.342475	 	5493.333333
44.990130	 	5500.000000
44.485694	 	5506.666667
44.227139	 	5513.333333
43.869724	 	5520.000000
43.370358	 	5526.666667
42.949572	 	5533.333333
42.434997	 	5540.000000
42.304452	 	5546.666667
41.789876	 	5553.333333
41.563007	 	5560.000000
41.301917	 	5566.666667
40.741714	 	5573.333333
40.309522	 	5580.000000
39.855783	 	5586.666667
39.699889	 	5593.333333
39.353882	 	5600.000000
38.996467	 	5606.666667
38.767063	 	5613.333333
38.299382	 	5620.000000
38.157430	 	5626.666667
37.786074	 	5633.333333
37.502171	 	5640.000000
37.252487	 	5646.666667
37.081385	 	5653.333333
36.492031	 	5660.000000
36.488229	 	5666.666667
36.312056	 	5673.333333
36.069978	 	5680.000000
35.566809	 	5686.666667
35.300650	 	5693.333333
34.954642	 	5700.000000
34.607367	 	5706.666667
34.606100	 	5713.333333
34.144756	 	5720.000000
33.744249	 	5726.666667
33.415985	 	5733.333333
33.522449	 	5740.000000
33.162500	 	5746.666667
33.033222	 	5753.333333
32.777202	 	5760.000000
32.718901	 	5766.666667
32.224604	 	5773.333333
32.012944	 	5780.000000
31.891271	 	5786.666667
31.792411	 	5793.333333
31.692285	 	5800.000000
31.441334	 	5806.666667
30.831702	 	5813.333333
30.533856	 	5820.000000
30.251220	 	5826.666667
29.764528	 	5833.333333
29.448939	 	5840.000000
29.289243	 	5846.666667
28.745517	 	5853.333333
28.380498	 	5860.000000
28.268964	 	5866.666667
27.826632	 	5873.333333
27.755656	 	5880.000000
27.365288	 	5886.666667
27.146023	 	5893.333333
26.816492	 	5900.000000
26.451473	 	5906.666667
26.560472	 	5913.333333
26.323463	 	5920.000000
25.883666	 	5926.666667
25.552868	 	5933.333333
25.130814	 	5940.000000
25.204325	 	5946.666667
24.574414	 	5953.333333
24.294312	 	5960.000000
24.002804	 	5966.666667
23.851980	 	5973.333333
23.672006	 	5980.000000
23.104198	 	5986.666667
23.042094	 	5993.333333
22.822830	 	6000.000000
22.609902	 	6006.666667
22.412183	 	6013.333333
22.075048	 	6020.000000
21.827899	 	6026.666667
21.503438	 	6033.333333
21.595960	 	6040.000000
21.454008	 	6046.666667
21.161233	 	6053.333333
20.917887	 	6060.000000
20.844376	 	6066.666667
21.121942	 	6073.333333
20.914084	 	6080.000000
20.598495	 	6086.666667
20.770865	 	6093.333333
20.722703	 	6100.000000
20.549065	 	6106.666667
20.376695	 	6113.333333
20.437532	 	6120.000000
20.082652	 	6126.666667
19.957177	 	6133.333333
19.813958	 	6140.000000
19.693552	 	6146.666667
19.665669	 	6153.333333
19.461613	 	6160.000000
19.328533	 	6166.666667
19.206860	 	6173.333333
19.227139	 	6180.000000
19.156163	 	6186.666667
18.947037	 	6193.333333
19.000269	 	6200.000000
18.867190	 	6206.666667
18.597228	 	6213.333333
18.370358	 	6220.000000
18.301917	 	6226.666667
18.233476	 	6233.333333
18.357684	 	6240.000000
17.940700	 	6246.666667
17.713831	 	6253.333333
17.674541	 	6260.000000
17.388102	 	6266.666667
17.357684	 	6273.333333
17.094059	 	6280.000000
16.962247	 	6286.666667
16.758191	 	6293.333333
16.840574	 	6300.000000
16.645390	 	6306.666667
16.654262	 	6313.333333
16.229674	 	6320.000000
16.403311	 	6326.666667
16.026885	 	6333.333333
16.265162	 	6340.000000
15.873527	 	6346.666667
15.601030	 	6353.333333
15.441334	 	6360.000000
15.509775	 	6366.666667
15.342475	 	6373.333333
15.030688	 	6380.000000
15.049699	 	6386.666667
14.896340	 	6393.333333
15.054769	 	6400.000000
14.819027	 	6406.666667
14.706226	 	6413.333333
14.476822	 	6420.000000
14.535124	 	6426.666667
14.625111	 	6433.333333
14.398241	 	6440.000000
14.121942	 	6446.666667
14.178977	 	6453.333333
14.025618	 	6460.000000
14.007874	 	6466.666667
13.736645	 	6473.333333
13.630181	 	6480.000000
13.616239	 	6486.666667
13.466683	 	6493.333333
13.494566	 	6500.000000
13.588356	 	6506.666667
13.294312	 	6513.333333
13.441334	 	6520.000000
13.343742	 	6526.666667
13.158698	 	6533.333333
12.820295	 	6540.000000
12.862120	 	6546.666667
12.689750	 	6553.333333
12.377963	 	6560.000000
12.384300	 	6566.666667
12.351347	 	6573.333333
12.108001	 	6580.000000
11.945770	 	6586.666667
11.949572	 	6593.333333
11.887468	 	6600.000000
11.832969	 	6606.666667
11.782272	 	6613.333333
11.546530	 	6620.000000
11.480624	 	6626.666667
11.213197	 	6633.333333
11.431195	 	6640.000000
11.232209	 	6646.666667
11.271499	 	6653.333333
11.312056	 	6660.000000
11.125745	 	6666.666667
10.972386	 	6673.333333
10.986328	 	6680.000000
10.860852	 	6686.666667
10.745517	 	6693.333333
10.623844	 	6700.000000
10.621309	 	6706.666667
10.394439	 	6713.333333
10.261359	 	6720.000000
10.213197	 	6726.666667
10.200523	 	6733.333333
9.991397	 	6740.000000
9.846911	 	6746.666667
9.878596	 	6753.333333
10.083920	 	6760.000000
10.016746	 	6766.666667
9.756923	 	6773.333333
9.811423	 	6780.000000
9.680878	 	6786.666667
9.532589	 	6793.333333
9.505973	 	6800.000000
9.568077	 	6806.666667
9.474287	 	6813.333333
9.440067	 	6820.000000
9.246150	 	6826.666667
9.029420	 	6833.333333
9.016746	 	6840.000000
9.127012	 	6846.666667
9.076315	 	6853.333333
8.711296	 	6860.000000
8.703691	 	6866.666667
8.622576	 	6873.333333
8.720168	 	6880.000000
8.736645	 	6886.666667
8.621309	 	6893.333333
8.436264	 	6900.000000
8.441334	 	6906.666667
8.687215	 	6913.333333
8.594693	 	6920.000000
8.655529	 	6926.666667
8.730307	 	6933.333333
8.649192	 	6940.000000
8.527519	 	6946.666667
8.749319	 	6953.333333
8.712563	 	6960.000000
8.666936	 	6966.666667
8.652994	 	6973.333333
8.499636	 	6980.000000
8.511042	 	6986.666667
8.489496	 	6993.333333
8.379230	 	7000.000000
8.241081	 	7006.666667
8.315859	 	7013.333333
8.318394	 	7020.000000
8.465415	 	7026.666667
8.168837	 	7033.333333
8.092792	 	7040.000000
8.181511	 	7046.666667
8.078850	 	7053.333333
7.907747	 	7060.000000
7.876062	 	7066.666667
7.884933	 	7073.333333
7.857050	 	7080.000000
7.843108	 	7086.666667
7.672006	 	7093.333333
7.710029	 	7100.000000
7.505973	 	7106.666667
7.286708	 	7113.333333
7.507240	 	7120.000000
7.229674	 	7126.666667
7.353882	 	7133.333333
7.182779	 	7140.000000
7.002804	 	7146.666667
7.161233	 	7153.333333
6.805086	 	7160.000000
6.838039	 	7166.666667
6.666936	 	7173.333333
6.631448	 	7180.000000
6.471752	 	7186.666667
6.413451	 	7193.333333
6.418520	 	7200.000000
6.242348	 	7206.666667
6.249953	 	7213.333333
6.163767	 	7220.000000
6.223337	 	7226.666667
6.152361	 	7233.333333
6.038292	 	7240.000000
6.018013	 	7246.666667
5.958444	 	7253.333333
5.794946	 	7260.000000
6.109268	 	7266.666667
5.677075	 	7273.333333
5.645390	 	7280.000000
5.583286	 	7286.666667
5.398241	 	7293.333333
5.361486	 	7300.000000
5.042094	 	7306.666667
5.140954	 	7313.333333
4.891271	 	7320.000000
4.647925	 	7326.666667
4.687215	 	7333.333333
4.703691	 	7340.000000
4.592158	 	7346.666667
4.471752	 	7353.333333
4.426125	 	7360.000000
4.072513	 	7366.666667
4.105466	 	7373.333333
3.898875	 	7380.000000
3.811423	 	7386.666667
3.725238	 	7393.333333
3.590890	 	7400.000000
3.550333	 	7406.666667
3.664401	 	7413.333333
3.375428	 	7420.000000
3.148558	 	7426.666667
3.312056	 	7433.333333
2.985060	 	7440.000000
3.018013	 	7446.666667
3.216999	 	7453.333333
3.114338	 	7460.000000
3.135884	 	7466.666667
3.109268	 	7473.333333
3.305719	 	7480.000000
3.337405	 	7486.666667
3.669471	 	7493.333333
3.436264	 	7500.000000
3.422323	 	7506.666667
3.710029	 	7513.333333
3.593425	 	7520.000000
3.584553	 	7526.666667
3.445136	 	7533.333333
3.524984	 	7540.000000
3.421055	 	7546.666667
3.578216	 	7553.333333
3.399509	 	7560.000000
3.190383	 	7566.666667
3.182779	 	7573.333333
3.025618	 	7580.000000
3.020548	 	7586.666667
3.111803	 	7593.333333
3.076315	 	7600.000000
3.319661	 	7606.666667
3.230941	 	7613.333333
3.437532	 	7620.000000
3.308254	 	7626.666667
3.197988	 	7633.333333
3.408381	 	7640.000000
3.498368	 	7646.666667
3.484427	 	7653.333333
3.521182	 	7660.000000
3.620041	 	7666.666667
3.489496	 	7673.333333
3.576949	 	7680.000000
3.407113	 	7686.666667
3.429927	 	7693.333333
3.465415	 	7700.000000
3.229674	 	7706.666667
3.075048	 	7713.333333
3.035757	 	7720.000000
3.128280	 	7726.666667
3.132082	 	7733.333333
3.305719	 	7740.000000
3.085187	 	7746.666667
3.091524	 	7753.333333
2.983793	 	7760.000000
3.247418	 	7766.666667
3.068710	 	7773.333333
2.963514	 	7780.000000
2.971119	 	7786.666667
3.039560	 	7793.333333
2.999002	 	7800.000000
2.753121	 	7806.666667
2.802551	 	7813.333333
2.765795	 	7820.000000
2.518647	 	7826.666667
2.434997	 	7833.333333
2.594693	 	7840.000000
2.603565	 	7846.666667
2.721435	 	7853.333333
2.626378	 	7860.000000
2.810155	 	7866.666667
2.682145	 	7873.333333
2.537658	 	7880.000000
2.578216	 	7886.666667
2.731575	 	7893.333333
2.680878	 	7900.000000
2.746784	 	7906.666667
2.532589	 	7913.333333
2.877329	 	7920.000000
2.656797	 	7926.666667
2.717633	 	7933.333333
2.701157	 	7940.000000
2.797481	 	7946.666667
2.801283	 	7953.333333
2.753121	 	7960.000000
2.770865	 	7966.666667
2.882399	 	7973.333333
2.855783	 	7980.000000
2.650459	 	7986.666667
2.768330	 	7993.333333
2.817760	 	8000.000000
2.777202	 	8006.666667
2.779737	 	8013.333333
2.675808	 	8020.000000
2.622576	 	8026.666667
2.722703	 	8033.333333
2.602297	 	8040.000000
2.623844	 	8046.666667
2.678343	 	8053.333333
2.528786	 	8060.000000
2.336138	 	8066.666667
2.352614	 	8073.333333
2.168837	 	8080.000000
2.331068	 	8086.666667
2.157430	 	8093.333333
2.135884	 	8100.000000
2.138419	 	8106.666667
2.130814	 	8113.333333
1.827899	 	8120.000000
1.933096	 	8126.666667
1.911549	 	8133.333333
1.753121	 	8140.000000
1.978723	 	8146.666667
1.860852	 	8153.333333
1.798748	 	8160.000000
1.914084	 	8166.666667
1.576949	 	8173.333333
1.836771	 	8180.000000
1.640320	 	8186.666667
1.682145	 	8193.333333
1.650459	 	8200.000000
1.774667	 	8206.666667
1.788609	 	8213.333333
1.689750	 	8220.000000
1.680878	 	8226.666667
1.916619	 	8233.333333
1.571879	 	8240.000000
1.742982	 	8246.666667
1.949572	 	8253.333333
1.770865	 	8260.000000
1.651727	 	8266.666667
1.903945	 	8273.333333
1.783539	 	8280.000000
1.953375	 	8286.666667
2.023083	 	8293.333333
1.863387	 	8300.000000
1.827899	 	8306.666667
1.807620	 	8313.333333
1.445136	 	8320.000000
1.669471	 	8326.666667
1.614972	 	8333.333333
1.582018	 	8340.000000
1.649192	 	8346.666667
1.573146	 	8353.333333
1.479357	 	8360.000000
1.528786	 	8366.666667
1.489496	 	8373.333333
1.365288	 	8380.000000
1.171372	 	8386.666667
1.247418	 	8393.333333
1.286708	 	8400.000000
1.428660	 	8406.666667
1.317126	 	8413.333333
1.152361	 	8420.000000
1.135884	 	8426.666667
1.310789	 	8433.333333
1.058571	 	8440.000000
0.930561	 	8446.666667
0.821562	 	8453.333333
1.006606	 	8460.000000
1.029420	 	8466.666667
0.940700	 	8473.333333
0.949572	 	8480.000000
0.916619	 	8486.666667
0.756923	 	8493.333333
0.760726	 	8500.000000
0.530054	 	8506.666667
0.635250	 	8513.333333
0.589623	 	8520.000000
0.594693	 	8526.666667
0.815225	 	8533.333333
0.683413	 	8540.000000
0.609902	 	8546.666667
0.578216	 	8553.333333
0.552868	 	8560.000000
0.537658	 	8566.666667
0.405846	 	8573.333333
0.438799	 	8580.000000
0.199255	 	8586.666667
0.225871	 	8593.333333
0.410916	 	8600.000000
0.347544	 	8606.666667
0.661866	 	8613.333333
0.536391	 	8620.000000
0.626378	 	8626.666667
0.374160	 	8633.333333
0.547798	 	8640.000000
0.459078	 	8646.666667
0.532589	 	8653.333333
0.386835	 	8660.000000
0.396974	 	8666.666667
0.480624	 	8673.333333
0.614972	 	8680.000000
0.389369	 	8686.666667
0.256290	 	8693.333333
0.367823	 	8700.000000
0.499636	 	8706.666667
0.365288	 	8713.333333
0.530054	 	8720.000000
0.531321	 	8726.666667
0.380498	 	8733.333333
0.167570	 	8740.000000
0.263894	 	8746.666667
0.361486	 	8753.333333
0.073780	 	8760.000000
0.068710	 	8766.666667
0.038292	 	8773.333333
0.043362	 	8780.000000
-0.051695	 	8786.666667
-0.274762	 	8793.333333
0.053501	 	8800.000000
-0.108729	 	8806.666667
0.002804	 	8813.333333
-0.246879	 	8820.000000
-0.396435	 	8826.666667
-0.528248	 	8833.333333
-0.412912	 	8840.000000
-0.440795	 	8846.666667
-0.359680	 	8853.333333
-0.604293	 	8860.000000
-0.416714	 	8866.666667
-0.456004	 	8873.333333
-0.544724	 	8880.000000
-0.421784	 	8886.666667
-0.378691	 	8893.333333
-0.511771	 	8900.000000
-0.545992	 	8906.666667
-0.633444	 	8913.333333
-0.293774	 	8920.000000
-0.728501	 	8926.666667
-0.438260	 	8933.333333
-0.419249	 	8940.000000
-0.576410	 	8946.666667
-0.417982	 	8953.333333
-0.354610	 	8960.000000
-0.452202	 	8966.666667
-0.643584	 	8973.333333
-0.590352	 	8980.000000
-0.225333	 	8986.666667
-0.167031	 	8993.333333
-0.205054	 	9000.000000
-0.381226	 	9006.666667
-0.146752	 	9013.333333
-0.383761	 	9020.000000
-0.183508	 	9026.666667
-0.168298	 	9033.333333
-0.172101	 	9040.000000
-0.150554	 	9046.666667
0.004072	 	9053.333333
0.002804	 	9060.000000
0.097861	 	9066.666667
-0.111264	 	9073.333333
0.056036	 	9080.000000
-0.030149	 	9086.666667
-0.056765	 	9093.333333
-0.265890	 	9100.000000
-0.279832	 	9106.666667
-0.226600	 	9113.333333
-0.218996	 	9120.000000
-0.135345	 	9126.666667
-0.203786	 	9133.333333
-0.198717	 	9140.000000
-0.135345	 	9146.666667
-0.116334	 	9153.333333
-0.193647	 	9160.000000
-0.454737	 	9166.666667
-0.282367	 	9173.333333
-0.454737	 	9180.000000
-0.288704	 	9186.666667
-0.551061	 	9193.333333
-0.559933	 	9200.000000
-0.482620	 	9206.666667
-0.661328	 	9213.333333
-0.733571	 	9220.000000
-0.619502	 	9226.666667
-0.505434	 	9233.333333
-0.629642	 	9240.000000
-0.756385	 	9246.666667
-0.634712	 	9253.333333
-0.752582	 	9260.000000
-0.894534	 	9266.666667
-0.821023	 	9273.333333
-0.666397	 	9280.000000
-0.824826	 	9286.666667
-0.739908	 	9293.333333
-0.729769	 	9300.000000
-0.592887	 	9306.666667
-0.831163	 	9313.333333
-0.817221	 	9320.000000
-0.917348	 	9326.666667
-0.648653	 	9333.333333
-0.777931	 	9340.000000
-0.703153	 	9346.666667
-0.750047	 	9353.333333
-0.973115	 	9360.000000
-0.709490	 	9366.666667
-0.885662	 	9373.333333
-0.984522	 	9380.000000
-0.744978	 	9386.666667
-0.800745	 	9393.333333
-0.913546	 	9400.000000
-0.950301	 	9406.666667
-0.829895	 	9413.333333
-0.699350	 	9420.000000
-0.855244	 	9426.666667
-0.747513	 	9433.333333
-0.691746	 	9440.000000
-0.859046	 	9446.666667
-0.946499	 	9453.333333
-0.845105	 	9460.000000
-0.771594	 	9466.666667
-0.679072	 	9473.333333
-0.765257	 	9480.000000
-0.687944	 	9486.666667
-0.548527	 	9493.333333
-0.540922	 	9500.000000
-0.837500	 	9506.666667
-0.672734	 	9513.333333
-0.703153	 	9520.000000
-0.909743	 	9526.666667
-0.919883	 	9533.333333
-0.959173	 	9540.000000
-0.985789	 	9546.666667
-0.932557	 	9553.333333
-1.115067	 	9560.000000
-1.111264	 	9566.666667
-0.964243	 	9573.333333
-1.199984	 	9580.000000
-1.197449	 	9586.666667
-1.238007	 	9593.333333
-1.065637	 	9600.000000
-0.974382	 	9606.666667
-1.234205	 	9613.333333
-1.268425	 	9620.000000
-1.187310	 	9626.666667
-1.291239	 	9633.333333
-1.480086	 	9640.000000
-1.317855	 	9646.666667
-1.009870	 	9653.333333
-1.434458	 	9660.000000
-1.231670	 	9666.666667
-1.467411	 	9673.333333
-1.421784	 	9680.000000
-1.371087	 	9686.666667
-1.245611	 	9693.333333
-1.278565	 	9700.000000
-1.406575	 	9706.666667
-1.600491	 	9713.333333
-1.377424	 	9720.000000
-1.424319	 	9726.666667
-1.366017	 	9733.333333
-1.156892	 	9740.000000
-1.092253	 	9746.666667
-1.017475	 	9753.333333
-1.002265	 	9760.000000
-0.949034	 	9766.666667
-0.973115	 	9773.333333
-0.843837	 	9780.000000
-0.770326	 	9786.666667
-0.766524	 	9793.333333
-0.653723	 	9800.000000
-0.852709	 	9806.666667
-0.832430	 	9813.333333
-0.743710	 	9820.000000
-0.862849	 	9826.666667
-0.762722	 	9833.333333
-0.757652	 	9840.000000
-0.890732	 	9846.666667
-0.665130	 	9853.333333
-0.715827	 	9860.000000
-0.853977	 	9866.666667
-1.036486	 	9873.333333
-0.957906	 	9880.000000
-0.834965	 	9886.666667
-0.885662	 	9893.333333
-0.814686	 	9900.000000
-1.142950	 	9906.666667
-1.044091	 	9913.333333
-0.997196	 	9920.000000
-0.964243	 	9926.666667
-0.951568	 	9933.333333
-0.851442	 	9940.000000
-0.865383	 	9946.666667
-1.103660	 	9953.333333
-1.006068	 	9960.000000
-1.037753	 	9966.666667
-1.073241	 	9973.333333
-0.988324	 	9980.000000
-1.084648	 	9986.666667
-1.036486	 	9993.333333
-1.145485	 	10000.000000
-1.259553	 	10006.666667
-1.199984	 	10013.333333
-1.182240	 	10020.000000
-1.388831	 	10026.666667
-1.277297	 	10033.333333
-1.206321	 	10040.000000
-1.314053	 	10046.666667
-1.155624	 	10053.333333
-1.300111	 	10060.000000
-1.020009	 	10066.666667
-1.125206	 	10073.333333
-1.279832	 	10080.000000
-1.277297	 	10086.666667
-1.012405	 	10093.333333
-1.246879	 	10100.000000
-1.205054	 	10106.666667
-1.080846	 	10113.333333
-0.952836	 	10120.000000
-0.890732	 	10126.666667
-1.018742	 	10133.333333
-0.973115	 	10140.000000
-0.832430	 	10146.666667
-0.937627	 	10153.333333
-0.904674	 	10160.000000
-0.898336	 	10166.666667
-1.049160	 	10173.333333
-0.990859	 	10180.000000
-1.098590	 	10186.666667
-1.115067	 	10193.333333
-0.869186	 	10200.000000
-0.895802	 	10206.666667
-1.153089	 	10213.333333
-0.965510	 	10220.000000
-0.766524	 	10226.666667
-0.975650	 	10233.333333
-0.881860	 	10240.000000
-0.842570	 	10246.666667
-0.881860	 	10253.333333
-0.684141	 	10260.000000
-0.732304	 	10266.666667
-0.763989	 	10273.333333
-0.974382	 	10280.000000
-0.632177	 	10286.666667
-0.708222	 	10293.333333
-1.009870	 	10300.000000
-0.817221	 	10306.666667
-0.788070	 	10313.333333
-1.125206	 	10320.000000
-1.125206	 	10326.666667
-1.165764	 	10333.333333
-1.169566	 	10340.000000
-1.293774	 	10346.666667
-1.215193	 	10353.333333
-1.269693	 	10360.000000
-1.417982	 	10366.666667
-1.505434	 	10373.333333
-1.494027	 	10380.000000
-1.592887	 	10386.666667
-1.184775	 	10393.333333
-1.483888	 	10400.000000
-1.597956	 	10406.666667
-1.518108	 	10413.333333
-1.444598	 	10420.000000
-1.568805	 	10426.666667
-1.575143	 	10433.333333
-1.548527	 	10440.000000
-1.559933	 	10446.666667
-1.810884	 	10453.333333
-1.547259	 	10460.000000
-1.722164	 	10466.666667
-1.703153	 	10473.333333
-1.633444	 	10480.000000
-1.251949	 	10486.666667
-1.472481	 	10493.333333
-1.502899	 	10500.000000
-1.292506	 	10506.666667
-1.398970	 	10513.333333
-1.409110	 	10520.000000
-1.419249	 	10526.666667
-1.507969	 	10533.333333
-1.379959	 	10540.000000
-1.312785	 	10546.666667
-1.406575	 	10553.333333
-1.245611	 	10560.000000
-1.026347	 	10566.666667
-1.056765	 	10573.333333
-1.032684	 	10580.000000
-1.035219	 	10586.666667
-0.926220	 	10593.333333
-1.125206	 	10600.000000
-1.078311	 	10606.666667
-1.263355	 	10613.333333
-0.961708	 	10620.000000
-1.205054	 	10626.666667
-1.363482	 	10633.333333
-1.314053	 	10640.000000
-1.156892	 	10646.666667
-1.208856	 	10653.333333
-1.357145	 	10660.000000
-1.367285	 	10666.666667
-1.513039	 	10673.333333
-1.324192	 	10680.000000
-1.414179	 	10686.666667
-1.423051	 	10693.333333
-1.335599	 	10700.000000
-1.269693	 	10706.666667
-1.306448	 	10713.333333
-1.411644	 	10720.000000
-1.459807	 	10726.666667
-1.326727	 	10733.333333
-1.519376	 	10740.000000
-1.526980	 	10746.666667
-1.397703	 	10753.333333
-1.509236	 	10760.000000
-1.473748	 	10766.666667
-1.284902	 	10773.333333
-1.348273	 	10780.000000
-1.481353	 	10786.666667
-1.324192	 	10793.333333
-1.321657	 	10800.000000
-0.989591	 	10806.666667
-1.345738	 	10813.333333
-1.088451	 	10820.000000
-1.283634	 	10826.666667
-1.111264	 	10833.333333
-0.956638	 	10840.000000
-1.153089	 	10846.666667
-1.298843	 	10853.333333
-1.238007	 	10860.000000
-1.082113	 	10866.666667
-1.080846	 	10873.333333
-1.137880	 	10880.000000
-1.073241	 	10886.666667
-0.900871	 	10893.333333
-0.846372	 	10900.000000
-0.905941	 	10906.666667
-1.066904	 	10913.333333
-1.108729	 	10920.000000
-1.104927	 	10926.666667
-1.059300	 	10933.333333
-1.221530	 	10940.000000
-1.017475	 	10946.666667
-0.954103	 	10953.333333
-1.054230	 	10960.000000
-0.860314	 	10966.666667
-1.035219	 	10973.333333
-0.938894	 	10980.000000
-0.890732	 	10986.666667
-0.821023	 	10993.333333
-0.723432	 	11000.000000
-0.938894	 	11006.666667
-0.809617	 	11013.333333
-0.842570	 	11020.000000
-0.827361	 	11026.666667
-0.938894	 	11033.333333
-0.743710	 	11040.000000
-0.942696	 	11046.666667
-0.813419	 	11053.333333
-0.810884	 	11060.000000
-0.789338	 	11066.666667
-0.736106	 	11073.333333
-0.818489	 	11080.000000
-0.875523	 	11086.666667
-0.957906	 	11093.333333
-0.900871	 	11100.000000
-0.935092	 	11106.666667
-0.917348	 	11113.333333
-0.904674	 	11120.000000
-0.984522	 	11126.666667
-1.226600	 	11133.333333
-1.047893	 	11140.000000
-1.071974	 	11146.666667
-1.030149	 	11153.333333
-1.174636	 	11160.000000
-1.236740	 	11166.666667
-1.021277	 	11173.333333
-1.201252	 	11180.000000
-1.312785	 	11186.666667
-1.186042	 	11193.333333
-1.433191	 	11200.000000
-1.325459	 	11206.666667
-1.310250	 	11213.333333
-1.397703	 	11220.000000
-1.563736	 	11226.666667
-1.424319	 	11233.333333
-1.543457	 	11240.000000
-1.661328	 	11246.666667
-1.620770	 	11253.333333
-1.738641	 	11260.000000
-1.872988	 	11266.666667
-1.760187	 	11273.333333
-1.656258	 	11280.000000
-1.576410	 	11286.666667
-1.907208	 	11293.333333
-1.770326	 	11300.000000
-1.950301	 	11306.666667
-1.930022	 	11313.333333
-2.036486	 	11320.000000
-2.134078	 	11326.666667
-2.276030	 	11333.333333
-2.129008	 	11340.000000
-2.241809	 	11346.666667
-2.098590	 	11353.333333
-2.289971	 	11360.000000
-2.216461	 	11366.666667
-2.449667	 	11373.333333
-2.314053	 	11380.000000
-2.317855	 	11386.666667
-2.515573	 	11393.333333
-2.298843	 	11400.000000
-2.316587	 	11406.666667
-2.480086	 	11413.333333
-2.360947	 	11420.000000
-2.249414	 	11426.666667
-2.321657	 	11433.333333
-2.366017	 	11440.000000
-2.305181	 	11446.666667
-2.358413	 	11453.333333
-2.330529	 	11460.000000
-2.589084	 	11466.666667
-2.604293	 	11473.333333
-2.653723	 	11480.000000
-2.396435	 	11486.666667
-2.405307	 	11493.333333
-2.520643	 	11500.000000
-2.605561	 	11506.666667
-2.747513	 	11513.333333
-2.794407	 	11520.000000
-2.581480	 	11526.666667
-2.710757	 	11533.333333
-2.772861	 	11540.000000
-2.878058	 	11546.666667
-2.737373	 	11553.333333
-2.689211	 	11560.000000
-2.652456	 	11566.666667
-2.606828	 	11573.333333
-2.615700	 	11580.000000
-2.462342	 	11586.666667
-2.511771	 	11593.333333
-2.457272	 	11600.000000
-2.761454	 	11606.666667
-2.800745	 	11613.333333
-2.643584	 	11620.000000
-2.737373	 	11626.666667
-2.596689	 	11633.333333
-2.903406	 	11640.000000
-2.421784	 	11646.666667
-2.624572	 	11653.333333
-2.663862	 	11660.000000
-2.815954	 	11666.666667
-2.675269	 	11673.333333
-2.699350	 	11680.000000
-2.482620	 	11686.666667
-2.750047	 	11693.333333
-2.557399	 	11700.000000
-2.523178	 	11706.666667
-2.410377	 	11713.333333
-2.519376	 	11720.000000
-2.291239	 	11726.666667
-2.496562	 	11733.333333
-2.457272	 	11740.000000
-2.439528	 	11746.666667
-2.292506	 	11753.333333
-2.320390	 	11760.000000
-2.184775	 	11766.666667
-2.374889	 	11773.333333
-2.078311	 	11780.000000
-2.511771	 	11786.666667
-2.431923	 	11793.333333
-2.383761	 	11800.000000
-2.355878	 	11806.666667
-2.330529	 	11813.333333
-2.293774	 	11820.000000
-2.416714	 	11826.666667
-2.682874	 	11833.333333
-2.407842	 	11840.000000
-2.387563	 	11846.666667
-2.347006	 	11853.333333
-2.386296	 	11860.000000
-2.234205	 	11866.666667
-2.383761	 	11873.333333
-2.502899	 	11880.000000
-2.300111	 	11886.666667
-2.582747	 	11893.333333
-2.495295	 	11900.000000
-2.488958	 	11906.666667
-2.487690	 	11913.333333
-2.308983	 	11920.000000
-2.340669	 	11926.666667
-2.183508	 	11933.333333
-2.134078	 	11940.000000
-2.372354	 	11946.666667
-2.174636	 	11953.333333
-2.259553	 	11960.000000
-2.341936	 	11966.666667
-2.161961	 	11973.333333
-2.069439	 	11980.000000
-2.296309	 	11986.666667
-2.071974	 	11993.333333
-2.011137	 	12000.000000
-2.150554	 	12006.666667
-2.217728	 	12013.333333
-1.889464	 	12020.000000
-2.215193	 	12026.666667
-2.159426	 	12033.333333
-2.108729	 	12040.000000
-2.064369	 	12046.666667
-1.985789	 	12053.333333
-2.058032	 	12060.000000
-2.193647	 	12066.666667
-2.193647	 	12073.333333
-2.227868	 	12080.000000
-2.221530	 	12086.666667
-2.120136	 	12093.333333
-2.212658	 	12100.000000
-2.164496	 	12106.666667
-2.173368	 	12113.333333
-2.248146	 	12120.000000
-2.369819	 	12126.666667
-2.080846	 	12133.333333
-2.141682	 	12140.000000
-2.263355	 	12146.666667
-2.039021	 	12153.333333
-2.148020	 	12160.000000
-2.113799	 	12166.666667
-2.161961	 	12173.333333
-1.980719	 	12180.000000
-1.943964	 	12186.666667
-2.065637	 	12193.333333
-2.156892	 	12200.000000
-2.222798	 	12206.666667
-2.113799	 	12213.333333
-2.142950	 	12220.000000
-2.315320	 	12226.666667
-2.127741	 	12233.333333
-2.443330	 	12240.000000
-2.240542	 	12246.666667
-2.373622	 	12253.333333
-2.187310	 	12260.000000
-2.093520	 	12266.666667
-2.298843	 	12273.333333
-2.071974	 	12280.000000
-2.250681	 	12286.666667
-2.302646	 	12293.333333
-2.257018	 	12300.000000
-2.199984	 	12306.666667
-2.218996	 	12313.333333
-2.226600	 	12320.000000
-2.320390	 	12326.666667
-2.085916	 	12333.333333
-2.089718	 	12340.000000
-2.151822	 	12346.666667
-2.101125	 	12353.333333
-2.175903	 	12360.000000
-2.287437	 	12366.666667
-2.269693	 	12373.333333
-2.360947	 	12380.000000
-2.472481	 	12386.666667
-2.284902	 	12393.333333
-2.287437	 	12400.000000
-2.218996	 	12406.666667
-2.253216	 	12413.333333
-2.264623	 	12420.000000
-2.420516	 	12426.666667
-2.224065	 	12433.333333
-2.303913	 	12440.000000
-2.387563	 	12446.666667
-2.353343	 	12453.333333
-2.297576	 	12460.000000
-2.288704	 	12466.666667
-2.388831	 	12473.333333
-2.597956	 	12480.000000
-2.163229	 	12486.666667
-2.179705	 	12493.333333
-2.099857	 	12500.000000
-2.414179	 	12506.666667
-2.347006	 	12513.333333
-2.322925	 	12520.000000
-2.071974	 	12526.666667
-2.117601	 	12533.333333
-2.229135	 	12540.000000
-2.177170	 	12546.666667
-2.295041	 	12553.333333
-2.326727	 	12560.000000
-2.232937	 	12566.666667
-2.112532	 	12573.333333
-2.322925	 	12580.000000
-2.416714	 	12586.666667
-2.075776	 	12593.333333
-2.345738	 	12600.000000
-2.372354	 	12606.666667
-2.456004	 	12613.333333
-2.273495	 	12620.000000
-2.381226	 	12626.666667
-2.481353	 	12633.333333
-2.244344	 	12640.000000
-2.392633	 	12646.666667
-2.482620	 	12653.333333
-2.386296	 	12660.000000
-2.288704	 	12666.666667
-2.554864	 	12673.333333
-2.334331	 	12680.000000
-2.464876	 	12686.666667
-2.611898	 	12693.333333
-2.500364	 	12700.000000
-2.357145	 	12706.666667
-2.562468	 	12713.333333
-2.406575	 	12720.000000
-2.391366	 	12726.666667
-2.406575	 	12733.333333
-2.468679	 	12740.000000
-2.660060	 	12746.666667
-2.580212	 	12753.333333
-2.594154	 	12760.000000
-2.265890	 	12766.666667
-2.480086	 	12773.333333
-2.614433	 	12780.000000
-2.450935	 	12786.666667
-2.567538	 	12793.333333
-2.406575	 	12800.000000
-2.529515	 	12806.666667
-2.420516	 	12813.333333
-2.453470	 	12820.000000
-2.369819	 	12826.666667
-2.410377	 	12833.333333
-2.529515	 	12840.000000
-2.646118	 	12846.666667
-2.523178	 	12853.333333
-2.677804	 	12860.000000
-2.572608	 	12866.666667
-2.646118	 	12873.333333
-2.453470	 	12880.000000
-2.511771	 	12886.666667
-2.376156	 	12893.333333
-2.440795	 	12900.000000
-2.445865	 	12906.666667
-2.525713	 	12913.333333
-2.336866	 	12920.000000
-2.199984	 	12926.666667
-2.526980	 	12933.333333
-2.438260	 	12940.000000
-2.272227	 	12946.666667
-2.334331	 	12953.333333
-2.467411	 	12960.000000
-2.476283	 	12966.666667
-2.476283	 	12973.333333
-2.368552	 	12980.000000
-2.354610	 	12986.666667
-2.393900	 	12993.333333
-2.410377	 	13000.000000
-2.497829	 	13006.666667
-2.635979	 	13013.333333
-2.516841	 	13020.000000
-2.715827	 	13026.666667
-2.500364	 	13033.333333
-2.698083	 	13040.000000
-2.519376	 	13046.666667
-2.502899	 	13053.333333
-2.487690	 	13060.000000
-2.471214	 	13066.666667
-2.466144	 	13073.333333
-2.423051	 	13080.000000
-2.225333	 	13086.666667
-2.393900	 	13093.333333
-2.329262	 	13100.000000
-2.112532	 	13106.666667
-1.983254	 	13113.333333
-2.156892	 	13120.000000
-2.287437	 	13126.666667
-2.296309	 	13133.333333
-2.212658	 	13140.000000
-2.400238	 	13146.666667
-2.352075	 	13153.333333
-2.224065	 	13160.000000
-2.260821	 	13166.666667
-2.425586	 	13173.333333
-2.103660	 	13180.000000
-2.435726	 	13186.666667
-2.316587	 	13193.333333
-2.211391	 	13200.000000
-2.293774	 	13206.666667
-2.278565	 	13213.333333
-2.286169	 	13220.000000
-2.113799	 	13226.666667
-2.344471	 	13233.333333
-2.482620	 	13240.000000
-2.396435	 	13246.666667
-2.199984	 	13253.333333
-2.398970	 	13260.000000
-2.267158	 	13266.666667
-2.305181	 	13273.333333
-2.352075	 	13280.000000
-2.458539	 	13286.666667
-2.258286	 	13293.333333
-2.074509	 	13300.000000
-2.390098	 	13306.666667
-2.115067	 	13313.333333
-2.444598	 	13320.000000
-2.254483	 	13326.666667
