#peak 	 	#time 
-999.999032	 	0.000000
-999.999228	 	6.666667
-999.998892	 	13.333333
-999.999330	 	20.000000
-999.999154	 	26.666667
-999.998943	 	33.333333
-999.999233	 	40.000000
-999.998877	 	46.666667
-999.999665	 	53.333333
-999.999910	 	60.000000
-999.999997	 	66.666667
-1000.000000	 	73.333333
-1000.000000	 	80.000000
-1000.000000	 	86.666667
-1000.000000	 	93.333333
32626.061003	 	100.000000
-999.998850	 	106.666667
-999.998856	 	113.333333
-999.998873	 	120.000000
-999.998854	 	126.666667
-999.998867	 	133.333333
-999.998849	 	140.000000
-999.998861	 	146.666667
-999.998854	 	153.333333
-999.998852	 	160.000000
-999.998851	 	166.666667
-999.998849	 	173.333333
-999.998848	 	180.000000
-999.998848	 	186.666667
-999.998848	 	193.333333
1699.439867	 	200.000000
4156.282997	 	206.666667
-757.270606	 	213.333333
-954.667972	 	220.000000
-804.657080	 	226.666667
-445.072161	 	233.333333
142.134647	 	240.000000
241.968396	 	246.666667
377.649051	 	253.333333
-70.451864	 	260.000000
-393.643799	 	266.666667
-210.200230	 	273.333333
431.022699	 	280.000000
17.823092	 	286.666667
-326.143991	 	293.333333
86.075091	 	300.000000
253.451624	 	306.666667
72.039774	 	313.333333
-350.356115	 	320.000000
-142.754290	 	326.666667
94.919284	 	333.333333
103.928767	 	340.000000
-121.828606	 	346.666667
-52.595490	 	353.333333
213.824441	 	360.000000
159.940609	 	366.666667
-138.272391	 	373.333333
25.600889	 	380.000000
-332.591624	 	386.666667
138.808120	 	393.333333
-201.217861	 	400.000000
-0.170076	 	406.666667
214.165805	 	413.333333
362.789731	 	420.000000
-293.645260	 	426.666667
-215.582627	 	433.333333
-281.654921	 	440.000000
612.667505	 	446.666667
-41.648976	 	453.333333
26.055303	 	460.000000
-283.606831	 	466.666667
7.948875	 	473.333333
-64.584087	 	480.000000
341.670444	 	486.666667
-332.975322	 	493.333333
190.529930	 	500.000000
54.086439	 	506.666667
157.395788	 	513.333333
-256.218167	 	520.000000
-57.334388	 	526.666667
-70.337217	 	533.333333
261.248550	 	540.000000
12.129168	 	546.666667
238.736947	 	553.333333
-298.049782	 	560.000000
18.044924	 	566.666667
-169.034953	 	573.333333
8.282614	 	580.000000
171.482622	 	586.666667
93.572481	 	593.333333
31.553313	 	600.000000
17.410625	 	606.666667
-127.279466	 	613.333333
-13.991731	 	620.000000
-6.259609	 	626.666667
-71.943670	 	633.333333
271.385554	 	640.000000
-68.684178	 	646.666667
3.337481	 	653.333333
-84.843217	 	660.000000
-161.235635	 	666.666667
172.374692	 	673.333333
155.767615	 	680.000000
-98.973443	 	686.666667
-58.771233	 	693.333333
33.938634	 	700.000000
-23.032259	 	706.666667
-19.779347	 	713.333333
81.308579	 	720.000000
49.279337	 	726.666667
-16.575969	 	733.333333
-4.726191	 	740.000000
-98.716157	 	746.666667
-46.098195	 	753.333333
71.456484	 	760.000000
88.331785	 	766.666667
30.115086	 	773.333333
-70.130611	 	780.000000
10.334428	 	786.666667
4.669344	 	793.333333
-65.621224	 	800.000000
63.419702	 	806.666667
48.877367	 	813.333333
42.469615	 	820.000000
-66.710696	 	826.666667
-28.706015	 	833.333333
86.947162	 	840.000000
-24.172531	 	846.666667
-84.142177	 	853.333333
102.442442	 	860.000000
62.101296	 	866.666667
-27.649236	 	873.333333
-53.269432	 	880.000000
-3.601019	 	886.666667
7.252649	 	893.333333
21.820022	 	900.000000
22.569938	 	906.666667
2.813161	 	913.333333
-22.160397	 	920.000000
-19.436789	 	926.666667
-6.031561	 	933.333333
92.876332	 	940.000000
-4.971145	 	946.666667
-10.431358	 	953.333333
-78.929144	 	960.000000
0.821774	 	966.666667
12.481777	 	973.333333
85.247517	 	980.000000
51.383274	 	986.666667
-13.121241	 	993.333333
-63.757116	 	1000.000000
-36.574940	 	1006.666667
23.741089	 	1013.333333
41.338002	 	1020.000000
30.492254	 	1026.666667
-27.532201	 	1033.333333
-20.648502	 	1040.000000
-10.881004	 	1046.666667
71.833504	 	1053.333333
-9.101845	 	1060.000000
-16.523758	 	1066.666667
0.977983	 	1073.333333
13.103128	 	1080.000000
20.732076	 	1086.666667
7.850024	 	1093.333333
-18.661718	 	1100.000000
13.811021	 	1106.666667
-0.873508	 	1113.333333
0.105517	 	1120.000000
13.649007	 	1126.666667
27.173136	 	1133.333333
-29.771750	 	1140.000000
-15.397531	 	1146.666667
26.090098	 	1153.333333
25.980794	 	1160.000000
13.440813	 	1166.666667
-16.866055	 	1173.333333
-8.538851	 	1180.000000
9.965406	 	1186.666667
28.805858	 	1193.333333
-8.762343	 	1200.000000
-6.462363	 	1206.666667
10.939798	 	1213.333333
8.042308	 	1220.000000
7.438939	 	1226.666667
20.459598	 	1233.333333
-17.831518	 	1240.000000
-19.512877	 	1246.666667
13.101163	 	1253.333333
20.148245	 	1260.000000
11.921649	 	1266.666667
-2.718961	 	1273.333333
7.314869	 	1280.000000
-39.032997	 	1286.666667
40.883080	 	1293.333333
40.491337	 	1300.000000
-4.253236	 	1306.666667
-34.054749	 	1313.333333
5.271576	 	1320.000000
8.187332	 	1326.666667
29.540238	 	1333.333333
-0.642339	 	1340.000000
-6.346128	 	1346.666667
-19.256363	 	1353.333333
24.560532	 	1360.000000
8.838567	 	1366.666667
6.654927	 	1373.333333
-13.346363	 	1380.000000
17.589301	 	1386.666667
3.859954	 	1393.333333
-12.485203	 	1400.000000
-3.426617	 	1406.666667
25.544658	 	1413.333333
15.732618	 	1420.000000
3.184186	 	1426.666667
-8.335788	 	1433.333333
6.213971	 	1440.000000
7.150637	 	1446.666667
-0.185601	 	1453.333333
2.032819	 	1460.000000
-3.667424	 	1466.666667
13.261472	 	1473.333333
29.090591	 	1480.000000
-6.190304	 	1486.666667
-1.708176	 	1493.333333
-15.695202	 	1500.000000
18.659596	 	1506.666667
15.099535	 	1513.333333
17.541935	 	1520.000000
-17.794883	 	1526.666667
-34.954182	 	1533.333333
22.223670	 	1540.000000
37.307444	 	1546.666667
3.805875	 	1553.333333
-16.452161	 	1560.000000
2.531487	 	1566.666667
10.758225	 	1573.333333
5.334934	 	1580.000000
4.986181	 	1586.666667
-21.492501	 	1593.333333
25.754842	 	1600.000000
36.087906	 	1606.666667
12.045104	 	1613.333333
-46.067744	 	1620.000000
-19.071501	 	1626.666667
33.981465	 	1633.333333
26.153951	 	1640.000000
9.090241	 	1646.666667
-3.395714	 	1653.333333
-26.600754	 	1660.000000
1.173718	 	1666.666667
7.416956	 	1673.333333
38.887263	 	1680.000000
-5.130030	 	1686.666667
0.973056	 	1693.333333
2.054102	 	1700.000000
9.892878	 	1706.666667
-21.137954	 	1713.333333
6.044393	 	1720.000000
20.882866	 	1726.666667
-4.167648	 	1733.333333
3.582789	 	1740.000000
19.354133	 	1746.666667
-19.598388	 	1753.333333
24.182897	 	1760.000000
-8.562947	 	1766.666667
-15.837752	 	1773.333333
26.213705	 	1780.000000
20.376038	 	1786.666667
-3.613711	 	1793.333333
-8.923577	 	1800.000000
-0.208440	 	1806.666667
-0.123254	 	1813.333333
16.383433	 	1820.000000
14.347530	 	1826.666667
5.673949	 	1833.333333
-5.605170	 	1840.000000
-16.221477	 	1846.666667
5.499659	 	1853.333333
14.484734	 	1860.000000
19.762050	 	1866.666667
-2.621685	 	1873.333333
-6.043566	 	1880.000000
23.300827	 	1886.666667
-16.348609	 	1893.333333
-7.557481	 	1900.000000
11.509279	 	1906.666667
30.629384	 	1913.333333
3.584312	 	1920.000000
-19.051422	 	1926.666667
-0.858800	 	1933.333333
1.951195	 	1940.000000
18.556890	 	1946.666667
11.797895	 	1953.333333
-13.266592	 	1960.000000
-4.708494	 	1966.666667
12.828992	 	1973.333333
5.033951	 	1980.000000
-6.087118	 	1986.666667
25.827092	 	1993.333333
10.055802	 	2000.000000
5.446896	 	2006.666667
11.048316	 	2013.333333
-15.699181	 	2020.000000
1.140183	 	2026.666667
-9.915486	 	2033.333333
17.610862	 	2040.000000
18.236155	 	2046.666667
-8.049928	 	2053.333333
17.430644	 	2060.000000
-32.790192	 	2066.666667
11.135468	 	2073.333333
26.382451	 	2080.000000
10.826263	 	2086.666667
-9.290320	 	2093.333333
-3.172539	 	2100.000000
-2.563074	 	2106.666667
-2.038151	 	2113.333333
38.891853	 	2120.000000
17.335826	 	2126.666667
-21.474940	 	2133.333333
-14.405967	 	2140.000000
-3.581951	 	2146.666667
30.567782	 	2153.333333
-12.119318	 	2160.000000
28.111017	 	2166.666667
2.291554	 	2173.333333
4.804841	 	2180.000000
-13.714680	 	2186.666667
11.957432	 	2193.333333
5.652361	 	2200.000000
-1.464197	 	2206.666667
6.316302	 	2213.333333
13.175867	 	2220.000000
-6.024659	 	2226.666667
11.679372	 	2233.333333
-12.077048	 	2240.000000
11.206836	 	2246.666667
10.926103	 	2253.333333
2.161095	 	2260.000000
12.500551	 	2266.666667
-3.382425	 	2273.333333
11.590162	 	2280.000000
-28.379037	 	2286.666667
13.071382	 	2293.333333
34.712323	 	2300.000000
-0.687276	 	2306.666667
8.563323	 	2313.333333
-25.438595	 	2320.000000
-9.870821	 	2326.666667
2.498411	 	2333.333333
26.787390	 	2340.000000
19.360949	 	2346.666667
15.507536	 	2353.333333
-33.488849	 	2360.000000
22.888053	 	2366.666667
8.473884	 	2373.333333
11.710208	 	2380.000000
-18.164696	 	2386.666667
3.413710	 	2393.333333
-7.357430	 	2400.000000
44.723195	 	2406.666667
-11.612313	 	2413.333333
19.896676	 	2420.000000
-25.344245	 	2426.666667
20.930690	 	2433.333333
-21.420309	 	2440.000000
16.521899	 	2446.666667
28.906883	 	2453.333333
-14.752885	 	2460.000000
-16.989422	 	2466.666667
22.300079	 	2473.333333
3.819315	 	2480.000000
35.742658	 	2486.666667
-21.385521	 	2493.333333
-32.588277	 	2500.000000
13.307469	 	2506.666667
36.678863	 	2513.333333
23.290344	 	2520.000000
-9.747687	 	2526.666667
-4.047668	 	2533.333333
-9.718621	 	2540.000000
6.750437	 	2546.666667
10.645829	 	2553.333333
25.495743	 	2560.000000
0.887391	 	2566.666667
-37.101013	 	2573.333333
0.010221	 	2580.000000
35.941897	 	2586.666667
6.794892	 	2593.333333
-12.629081	 	2600.000000
9.858396	 	2606.666667
19.622561	 	2613.333333
4.489971	 	2620.000000
-4.103731	 	2626.666667
-29.406010	 	2633.333333
19.364509	 	2640.000000
29.599276	 	2646.666667
2.566759	 	2653.333333
8.211762	 	2660.000000
-6.087513	 	2666.666667
0.976015	 	2673.333333
-29.757735	 	2680.000000
17.714213	 	2686.666667
54.821721	 	2693.333333
-25.597965	 	2700.000000
-3.251152	 	2706.666667
-14.267600	 	2713.333333
17.872522	 	2720.000000
27.156822	 	2726.666667
4.399516	 	2733.333333
-15.698945	 	2740.000000
12.858635	 	2746.666667
-1.153585	 	2753.333333
6.155461	 	2760.000000
-7.589419	 	2766.666667
6.596295	 	2773.333333
20.531520	 	2780.000000
4.628698	 	2786.666667
0.204130	 	2793.333333
-4.773980	 	2800.000000
-3.743632	 	2806.666667
15.601474	 	2813.333333
26.017706	 	2820.000000
-4.958561	 	2826.666667
-12.543471	 	2833.333333
10.756536	 	2840.000000
21.913915	 	2846.666667
-9.848659	 	2853.333333
-8.501109	 	2860.000000
12.520984	 	2866.666667
11.837751	 	2873.333333
25.492707	 	2880.000000
-11.975095	 	2886.666667
-25.215593	 	2893.333333
22.159129	 	2900.000000
8.507923	 	2906.666667
-3.835152	 	2913.333333
24.469424	 	2920.000000
-20.622724	 	2926.666667
24.880651	 	2933.333333
-20.146374	 	2940.000000
12.255343	 	2946.666667
11.435689	 	2953.333333
41.546680	 	2960.000000
-22.940633	 	2966.666667
-18.759345	 	2973.333333
-9.746232	 	2980.000000
43.449744	 	2986.666667
21.872924	 	2993.333333
-1.310103	 	3000.000000
-35.259176	 	3006.666667
27.640241	 	3013.333333
18.123410	 	3020.000000
2.573038	 	3026.666667
-39.051535	 	3033.333333
22.337243	 	3040.000000
16.635263	 	3046.666667
4.444660	 	3053.333333
7.801718	 	3060.000000
22.313866	 	3066.666667
3.794607	 	3073.333333
-20.343400	 	3080.000000
-0.114261	 	3086.666667
15.288054	 	3093.333333
-3.184198	 	3100.000000
-3.708702	 	3106.666667
12.590109	 	3113.333333
40.195262	 	3120.000000
8.094828	 	3126.666667
-34.686565	 	3133.333333
-32.732878	 	3140.000000
57.553828	 	3146.666667
150.034337	 	3153.333333
138.363472	 	3160.000000
203.226227	 	3166.666667
238.879489	 	3173.333333
173.911122	 	3180.000000
222.480316	 	3186.666667
770.431569	 	3193.333333
2650.425655	 	3200.000000
6408.641489	 	3206.666667
7065.558127	 	3213.333333
3821.715492	 	3220.000000
2138.388563	 	3226.666667
2606.393610	 	3233.333333
4292.541285	 	3240.000000
5608.730513	 	3246.666667
6007.023818	 	3253.333333
5739.772952	 	3260.000000
5357.721291	 	3266.666667
5563.806692	 	3273.333333
5828.710618	 	3280.000000
6247.083829	 	3286.666667
6358.931400	 	3293.333333
6098.372871	 	3300.000000
5848.520764	 	3306.666667
6057.749865	 	3313.333333
5656.717839	 	3320.000000
5717.131271	 	3326.666667
5749.861764	 	3333.333333
5895.537971	 	3340.000000
5479.570793	 	3346.666667
5268.590938	 	3353.333333
4927.407002	 	3360.000000
4913.822669	 	3366.666667
4795.859761	 	3373.333333
4811.435005	 	3380.000000
4449.421599	 	3386.666667
4318.525068	 	3393.333333
3843.559653	 	3400.000000
3851.755959	 	3406.666667
3988.379741	 	3413.333333
3872.384171	 	3420.000000
3381.781178	 	3426.666667
3251.000490	 	3433.333333
3217.931729	 	3440.000000
3315.863955	 	3446.666667
3398.626782	 	3453.333333
3213.205879	 	3460.000000
3069.618218	 	3466.666667
3002.754104	 	3473.333333
2865.103884	 	3480.000000
2674.559670	 	3486.666667
2540.840960	 	3493.333333
2602.523380	 	3500.000000
2804.369513	 	3506.666667
2746.967077	 	3513.333333
2605.459216	 	3520.000000
2390.581818	 	3526.666667
2271.784423	 	3533.333333
2315.012072	 	3540.000000
2381.985603	 	3546.666667
2350.859566	 	3553.333333
2302.250486	 	3560.000000
2178.570002	 	3566.666667
2076.698781	 	3573.333333
2053.305573	 	3580.000000
2016.103747	 	3586.666667
2052.320667	 	3593.333333
2107.922166	 	3600.000000
2189.333671	 	3606.666667
2129.485879	 	3613.333333
1823.564695	 	3620.000000
1736.489315	 	3626.666667
1767.539718	 	3633.333333
2002.733985	 	3640.000000
2076.738217	 	3646.666667
1873.015993	 	3653.333333
1697.525173	 	3660.000000
1654.620628	 	3666.666667
1690.376832	 	3673.333333
1838.760552	 	3680.000000
1763.189173	 	3686.666667
1651.965407	 	3693.333333
1667.749621	 	3700.000000
1672.917253	 	3706.666667
1624.650155	 	3713.333333
1608.102170	 	3720.000000
1520.912001	 	3726.666667
1496.938678	 	3733.333333
1601.871317	 	3740.000000
1577.549017	 	3746.666667
1564.971390	 	3753.333333
1451.650768	 	3760.000000
1383.389086	 	3766.666667
1400.511795	 	3773.333333
1481.696686	 	3780.000000
1449.390080	 	3786.666667
1360.919965	 	3793.333333
1332.030839	 	3800.000000
1413.213322	 	3806.666667
1412.632782	 	3813.333333
1354.925925	 	3820.000000
1209.921508	 	3826.666667
1259.791713	 	3833.333333
1243.411339	 	3840.000000
1298.090279	 	3846.666667
1270.667852	 	3853.333333
1222.258535	 	3860.000000
1170.125727	 	3866.666667
1175.491360	 	3873.333333
1194.475710	 	3880.000000
1141.677577	 	3886.666667
1158.750335	 	3893.333333
1134.793054	 	3900.000000
1116.010220	 	3906.666667
1106.384097	 	3913.333333
1096.370572	 	3920.000000
983.539121	 	3926.666667
1040.113769	 	3933.333333
1060.767232	 	3940.000000
1077.690024	 	3946.666667
1039.020567	 	3953.333333
994.172037	 	3960.000000
933.707454	 	3966.666667
958.205113	 	3973.333333
922.269517	 	3980.000000
984.891899	 	3986.666667
970.499832	 	3993.333333
964.035919	 	4000.000000
921.197680	 	4006.666667
859.712080	 	4013.333333
812.685154	 	4020.000000
889.970066	 	4026.666667
866.876995	 	4033.333333
898.040525	 	4040.000000
908.453894	 	4046.666667
816.034980	 	4053.333333
753.608873	 	4060.000000
749.775332	 	4066.666667
827.908219	 	4073.333333
834.919547	 	4080.000000
804.958142	 	4086.666667
785.557197	 	4093.333333
740.421420	 	4100.000000
702.540724	 	4106.666667
737.577942	 	4113.333333
728.757743	 	4120.000000
697.158336	 	4126.666667
778.823379	 	4133.333333
734.841416	 	4140.000000
663.774322	 	4146.666667
632.080802	 	4153.333333
698.979915	 	4160.000000
662.489093	 	4166.666667
709.263503	 	4173.333333
662.694137	 	4180.000000
677.016292	 	4186.666667
570.787767	 	4193.333333
622.577680	 	4200.000000
612.352455	 	4206.666667
663.886846	 	4213.333333
677.918788	 	4220.000000
601.178126	 	4226.666667
557.444669	 	4233.333333
517.949643	 	4240.000000
638.417556	 	4246.666667
578.613308	 	4253.333333
629.156190	 	4260.000000
563.291418	 	4266.666667
547.253056	 	4273.333333
525.269068	 	4280.000000
562.083678	 	4286.666667
532.881831	 	4293.333333
565.057170	 	4300.000000
523.457307	 	4306.666667
541.767150	 	4313.333333
438.216797	 	4320.000000
568.794695	 	4326.666667
432.667297	 	4333.333333
596.144253	 	4340.000000
421.790701	 	4346.666667
577.575996	 	4353.333333
406.570150	 	4360.000000
509.987290	 	4366.666667
420.046278	 	4373.333333
486.175796	 	4380.000000
457.918100	 	4386.666667
457.320780	 	4393.333333
404.357761	 	4400.000000
457.696480	 	4406.666667
367.767487	 	4413.333333
572.286510	 	4420.000000
346.576538	 	4426.666667
448.578371	 	4433.333333
340.928644	 	4440.000000
457.884302	 	4446.666667
390.518797	 	4453.333333
385.240650	 	4460.000000
401.944200	 	4466.666667
399.794440	 	4473.333333
416.949312	 	4480.000000
344.760521	 	4486.666667
370.238175	 	4493.333333
346.363988	 	4500.000000
320.803654	 	4506.666667
438.838751	 	4513.333333
277.733728	 	4520.000000
477.754560	 	4526.666667
257.861654	 	4533.333333
324.562539	 	4540.000000
305.693321	 	4546.666667
392.506610	 	4553.333333
440.670722	 	4560.000000
224.473083	 	4566.666667
356.012741	 	4573.333333
262.829035	 	4580.000000
336.153057	 	4586.666667
329.821939	 	4593.333333
280.782788	 	4600.000000
368.951262	 	4606.666667
260.169874	 	4613.333333
330.640395	 	4620.000000
260.675236	 	4626.666667
251.519080	 	4633.333333
336.663285	 	4640.000000
255.635774	 	4646.666667
331.863274	 	4653.333333
156.615966	 	4660.000000
549.437003	 	4666.666667
34.086720	 	4673.333333
304.061133	 	4680.000000
256.274289	 	4686.666667
387.509144	 	4693.333333
230.975389	 	4700.000000
299.463707	 	4706.666667
-35.191107	 	4713.333333
642.821027	 	4720.000000
174.971378	 	4726.666667
153.544277	 	4733.333333
65.211590	 	4740.000000
498.025973	 	4746.666667
232.556741	 	4753.333333
197.633845	 	4760.000000
61.596612	 	4766.666667
481.868244	 	4773.333333
222.770655	 	4780.000000
75.047688	 	4786.666667
188.068309	 	4793.333333
424.258911	 	4800.000000
143.789841	 	4806.666667
315.159865	 	4813.333333
-75.324609	 	4820.000000
369.862077	 	4826.666667
281.244843	 	4833.333333
184.418386	 	4840.000000
148.387102	 	4846.666667
248.433947	 	4853.333333
237.493150	 	4860.000000
175.910991	 	4866.666667
183.985208	 	4873.333333
130.311672	 	4880.000000
248.402780	 	4886.666667
237.514333	 	4893.333333
112.000439	 	4900.000000
243.079335	 	4906.666667
224.436401	 	4913.333333
87.392795	 	4920.000000
145.440450	 	4926.666667
323.961454	 	4933.333333
201.424141	 	4940.000000
-29.503796	 	4946.666667
266.917002	 	4953.333333
162.639839	 	4960.000000
275.446658	 	4966.666667
70.437032	 	4973.333333
114.993212	 	4980.000000
273.198551	 	4986.666667
73.200857	 	4993.333333
158.152193	 	5000.000000
203.584579	 	5006.666667
144.854398	 	5013.333333
225.948750	 	5020.000000
67.191325	 	5026.666667
99.636768	 	5033.333333
178.357868	 	5040.000000
277.711712	 	5046.666667
54.311071	 	5053.333333
209.306624	 	5060.000000
37.342024	 	5066.666667
119.571587	 	5073.333333
243.486009	 	5080.000000
152.138111	 	5086.666667
143.582222	 	5093.333333
86.963499	 	5100.000000
81.391031	 	5106.666667
229.177726	 	5113.333333
122.008533	 	5120.000000
78.464508	 	5126.666667
97.598612	 	5133.333333
213.186950	 	5140.000000
143.920187	 	5146.666667
113.798344	 	5153.333333
80.561802	 	5160.000000
85.906265	 	5166.666667
220.458161	 	5173.333333
95.791259	 	5180.000000
97.457059	 	5186.666667
119.528017	 	5193.333333
87.312661	 	5200.000000
117.554433	 	5206.666667
143.775283	 	5213.333333
106.457135	 	5220.000000
132.442212	 	5226.666667
136.769615	 	5233.333333
27.859580	 	5240.000000
132.780721	 	5246.666667
131.067606	 	5253.333333
39.587357	 	5260.000000
162.339102	 	5266.666667
110.629563	 	5273.333333
89.300987	 	5280.000000
104.995999	 	5286.666667
81.940323	 	5293.333333
99.507007	 	5300.000000
88.781648	 	5306.666667
99.207853	 	5313.333333
75.050908	 	5320.000000
126.162360	 	5326.666667
104.147307	 	5333.333333
119.372186	 	5340.000000
36.215770	 	5346.666667
61.822400	 	5353.333333
131.991394	 	5360.000000
90.991803	 	5366.666667
102.381975	 	5373.333333
87.881100	 	5380.000000
41.774344	 	5386.666667
108.806366	 	5393.333333
114.959439	 	5400.000000
81.997673	 	5406.666667
36.439586	 	5413.333333
102.872477	 	5420.000000
104.948523	 	5426.666667
63.168844	 	5433.333333
81.557778	 	5440.000000
27.166143	 	5446.666667
114.412289	 	5453.333333
143.879363	 	5460.000000
70.799653	 	5466.666667
61.980503	 	5473.333333
42.995442	 	5480.000000
48.179309	 	5486.666667
125.825274	 	5493.333333
85.179963	 	5500.000000
81.139986	 	5506.666667
38.528579	 	5513.333333
45.735351	 	5520.000000
97.193977	 	5526.666667
116.028369	 	5533.333333
31.142915	 	5540.000000
50.804347	 	5546.666667
82.617755	 	5553.333333
100.732781	 	5560.000000
62.810847	 	5566.666667
40.593859	 	5573.333333
30.234831	 	5580.000000
86.930354	 	5586.666667
89.902855	 	5593.333333
69.649340	 	5600.000000
55.267539	 	5606.666667
57.817652	 	5613.333333
45.445134	 	5620.000000
76.406526	 	5626.666667
59.044887	 	5633.333333
63.890808	 	5640.000000
49.002971	 	5646.666667
32.966017	 	5653.333333
73.466248	 	5660.000000
101.148923	 	5666.666667
39.491005	 	5673.333333
35.786059	 	5680.000000
22.242247	 	5686.666667
62.736832	 	5693.333333
84.422254	 	5700.000000
70.407125	 	5706.666667
48.419359	 	5713.333333
73.180452	 	5720.000000
14.686375	 	5726.666667
35.781044	 	5733.333333
62.439575	 	5740.000000
57.463970	 	5746.666667
74.795420	 	5753.333333
43.232481	 	5760.000000
35.043046	 	5766.666667
44.353395	 	5773.333333
51.377719	 	5780.000000
42.676995	 	5786.666667
68.890283	 	5793.333333
71.878767	 	5800.000000
23.483917	 	5806.666667
15.083382	 	5813.333333
33.910991	 	5820.000000
71.234600	 	5826.666667
67.549542	 	5833.333333
32.915174	 	5840.000000
46.815553	 	5846.666667
37.655022	 	5853.333333
32.194492	 	5860.000000
28.301768	 	5866.666667
45.454537	 	5873.333333
76.823207	 	5880.000000
40.264130	 	5886.666667
31.192394	 	5893.333333
23.345066	 	5900.000000
53.137672	 	5906.666667
24.241573	 	5913.333333
25.858099	 	5920.000000
48.724250	 	5926.666667
81.445735	 	5933.333333
-1.539629	 	5940.000000
25.491268	 	5946.666667
38.570315	 	5953.333333
44.409627	 	5960.000000
35.925729	 	5966.666667
64.454399	 	5973.333333
21.685845	 	5980.000000
51.967942	 	5986.666667
24.883427	 	5993.333333
11.816665	 	6000.000000
33.621004	 	6006.666667
62.872752	 	6013.333333
33.374285	 	6020.000000
19.095951	 	6026.666667
42.808514	 	6033.333333
65.999573	 	6040.000000
17.265921	 	6046.666667
16.381312	 	6053.333333
13.656729	 	6060.000000
64.221735	 	6066.666667
50.945407	 	6073.333333
-8.624501	 	6080.000000
37.110593	 	6086.666667
59.055971	 	6093.333333
26.331876	 	6100.000000
43.082708	 	6106.666667
-12.844515	 	6113.333333
17.892321	 	6120.000000
46.585708	 	6126.666667
64.964418	 	6133.333333
28.291756	 	6140.000000
25.210435	 	6146.666667
-5.864161	 	6153.333333
57.370688	 	6160.000000
26.716789	 	6166.666667
34.377863	 	6173.333333
-7.982158	 	6180.000000
56.928867	 	6186.666667
28.035246	 	6193.333333
21.447460	 	6200.000000
1.095288	 	6206.666667
33.774615	 	6213.333333
46.222894	 	6220.000000
50.404978	 	6226.666667
16.700072	 	6233.333333
17.679040	 	6240.000000
5.163530	 	6246.666667
48.006952	 	6253.333333
23.498484	 	6260.000000
27.610550	 	6266.666667
9.703468	 	6273.333333
32.684026	 	6280.000000
36.072845	 	6286.666667
1.998027	 	6293.333333
24.354452	 	6300.000000
12.099453	 	6306.666667
28.510950	 	6313.333333
21.652379	 	6320.000000
36.550902	 	6326.666667
25.880011	 	6333.333333
26.339532	 	6340.000000
3.917405	 	6346.666667
-0.776167	 	6353.333333
33.180370	 	6360.000000
59.074807	 	6366.666667
8.947268	 	6373.333333
-7.385991	 	6380.000000
16.449004	 	6386.666667
39.702083	 	6393.333333
28.740664	 	6400.000000
5.113981	 	6406.666667
29.599370	 	6413.333333
32.531918	 	6420.000000
36.183477	 	6426.666667
-10.073542	 	6433.333333
2.511522	 	6440.000000
15.609140	 	6446.666667
46.826799	 	6453.333333
33.861588	 	6460.000000
20.018748	 	6466.666667
9.909363	 	6473.333333
22.953930	 	6480.000000
-3.846138	 	6486.666667
20.026879	 	6493.333333
35.596274	 	6500.000000
31.149268	 	6506.666667
10.747310	 	6513.333333
2.570483	 	6520.000000
-0.664818	 	6526.666667
55.374181	 	6533.333333
35.627268	 	6540.000000
-16.829608	 	6546.666667
29.405828	 	6553.333333
29.748559	 	6560.000000
32.996979	 	6566.666667
5.902892	 	6573.333333
4.843148	 	6580.000000
34.460303	 	6586.666667
17.409307	 	6593.333333
19.825013	 	6600.000000
24.907154	 	6606.666667
14.376656	 	6613.333333
25.309621	 	6620.000000
-8.618168	 	6626.666667
6.472768	 	6633.333333
9.558993	 	6640.000000
40.224614	 	6646.666667
32.017345	 	6653.333333
14.944835	 	6660.000000
4.245676	 	6666.666667
-15.667322	 	6673.333333
8.400907	 	6680.000000
41.774368	 	6686.666667
14.223768	 	6693.333333
16.821581	 	6700.000000
14.545858	 	6706.666667
21.885857	 	6713.333333
2.112831	 	6720.000000
19.605911	 	6726.666667
14.326992	 	6733.333333
-0.602349	 	6740.000000
17.077440	 	6746.666667
46.930192	 	6753.333333
-0.749343	 	6760.000000
-0.794260	 	6766.666667
26.512255	 	6773.333333
8.407125	 	6780.000000
14.840270	 	6786.666667
27.949197	 	6793.333333
-2.312566	 	6800.000000
7.247689	 	6806.666667
18.316673	 	6813.333333
9.283681	 	6820.000000
2.283673	 	6826.666667
27.879668	 	6833.333333
36.516405	 	6840.000000
-3.215257	 	6846.666667
12.772005	 	6853.333333
18.062402	 	6860.000000
1.162345	 	6866.666667
2.908828	 	6873.333333
14.763279	 	6880.000000
22.883418	 	6886.666667
31.275460	 	6893.333333
-4.762602	 	6900.000000
18.235187	 	6906.666667
15.148533	 	6913.333333
17.723066	 	6920.000000
-7.606593	 	6926.666667
22.460092	 	6933.333333
28.787872	 	6940.000000
20.355423	 	6946.666667
-6.141117	 	6953.333333
-20.576416	 	6960.000000
35.876761	 	6966.666667
28.362313	 	6973.333333
-12.022655	 	6980.000000
28.426399	 	6986.666667
15.571971	 	6993.333333
15.343211	 	7000.000000
0.048889	 	7006.666667
-7.381712	 	7013.333333
-0.027923	 	7020.000000
22.175013	 	7026.666667
28.276950	 	7033.333333
3.938888	 	7040.000000
1.872863	 	7046.666667
10.252452	 	7053.333333
-10.626714	 	7060.000000
19.288571	 	7066.666667
21.301204	 	7073.333333
27.493180	 	7080.000000
-3.114579	 	7086.666667
-9.038282	 	7093.333333
0.800112	 	7100.000000
23.454172	 	7106.666667
3.984028	 	7113.333333
7.507752	 	7120.000000
20.133637	 	7126.666667
6.642721	 	7133.333333
-25.701067	 	7140.000000
29.091158	 	7146.666667
13.614634	 	7153.333333
40.053433	 	7160.000000
-2.164595	 	7166.666667
-21.034729	 	7173.333333
-1.869458	 	7180.000000
36.130881	 	7186.666667
8.466811	 	7193.333333
4.741535	 	7200.000000
0.521507	 	7206.666667
28.055545	 	7213.333333
-9.243319	 	7220.000000
0.218230	 	7226.666667
-2.552070	 	7233.333333
30.524129	 	7240.000000
10.191610	 	7246.666667
21.243878	 	7253.333333
3.556072	 	7260.000000
-17.908227	 	7266.666667
8.413641	 	7273.333333
27.457655	 	7280.000000
19.901734	 	7286.666667
18.874743	 	7293.333333
-3.374768	 	7300.000000
-7.087510	 	7306.666667
-1.798475	 	7313.333333
33.527717	 	7320.000000
22.573400	 	7326.666667
3.694717	 	7333.333333
-10.895026	 	7340.000000
-3.219413	 	7346.666667
8.284020	 	7353.333333
32.720672	 	7360.000000
5.322905	 	7366.666667
3.635464	 	7373.333333
-8.280398	 	7380.000000
3.280932	 	7386.666667
14.102120	 	7393.333333
24.311461	 	7400.000000
-23.134064	 	7406.666667
12.739535	 	7413.333333
18.042259	 	7420.000000
-13.231625	 	7426.666667
7.824140	 	7433.333333
-0.952977	 	7440.000000
10.799206	 	7446.666667
28.718475	 	7453.333333
9.602765	 	7460.000000
-0.311450	 	7466.666667
-12.662835	 	7473.333333
6.134804	 	7480.000000
-8.762482	 	7486.666667
2.354598	 	7493.333333
42.453574	 	7500.000000
-10.199265	 	7506.666667
-14.420648	 	7513.333333
12.763318	 	7520.000000
15.909533	 	7526.666667
4.621829	 	7533.333333
-5.855727	 	7540.000000
1.985274	 	7546.666667
16.720398	 	7553.333333
9.540593	 	7560.000000
21.911916	 	7566.666667
0.645849	 	7573.333333
4.576290	 	7580.000000
-6.216483	 	7586.666667
4.016102	 	7593.333333
0.769615	 	7600.000000
27.241467	 	7606.666667
3.335597	 	7613.333333
-12.702926	 	7620.000000
10.660762	 	7626.666667
9.356289	 	7633.333333
-4.926631	 	7640.000000
22.763297	 	7646.666667
2.652666	 	7653.333333
8.657085	 	7660.000000
-24.868417	 	7666.666667
0.388586	 	7673.333333
7.194580	 	7680.000000
30.779802	 	7686.666667
2.833123	 	7693.333333
5.356015	 	7700.000000
-17.781931	 	7706.666667
34.174430	 	7713.333333
12.640002	 	7720.000000
-2.262194	 	7726.666667
-22.670026	 	7733.333333
12.442509	 	7740.000000
-6.490732	 	7746.666667
38.662261	 	7753.333333
6.243807	 	7760.000000
14.625061	 	7766.666667
-17.657207	 	7773.333333
-11.014244	 	7780.000000
-0.098291	 	7786.666667
33.747227	 	7793.333333
-8.097818	 	7800.000000
27.593773	 	7806.666667
-29.064372	 	7813.333333
8.627770	 	7820.000000
-1.268750	 	7826.666667
26.287084	 	7833.333333
-4.197292	 	7840.000000
3.479752	 	7846.666667
-10.388553	 	7853.333333
14.729795	 	7860.000000
27.106251	 	7866.666667
3.477896	 	7873.333333
-27.486432	 	7880.000000
-1.495753	 	7886.666667
1.720423	 	7893.333333
34.256690	 	7900.000000
-2.265241	 	7906.666667
-4.794625	 	7913.333333
4.746455	 	7920.000000
12.803941	 	7926.666667
2.767521	 	7933.333333
-7.657687	 	7940.000000
-3.464924	 	7946.666667
14.233466	 	7953.333333
9.536256	 	7960.000000
6.017019	 	7966.666667
-20.480780	 	7973.333333
25.522002	 	7980.000000
9.626568	 	7986.666667
-12.397789	 	7993.333333
-0.450946	 	8000.000000
26.084245	 	8006.666667
-4.981282	 	8013.333333
-15.076529	 	8020.000000
3.077639	 	8026.666667
21.088510	 	8033.333333
10.124356	 	8040.000000
7.424291	 	8046.666667
-22.755118	 	8053.333333
11.015719	 	8060.000000
11.140807	 	8066.666667
16.737082	 	8073.333333
-3.091529	 	8080.000000
0.533793	 	8086.666667
28.673029	 	8093.333333
-25.371408	 	8100.000000
-12.671132	 	8106.666667
5.987902	 	8113.333333
4.621457	 	8120.000000
-2.232295	 	8126.666667
18.731388	 	8133.333333
23.189601	 	8140.000000
-3.687508	 	8146.666667
-20.262096	 	8153.333333
-8.612719	 	8160.000000
-4.041312	 	8166.666667
56.082426	 	8173.333333
-18.692933	 	8180.000000
5.159128	 	8186.666667
-36.234290	 	8193.333333
32.098629	 	8200.000000
34.238868	 	8206.666667
-2.500923	 	8213.333333
-27.588432	 	8220.000000
5.188615	 	8226.666667
5.623632	 	8233.333333
38.110224	 	8240.000000
-16.541745	 	8246.666667
-1.450045	 	8253.333333
-13.621856	 	8260.000000
15.526830	 	8266.666667
11.651661	 	8273.333333
5.720535	 	8280.000000
-6.645264	 	8286.666667
-13.671670	 	8293.333333
-2.236570	 	8300.000000
35.924196	 	8306.666667
-11.283699	 	8313.333333
-11.391136	 	8320.000000
-16.482616	 	8326.666667
43.633122	 	8333.333333
-7.871498	 	8340.000000
8.784786	 	8346.666667
0.487370	 	8353.333333
-2.611679	 	8360.000000
-4.860420	 	8366.666667
11.713756	 	8373.333333
-14.055689	 	8380.000000
18.939279	 	8386.666667
9.855278	 	8393.333333
0.776999	 	8400.000000
-22.974026	 	8406.666667
-3.861344	 	8413.333333
3.489764	 	8420.000000
23.438255	 	8426.666667
-19.447209	 	8433.333333
21.412295	 	8440.000000
-12.853501	 	8446.666667
2.885381	 	8453.333333
-0.737816	 	8460.000000
6.873876	 	8466.666667
3.730079	 	8473.333333
18.240699	 	8480.000000
-21.296776	 	8486.666667
19.153457	 	8493.333333
-4.402325	 	8500.000000
0.277371	 	8506.666667
3.929361	 	8513.333333
6.314513	 	8520.000000
3.986619	 	8526.666667
-3.570883	 	8533.333333
-6.271621	 	8540.000000
-8.108004	 	8546.666667
11.466342	 	8553.333333
9.663011	 	8560.000000
4.852115	 	8566.666667
9.318274	 	8573.333333
-24.203237	 	8580.000000
4.889725	 	8586.666667
24.272937	 	8593.333333
-3.957465	 	8600.000000
5.342451	 	8606.666667
-1.527564	 	8613.333333
-19.562691	 	8620.000000
13.094097	 	8626.666667
28.965285	 	8633.333333
-4.058963	 	8640.000000
-9.737625	 	8646.666667
14.991770	 	8653.333333
-13.584954	 	8660.000000
-2.536113	 	8666.666667
1.232123	 	8673.333333
-8.556519	 	8680.000000
21.158115	 	8686.666667
17.557178	 	8693.333333
-2.413478	 	8700.000000
-19.702645	 	8706.666667
-3.265296	 	8713.333333
16.250187	 	8720.000000
15.984123	 	8726.666667
15.002139	 	8733.333333
-10.072485	 	8740.000000
-48.420510	 	8746.666667
5.802932	 	8753.333333
18.557417	 	8760.000000
33.354476	 	8766.666667
-13.932632	 	8773.333333
4.495627	 	8780.000000
-29.152426	 	8786.666667
9.787366	 	8793.333333
2.975330	 	8800.000000
12.287541	 	8806.666667
-20.157076	 	8813.333333
15.743024	 	8820.000000
-6.933918	 	8826.666667
23.331601	 	8833.333333
-5.449815	 	8840.000000
9.311944	 	8846.666667
-33.541299	 	8853.333333
10.218561	 	8860.000000
2.619596	 	8866.666667
30.101286	 	8873.333333
-22.253094	 	8880.000000
-18.447707	 	8886.666667
-12.860199	 	8893.333333
28.443143	 	8900.000000
7.311241	 	8906.666667
25.352058	 	8913.333333
-25.747516	 	8920.000000
-13.416174	 	8926.666667
-5.766678	 	8933.333333
23.511622	 	8940.000000
2.611319	 	8946.666667
13.670460	 	8953.333333
-15.800051	 	8960.000000
5.267490	 	8966.666667
17.348996	 	8973.333333
-8.907551	 	8980.000000
-10.355768	 	8986.666667
-4.673104	 	8993.333333
10.446333	 	9000.000000
19.018649	 	9006.666667
-12.803473	 	9013.333333
-17.439853	 	9020.000000
9.859514	 	9026.666667
-6.922871	 	9033.333333
10.212637	 	9040.000000
3.346024	 	9046.666667
7.753529	 	9053.333333
-38.149304	 	9060.000000
14.140666	 	9066.666667
2.756005	 	9073.333333
3.784745	 	9080.000000
19.976219	 	9086.666667
12.461587	 	9093.333333
-21.142699	 	9100.000000
7.146791	 	9106.666667
-27.011368	 	9113.333333
12.795624	 	9120.000000
13.651375	 	9126.666667
18.698484	 	9133.333333
-15.089063	 	9140.000000
-9.589326	 	9146.666667
-19.346224	 	9153.333333
38.782289	 	9160.000000
2.794326	 	9166.666667
-11.985861	 	9173.333333
-6.379697	 	9180.000000
15.427873	 	9186.666667
-9.057747	 	9193.333333
-0.472620	 	9200.000000
-7.276283	 	9206.666667
27.055700	 	9213.333333
-3.577616	 	9220.000000
-2.629509	 	9226.666667
-19.751264	 	9233.333333
3.099726	 	9240.000000
6.895515	 	9246.666667
34.426724	 	9253.333333
-26.306305	 	9260.000000
9.494003	 	9266.666667
-5.972380	 	9273.333333
-19.949733	 	9280.000000
14.242025	 	9286.666667
28.345391	 	9293.333333
-10.602940	 	9300.000000
5.846455	 	9306.666667
-27.219753	 	9313.333333
7.320653	 	9320.000000
4.774488	 	9326.666667
4.857942	 	9333.333333
6.031631	 	9340.000000
-3.315350	 	9346.666667
-9.510482	 	9353.333333
-7.966338	 	9360.000000
-3.396200	 	9366.666667
21.674173	 	9373.333333
6.716838	 	9380.000000
-3.685281	 	9386.666667
0.035200	 	9393.333333
-3.575519	 	9400.000000
8.299377	 	9406.666667
-25.286497	 	9413.333333
8.573019	 	9420.000000
21.281833	 	9426.666667
14.239413	 	9433.333333
-23.795041	 	9440.000000
-11.950718	 	9446.666667
-15.059566	 	9453.333333
18.834014	 	9460.000000
13.569723	 	9466.666667
6.198792	 	9473.333333
8.930937	 	9480.000000
-7.918303	 	9486.666667
-26.313770	 	9493.333333
19.530293	 	9500.000000
-2.743640	 	9506.666667
18.983555	 	9513.333333
-11.733927	 	9520.000000
6.119699	 	9526.666667
-5.893598	 	9533.333333
9.301675	 	9540.000000
-12.823336	 	9546.666667
-7.213721	 	9553.333333
-8.087555	 	9560.000000
34.140816	 	9566.666667
-17.262836	 	9573.333333
7.924446	 	9580.000000
3.976650	 	9586.666667
11.972400	 	9593.333333
-24.358461	 	9600.000000
2.273904	 	9606.666667
-7.630681	 	9613.333333
31.054885	 	9620.000000
-11.944906	 	9626.666667
-5.733277	 	9633.333333
1.199852	 	9640.000000
16.334379	 	9646.666667
-26.839724	 	9653.333333
15.467994	 	9660.000000
-9.194910	 	9666.666667
34.387874	 	9673.333333
-24.685816	 	9680.000000
-0.785071	 	9686.666667
-17.357759	 	9693.333333
17.732614	 	9700.000000
-26.062410	 	9706.666667
19.630300	 	9713.333333
-15.365918	 	9720.000000
16.585511	 	9726.666667
7.820149	 	9733.333333
-12.474538	 	9740.000000
-16.551809	 	9746.666667
24.584737	 	9753.333333
-19.749155	 	9760.000000
-7.537159	 	9766.666667
1.014595	 	9773.333333
6.993542	 	9780.000000
-2.450858	 	9786.666667
-4.650531	 	9793.333333
0.199664	 	9800.000000
18.137584	 	9806.666667
-20.843112	 	9813.333333
15.566300	 	9820.000000
4.161165	 	9826.666667
-20.282669	 	9833.333333
3.983553	 	9840.000000
-13.223835	 	9846.666667
-1.228906	 	9853.333333
11.054356	 	9860.000000
14.847294	 	9866.666667
-0.922291	 	9873.333333
-7.707192	 	9880.000000
-17.544311	 	9886.666667
-2.511425	 	9893.333333
18.329019	 	9900.000000
27.039892	 	9906.666667
-34.977975	 	9913.333333
-8.647784	 	9920.000000
2.721860	 	9926.666667
15.772953	 	9933.333333
-1.490528	 	9940.000000
-3.073923	 	9946.666667
-3.541092	 	9953.333333
0.550034	 	9960.000000
-2.479701	 	9966.666667
1.357018	 	9973.333333
-26.202348	 	9980.000000
38.211944	 	9986.666667
-14.199676	 	9993.333333
16.510311	 	10000.000000
-20.000755	 	10006.666667
-10.980341	 	10013.333333
5.297852	 	10020.000000
16.707738	 	10026.666667
-18.220615	 	10033.333333
13.702942	 	10040.000000
0.769919	 	10046.666667
-1.111701	 	10053.333333
-23.707017	 	10060.000000
13.360813	 	10066.666667
-11.353156	 	10073.333333
30.739298	 	10080.000000
-20.548717	 	10086.666667
6.374003	 	10093.333333
-23.328762	 	10100.000000
3.107274	 	10106.666667
2.270519	 	10113.333333
23.016722	 	10120.000000
-19.785844	 	10126.666667
11.524302	 	10133.333333
-46.063553	 	10140.000000
20.285542	 	10146.666667
6.074861	 	10153.333333
25.058366	 	10160.000000
-25.468753	 	10166.666667
0.938609	 	10173.333333
-25.067147	 	10180.000000
17.560534	 	10186.666667
4.275985	 	10193.333333
-0.280440	 	10200.000000
-14.374616	 	10206.666667
-8.006360	 	10213.333333
-9.147207	 	10220.000000
36.323294	 	10226.666667
-20.987065	 	10233.333333
15.380044	 	10240.000000
-21.191588	 	10246.666667
9.254155	 	10253.333333
-13.367760	 	10260.000000
-0.443571	 	10266.666667
-11.539609	 	10273.333333
37.318079	 	10280.000000
-6.602403	 	10286.666667
-10.330470	 	10293.333333
-18.406898	 	10300.000000
9.227042	 	10306.666667
-15.174306	 	10313.333333
33.554258	 	10320.000000
-27.053610	 	10326.666667
-6.183411	 	10333.333333
10.841831	 	10340.000000
14.208982	 	10346.666667
-11.019679	 	10353.333333
2.041192	 	10360.000000
-22.982512	 	10366.666667
8.422986	 	10373.333333
1.249176	 	10380.000000
1.095123	 	10386.666667
13.709537	 	10393.333333
15.337639	 	10400.000000
-36.148090	 	10406.666667
10.657697	 	10413.333333
-24.139925	 	10420.000000
13.090500	 	10426.666667
10.857590	 	10433.333333
-6.383154	 	10440.000000
-5.895322	 	10446.666667
4.352065	 	10453.333333
4.524634	 	10460.000000
-19.349665	 	10466.666667
8.200353	 	10473.333333
-2.889628	 	10480.000000
-4.788159	 	10486.666667
10.660791	 	10493.333333
0.205648	 	10500.000000
-5.588300	 	10506.666667
-13.413697	 	10513.333333
-9.573106	 	10520.000000
28.086489	 	10526.666667
3.529064	 	10533.333333
-12.213931	 	10540.000000
-11.902235	 	10546.666667
-4.088791	 	10553.333333
-1.109806	 	10560.000000
-1.810466	 	10566.666667
5.483444	 	10573.333333
4.517305	 	10580.000000
-2.020144	 	10586.666667
17.160735	 	10593.333333
-17.684110	 	10600.000000
-5.964722	 	10606.666667
-25.252246	 	10613.333333
8.385213	 	10620.000000
17.935656	 	10626.666667
8.035184	 	10633.333333
-16.914603	 	10640.000000
-3.059856	 	10646.666667
-16.137077	 	10653.333333
-3.138198	 	10660.000000
17.184016	 	10666.666667
10.658705	 	10673.333333
-16.541001	 	10680.000000
0.589072	 	10686.666667
-9.797185	 	10693.333333
13.898749	 	10700.000000
-24.266678	 	10706.666667
7.006369	 	10713.333333
-2.232677	 	10720.000000
13.393625	 	10726.666667
-6.128217	 	10733.333333
-8.887289	 	10740.000000
-17.170353	 	10746.666667
27.794724	 	10753.333333
13.810128	 	10760.000000
-16.993082	 	10766.666667
-20.275233	 	10773.333333
-10.615947	 	10780.000000
2.557688	 	10786.666667
8.651019	 	10793.333333
-6.647995	 	10800.000000
8.232198	 	10806.666667
2.380766	 	10813.333333
-5.452233	 	10820.000000
6.911686	 	10826.666667
-1.950710	 	10833.333333
-4.337425	 	10840.000000
3.977933	 	10846.666667
-11.397469	 	10853.333333
-3.540263	 	10860.000000
12.755809	 	10866.666667
-5.436492	 	10873.333333
5.321541	 	10880.000000
-5.015597	 	10886.666667
-0.311246	 	10893.333333
3.719914	 	10900.000000
-11.321575	 	10906.666667
-5.496974	 	10913.333333
-10.592086	 	10920.000000
2.191001	 	10926.666667
-0.553481	 	10933.333333
-1.875629	 	10940.000000
-1.454017	 	10946.666667
10.549454	 	10953.333333
10.212174	 	10960.000000
-24.823321	 	10966.666667
-23.555469	 	10973.333333
-8.682489	 	10980.000000
24.789675	 	10986.666667
24.049267	 	10993.333333
-6.997437	 	11000.000000
5.976048	 	11006.666667
-36.058170	 	11013.333333
1.585544	 	11020.000000
-22.925261	 	11026.666667
31.029514	 	11033.333333
8.205688	 	11040.000000
-7.516806	 	11046.666667
-24.868151	 	11053.333333
5.596876	 	11060.000000
10.463814	 	11066.666667
7.430534	 	11073.333333
-16.728545	 	11080.000000
12.778190	 	11086.666667
2.079192	 	11093.333333
-15.096327	 	11100.000000
-19.555747	 	11106.666667
-0.831163	 	11113.333333
16.088232	 	11120.000000
16.777208	 	11126.666667
-13.842333	 	11133.333333
0.938798	 	11140.000000
-33.931007	 	11146.666667
10.790950	 	11153.333333
9.597824	 	11160.000000
-5.293719	 	11166.666667
1.339270	 	11173.333333
-4.522021	 	11180.000000
-27.069835	 	11186.666667
6.837193	 	11193.333333
8.580609	 	11200.000000
5.142936	 	11206.666667
-3.534569	 	11213.333333
-9.350246	 	11220.000000
-2.833264	 	11226.666667
11.164938	 	11233.333333
-27.243785	 	11240.000000
12.581055	 	11246.666667
3.830233	 	11253.333333
-4.478511	 	11260.000000
8.488137	 	11266.666667
0.382601	 	11273.333333
-34.619043	 	11280.000000
10.806481	 	11286.666667
3.555170	 	11293.333333
-4.861437	 	11300.000000
-3.904300	 	11306.666667
1.397253	 	11313.333333
5.658948	 	11320.000000
-6.765554	 	11326.666667
-19.498189	 	11333.333333
2.229624	 	11340.000000
16.752601	 	11346.666667
-16.264223	 	11353.333333
4.585452	 	11360.000000
-19.447527	 	11366.666667
-1.184527	 	11373.333333
-4.797692	 	11380.000000
8.730744	 	11386.666667
2.411505	 	11393.333333
11.396340	 	11400.000000
-30.938213	 	11406.666667
21.832396	 	11413.333333
-16.506513	 	11420.000000
2.753257	 	11426.666667
-8.540109	 	11433.333333
19.332956	 	11440.000000
-15.425247	 	11446.666667
10.022032	 	11453.333333
-14.227551	 	11460.000000
-8.675330	 	11466.666667
-6.267957	 	11473.333333
23.976527	 	11480.000000
-27.008828	 	11486.666667
2.262067	 	11493.333333
-9.217267	 	11500.000000
17.650479	 	11506.666667
-12.281461	 	11513.333333
-15.250629	 	11520.000000
-10.537449	 	11526.666667
8.586770	 	11533.333333
10.379341	 	11540.000000
-7.844279	 	11546.666667
-12.556195	 	11553.333333
3.323689	 	11560.000000
10.148887	 	11566.666667
4.105611	 	11573.333333
-19.034281	 	11580.000000
1.151207	 	11586.666667
-19.640388	 	11593.333333
22.892489	 	11600.000000
-4.413138	 	11606.666667
-22.720291	 	11613.333333
0.984908	 	11620.000000
20.931417	 	11626.666667
-12.767622	 	11633.333333
9.194359	 	11640.000000
-7.984723	 	11646.666667
-15.904974	 	11653.333333
-19.294169	 	11660.000000
3.568971	 	11666.666667
21.399547	 	11673.333333
17.227308	 	11680.000000
-26.261784	 	11686.666667
-9.996429	 	11693.333333
-2.581403	 	11700.000000
16.600696	 	11706.666667
-9.473977	 	11713.333333
-13.920510	 	11720.000000
-1.084158	 	11726.666667
7.819022	 	11733.333333
-5.275437	 	11740.000000
-0.673024	 	11746.666667
-21.406172	 	11753.333333
2.299474	 	11760.000000
11.210993	 	11766.666667
7.078120	 	11773.333333
-32.369287	 	11780.000000
-18.030613	 	11786.666667
-0.275926	 	11793.333333
36.207480	 	11800.000000
8.485819	 	11806.666667
-7.570905	 	11813.333333
-44.866850	 	11820.000000
3.023428	 	11826.666667
0.661895	 	11833.333333
16.179585	 	11840.000000
-13.745838	 	11846.666667
20.336277	 	11853.333333
-10.938297	 	11860.000000
-19.813203	 	11866.666667
-29.947334	 	11873.333333
4.841420	 	11880.000000
33.136547	 	11886.666667
23.164925	 	11893.333333
-17.666126	 	11900.000000
-30.344741	 	11906.666667
-27.960013	 	11913.333333
-7.096769	 	11920.000000
51.854424	 	11926.666667
-12.100943	 	11933.333333
8.950236	 	11940.000000
-27.114331	 	11946.666667
-16.248549	 	11953.333333
-17.415788	 	11960.000000
31.256146	 	11966.666667
-17.999752	 	11973.333333
9.287573	 	11980.000000
22.140177	 	11986.666667
17.049739	 	11993.333333
-60.634487	 	12000.000000
-7.882274	 	12006.666667
6.967147	 	12013.333333
8.072223	 	12020.000000
38.861322	 	12026.666667
-12.916143	 	12033.333333
-59.841874	 	12040.000000
-29.568463	 	12046.666667
57.269845	 	12053.333333
-22.750206	 	12060.000000
9.299465	 	12066.666667
47.386366	 	12073.333333
-31.876552	 	12080.000000
-55.135491	 	12086.666667
6.322503	 	12093.333333
-5.108430	 	12100.000000
99.089765	 	12106.666667
-21.960750	 	12113.333333
-40.585494	 	12120.000000
-42.823177	 	12126.666667
-9.906716	 	12133.333333
-13.160460	 	12140.000000
43.344526	 	12146.666667
81.825605	 	12153.333333
-92.466114	 	12160.000000
79.822171	 	12166.666667
-76.087906	 	12173.333333
-98.718554	 	12180.000000
6.788408	 	12186.666667
86.403990	 	12193.333333
187.718050	 	12200.000000
-175.379023	 	12206.666667
-76.598229	 	12213.333333
-9.186934	 	12220.000000
13.263614	 	12226.666667
106.001721	 	12233.333333
-12.505500	 	12240.000000
4.263825	 	12246.666667
-107.298388	 	12253.333333
-85.023210	 	12260.000000
222.831596	 	12266.666667
-21.264856	 	12273.333333
-96.406016	 	12280.000000
-27.395492	 	12286.666667
-19.303564	 	12293.333333
63.646524	 	12300.000000
137.333405	 	12306.666667
-39.749449	 	12313.333333
-164.444895	 	12320.000000
-121.160489	 	12326.666667
167.125222	 	12333.333333
156.454443	 	12340.000000
-112.713198	 	12346.666667
-71.809325	 	12353.333333
-174.763705	 	12360.000000
397.809546	 	12366.666667
-216.557997	 	12373.333333
-6.274676	 	12380.000000
-19.439965	 	12386.666667
248.178208	 	12393.333333
-464.921088	 	12400.000000
241.460305	 	12406.666667
105.525172	 	12413.333333
-145.192216	 	12420.000000
-36.119237	 	12426.666667
-12.379055	 	12433.333333
149.987266	 	12440.000000
208.356386	 	12446.666667
-498.846353	 	12453.333333
-107.138682	 	12460.000000
539.149428	 	12466.666667
-80.753390	 	12473.333333
-37.683032	 	12480.000000
-255.017285	 	12486.666667
10.111131	 	12493.333333
-199.973183	 	12500.000000
289.163953	 	12506.666667
198.569841	 	12513.333333
550.585511	 	12520.000000
-691.886728	 	12526.666667
-371.651370	 	12533.333333
-503.556734	 	12540.000000
1135.238367	 	12546.666667
-228.800196	 	12553.333333
387.023744	 	12560.000000
-401.948377	 	12566.666667
-282.071000	 	12573.333333
-16.032681	 	12580.000000
-170.129582	 	12586.666667
874.265980	 	12593.333333
-363.694177	 	12600.000000
16.363911	 	12606.666667
-255.258217	 	12613.333333
-334.552310	 	12620.000000
101.061975	 	12626.666667
775.834940	 	12633.333333
93.619814	 	12640.000000
-920.138185	 	12646.666667
138.011932	 	12653.333333
793.499709	 	12660.000000
-801.237082	 	12666.666667
-530.984227	 	12673.333333
1195.216991	 	12680.000000
321.260467	 	12686.666667
-732.536472	 	12693.333333
-879.602629	 	12700.000000
1404.571999	 	12706.666667
-558.829813	 	12713.333333
-798.774971	 	12720.000000
1061.285636	 	12726.666667
785.484123	 	12733.333333
-732.847775	 	12740.000000
-912.547213	 	12746.666667
-556.911096	 	12753.333333
1826.247745	 	12760.000000
-614.515035	 	12766.666667
-10.938298	 	12773.333333
452.014368	 	12780.000000
-536.171693	 	12786.666667
-337.029587	 	12793.333333
528.469139	 	12800.000000
-466.146254	 	12806.666667
-632.067105	 	12813.333333
2174.896660	 	12820.000000
-679.960819	 	12826.666667
-992.391224	 	12833.333333
163.572921	 	12840.000000
-45.859226	 	12846.666667
-912.344203	 	12853.333333
2695.866576	 	12860.000000
-968.220944	 	12866.666667
-307.589905	 	12873.333333
-906.852331	 	12880.000000
-822.919413	 	12886.666667
2341.936145	 	12893.333333
-862.282105	 	12900.000000
901.958542	 	12906.666667
-654.656197	 	12913.333333
-13.520880	 	12920.000000
-976.557101	 	12926.666667
192.923149	 	12933.333333
-997.954640	 	12940.000000
3215.445624	 	12946.666667
-991.764262	 	12953.333333
167.656191	 	12960.000000
-993.181905	 	12966.666667
-922.814621	 	12973.333333
-955.220257	 	12980.000000
3797.722825	 	12986.666667
-848.306082	 	12993.333333
-935.479125	 	13000.000000
-999.673592	 	13006.666667
2264.489038	 	13013.333333
-999.262448	 	13020.000000
-981.540032	 	13026.666667
-976.600859	 	13033.333333
3149.100741	 	13040.000000
-758.342533	 	13046.666667
-42.176410	 	13053.333333
-999.631443	 	13060.000000
-948.268544	 	13066.666667
386.789244	 	13073.333333
2850.716740	 	13080.000000
-860.734590	 	13086.666667
-998.006072	 	13093.333333
-543.611148	 	13100.000000
-148.394676	 	13106.666667
-999.875231	 	13113.333333
2717.592796	 	13120.000000
-892.546428	 	13126.666667
600.133221	 	13133.333333
-612.090396	 	13140.000000
-988.201086	 	13146.666667
1533.820351	 	13153.333333
-758.486518	 	13160.000000
326.594658	 	13166.666667
-998.660298	 	13173.333333
-980.129866	 	13180.000000
3485.614545	 	13186.666667
-793.429238	 	13193.333333
-993.954738	 	13200.000000
-999.972488	 	13206.666667
1562.623652	 	13213.333333
-999.198258	 	13220.000000
-999.998848	 	13226.666667
-999.997434	 	13233.333333
1942.738540	 	13240.000000
4666.396850	 	13246.666667
-999.998848	 	13253.333333
-999.998848	 	13260.000000
-999.998849	 	13266.666667
-999.998848	 	13273.333333
-999.998864	 	13280.000000
-999.998854	 	13286.666667
-999.998893	 	13293.333333
-999.998898	 	13300.000000
-999.998937	 	13306.666667
-999.998861	 	13313.333333
-999.999046	 	13320.000000
-999.999054	 	13326.666667
