#peak 	 	#time 
-999.999015	 	0.000000
-999.999296	 	6.666667
-999.999454	 	13.333333
-999.999061	 	20.000000
-999.999558	 	26.666667
-999.999670	 	33.333333
-999.999516	 	40.000000
-999.999883	 	46.666667
-999.999981	 	53.333333
-1000.000000	 	60.000000
-1000.000000	 	66.666667
-1000.000000	 	73.333333
-1000.000000	 	80.000000
-1000.000000	 	86.666667
32902.499437	 	93.333333
-999.998854	 	100.000000
-999.998861	 	106.666667
-999.998861	 	113.333333
-999.998854	 	120.000000
-999.998871	 	126.666667
-999.998861	 	133.333333
-999.998866	 	140.000000
-999.998856	 	146.666667
-999.998852	 	153.333333
-999.998851	 	160.000000
-999.998851	 	166.666667
-999.998851	 	173.333333
-999.998852	 	180.000000
-999.998851	 	186.666667
-999.988733	 	193.333333
3117.058057	 	200.000000
2820.363874	 	206.666667
-786.856773	 	213.333333
-904.789698	 	220.000000
-772.474058	 	226.666667
-150.024489	 	233.333333
600.300272	 	240.000000
331.845361	 	246.666667
-106.297874	 	253.333333
-414.517581	 	260.000000
-5.894905	 	266.666667
331.531548	 	273.333333
-172.665868	 	280.000000
-212.220279	 	286.666667
74.811540	 	293.333333
-355.426621	 	300.000000
301.523827	 	306.666667
130.190848	 	313.333333
-252.362654	 	320.000000
-41.830339	 	326.666667
-149.553162	 	333.333333
351.610679	 	340.000000
297.907132	 	346.666667
-283.886096	 	353.333333
-38.536409	 	360.000000
-251.364866	 	366.666667
-139.399348	 	373.333333
286.718848	 	380.000000
-142.012680	 	386.666667
50.979683	 	393.333333
75.627370	 	400.000000
-259.857092	 	406.666667
327.207948	 	413.333333
125.386869	 	420.000000
-100.798058	 	426.666667
-77.758433	 	433.333333
-133.718326	 	440.000000
20.344102	 	446.666667
-95.585075	 	453.333333
172.489962	 	460.000000
250.016141	 	466.666667
-166.022780	 	473.333333
-157.324409	 	480.000000
19.716142	 	486.666667
-13.060322	 	493.333333
-25.452872	 	500.000000
94.786795	 	506.666667
139.793342	 	513.333333
205.421833	 	520.000000
-223.484077	 	526.666667
-146.091154	 	533.333333
81.894792	 	540.000000
115.787402	 	546.666667
-126.073718	 	553.333333
-46.967495	 	560.000000
201.410479	 	566.666667
-19.827147	 	573.333333
-239.716091	 	580.000000
141.094664	 	586.666667
147.074133	 	593.333333
65.044095	 	600.000000
-136.050019	 	606.666667
-100.415848	 	613.333333
-61.859768	 	620.000000
-6.468359	 	626.666667
117.766127	 	633.333333
226.493792	 	640.000000
-120.501135	 	646.666667
-20.344986	 	653.333333
-90.184567	 	660.000000
-3.398350	 	666.666667
203.383951	 	673.333333
-163.418863	 	680.000000
-0.557369	 	686.666667
10.275949	 	693.333333
-51.722391	 	700.000000
85.931055	 	706.666667
-12.221693	 	713.333333
-87.935196	 	720.000000
67.457731	 	726.666667
94.486905	 	733.333333
90.163384	 	740.000000
-181.380853	 	746.666667
-31.246863	 	753.333333
16.370909	 	760.000000
-41.847774	 	766.666667
111.882480	 	773.333333
47.598018	 	780.000000
-8.188406	 	786.666667
12.093945	 	793.333333
-107.870751	 	800.000000
-22.479765	 	806.666667
79.084480	 	813.333333
23.607260	 	820.000000
-47.232921	 	826.666667
49.136680	 	833.333333
-27.314704	 	840.000000
88.368045	 	846.666667
11.134804	 	853.333333
-70.416408	 	860.000000
-93.746892	 	866.666667
-2.899872	 	873.333333
105.981437	 	880.000000
143.723409	 	886.666667
-38.220644	 	893.333333
-110.493487	 	900.000000
-115.366923	 	906.666667
35.420363	 	913.333333
140.361092	 	920.000000
12.471365	 	926.666667
-30.284730	 	933.333333
54.721449	 	940.000000
-67.708516	 	946.666667
-66.223874	 	953.333333
30.576518	 	960.000000
59.247650	 	966.666667
37.631935	 	973.333333
-39.798704	 	980.000000
-57.957488	 	986.666667
80.390305	 	993.333333
28.881530	 	1000.000000
-8.776433	 	1006.666667
18.299210	 	1013.333333
-63.371402	 	1020.000000
-10.179462	 	1026.666667
15.751903	 	1033.333333
40.054136	 	1040.000000
20.159268	 	1046.666667
-22.225194	 	1053.333333
-4.786995	 	1060.000000
7.522647	 	1066.666667
-14.728718	 	1073.333333
-24.071035	 	1080.000000
4.360296	 	1086.666667
74.982513	 	1093.333333
13.085089	 	1100.000000
-24.679565	 	1106.666667
-8.184671	 	1113.333333
-6.646358	 	1120.000000
10.000238	 	1126.666667
0.754559	 	1133.333333
-1.356530	 	1140.000000
23.797876	 	1146.666667
9.908569	 	1153.333333
-16.901020	 	1160.000000
-17.814113	 	1166.666667
0.912580	 	1173.333333
33.123704	 	1180.000000
-8.981633	 	1186.666667
-6.495471	 	1193.333333
-0.244455	 	1200.000000
17.595641	 	1206.666667
30.392922	 	1213.333333
6.855460	 	1220.000000
-21.785668	 	1226.666667
-23.208986	 	1233.333333
10.030811	 	1240.000000
27.684435	 	1246.666667
13.746681	 	1253.333333
-6.625309	 	1260.000000
-14.850637	 	1266.666667
-8.411758	 	1273.333333
19.305534	 	1280.000000
9.934681	 	1286.666667
8.530951	 	1293.333333
-1.619821	 	1300.000000
-7.294595	 	1306.666667
9.434368	 	1313.333333
-4.906922	 	1320.000000
0.553390	 	1326.666667
12.790960	 	1333.333333
4.347151	 	1340.000000
25.161145	 	1346.666667
-14.830725	 	1353.333333
-15.098681	 	1360.000000
20.717672	 	1366.666667
19.383471	 	1373.333333
-4.000832	 	1380.000000
-10.547797	 	1386.666667
-7.141996	 	1393.333333
15.880215	 	1400.000000
7.543886	 	1406.666667
4.163852	 	1413.333333
2.510771	 	1420.000000
-3.172062	 	1426.666667
10.334071	 	1433.333333
4.926403	 	1440.000000
-7.914219	 	1446.666667
19.293426	 	1453.333333
3.212092	 	1460.000000
-7.714516	 	1466.666667
9.936698	 	1473.333333
-0.349911	 	1480.000000
0.714941	 	1486.666667
16.714611	 	1493.333333
3.519114	 	1500.000000
4.654143	 	1506.666667
-1.251826	 	1513.333333
-15.540659	 	1520.000000
4.050510	 	1526.666667
21.553154	 	1533.333333
15.379096	 	1540.000000
-17.067557	 	1546.666667
-1.810301	 	1553.333333
18.860071	 	1560.000000
9.987083	 	1566.666667
-2.296141	 	1573.333333
-12.640686	 	1580.000000
-0.228208	 	1586.666667
26.732894	 	1593.333333
8.103892	 	1600.000000
-9.297297	 	1606.666667
-18.320556	 	1613.333333
5.861188	 	1620.000000
24.897208	 	1626.666667
21.438092	 	1633.333333
-11.867062	 	1640.000000
-15.701535	 	1646.666667
-5.487450	 	1653.333333
22.497231	 	1660.000000
7.668845	 	1666.666667
-8.907304	 	1673.333333
-1.613344	 	1680.000000
22.136110	 	1686.666667
6.997670	 	1693.333333
-8.643542	 	1700.000000
-4.191888	 	1706.666667
7.111006	 	1713.333333
-0.381627	 	1720.000000
8.861679	 	1726.666667
0.583330	 	1733.333333
10.574560	 	1740.000000
10.532467	 	1746.666667
-0.346148	 	1753.333333
-0.735662	 	1760.000000
0.439837	 	1766.666667
-6.454121	 	1773.333333
20.268846	 	1780.000000
15.307761	 	1786.666667
-6.495274	 	1793.333333
0.156269	 	1800.000000
-7.942220	 	1806.666667
10.727551	 	1813.333333
16.046108	 	1820.000000
3.101481	 	1826.666667
3.662372	 	1833.333333
-2.257707	 	1840.000000
-6.053091	 	1846.666667
16.188825	 	1853.333333
-9.107754	 	1860.000000
-10.080400	 	1866.666667
26.261146	 	1873.333333
19.493413	 	1880.000000
-8.479898	 	1886.666667
-8.060687	 	1893.333333
7.235070	 	1900.000000
8.705351	 	1906.666667
10.796545	 	1913.333333
2.426148	 	1920.000000
-7.592731	 	1926.666667
19.305843	 	1933.333333
-19.243191	 	1940.000000
-8.098288	 	1946.666667
28.600501	 	1953.333333
-1.960109	 	1960.000000
-4.285512	 	1966.666667
19.041288	 	1973.333333
-15.993810	 	1980.000000
13.352753	 	1986.666667
0.803655	 	1993.333333
-7.912653	 	2000.000000
14.906059	 	2006.666667
7.822321	 	2013.333333
3.774644	 	2020.000000
-0.159017	 	2026.666667
-16.805388	 	2033.333333
20.547048	 	2040.000000
9.916245	 	2046.666667
5.620850	 	2053.333333
-3.806804	 	2060.000000
-7.435585	 	2066.666667
6.168213	 	2073.333333
21.523198	 	2080.000000
-12.764084	 	2086.666667
3.760054	 	2093.333333
20.268416	 	2100.000000
-16.722948	 	2106.666667
-10.467021	 	2113.333333
13.726006	 	2120.000000
24.540964	 	2126.666667
-6.164112	 	2133.333333
10.173572	 	2140.000000
-11.800171	 	2146.666667
9.778217	 	2153.333333
2.207813	 	2160.000000
-10.920417	 	2166.666667
5.543021	 	2173.333333
19.456473	 	2180.000000
6.367414	 	2186.666667
-1.369720	 	2193.333333
-2.578931	 	2200.000000
2.695803	 	2206.666667
6.468817	 	2213.333333
-2.381259	 	2220.000000
12.101941	 	2226.666667
-8.059812	 	2233.333333
8.567713	 	2240.000000
22.973206	 	2246.666667
-25.552545	 	2253.333333
2.226702	 	2260.000000
12.215110	 	2266.666667
-1.222348	 	2273.333333
2.071552	 	2280.000000
7.407205	 	2286.666667
14.621368	 	2293.333333
15.295840	 	2300.000000
-9.573076	 	2306.666667
-18.817037	 	2313.333333
9.524516	 	2320.000000
12.522259	 	2326.666667
15.012799	 	2333.333333
2.972989	 	2340.000000
-12.582839	 	2346.666667
-10.030240	 	2353.333333
4.853593	 	2360.000000
14.831851	 	2366.666667
12.728367	 	2373.333333
2.637687	 	2380.000000
0.659299	 	2386.666667
15.381294	 	2393.333333
0.229367	 	2400.000000
-26.534996	 	2406.666667
-3.900023	 	2413.333333
14.319119	 	2420.000000
29.603454	 	2426.666667
3.334399	 	2433.333333
-18.865879	 	2440.000000
-10.804374	 	2446.666667
11.176153	 	2453.333333
-4.519708	 	2460.000000
27.337162	 	2466.666667
6.327114	 	2473.333333
-18.956850	 	2480.000000
0.857092	 	2486.666667
12.318656	 	2493.333333
8.877647	 	2500.000000
14.423921	 	2506.666667
-17.940277	 	2513.333333
-2.505344	 	2520.000000
-0.628752	 	2526.666667
5.559705	 	2533.333333
30.523889	 	2540.000000
4.235329	 	2546.666667
-23.669359	 	2553.333333
-8.770657	 	2560.000000
12.293600	 	2566.666667
20.351946	 	2573.333333
4.898363	 	2580.000000
-5.836488	 	2586.666667
-13.464742	 	2593.333333
3.812728	 	2600.000000
24.378286	 	2606.666667
8.150793	 	2613.333333
-24.367656	 	2620.000000
-15.642790	 	2626.666667
21.341127	 	2633.333333
36.937222	 	2640.000000
-6.274851	 	2646.666667
-22.066173	 	2653.333333
13.425567	 	2660.000000
3.279664	 	2666.666667
2.838435	 	2673.333333
8.739249	 	2680.000000
-5.924435	 	2686.666667
-0.843907	 	2693.333333
8.496805	 	2700.000000
4.177750	 	2706.666667
13.037754	 	2713.333333
-14.223713	 	2720.000000
-1.686918	 	2726.666667
33.750663	 	2733.333333
8.949581	 	2740.000000
-16.250462	 	2746.666667
-5.556592	 	2753.333333
4.242973	 	2760.000000
5.440466	 	2766.666667
3.427663	 	2773.333333
9.323273	 	2780.000000
-2.581060	 	2786.666667
-1.855843	 	2793.333333
22.688915	 	2800.000000
-21.892158	 	2806.666667
-7.145253	 	2813.333333
31.662878	 	2820.000000
4.805584	 	2826.666667
-14.991493	 	2833.333333
-3.689674	 	2840.000000
18.231355	 	2846.666667
21.799084	 	2853.333333
-38.293717	 	2860.000000
-7.098773	 	2866.666667
38.970177	 	2873.333333
10.565436	 	2880.000000
-5.958197	 	2886.666667
-12.053680	 	2893.333333
13.855353	 	2900.000000
3.730035	 	2906.666667
-5.138456	 	2913.333333
8.235304	 	2920.000000
23.510527	 	2926.666667
-1.807468	 	2933.333333
10.622217	 	2940.000000
-19.084870	 	2946.666667
1.092203	 	2953.333333
8.713558	 	2960.000000
5.019648	 	2966.666667
23.727442	 	2973.333333
-4.589129	 	2980.000000
-30.706152	 	2986.666667
34.860573	 	2993.333333
-5.048510	 	3000.000000
-15.667660	 	3006.666667
19.468991	 	3013.333333
5.778345	 	3020.000000
-2.418678	 	3026.666667
5.616530	 	3033.333333
-5.639942	 	3040.000000
15.583809	 	3046.666667
3.780550	 	3053.333333
16.911474	 	3060.000000
12.418478	 	3066.666667
-24.387700	 	3073.333333
-13.030922	 	3080.000000
13.051396	 	3086.666667
15.862614	 	3093.333333
12.178687	 	3100.000000
-16.765970	 	3106.666667
6.135331	 	3113.333333
18.330393	 	3120.000000
-12.424858	 	3126.666667
5.598989	 	3133.333333
71.107489	 	3140.000000
65.208313	 	3146.666667
3.996193	 	3153.333333
40.357537	 	3160.000000
41.844144	 	3166.666667
6.768347	 	3173.333333
163.344218	 	3180.000000
698.050756	 	3186.666667
1656.214944	 	3193.333333
2412.883233	 	3200.000000
2162.124572	 	3206.666667
2078.153841	 	3213.333333
2594.616813	 	3220.000000
3318.355342	 	3226.666667
4243.272581	 	3233.333333
4660.288193	 	3240.000000
4601.741288	 	3246.666667
4905.279618	 	3253.333333
5013.648307	 	3260.000000
5300.622536	 	3266.666667
5580.601094	 	3273.333333
5202.027690	 	3280.000000
5164.522434	 	3286.666667
5251.775991	 	3293.333333
5291.359211	 	3300.000000
5477.145561	 	3306.666667
5127.280222	 	3313.333333
4898.201808	 	3320.000000
5014.358462	 	3326.666667
4864.914899	 	3333.333333
4754.303298	 	3340.000000
4551.838286	 	3346.666667
4416.711730	 	3353.333333
4234.982307	 	3360.000000
4002.030235	 	3366.666667
3910.320762	 	3373.333333
3947.612281	 	3380.000000
3629.415977	 	3386.666667
3411.297652	 	3393.333333
3441.793207	 	3400.000000
3373.608444	 	3406.666667
3027.909950	 	3413.333333
2786.470821	 	3420.000000
2868.086440	 	3426.666667
2884.469774	 	3433.333333
2751.648834	 	3440.000000
2638.824376	 	3446.666667
2546.668006	 	3453.333333
2493.432085	 	3460.000000
2419.001249	 	3466.666667
2311.217194	 	3473.333333
2287.420526	 	3480.000000
2313.038376	 	3486.666667
2198.346902	 	3493.333333
2217.454382	 	3500.000000
2196.825697	 	3506.666667
1958.250504	 	3513.333333
1853.982957	 	3520.000000
2000.014116	 	3526.666667
1988.801835	 	3533.333333
1933.827455	 	3540.000000
1848.276337	 	3546.666667
1722.774874	 	3553.333333
1740.259897	 	3560.000000
1815.777279	 	3566.666667
1759.801987	 	3573.333333
1718.300652	 	3580.000000
1641.064213	 	3586.666667
1604.662966	 	3593.333333
1578.987101	 	3600.000000
1580.263650	 	3606.666667
1615.673052	 	3613.333333
1558.774279	 	3620.000000
1474.923351	 	3626.666667
1530.816414	 	3633.333333
1495.597723	 	3640.000000
1475.656888	 	3646.666667
1427.068119	 	3653.333333
1360.659846	 	3660.000000
1359.846815	 	3666.666667
1450.400935	 	3673.333333
1442.015203	 	3680.000000
1294.424585	 	3686.666667
1245.572260	 	3693.333333
1323.716992	 	3700.000000
1351.467933	 	3706.666667
1324.229658	 	3713.333333
1207.279809	 	3720.000000
1147.043194	 	3726.666667
1249.822989	 	3733.333333
1267.168379	 	3740.000000
1194.314828	 	3746.666667
1161.768128	 	3753.333333
1114.084292	 	3760.000000
1140.797776	 	3766.666667
1194.630188	 	3773.333333
1102.242629	 	3780.000000
1022.484515	 	3786.666667
1001.946251	 	3793.333333
1090.799315	 	3800.000000
1139.159396	 	3806.666667
1051.694418	 	3813.333333
962.753822	 	3820.000000
995.222464	 	3826.666667
1012.367787	 	3833.333333
984.773976	 	3840.000000
938.087585	 	3846.666667
900.785801	 	3853.333333
921.397730	 	3860.000000
918.119268	 	3866.666667
907.606586	 	3873.333333
914.930168	 	3880.000000
925.583325	 	3886.666667
866.127985	 	3893.333333
834.867806	 	3900.000000
860.815078	 	3906.666667
842.515314	 	3913.333333
819.191646	 	3920.000000
794.910837	 	3926.666667
772.934695	 	3933.333333
790.150002	 	3940.000000
828.822772	 	3946.666667
780.976554	 	3953.333333
753.871695	 	3960.000000
725.793811	 	3966.666667
702.385852	 	3973.333333
762.687200	 	3980.000000
766.022743	 	3986.666667
674.452147	 	3993.333333
647.372535	 	4000.000000
707.039385	 	4006.666667
702.092211	 	4013.333333
677.593909	 	4020.000000
650.914142	 	4026.666667
632.563978	 	4033.333333
652.444136	 	4040.000000
635.036142	 	4046.666667
632.356713	 	4053.333333
631.174639	 	4060.000000
626.059810	 	4066.666667
565.982033	 	4073.333333
601.042392	 	4080.000000
587.719784	 	4086.666667
572.341261	 	4093.333333
541.078881	 	4100.000000
564.942129	 	4106.666667
592.388418	 	4113.333333
573.516843	 	4120.000000
531.498643	 	4126.666667
524.190226	 	4133.333333
533.338999	 	4140.000000
537.066880	 	4146.666667
516.485758	 	4153.333333
509.833477	 	4160.000000
489.653063	 	4166.666667
498.000732	 	4173.333333
490.481967	 	4180.000000
491.825272	 	4186.666667
492.119337	 	4193.333333
439.531272	 	4200.000000
479.745264	 	4206.666667
487.217261	 	4213.333333
474.310472	 	4220.000000
449.956428	 	4226.666667
415.628051	 	4233.333333
458.117210	 	4240.000000
461.933284	 	4246.666667
409.266680	 	4253.333333
430.633941	 	4260.000000
417.598315	 	4266.666667
404.900971	 	4273.333333
427.043726	 	4280.000000
430.724442	 	4286.666667
415.821212	 	4293.333333
361.143672	 	4300.000000
358.451151	 	4306.666667
389.881597	 	4313.333333
405.872111	 	4320.000000
403.717825	 	4326.666667
371.936722	 	4333.333333
331.750375	 	4340.000000
390.452994	 	4346.666667
358.072892	 	4353.333333
341.102259	 	4360.000000
336.152716	 	4366.666667
323.687050	 	4373.333333
380.798128	 	4380.000000
362.282493	 	4386.666667
330.217450	 	4393.333333
290.928086	 	4400.000000
317.118807	 	4406.666667
348.636698	 	4413.333333
296.979124	 	4420.000000
335.458131	 	4426.666667
327.312840	 	4433.333333
281.222810	 	4440.000000
317.705135	 	4446.666667
308.422328	 	4453.333333
263.568869	 	4460.000000
306.194337	 	4466.666667
255.105035	 	4473.333333
286.395600	 	4480.000000
342.114229	 	4486.666667
235.680623	 	4493.333333
285.249209	 	4500.000000
236.252057	 	4506.666667
271.699310	 	4513.333333
328.586901	 	4520.000000
232.803252	 	4526.666667
234.091253	 	4533.333333
294.462094	 	4540.000000
193.157356	 	4546.666667
272.021714	 	4553.333333
293.059853	 	4560.000000
207.862935	 	4566.666667
261.126937	 	4573.333333
230.689424	 	4580.000000
202.161736	 	4586.666667
264.252123	 	4593.333333
225.527308	 	4600.000000
226.569970	 	4606.666667
232.061287	 	4613.333333
227.880604	 	4620.000000
199.004443	 	4626.666667
235.468865	 	4633.333333
220.389898	 	4640.000000
202.053631	 	4646.666667
263.295667	 	4653.333333
114.218403	 	4660.000000
238.645616	 	4666.666667
208.297835	 	4673.333333
163.737255	 	4680.000000
251.920765	 	4686.666667
219.050701	 	4693.333333
52.338241	 	4700.000000
425.170189	 	4706.666667
91.860375	 	4713.333333
99.441381	 	4720.000000
310.354835	 	4726.666667
128.374902	 	4733.333333
157.469592	 	4740.000000
309.138593	 	4746.666667
2.605246	 	4753.333333
252.777745	 	4760.000000
196.143370	 	4766.666667
117.983748	 	4773.333333
281.875465	 	4780.000000
153.921103	 	4786.666667
74.151131	 	4793.333333
220.909288	 	4800.000000
59.561269	 	4806.666667
278.025639	 	4813.333333
174.431646	 	4820.000000
88.171000	 	4826.666667
191.248984	 	4833.333333
167.580049	 	4840.000000
123.626418	 	4846.666667
184.379616	 	4853.333333
122.538994	 	4860.000000
81.029839	 	4866.666667
198.461049	 	4873.333333
191.322844	 	4880.000000
82.100663	 	4886.666667
163.023641	 	4893.333333
176.678285	 	4900.000000
66.710350	 	4906.666667
203.124897	 	4913.333333
144.983253	 	4920.000000
56.597931	 	4926.666667
179.111976	 	4933.333333
140.379683	 	4940.000000
81.722143	 	4946.666667
201.474312	 	4953.333333
117.801637	 	4960.000000
154.918203	 	4966.666667
98.654530	 	4973.333333
96.855720	 	4980.000000
125.234666	 	4986.666667
156.451388	 	4993.333333
108.626893	 	5000.000000
126.160333	 	5006.666667
86.380898	 	5013.333333
121.150560	 	5020.000000
146.778310	 	5026.666667
136.148448	 	5033.333333
88.079936	 	5040.000000
97.785775	 	5046.666667
79.872252	 	5053.333333
137.150119	 	5060.000000
161.549642	 	5066.666667
83.326686	 	5073.333333
60.020894	 	5080.000000
137.867386	 	5086.666667
114.665031	 	5093.333333
134.455389	 	5100.000000
89.648714	 	5106.666667
53.397594	 	5113.333333
118.835732	 	5120.000000
111.830396	 	5126.666667
90.981386	 	5133.333333
98.171673	 	5140.000000
96.718966	 	5146.666667
104.800073	 	5153.333333
112.694578	 	5160.000000
72.509230	 	5166.666667
97.238307	 	5173.333333
95.124715	 	5180.000000
59.840589	 	5186.666667
83.480110	 	5193.333333
144.935639	 	5200.000000
61.089868	 	5206.666667
69.554757	 	5213.333333
105.550797	 	5220.000000
75.417911	 	5226.666667
85.917448	 	5233.333333
94.670587	 	5240.000000
40.794314	 	5246.666667
114.878623	 	5253.333333
105.398133	 	5260.000000
68.822281	 	5266.666667
78.146908	 	5273.333333
65.641227	 	5280.000000
79.932182	 	5286.666667
98.011094	 	5293.333333
38.823055	 	5300.000000
115.330096	 	5306.666667
77.034997	 	5313.333333
49.907551	 	5320.000000
84.550565	 	5326.666667
74.825007	 	5333.333333
77.352713	 	5340.000000
90.177439	 	5346.666667
43.675383	 	5353.333333
69.443531	 	5360.000000
66.852553	 	5366.666667
75.158489	 	5373.333333
62.917832	 	5380.000000
62.994356	 	5386.666667
80.817178	 	5393.333333
78.013388	 	5400.000000
66.842884	 	5406.666667
79.773956	 	5413.333333
34.887408	 	5420.000000
43.765032	 	5426.666667
108.182179	 	5433.333333
74.379545	 	5440.000000
55.097788	 	5446.666667
46.866840	 	5453.333333
35.568580	 	5460.000000
63.082732	 	5466.666667
75.641071	 	5473.333333
72.621849	 	5480.000000
51.694960	 	5486.666667
37.923544	 	5493.333333
37.459510	 	5500.000000
70.815430	 	5506.666667
70.431974	 	5513.333333
61.332435	 	5520.000000
53.315702	 	5526.666667
29.474238	 	5533.333333
62.529525	 	5540.000000
52.828782	 	5546.666667
50.893875	 	5553.333333
63.866365	 	5560.000000
55.559974	 	5566.666667
45.699664	 	5573.333333
57.335219	 	5580.000000
46.453284	 	5586.666667
26.083257	 	5593.333333
44.218028	 	5600.000000
66.490589	 	5606.666667
60.955614	 	5613.333333
43.639621	 	5620.000000
38.630455	 	5626.666667
34.834665	 	5633.333333
42.004581	 	5640.000000
52.044014	 	5646.666667
43.473026	 	5653.333333
60.613210	 	5660.000000
50.110651	 	5666.666667
30.492777	 	5673.333333
39.202404	 	5680.000000
34.515401	 	5686.666667
59.460979	 	5693.333333
51.859495	 	5700.000000
26.024562	 	5706.666667
38.928397	 	5713.333333
54.007389	 	5720.000000
30.203275	 	5726.666667
55.180961	 	5733.333333
44.533498	 	5740.000000
37.660724	 	5746.666667
35.455895	 	5753.333333
22.405192	 	5760.000000
38.302525	 	5766.666667
60.977664	 	5773.333333
41.526584	 	5780.000000
24.945411	 	5786.666667
54.198427	 	5793.333333
58.958077	 	5800.000000
32.358104	 	5806.666667
21.241681	 	5813.333333
16.901761	 	5820.000000
38.532367	 	5826.666667
58.385427	 	5833.333333
28.374892	 	5840.000000
26.031486	 	5846.666667
36.320776	 	5853.333333
37.724934	 	5860.000000
46.074424	 	5866.666667
48.304258	 	5873.333333
20.777597	 	5880.000000
38.983649	 	5886.666667
27.929416	 	5893.333333
40.786071	 	5900.000000
21.510191	 	5906.666667
30.314992	 	5913.333333
26.369555	 	5920.000000
45.342952	 	5926.666667
22.022898	 	5933.333333
29.498827	 	5940.000000
28.009782	 	5946.666667
13.117520	 	5953.333333
39.962159	 	5960.000000
32.144864	 	5966.666667
22.894353	 	5973.333333
21.984438	 	5980.000000
26.791440	 	5986.666667
46.603568	 	5993.333333
30.645778	 	6000.000000
19.247841	 	6006.666667
4.685429	 	6013.333333
33.511077	 	6020.000000
36.944205	 	6026.666667
29.612566	 	6033.333333
36.127934	 	6040.000000
20.908040	 	6046.666667
16.976130	 	6053.333333
31.891364	 	6060.000000
17.997323	 	6066.666667
31.755618	 	6073.333333
60.479362	 	6080.000000
12.242978	 	6086.666667
15.331812	 	6093.333333
14.949330	 	6100.000000
20.896020	 	6106.666667
54.521687	 	6113.333333
21.350698	 	6120.000000
1.447175	 	6126.666667
35.509496	 	6133.333333
28.050899	 	6140.000000
15.054208	 	6146.666667
31.301886	 	6153.333333
21.284033	 	6160.000000
32.703317	 	6166.666667
33.222078	 	6173.333333
16.176991	 	6180.000000
21.071349	 	6186.666667
13.908716	 	6193.333333
25.379452	 	6200.000000
23.498005	 	6206.666667
30.770573	 	6213.333333
41.338938	 	6220.000000
7.702851	 	6226.666667
-1.050450	 	6233.333333
19.611146	 	6240.000000
39.241806	 	6246.666667
27.939435	 	6253.333333
22.223226	 	6260.000000
23.452148	 	6266.666667
7.019679	 	6273.333333
-0.159900	 	6280.000000
20.689861	 	6286.666667
23.767707	 	6293.333333
39.296479	 	6300.000000
11.570110	 	6306.666667
-6.190639	 	6313.333333
33.912432	 	6320.000000
26.595192	 	6326.666667
3.800539	 	6333.333333
30.939297	 	6340.000000
35.897557	 	6346.666667
23.588249	 	6353.333333
2.193531	 	6360.000000
7.286540	 	6366.666667
15.121001	 	6373.333333
21.198489	 	6380.000000
16.016863	 	6386.666667
34.173508	 	6393.333333
41.013853	 	6400.000000
19.083545	 	6406.666667
-3.248190	 	6413.333333
-4.191786	 	6420.000000
27.555717	 	6426.666667
24.237333	 	6433.333333
16.146304	 	6440.000000
13.269198	 	6446.666667
29.283937	 	6453.333333
22.759233	 	6460.000000
9.985088	 	6466.666667
25.160914	 	6473.333333
27.593430	 	6480.000000
1.475655	 	6486.666667
-4.413382	 	6493.333333
27.854617	 	6500.000000
38.595393	 	6506.666667
27.075019	 	6513.333333
-2.321587	 	6520.000000
3.623287	 	6526.666667
17.591646	 	6533.333333
5.319120	 	6540.000000
28.960900	 	6546.666667
33.601562	 	6553.333333
4.047304	 	6560.000000
-12.263876	 	6566.666667
-1.047977	 	6573.333333
50.641540	 	6580.000000
23.045408	 	6586.666667
-0.870502	 	6593.333333
3.726765	 	6600.000000
10.915086	 	6606.666667
13.064192	 	6613.333333
22.530169	 	6620.000000
-4.039348	 	6626.666667
16.457214	 	6633.333333
3.537070	 	6640.000000
25.530643	 	6646.666667
22.316028	 	6653.333333
-5.271027	 	6660.000000
13.538178	 	6666.666667
16.910102	 	6673.333333
21.738492	 	6680.000000
9.455795	 	6686.666667
1.466556	 	6693.333333
20.251043	 	6700.000000
10.481978	 	6706.666667
7.996278	 	6713.333333
23.008735	 	6720.000000
6.800919	 	6726.666667
4.694952	 	6733.333333
25.447042	 	6740.000000
16.971126	 	6746.666667
18.105080	 	6753.333333
6.399796	 	6760.000000
-3.298928	 	6766.666667
21.243266	 	6773.333333
11.602113	 	6780.000000
1.473653	 	6786.666667
3.647448	 	6793.333333
19.460305	 	6800.000000
12.094050	 	6806.666667
29.910564	 	6813.333333
11.082237	 	6820.000000
4.052580	 	6826.666667
-10.674014	 	6833.333333
16.262900	 	6840.000000
30.905024	 	6846.666667
11.377008	 	6853.333333
-20.101948	 	6860.000000
-5.393997	 	6866.666667
30.714671	 	6873.333333
43.331519	 	6880.000000
20.571599	 	6886.666667
-6.606420	 	6893.333333
-25.624820	 	6900.000000
13.100841	 	6906.666667
30.854709	 	6913.333333
18.511209	 	6920.000000
0.452810	 	6926.666667
-15.271044	 	6933.333333
16.382407	 	6940.000000
26.306805	 	6946.666667
-0.432446	 	6953.333333
-4.203963	 	6960.000000
14.958017	 	6966.666667
6.535376	 	6973.333333
15.336042	 	6980.000000
-1.577995	 	6986.666667
10.710032	 	6993.333333
9.216992	 	7000.000000
13.561946	 	7006.666667
28.441343	 	7013.333333
9.893606	 	7020.000000
-18.396113	 	7026.666667
-15.975698	 	7033.333333
18.241613	 	7040.000000
31.814912	 	7046.666667
19.385193	 	7053.333333
8.410952	 	7060.000000
-4.983444	 	7066.666667
-16.678919	 	7073.333333
2.263701	 	7080.000000
20.965808	 	7086.666667
17.936798	 	7093.333333
34.023142	 	7100.000000
5.029268	 	7106.666667
-7.769745	 	7113.333333
-10.303638	 	7120.000000
-0.482775	 	7126.666667
18.640139	 	7133.333333
39.685870	 	7140.000000
15.360020	 	7146.666667
-16.332833	 	7153.333333
-6.568311	 	7160.000000
5.498419	 	7166.666667
21.823410	 	7173.333333
22.361731	 	7180.000000
12.465632	 	7186.666667
-11.352566	 	7193.333333
-7.082175	 	7200.000000
8.754541	 	7206.666667
3.278888	 	7213.333333
28.406879	 	7220.000000
22.625876	 	7226.666667
7.061990	 	7233.333333
-17.201529	 	7240.000000
3.331071	 	7246.666667
10.951130	 	7253.333333
25.698728	 	7260.000000
16.650047	 	7266.666667
-25.860038	 	7273.333333
-0.746392	 	7280.000000
21.842910	 	7286.666667
11.969023	 	7293.333333
4.803182	 	7300.000000
8.455589	 	7306.666667
13.104348	 	7313.333333
20.013008	 	7320.000000
-17.187077	 	7326.666667
-1.380073	 	7333.333333
22.291000	 	7340.000000
11.933550	 	7346.666667
9.627194	 	7353.333333
-0.591442	 	7360.000000
1.047082	 	7366.666667
2.200720	 	7373.333333
9.465025	 	7380.000000
12.862793	 	7386.666667
39.373102	 	7393.333333
-12.049033	 	7400.000000
-26.421167	 	7406.666667
3.043398	 	7413.333333
6.376475	 	7420.000000
17.281019	 	7426.666667
30.087410	 	7433.333333
-2.083654	 	7440.000000
2.967203	 	7446.666667
-13.083277	 	7453.333333
8.212674	 	7460.000000
9.090207	 	7466.666667
-5.693857	 	7473.333333
-6.551615	 	7480.000000
29.114705	 	7486.666667
16.684687	 	7493.333333
16.293964	 	7500.000000
-24.680983	 	7506.666667
-10.436212	 	7513.333333
6.790637	 	7520.000000
10.424684	 	7526.666667
10.793258	 	7533.333333
14.816952	 	7540.000000
-5.327493	 	7546.666667
5.724459	 	7553.333333
7.626098	 	7560.000000
10.864743	 	7566.666667
-2.074424	 	7573.333333
-3.474120	 	7580.000000
10.097140	 	7586.666667
19.668378	 	7593.333333
3.109910	 	7600.000000
2.231580	 	7606.666667
-8.550285	 	7613.333333
23.708803	 	7620.000000
6.178223	 	7626.666667
-2.947496	 	7633.333333
1.575580	 	7640.000000
1.565935	 	7646.666667
7.901080	 	7653.333333
5.170692	 	7660.000000
-18.306948	 	7666.666667
20.615584	 	7673.333333
27.622179	 	7680.000000
0.523075	 	7686.666667
-27.267402	 	7693.333333
-12.703841	 	7700.000000
22.597602	 	7706.666667
27.736699	 	7713.333333
-12.486605	 	7720.000000
4.153429	 	7726.666667
13.861378	 	7733.333333
2.130228	 	7740.000000
-8.133595	 	7746.666667
1.190529	 	7753.333333
1.572640	 	7760.000000
-0.498727	 	7766.666667
-6.883917	 	7773.333333
23.751960	 	7780.000000
11.093486	 	7786.666667
-26.772657	 	7793.333333
2.686234	 	7800.000000
24.893211	 	7806.666667
0.794561	 	7813.333333
1.154242	 	7820.000000
-12.726532	 	7826.666667
28.125653	 	7833.333333
17.664463	 	7840.000000
-14.235438	 	7846.666667
13.201300	 	7853.333333
-0.417226	 	7860.000000
-26.040938	 	7866.666667
5.727900	 	7873.333333
25.526310	 	7880.000000
17.313419	 	7886.666667
-2.789045	 	7893.333333
-24.890645	 	7900.000000
16.317501	 	7906.666667
12.881495	 	7913.333333
-4.162692	 	7920.000000
-1.436130	 	7926.666667
20.145289	 	7933.333333
4.908376	 	7940.000000
-0.053077	 	7946.666667
-2.096527	 	7953.333333
17.957714	 	7960.000000
10.537789	 	7966.666667
3.986219	 	7973.333333
-9.525016	 	7980.000000
2.016352	 	7986.666667
5.447911	 	7993.333333
7.993377	 	8000.000000
1.553604	 	8006.666667
-9.173512	 	8013.333333
9.944998	 	8020.000000
12.108273	 	8026.666667
5.922901	 	8033.333333
-1.270597	 	8040.000000
-9.081336	 	8046.666667
-11.113938	 	8053.333333
28.820524	 	8060.000000
13.644871	 	8066.666667
17.776804	 	8073.333333
3.130467	 	8080.000000
-24.720018	 	8086.666667
-3.817361	 	8093.333333
12.093964	 	8100.000000
6.348387	 	8106.666667
4.562414	 	8113.333333
-2.401801	 	8120.000000
5.592766	 	8126.666667
-1.708543	 	8133.333333
-1.336571	 	8140.000000
7.365824	 	8146.666667
12.438781	 	8153.333333
11.839668	 	8160.000000
-7.555539	 	8166.666667
-3.319656	 	8173.333333
-4.539052	 	8180.000000
-7.206430	 	8186.666667
14.536996	 	8193.333333
16.873687	 	8200.000000
4.918151	 	8206.666667
-5.660523	 	8213.333333
-10.997564	 	8220.000000
17.954383	 	8226.666667
-4.077153	 	8233.333333
-4.583924	 	8240.000000
16.346354	 	8246.666667
9.446191	 	8253.333333
-12.457443	 	8260.000000
-34.807394	 	8266.666667
10.023970	 	8273.333333
51.292620	 	8280.000000
15.216899	 	8286.666667
-30.196287	 	8293.333333
-8.276808	 	8300.000000
-4.891245	 	8306.666667
23.610925	 	8313.333333
14.927332	 	8320.000000
-9.190450	 	8326.666667
5.512252	 	8333.333333
10.374220	 	8340.000000
-21.101443	 	8346.666667
-11.621988	 	8353.333333
4.418098	 	8360.000000
15.641455	 	8366.666667
15.384641	 	8373.333333
8.719167	 	8380.000000
-11.456292	 	8386.666667
-0.574826	 	8393.333333
-0.647505	 	8400.000000
-11.653429	 	8406.666667
0.534450	 	8413.333333
25.004905	 	8420.000000
10.207550	 	8426.666667
-3.322107	 	8433.333333
-6.705475	 	8440.000000
8.858803	 	8446.666667
14.996858	 	8453.333333
-1.935929	 	8460.000000
-13.290654	 	8466.666667
-1.570616	 	8473.333333
10.983723	 	8480.000000
-3.760385	 	8486.666667
11.083127	 	8493.333333
13.078135	 	8500.000000
-9.060169	 	8506.666667
-5.946642	 	8513.333333
-7.742517	 	8520.000000
24.113499	 	8526.666667
16.909637	 	8533.333333
-15.345254	 	8540.000000
7.000727	 	8546.666667
13.160292	 	8553.333333
-9.278288	 	8560.000000
4.966006	 	8566.666667
-4.944243	 	8573.333333
0.588352	 	8580.000000
-0.237574	 	8586.666667
-1.691252	 	8593.333333
18.637606	 	8600.000000
4.857279	 	8606.666667
-19.260088	 	8613.333333
-10.851906	 	8620.000000
18.025661	 	8626.666667
4.258799	 	8633.333333
6.199012	 	8640.000000
-4.668136	 	8646.666667
-4.663354	 	8653.333333
13.030262	 	8660.000000
-9.572464	 	8666.666667
-22.358330	 	8673.333333
5.705308	 	8680.000000
18.073865	 	8686.666667
11.993635	 	8693.333333
10.261329	 	8700.000000
-8.880547	 	8706.666667
-2.513399	 	8713.333333
-14.615855	 	8720.000000
11.503786	 	8726.666667
-5.050569	 	8733.333333
-7.839464	 	8740.000000
8.595525	 	8746.666667
6.276824	 	8753.333333
19.619447	 	8760.000000
0.568722	 	8766.666667
-7.047540	 	8773.333333
-12.402341	 	8780.000000
13.609310	 	8786.666667
3.721747	 	8793.333333
-10.359780	 	8800.000000
-12.124364	 	8806.666667
-3.193132	 	8813.333333
9.591706	 	8820.000000
28.541241	 	8826.666667
2.830518	 	8833.333333
-20.331300	 	8840.000000
0.344086	 	8846.666667
4.266804	 	8853.333333
21.589888	 	8860.000000
-8.269407	 	8866.666667
4.571943	 	8873.333333
11.039949	 	8880.000000
-24.842487	 	8886.666667
-9.770194	 	8893.333333
12.813056	 	8900.000000
9.831100	 	8906.666667
7.706028	 	8913.333333
-11.534037	 	8920.000000
-8.063100	 	8926.666667
17.937639	 	8933.333333
2.123101	 	8940.000000
-17.500917	 	8946.666667
-3.279037	 	8953.333333
26.101273	 	8960.000000
11.313498	 	8966.666667
-6.942760	 	8973.333333
-15.989131	 	8980.000000
6.579957	 	8986.666667
-3.846047	 	8993.333333
12.121435	 	9000.000000
0.691039	 	9006.666667
-17.462714	 	9013.333333
-0.432336	 	9020.000000
5.540593	 	9026.666667
-3.597471	 	9033.333333
10.662343	 	9040.000000
-13.596660	 	9046.666667
-11.165109	 	9053.333333
16.161625	 	9060.000000
18.862394	 	9066.666667
-3.727426	 	9073.333333
0.318205	 	9080.000000
3.858788	 	9086.666667
-15.936890	 	9093.333333
11.428994	 	9100.000000
23.009708	 	9106.666667
-4.038240	 	9113.333333
-11.895859	 	9120.000000
-1.989492	 	9126.666667
4.558012	 	9133.333333
0.286919	 	9140.000000
-6.906853	 	9146.666667
3.073147	 	9153.333333
8.808149	 	9160.000000
-6.260073	 	9166.666667
-11.999309	 	9173.333333
7.871464	 	9180.000000
10.621215	 	9186.666667
23.262469	 	9193.333333
-16.944608	 	9200.000000
-1.832138	 	9206.666667
13.786539	 	9213.333333
-18.329483	 	9220.000000
0.914889	 	9226.666667
2.224006	 	9233.333333
-9.036750	 	9240.000000
6.779134	 	9246.666667
6.315636	 	9253.333333
-0.270616	 	9260.000000
5.013178	 	9266.666667
-15.422746	 	9273.333333
-1.404458	 	9280.000000
3.230911	 	9286.666667
12.683078	 	9293.333333
10.148614	 	9300.000000
-19.124077	 	9306.666667
-3.806296	 	9313.333333
14.402918	 	9320.000000
-7.366983	 	9326.666667
7.259953	 	9333.333333
-0.663837	 	9340.000000
2.476874	 	9346.666667
2.591988	 	9353.333333
1.748512	 	9360.000000
-23.572348	 	9366.666667
10.677889	 	9373.333333
16.797244	 	9380.000000
4.130281	 	9386.666667
-0.917441	 	9393.333333
-5.987287	 	9400.000000
-4.539405	 	9406.666667
9.551421	 	9413.333333
10.857476	 	9420.000000
-16.827656	 	9426.666667
11.987667	 	9433.333333
11.028982	 	9440.000000
-20.530837	 	9446.666667
0.063215	 	9453.333333
15.671034	 	9460.000000
12.154081	 	9466.666667
-0.421970	 	9473.333333
-2.861421	 	9480.000000
-12.445443	 	9486.666667
18.212835	 	9493.333333
-9.575667	 	9500.000000
-9.194777	 	9506.666667
31.382907	 	9513.333333
3.286455	 	9520.000000
-13.488218	 	9526.666667
-2.444512	 	9533.333333
-1.907475	 	9540.000000
12.415486	 	9546.666667
-3.605125	 	9553.333333
-15.197554	 	9560.000000
0.522213	 	9566.666667
-0.695197	 	9573.333333
26.616974	 	9580.000000
-2.301029	 	9586.666667
-15.280676	 	9593.333333
-8.907960	 	9600.000000
0.713609	 	9606.666667
28.372722	 	9613.333333
-7.104144	 	9620.000000
-6.436669	 	9626.666667
-3.413330	 	9633.333333
-14.771055	 	9640.000000
19.784197	 	9646.666667
-2.672133	 	9653.333333
13.678653	 	9660.000000
-8.075824	 	9666.666667
-24.000471	 	9673.333333
3.137497	 	9680.000000
17.921187	 	9686.666667
-0.735203	 	9693.333333
0.639028	 	9700.000000
-7.116407	 	9706.666667
0.425357	 	9713.333333
-11.780421	 	9720.000000
-3.653514	 	9726.666667
26.536153	 	9733.333333
8.391453	 	9740.000000
-25.500935	 	9746.666667
-26.279087	 	9753.333333
20.222022	 	9760.000000
38.276083	 	9766.666667
-19.022076	 	9773.333333
-23.942746	 	9780.000000
-3.801429	 	9786.666667
33.791891	 	9793.333333
-8.975632	 	9800.000000
-24.416511	 	9806.666667
0.857696	 	9813.333333
8.614775	 	9820.000000
-2.221383	 	9826.666667
4.082594	 	9833.333333
-6.490203	 	9840.000000
6.606062	 	9846.666667
7.509760	 	9853.333333
-12.123203	 	9860.000000
-5.153293	 	9866.666667
12.100494	 	9873.333333
7.581406	 	9880.000000
-1.053528	 	9886.666667
-13.875020	 	9893.333333
0.220902	 	9900.000000
3.122159	 	9906.666667
-0.015310	 	9913.333333
13.044834	 	9920.000000
-28.630096	 	9926.666667
12.078190	 	9933.333333
14.743982	 	9940.000000
7.744488	 	9946.666667
-12.315084	 	9953.333333
-20.055499	 	9960.000000
-20.587904	 	9966.666667
41.948968	 	9973.333333
3.584190	 	9980.000000
-8.468436	 	9986.666667
-9.965045	 	9993.333333
1.210456	 	10000.000000
-7.189501	 	10006.666667
5.572692	 	10013.333333
-0.008402	 	10020.000000
13.679889	 	10026.666667
-18.403089	 	10033.333333
5.597360	 	10040.000000
-5.214258	 	10046.666667
4.195305	 	10053.333333
-3.825866	 	10060.000000
5.243520	 	10066.666667
4.697251	 	10073.333333
-4.192529	 	10080.000000
-20.001941	 	10086.666667
7.526216	 	10093.333333
5.987800	 	10100.000000
-0.745803	 	10106.666667
2.882808	 	10113.333333
-12.801847	 	10120.000000
9.512722	 	10126.666667
-6.186746	 	10133.333333
-18.070332	 	10140.000000
4.841882	 	10146.666667
24.523377	 	10153.333333
9.273798	 	10160.000000
-7.182378	 	10166.666667
-36.568204	 	10173.333333
-15.126638	 	10180.000000
15.494013	 	10186.666667
14.720335	 	10193.333333
12.696153	 	10200.000000
-4.023411	 	10206.666667
-20.850818	 	10213.333333
-3.197503	 	10220.000000
-8.288712	 	10226.666667
15.902916	 	10233.333333
2.458775	 	10240.000000
5.767793	 	10246.666667
-19.880873	 	10253.333333
13.404571	 	10260.000000
-8.057688	 	10266.666667
15.516782	 	10273.333333
6.626835	 	10280.000000
-9.928293	 	10286.666667
-6.593398	 	10293.333333
5.374981	 	10300.000000
-11.117913	 	10306.666667
-6.578417	 	10313.333333
3.219566	 	10320.000000
1.882981	 	10326.666667
3.607436	 	10333.333333
-8.479478	 	10340.000000
-4.118921	 	10346.666667
9.740024	 	10353.333333
1.974559	 	10360.000000
-11.859925	 	10366.666667
-11.008976	 	10373.333333
-2.282087	 	10380.000000
10.374057	 	10386.666667
5.962398	 	10393.333333
-4.799593	 	10400.000000
-3.522216	 	10406.666667
-9.184712	 	10413.333333
2.932112	 	10420.000000
4.315676	 	10426.666667
8.135028	 	10433.333333
2.949476	 	10440.000000
-12.824857	 	10446.666667
-9.743173	 	10453.333333
0.510339	 	10460.000000
-8.690165	 	10466.666667
24.016495	 	10473.333333
-0.649245	 	10480.000000
-10.908601	 	10486.666667
-26.732370	 	10493.333333
5.037444	 	10500.000000
25.863513	 	10506.666667
7.256382	 	10513.333333
-13.646344	 	10520.000000
-19.869517	 	10526.666667
9.876550	 	10533.333333
0.365178	 	10540.000000
-11.815574	 	10546.666667
6.046599	 	10553.333333
-6.814450	 	10560.000000
1.271982	 	10566.666667
1.882532	 	10573.333333
-12.510552	 	10580.000000
15.585703	 	10586.666667
0.508335	 	10593.333333
-8.011183	 	10600.000000
24.460034	 	10606.666667
-11.733193	 	10613.333333
-15.016932	 	10620.000000
0.402057	 	10626.666667
7.004448	 	10633.333333
-18.366072	 	10640.000000
2.952137	 	10646.666667
2.942922	 	10653.333333
-4.202406	 	10660.000000
20.530331	 	10666.666667
-15.653372	 	10673.333333
-12.311937	 	10680.000000
17.797624	 	10686.666667
-1.771811	 	10693.333333
-3.943794	 	10700.000000
-14.873367	 	10706.666667
1.979500	 	10713.333333
6.376805	 	10720.000000
-2.483471	 	10726.666667
-1.383219	 	10733.333333
-5.500917	 	10740.000000
8.462159	 	10746.666667
15.425347	 	10753.333333
-29.553076	 	10760.000000
-23.293440	 	10766.666667
15.715509	 	10773.333333
21.703394	 	10780.000000
7.408008	 	10786.666667
-13.863154	 	10793.333333
-9.988564	 	10800.000000
-6.903099	 	10806.666667
7.523109	 	10813.333333
3.116653	 	10820.000000
3.156508	 	10826.666667
-0.212728	 	10833.333333
1.400235	 	10840.000000
2.551131	 	10846.666667
-10.671174	 	10853.333333
-0.029003	 	10860.000000
-0.273967	 	10866.666667
-7.095410	 	10873.333333
-4.499029	 	10880.000000
-1.686892	 	10886.666667
1.962841	 	10893.333333
10.810179	 	10900.000000
-12.775630	 	10906.666667
-3.307358	 	10913.333333
27.995798	 	10920.000000
-0.593304	 	10926.666667
-16.582198	 	10933.333333
-22.144580	 	10940.000000
19.421355	 	10946.666667
-0.242518	 	10953.333333
-1.384215	 	10960.000000
20.224606	 	10966.666667
-3.984836	 	10973.333333
-16.400821	 	10980.000000
-9.235574	 	10986.666667
-5.748393	 	10993.333333
14.252768	 	11000.000000
5.594158	 	11006.666667
-2.894011	 	11013.333333
7.189943	 	11020.000000
-10.564078	 	11026.666667
-16.625077	 	11033.333333
8.977179	 	11040.000000
9.059158	 	11046.666667
-4.540275	 	11053.333333
-5.752345	 	11060.000000
2.074970	 	11066.666667
26.773470	 	11073.333333
-27.180535	 	11080.000000
-25.536108	 	11086.666667
21.864127	 	11093.333333
21.702965	 	11100.000000
-13.218307	 	11106.666667
-14.624186	 	11113.333333
-10.015767	 	11120.000000
7.261556	 	11126.666667
8.283810	 	11133.333333
5.873192	 	11140.000000
-6.458062	 	11146.666667
-10.611516	 	11153.333333
-3.844998	 	11160.000000
-0.972641	 	11166.666667
19.209299	 	11173.333333
-2.745414	 	11180.000000
-12.368463	 	11186.666667
0.358291	 	11193.333333
12.793277	 	11200.000000
-14.279738	 	11206.666667
-25.900041	 	11213.333333
24.590203	 	11220.000000
7.928709	 	11226.666667
-3.885819	 	11233.333333
1.073972	 	11240.000000
-27.677079	 	11246.666667
-3.094030	 	11253.333333
19.716306	 	11260.000000
2.546911	 	11266.666667
-9.061227	 	11273.333333
0.077596	 	11280.000000
7.216786	 	11286.666667
8.766467	 	11293.333333
-4.913785	 	11300.000000
-21.081289	 	11306.666667
-5.079624	 	11313.333333
18.290359	 	11320.000000
21.566754	 	11326.666667
-15.293317	 	11333.333333
-14.048432	 	11340.000000
-15.815229	 	11346.666667
28.656856	 	11353.333333
5.424370	 	11360.000000
-23.531240	 	11366.666667
-9.812257	 	11373.333333
4.958373	 	11380.000000
17.956317	 	11386.666667
-8.130901	 	11393.333333
-16.277031	 	11400.000000
8.293821	 	11406.666667
-1.835534	 	11413.333333
-0.389305	 	11420.000000
-5.038062	 	11426.666667
13.051511	 	11433.333333
-13.201510	 	11440.000000
-8.134328	 	11446.666667
3.882039	 	11453.333333
29.795507	 	11460.000000
-8.454893	 	11466.666667
-25.769731	 	11473.333333
-18.417017	 	11480.000000
4.841245	 	11486.666667
13.026259	 	11493.333333
11.030648	 	11500.000000
2.330834	 	11506.666667
-7.675681	 	11513.333333
12.899124	 	11520.000000
-18.205982	 	11526.666667
-16.337627	 	11533.333333
9.683544	 	11540.000000
7.692743	 	11546.666667
13.568978	 	11553.333333
-2.711984	 	11560.000000
-22.628103	 	11566.666667
-18.998053	 	11573.333333
-3.294205	 	11580.000000
15.450648	 	11586.666667
17.998169	 	11593.333333
4.925652	 	11600.000000
-10.205120	 	11606.666667
-14.922847	 	11613.333333
-9.441411	 	11620.000000
12.998227	 	11626.666667
-5.017321	 	11633.333333
22.303424	 	11640.000000
-1.158766	 	11646.666667
-22.278792	 	11653.333333
-16.664003	 	11660.000000
13.098861	 	11666.666667
2.973922	 	11673.333333
-2.730145	 	11680.000000
-5.157558	 	11686.666667
-1.113619	 	11693.333333
8.233690	 	11700.000000
-14.487866	 	11706.666667
15.417945	 	11713.333333
15.506922	 	11720.000000
-10.998743	 	11726.666667
-31.890432	 	11733.333333
-11.925140	 	11740.000000
20.210972	 	11746.666667
13.901219	 	11753.333333
-9.890231	 	11760.000000
-2.227025	 	11766.666667
13.132758	 	11773.333333
-13.956550	 	11780.000000
-28.766958	 	11786.666667
1.243667	 	11793.333333
23.291775	 	11800.000000
18.817753	 	11806.666667
1.960191	 	11813.333333
-27.397028	 	11820.000000
-14.220922	 	11826.666667
-5.736590	 	11833.333333
22.235216	 	11840.000000
3.289828	 	11846.666667
-13.619673	 	11853.333333
5.537724	 	11860.000000
0.238548	 	11866.666667
-7.794189	 	11873.333333
-10.967515	 	11880.000000
-3.107155	 	11886.666667
31.851039	 	11893.333333
-4.246615	 	11900.000000
-41.528532	 	11906.666667
-3.010357	 	11913.333333
16.147636	 	11920.000000
20.447247	 	11926.666667
2.522988	 	11933.333333
-9.150549	 	11940.000000
-35.669246	 	11946.666667
0.709711	 	11953.333333
9.566452	 	11960.000000
28.538784	 	11966.666667
-14.414990	 	11973.333333
-6.051552	 	11980.000000
-7.273583	 	11986.666667
8.261995	 	11993.333333
-21.903477	 	12000.000000
-6.320522	 	12006.666667
22.649839	 	12013.333333
33.015420	 	12020.000000
-46.119185	 	12026.666667
57.196949	 	12033.333333
-102.774976	 	12040.000000
-23.603603	 	12046.666667
93.181035	 	12053.333333
42.201488	 	12060.000000
-46.396265	 	12066.666667
-64.016138	 	12073.333333
-0.061640	 	12080.000000
65.660901	 	12086.666667
-41.659492	 	12093.333333
6.526027	 	12100.000000
22.197539	 	12106.666667
11.722051	 	12113.333333
-54.840664	 	12120.000000
-42.362077	 	12126.666667
56.669283	 	12133.333333
72.795193	 	12140.000000
-89.008588	 	12146.666667
24.574948	 	12153.333333
-78.288507	 	12160.000000
22.066856	 	12166.666667
103.399415	 	12173.333333
-52.157665	 	12180.000000
-14.127232	 	12186.666667
-39.006645	 	12193.333333
48.364670	 	12200.000000
-4.711575	 	12206.666667
-20.659318	 	12213.333333
22.707666	 	12220.000000
-42.283771	 	12226.666667
59.032105	 	12233.333333
-2.144643	 	12240.000000
-78.290290	 	12246.666667
20.108945	 	12253.333333
16.680492	 	12260.000000
-62.083885	 	12266.666667
235.578604	 	12273.333333
-196.762716	 	12280.000000
-128.940804	 	12286.666667
152.160096	 	12293.333333
3.620333	 	12300.000000
84.192164	 	12306.666667
-141.294720	 	12313.333333
24.478388	 	12320.000000
-75.252185	 	12326.666667
16.212288	 	12333.333333
190.990074	 	12340.000000
-167.133076	 	12346.666667
214.778335	 	12353.333333
-177.838076	 	12360.000000
-234.103725	 	12366.666667
114.555152	 	12373.333333
48.273629	 	12380.000000
415.203088	 	12386.666667
-107.949427	 	12393.333333
-512.025253	 	12400.000000
123.389680	 	12406.666667
36.999286	 	12413.333333
393.178932	 	12420.000000
-442.738053	 	12426.666667
42.654644	 	12433.333333
364.936255	 	12440.000000
-168.403980	 	12446.666667
-273.157463	 	12453.333333
19.151263	 	12460.000000
2.539918	 	12466.666667
485.887824	 	12473.333333
-346.798531	 	12480.000000
132.731401	 	12486.666667
-157.966030	 	12493.333333
-639.124650	 	12500.000000
1088.518065	 	12506.666667
-17.707902	 	12513.333333
-226.222900	 	12520.000000
-636.161932	 	12526.666667
326.784855	 	12533.333333
113.176045	 	12540.000000
66.593358	 	12546.666667
-255.526657	 	12553.333333
353.964307	 	12560.000000
526.645463	 	12566.666667
-710.956741	 	12573.333333
-631.460464	 	12580.000000
156.111878	 	12586.666667
291.701836	 	12593.333333
1266.690785	 	12600.000000
-653.025404	 	12606.666667
-624.662960	 	12613.333333
-716.855678	 	12620.000000
707.717978	 	12626.666667
947.387894	 	12633.333333
-611.280404	 	12640.000000
-642.778475	 	12646.666667
963.285129	 	12653.333333
-571.387881	 	12660.000000
-32.275186	 	12666.666667
656.308023	 	12673.333333
-738.667012	 	12680.000000
-852.543210	 	12686.666667
1803.663947	 	12693.333333
-425.090227	 	12700.000000
-606.931979	 	12706.666667
973.591077	 	12713.333333
-711.487803	 	12720.000000
128.767786	 	12726.666667
-823.342421	 	12733.333333
-618.992099	 	12740.000000
2731.234869	 	12746.666667
-955.418429	 	12753.333333
-235.511539	 	12760.000000
-925.916726	 	12766.666667
1435.681505	 	12773.333333
-771.390633	 	12780.000000
-888.140577	 	12786.666667
1731.909484	 	12793.333333
-988.297677	 	12800.000000
-943.402927	 	12806.666667
2394.026566	 	12813.333333
-991.434161	 	12820.000000
-946.180933	 	12826.666667
-176.352896	 	12833.333333
1617.588680	 	12840.000000
22.965902	 	12846.666667
-980.051941	 	12853.333333
610.222642	 	12860.000000
-879.655091	 	12866.666667
-267.545346	 	12873.333333
-801.479978	 	12880.000000
3251.886751	 	12886.666667
-955.522492	 	12893.333333
-984.871662	 	12900.000000
-958.194021	 	12906.666667
1644.935038	 	12913.333333
-87.575091	 	12920.000000
-952.254415	 	12926.666667
414.176390	 	12933.333333
1025.408843	 	12940.000000
-981.954889	 	12946.666667
-991.985967	 	12953.333333
117.076251	 	12960.000000
2426.455308	 	12966.666667
-997.054235	 	12973.333333
-323.509539	 	12980.000000
200.892469	 	12986.666667
-816.775667	 	12993.333333
-245.843847	 	13000.000000
-218.998751	 	13006.666667
2312.498551	 	13013.333333
-728.765535	 	13020.000000
-155.926781	 	13026.666667
-881.929631	 	13033.333333
-82.947253	 	13040.000000
-753.830463	 	13046.666667
1859.557953	 	13053.333333
-211.490242	 	13060.000000
195.743722	 	13066.666667
-585.656360	 	13073.333333
-999.923062	 	13080.000000
2249.759879	 	13086.666667
-997.583258	 	13093.333333
-989.093896	 	13100.000000
1587.544941	 	13106.666667
-995.224912	 	13113.333333
-216.365616	 	13120.000000
-674.315817	 	13126.666667
-202.047516	 	13133.333333
3311.012468	 	13140.000000
-997.239351	 	13146.666667
-943.945903	 	13153.333333
-624.031984	 	13160.000000
-949.210267	 	13166.666667
2435.109586	 	13173.333333
-991.245096	 	13180.000000
-999.998851	 	13186.666667
2022.530142	 	13193.333333
-989.850205	 	13200.000000
-620.100561	 	13206.666667
-576.857804	 	13213.333333
-966.842908	 	13220.000000
-995.423984	 	13226.666667
8044.022948	 	13233.333333
-999.998851	 	13240.000000
-999.998851	 	13246.666667
-999.998852	 	13253.333333
-999.998851	 	13260.000000
-999.998852	 	13266.666667
-999.998871	 	13273.333333
-999.998857	 	13280.000000
-999.998853	 	13286.666667
-999.998894	 	13293.333333
-999.998966	 	13300.000000
-999.999008	 	13306.666667
-999.999067	 	13313.333333
-999.999116	 	13320.000000
-999.999194	 	13326.666667
