#peak 	 	#time 
-999.999251	 	0.000000
-999.998805	 	6.666667
-999.999170	 	13.333333
-999.998782	 	20.000000
-999.998931	 	26.666667
-999.999738	 	33.333333
-999.999202	 	40.000000
-999.999627	 	46.666667
-999.999870	 	53.333333
-1000.000000	 	60.000000
-1000.000000	 	66.666667
-1000.000000	 	73.333333
-1000.000000	 	80.000000
36952.822091	 	86.666667
-999.998742	 	93.333333
-999.998733	 	100.000000
-999.998744	 	106.666667
-999.998732	 	113.333333
-999.998739	 	120.000000
-999.998746	 	126.666667
-999.998731	 	133.333333
-999.998742	 	140.000000
-999.998731	 	146.666667
-999.998730	 	153.333333
-999.998731	 	160.000000
-999.998731	 	166.666667
-999.998730	 	173.333333
-999.998730	 	180.000000
1678.273126	 	186.666667
3919.325445	 	193.333333
-684.699062	 	200.000000
-961.879082	 	206.666667
-881.101762	 	213.333333
-828.870902	 	220.000000
-126.860608	 	226.666667
558.915058	 	233.333333
826.574505	 	240.000000
-376.183748	 	246.666667
-312.010449	 	253.333333
-615.031927	 	260.000000
7.215374	 	266.666667
183.313097	 	273.333333
110.977230	 	280.000000
-238.706723	 	286.666667
-40.330098	 	293.333333
-113.646679	 	300.000000
-11.367940	 	306.666667
-356.882624	 	313.333333
-77.941977	 	320.000000
255.186444	 	326.666667
10.090278	 	333.333333
37.275912	 	340.000000
277.686091	 	346.666667
-422.226454	 	353.333333
-442.028817	 	360.000000
-139.698777	 	366.666667
161.159849	 	373.333333
400.680702	 	380.000000
214.670966	 	386.666667
-442.140212	 	393.333333
-135.930697	 	400.000000
83.672335	 	406.666667
-83.242538	 	413.333333
2.794314	 	420.000000
235.961619	 	426.666667
-177.241567	 	433.333333
-60.137546	 	440.000000
212.621529	 	446.666667
152.402002	 	453.333333
-1.168964	 	460.000000
-330.388037	 	466.666667
-171.639729	 	473.333333
313.963498	 	480.000000
172.558581	 	486.666667
-170.878230	 	493.333333
87.347949	 	500.000000
-95.254081	 	506.666667
-35.377911	 	513.333333
216.617720	 	520.000000
-149.022623	 	526.666667
5.406893	 	533.333333
210.461983	 	540.000000
-136.006630	 	546.666667
14.217859	 	553.333333
174.992754	 	560.000000
-305.461076	 	566.666667
9.287578	 	573.333333
207.571012	 	580.000000
216.993613	 	586.666667
-35.282275	 	593.333333
-112.620050	 	600.000000
-352.191588	 	606.666667
126.169219	 	613.333333
166.211503	 	620.000000
256.653649	 	626.666667
-114.370414	 	633.333333
-86.096005	 	640.000000
-245.239979	 	646.666667
164.565063	 	653.333333
139.387065	 	660.000000
68.767950	 	666.666667
-76.416368	 	673.333333
63.673824	 	680.000000
-213.801672	 	686.666667
-29.751162	 	693.333333
142.722527	 	700.000000
50.954773	 	706.666667
-90.063724	 	713.333333
46.787562	 	720.000000
77.555740	 	726.666667
52.448781	 	733.333333
-84.586764	 	740.000000
-81.649971	 	746.666667
-103.252174	 	753.333333
86.435229	 	760.000000
131.871105	 	766.666667
54.207340	 	773.333333
-30.231345	 	780.000000
-38.137863	 	786.666667
-31.918670	 	793.333333
-13.974652	 	800.000000
81.677304	 	806.666667
28.041405	 	813.333333
2.142648	 	820.000000
-61.031085	 	826.666667
-0.068094	 	833.333333
3.781871	 	840.000000
25.449325	 	846.666667
-45.825321	 	853.333333
35.180257	 	860.000000
-28.578145	 	866.666667
103.177412	 	873.333333
15.758360	 	880.000000
-36.297266	 	886.666667
-87.358922	 	893.333333
42.270945	 	900.000000
-8.955199	 	906.666667
58.912147	 	913.333333
18.278123	 	920.000000
21.748837	 	926.666667
-32.162367	 	933.333333
46.142843	 	940.000000
3.404918	 	946.666667
-54.671115	 	953.333333
-17.141979	 	960.000000
2.227684	 	966.666667
15.788129	 	973.333333
17.975346	 	980.000000
29.265895	 	986.666667
42.004479	 	993.333333
42.321469	 	1000.000000
-59.923019	 	1006.666667
-59.543396	 	1013.333333
-38.801497	 	1020.000000
61.923858	 	1026.666667
58.398927	 	1033.333333
45.402350	 	1040.000000
-1.451393	 	1046.666667
-65.635271	 	1053.333333
-85.567988	 	1060.000000
26.429617	 	1066.666667
73.383252	 	1073.333333
26.542983	 	1080.000000
12.478299	 	1086.666667
30.189610	 	1093.333333
-22.901162	 	1100.000000
-69.362544	 	1106.666667
-13.377140	 	1113.333333
85.417472	 	1120.000000
58.038430	 	1126.666667
-51.710700	 	1133.333333
-40.702231	 	1140.000000
22.863512	 	1146.666667
28.777314	 	1153.333333
-9.283533	 	1160.000000
-8.215177	 	1166.666667
7.966875	 	1173.333333
50.396380	 	1180.000000
6.713969	 	1186.666667
-23.943149	 	1193.333333
-28.667791	 	1200.000000
-9.102780	 	1206.666667
11.650056	 	1213.333333
67.861031	 	1220.000000
25.231416	 	1226.666667
-23.877948	 	1233.333333
-26.089676	 	1240.000000
7.037927	 	1246.666667
1.137657	 	1253.333333
27.103059	 	1260.000000
9.164113	 	1266.666667
3.192855	 	1273.333333
-12.894337	 	1280.000000
12.791855	 	1286.666667
3.241485	 	1293.333333
14.691882	 	1300.000000
-2.594509	 	1306.666667
1.143762	 	1313.333333
-22.838894	 	1320.000000
12.147203	 	1326.666667
26.942726	 	1333.333333
49.378699	 	1340.000000
-1.515176	 	1346.666667
-42.496518	 	1353.333333
-30.971524	 	1360.000000
30.923735	 	1366.666667
23.804923	 	1373.333333
16.923198	 	1380.000000
-13.290742	 	1386.666667
15.251501	 	1393.333333
26.146484	 	1400.000000
-21.570437	 	1406.666667
-19.320372	 	1413.333333
9.349659	 	1420.000000
3.138459	 	1426.666667
16.995714	 	1433.333333
19.186038	 	1440.000000
-0.857982	 	1446.666667
3.768341	 	1453.333333
-1.352381	 	1460.000000
-13.767804	 	1466.666667
-2.823094	 	1473.333333
31.546743	 	1480.000000
23.015936	 	1486.666667
-5.172812	 	1493.333333
-13.430491	 	1500.000000
5.413185	 	1506.666667
4.369407	 	1513.333333
6.335408	 	1520.000000
-3.134883	 	1526.666667
2.370796	 	1533.333333
6.370252	 	1540.000000
10.575623	 	1546.666667
10.195113	 	1553.333333
-2.178947	 	1560.000000
2.992279	 	1566.666667
13.482005	 	1573.333333
12.398767	 	1580.000000
-11.984760	 	1586.666667
-3.598371	 	1593.333333
-6.569450	 	1600.000000
25.556891	 	1606.666667
21.493188	 	1613.333333
-0.367359	 	1620.000000
-7.090709	 	1626.666667
9.555073	 	1633.333333
-13.238387	 	1640.000000
5.764550	 	1646.666667
-1.773373	 	1653.333333
6.631093	 	1660.000000
5.057978	 	1666.666667
9.220164	 	1673.333333
25.505124	 	1680.000000
36.611168	 	1686.666667
-12.643468	 	1693.333333
-23.167865	 	1700.000000
-32.301469	 	1706.666667
22.287459	 	1713.333333
31.134258	 	1720.000000
22.800152	 	1726.666667
-11.710917	 	1733.333333
3.112550	 	1740.000000
5.483683	 	1746.666667
17.449020	 	1753.333333
-20.492610	 	1760.000000
18.613604	 	1766.666667
1.928939	 	1773.333333
16.827606	 	1780.000000
2.662183	 	1786.666667
14.770031	 	1793.333333
-32.960450	 	1800.000000
18.552321	 	1806.666667
8.799584	 	1813.333333
12.766821	 	1820.000000
-4.837528	 	1826.666667
18.293141	 	1833.333333
-20.168246	 	1840.000000
7.196655	 	1846.666667
-1.649246	 	1853.333333
26.401015	 	1860.000000
-11.688347	 	1866.666667
24.647927	 	1873.333333
-10.880259	 	1880.000000
12.373504	 	1886.666667
-25.154573	 	1893.333333
7.392347	 	1900.000000
19.330095	 	1906.666667
36.795430	 	1913.333333
-6.452424	 	1920.000000
-6.251860	 	1926.666667
-25.931032	 	1933.333333
3.017780	 	1940.000000
20.488471	 	1946.666667
22.225397	 	1953.333333
14.249708	 	1960.000000
-22.748168	 	1966.666667
-12.537158	 	1973.333333
0.458846	 	1980.000000
38.274980	 	1986.666667
11.988508	 	1993.333333
-21.082782	 	2000.000000
-24.423522	 	2006.666667
21.273064	 	2013.333333
46.712045	 	2020.000000
-1.939140	 	2026.666667
-27.851295	 	2033.333333
11.852328	 	2040.000000
25.534701	 	2046.666667
16.651850	 	2053.333333
-22.500272	 	2060.000000
-7.700124	 	2066.666667
7.928371	 	2073.333333
32.668216	 	2080.000000
-21.274157	 	2086.666667
-4.130597	 	2093.333333
26.255746	 	2100.000000
10.591577	 	2106.666667
-3.956075	 	2113.333333
13.794647	 	2120.000000
-14.484063	 	2126.666667
-1.708970	 	2133.333333
1.248868	 	2140.000000
32.653824	 	2146.666667
-3.584734	 	2153.333333
-5.724182	 	2160.000000
-11.492323	 	2166.666667
37.202830	 	2173.333333
8.741815	 	2180.000000
-14.683050	 	2186.666667
-3.544104	 	2193.333333
11.497952	 	2200.000000
-5.127551	 	2206.666667
-9.649479	 	2213.333333
19.686138	 	2220.000000
27.004547	 	2226.666667
7.683328	 	2233.333333
-25.990522	 	2240.000000
5.746940	 	2246.666667
11.496164	 	2253.333333
18.243980	 	2260.000000
19.342460	 	2266.666667
5.648595	 	2273.333333
-39.808836	 	2280.000000
-13.615703	 	2286.666667
36.694691	 	2293.333333
45.617805	 	2300.000000
-35.747640	 	2306.666667
-11.290763	 	2313.333333
22.877518	 	2320.000000
35.947819	 	2326.666667
-23.960582	 	2333.333333
-41.117271	 	2340.000000
21.196167	 	2346.666667
54.551374	 	2353.333333
-12.019266	 	2360.000000
-0.107547	 	2366.666667
5.669338	 	2373.333333
-23.266001	 	2380.000000
-12.260712	 	2386.666667
48.489353	 	2393.333333
40.057256	 	2400.000000
-30.008495	 	2406.666667
-13.934714	 	2413.333333
21.695619	 	2420.000000
9.708983	 	2426.666667
3.611298	 	2433.333333
-4.761626	 	2440.000000
-7.225193	 	2446.666667
22.706315	 	2453.333333
28.700560	 	2460.000000
5.684137	 	2466.666667
-4.779746	 	2473.333333
-26.429898	 	2480.000000
0.182476	 	2486.666667
18.441784	 	2493.333333
8.420278	 	2500.000000
16.427542	 	2506.666667
21.128776	 	2513.333333
-24.559496	 	2520.000000
-2.623273	 	2526.666667
8.470114	 	2533.333333
31.075378	 	2540.000000
0.927576	 	2546.666667
-11.181901	 	2553.333333
-11.361613	 	2560.000000
23.985346	 	2566.666667
13.328467	 	2573.333333
-11.401876	 	2580.000000
-25.923734	 	2586.666667
51.995996	 	2593.333333
36.109102	 	2600.000000
-42.541791	 	2606.666667
14.124759	 	2613.333333
24.289779	 	2620.000000
-36.672414	 	2626.666667
-35.372146	 	2633.333333
66.462789	 	2640.000000
55.174667	 	2646.666667
-13.244583	 	2653.333333
-42.889497	 	2660.000000
-14.853632	 	2666.666667
0.257478	 	2673.333333
52.715593	 	2680.000000
32.691074	 	2686.666667
12.685117	 	2693.333333
-44.011396	 	2700.000000
-67.245526	 	2706.666667
55.955111	 	2713.333333
58.679008	 	2720.000000
-31.327534	 	2726.666667
12.339760	 	2733.333333
34.421150	 	2740.000000
-28.187851	 	2746.666667
2.955443	 	2753.333333
10.927436	 	2760.000000
-18.800675	 	2766.666667
14.243318	 	2773.333333
20.981808	 	2780.000000
30.477399	 	2786.666667
23.375498	 	2793.333333
-64.913564	 	2800.000000
-24.328572	 	2806.666667
82.342216	 	2813.333333
27.144391	 	2820.000000
-43.769179	 	2826.666667
-36.095428	 	2833.333333
32.301299	 	2840.000000
35.069436	 	2846.666667
9.613655	 	2853.333333
5.642482	 	2860.000000
16.688556	 	2866.666667
-48.099700	 	2873.333333
-35.348034	 	2880.000000
66.050236	 	2886.666667
63.021124	 	2893.333333
-39.282456	 	2900.000000
-58.412800	 	2906.666667
45.108203	 	2913.333333
33.118819	 	2920.000000
-27.826702	 	2926.666667
17.043485	 	2933.333333
36.292986	 	2940.000000
-15.086705	 	2946.666667
-18.481638	 	2953.333333
-29.333112	 	2960.000000
57.698129	 	2966.666667
65.799031	 	2973.333333
-46.265970	 	2980.000000
-51.289046	 	2986.666667
45.355583	 	2993.333333
37.273953	 	3000.000000
-38.030588	 	3006.666667
-15.940988	 	3013.333333
36.493523	 	3020.000000
7.250901	 	3026.666667
2.673251	 	3033.333333
21.326529	 	3040.000000
15.433950	 	3046.666667
-12.060855	 	3053.333333
4.053405	 	3060.000000
-20.568379	 	3066.666667
-3.674697	 	3073.333333
-8.862199	 	3080.000000
47.479117	 	3086.666667
47.241878	 	3093.333333
49.615218	 	3100.000000
-29.929538	 	3106.666667
-96.604033	 	3113.333333
-106.895296	 	3120.000000
47.630400	 	3126.666667
192.417841	 	3133.333333
196.679705	 	3140.000000
84.644154	 	3146.666667
177.019296	 	3153.333333
264.808092	 	3160.000000
129.112619	 	3166.666667
122.503842	 	3173.333333
763.613574	 	3180.000000
3069.954313	 	3186.666667
8701.698894	 	3193.333333
8987.579168	 	3200.000000
3719.561491	 	3206.666667
1787.573940	 	3213.333333
2349.604964	 	3220.000000
4033.598576	 	3226.666667
6337.126922	 	3233.333333
7235.793612	 	3240.000000
7099.544480	 	3246.666667
6171.021835	 	3253.333333
6086.875431	 	3260.000000
6384.356347	 	3266.666667
6745.659608	 	3273.333333
6621.595875	 	3280.000000
6790.719933	 	3286.666667
6571.710212	 	3293.333333
6512.068543	 	3300.000000
6435.675563	 	3306.666667
6637.962664	 	3313.333333
6568.873250	 	3320.000000
6144.997489	 	3326.666667
5647.352905	 	3333.333333
5691.986041	 	3340.000000
5647.291270	 	3346.666667
5826.942662	 	3353.333333
5667.489157	 	3360.000000
5144.972780	 	3366.666667
4858.232887	 	3373.333333
4647.013575	 	3380.000000
4200.008685	 	3386.666667
4493.375290	 	3393.333333
4596.347959	 	3400.000000
4111.401460	 	3406.666667
3811.097487	 	3413.333333
3664.437996	 	3420.000000
3586.648256	 	3426.666667
3689.904733	 	3433.333333
3668.515618	 	3440.000000
3519.119870	 	3446.666667
3657.972584	 	3453.333333
3487.284180	 	3460.000000
3115.164312	 	3466.666667
2819.678065	 	3473.333333
2864.830781	 	3480.000000
3138.062903	 	3486.666667
3350.217784	 	3493.333333
3048.242078	 	3500.000000
2725.830550	 	3506.666667
2613.492809	 	3513.333333
2610.926439	 	3520.000000
2772.486833	 	3526.666667
2912.264450	 	3533.333333
2766.719546	 	3540.000000
2563.083857	 	3546.666667
2515.156634	 	3553.333333
2528.653195	 	3560.000000
2465.851582	 	3566.666667
2399.474511	 	3573.333333
2416.538954	 	3580.000000
2435.911750	 	3586.666667
2493.722799	 	3593.333333
2517.022929	 	3600.000000
2389.567973	 	3606.666667
2241.864778	 	3613.333333
2215.372831	 	3620.000000
2304.001069	 	3626.666667
2428.431890	 	3633.333333
2333.150416	 	3640.000000
2193.614461	 	3646.666667
2102.730208	 	3653.333333
2171.947412	 	3660.000000
2210.281603	 	3666.666667
2165.350112	 	3673.333333
2024.731768	 	3680.000000
2101.017440	 	3686.666667
2148.670289	 	3693.333333
2129.432715	 	3700.000000
2045.977456	 	3706.666667
1906.230264	 	3713.333333
1870.756697	 	3720.000000
1999.130101	 	3726.666667
2141.148795	 	3733.333333
1951.123475	 	3740.000000
1816.976280	 	3746.666667
1750.626527	 	3753.333333
1826.336176	 	3760.000000
1829.500526	 	3766.666667
1877.683996	 	3773.333333
1750.629309	 	3780.000000
1762.098299	 	3786.666667
1757.666334	 	3793.333333
1743.497847	 	3800.000000
1671.600959	 	3806.666667
1651.869357	 	3813.333333
1605.911373	 	3820.000000
1643.207993	 	3826.666667
1677.710363	 	3833.333333
1677.931662	 	3840.000000
1547.428759	 	3846.666667
1495.595449	 	3853.333333
1481.618375	 	3860.000000
1539.178340	 	3866.666667
1550.210173	 	3873.333333
1496.761050	 	3880.000000
1475.814216	 	3886.666667
1464.268024	 	3893.333333
1423.409567	 	3900.000000
1359.590839	 	3906.666667
1308.827984	 	3913.333333
1368.336103	 	3920.000000
1338.294617	 	3926.666667
1382.691226	 	3933.333333
1323.106791	 	3940.000000
1289.259484	 	3946.666667
1263.716728	 	3953.333333
1245.314819	 	3960.000000
1216.958837	 	3966.666667
1212.252412	 	3973.333333
1303.470177	 	3980.000000
1225.283253	 	3986.666667
1220.651547	 	3993.333333
1105.700274	 	4000.000000
1079.126594	 	4006.666667
1108.290040	 	4013.333333
1130.507567	 	4020.000000
1185.889368	 	4026.666667
1112.222932	 	4033.333333
1050.110287	 	4040.000000
974.596873	 	4046.666667
1028.339791	 	4053.333333
1028.624062	 	4060.000000
1023.230778	 	4066.666667
1061.924906	 	4073.333333
1001.786180	 	4080.000000
921.436844	 	4086.666667
938.397370	 	4093.333333
936.098529	 	4100.000000
1042.754746	 	4106.666667
929.950767	 	4113.333333
936.560895	 	4120.000000
802.902438	 	4126.666667
943.237599	 	4133.333333
856.934553	 	4140.000000
935.146698	 	4146.666667
816.159045	 	4153.333333
873.364102	 	4160.000000
826.322594	 	4166.666667
880.717501	 	4173.333333
775.527512	 	4180.000000
807.381627	 	4186.666667
768.401686	 	4193.333333
835.019202	 	4200.000000
781.512774	 	4206.666667
776.879314	 	4213.333333
698.057584	 	4220.000000
779.106783	 	4226.666667
816.517716	 	4233.333333
744.599269	 	4240.000000
711.990856	 	4246.666667
694.632587	 	4253.333333
673.931286	 	4260.000000
702.093695	 	4266.666667
731.117842	 	4273.333333
685.254147	 	4280.000000
695.413430	 	4286.666667
598.961545	 	4293.333333
687.273248	 	4300.000000
636.725586	 	4306.666667
674.613836	 	4313.333333
613.958832	 	4320.000000
641.588639	 	4326.666667
597.747761	 	4333.333333
638.867381	 	4340.000000
570.207733	 	4346.666667
590.697643	 	4353.333333
631.333258	 	4360.000000
530.848946	 	4366.666667
582.527727	 	4373.333333
624.590775	 	4380.000000
507.970040	 	4386.666667
543.071907	 	4393.333333
474.770595	 	4400.000000
610.133918	 	4406.666667
523.407924	 	4413.333333
545.944895	 	4420.000000
407.958616	 	4426.666667
517.624483	 	4433.333333
505.286485	 	4440.000000
526.936349	 	4446.666667
425.457841	 	4453.333333
517.204452	 	4460.000000
455.576166	 	4466.666667
494.780964	 	4473.333333
423.575459	 	4480.000000
450.137056	 	4486.666667
441.016357	 	4493.333333
464.804592	 	4500.000000
454.420181	 	4506.666667
485.350654	 	4513.333333
388.443166	 	4520.000000
350.789103	 	4526.666667
404.086537	 	4533.333333
421.548510	 	4540.000000
506.572496	 	4546.666667
390.603929	 	4553.333333
311.291435	 	4560.000000
395.212015	 	4566.666667
381.128127	 	4573.333333
398.111809	 	4580.000000
452.264428	 	4586.666667
310.090377	 	4593.333333
382.868349	 	4600.000000
342.065325	 	4606.666667
386.997346	 	4613.333333
255.933359	 	4620.000000
468.817649	 	4626.666667
307.627218	 	4633.333333
421.219268	 	4640.000000
224.789220	 	4646.666667
414.372344	 	4653.333333
206.111626	 	4660.000000
506.591201	 	4666.666667
255.352523	 	4673.333333
394.715181	 	4680.000000
113.567660	 	4686.666667
413.595138	 	4693.333333
162.030405	 	4700.000000
610.691640	 	4706.666667
193.039626	 	4713.333333
247.825922	 	4720.000000
142.767901	 	4726.666667
353.837863	 	4733.333333
348.699179	 	4740.000000
386.913894	 	4746.666667
139.791728	 	4753.333333
357.539282	 	4760.000000
188.964211	 	4766.666667
183.278737	 	4773.333333
299.465327	 	4780.000000
481.087503	 	4786.666667
140.549086	 	4793.333333
299.477710	 	4800.000000
-10.964383	 	4806.666667
359.392976	 	4813.333333
415.821092	 	4820.000000
160.756438	 	4826.666667
164.415717	 	4833.333333
265.542881	 	4840.000000
201.292862	 	4846.666667
310.867077	 	4853.333333
207.889806	 	4860.000000
52.952071	 	4866.666667
319.885573	 	4873.333333
267.957273	 	4880.000000
170.493178	 	4886.666667
249.846279	 	4893.333333
277.467678	 	4900.000000
97.393583	 	4906.666667
141.824205	 	4913.333333
258.488911	 	4920.000000
270.825985	 	4926.666667
109.279474	 	4933.333333
176.018095	 	4940.000000
142.171173	 	4946.666667
327.652479	 	4953.333333
198.610172	 	4960.000000
112.913442	 	4966.666667
147.390628	 	4973.333333
164.183925	 	4980.000000
196.484898	 	4986.666667
291.668894	 	4993.333333
77.700149	 	5000.000000
183.100032	 	5006.666667
133.547969	 	5013.333333
110.894854	 	5020.000000
241.886693	 	5026.666667
255.258067	 	5033.333333
93.478435	 	5040.000000
181.569585	 	5046.666667
60.188191	 	5053.333333
133.122141	 	5060.000000
296.023544	 	5066.666667
149.575234	 	5073.333333
153.120646	 	5080.000000
105.254402	 	5086.666667
101.346459	 	5093.333333
172.022799	 	5100.000000
171.904477	 	5106.666667
107.942552	 	5113.333333
164.954701	 	5120.000000
141.007245	 	5126.666667
153.519766	 	5133.333333
147.314196	 	5140.000000
118.282786	 	5146.666667
114.584919	 	5153.333333
152.709066	 	5160.000000
111.798850	 	5166.666667
148.185976	 	5173.333333
151.122440	 	5180.000000
93.762331	 	5186.666667
94.221399	 	5193.333333
126.360024	 	5200.000000
91.742102	 	5206.666667
164.426062	 	5213.333333
135.947309	 	5220.000000
55.616859	 	5226.666667
121.421032	 	5233.333333
167.489552	 	5240.000000
44.881951	 	5246.666667
139.818953	 	5253.333333
87.486393	 	5260.000000
79.138321	 	5266.666667
162.303619	 	5273.333333
118.352743	 	5280.000000
71.814321	 	5286.666667
101.369982	 	5293.333333
93.579935	 	5300.000000
128.548722	 	5306.666667
124.944730	 	5313.333333
65.593614	 	5320.000000
114.135587	 	5326.666667
96.402692	 	5333.333333
119.405310	 	5340.000000
94.152169	 	5346.666667
61.581222	 	5353.333333
75.845384	 	5360.000000
142.268979	 	5366.666667
94.178919	 	5373.333333
97.523030	 	5380.000000
94.682096	 	5386.666667
58.843408	 	5393.333333
61.886701	 	5400.000000
111.158328	 	5406.666667
124.167364	 	5413.333333
82.157024	 	5420.000000
73.813904	 	5426.666667
33.482332	 	5433.333333
97.935196	 	5440.000000
116.634067	 	5446.666667
81.417750	 	5453.333333
58.331392	 	5460.000000
75.384447	 	5466.666667
54.588975	 	5473.333333
137.160073	 	5480.000000
53.354848	 	5486.666667
64.899476	 	5493.333333
59.646051	 	5500.000000
62.228100	 	5506.666667
81.214527	 	5513.333333
125.709663	 	5520.000000
13.861618	 	5526.666667
44.832741	 	5533.333333
68.188424	 	5540.000000
120.547057	 	5546.666667
95.224379	 	5553.333333
72.875284	 	5560.000000
5.587714	 	5566.666667
54.547366	 	5573.333333
38.621268	 	5580.000000
98.275657	 	5586.666667
67.486568	 	5593.333333
92.552974	 	5600.000000
44.755989	 	5606.666667
57.206434	 	5613.333333
41.160999	 	5620.000000
90.503576	 	5626.666667
61.955314	 	5633.333333
45.896367	 	5640.000000
27.949423	 	5646.666667
94.028293	 	5653.333333
19.821492	 	5660.000000
65.556584	 	5666.666667
63.148105	 	5673.333333
62.673742	 	5680.000000
31.794759	 	5686.666667
91.977125	 	5693.333333
32.201095	 	5700.000000
69.561558	 	5706.666667
32.462098	 	5713.333333
45.558692	 	5720.000000
27.006234	 	5726.666667
88.400167	 	5733.333333
70.678981	 	5740.000000
84.093327	 	5746.666667
-25.759342	 	5753.333333
54.361168	 	5760.000000
27.002990	 	5766.666667
93.156888	 	5773.333333
52.101630	 	5780.000000
59.164007	 	5786.666667
-10.071220	 	5793.333333
71.854947	 	5800.000000
22.583485	 	5806.666667
79.159500	 	5813.333333
12.465017	 	5820.000000
57.103684	 	5826.666667
17.730165	 	5833.333333
77.101822	 	5840.000000
15.727280	 	5846.666667
40.677066	 	5853.333333
1.445633	 	5860.000000
83.290625	 	5866.666667
51.688425	 	5873.333333
44.210189	 	5880.000000
-16.778731	 	5886.666667
63.499737	 	5893.333333
38.958999	 	5900.000000
78.710005	 	5906.666667
-1.743085	 	5913.333333
46.421533	 	5920.000000
18.722060	 	5926.666667
69.997290	 	5933.333333
7.988955	 	5940.000000
56.653716	 	5946.666667
22.134205	 	5953.333333
53.443132	 	5960.000000
18.185867	 	5966.666667
60.791182	 	5973.333333
13.389186	 	5980.000000
27.360912	 	5986.666667
-3.765400	 	5993.333333
62.228686	 	6000.000000
41.476042	 	6006.666667
33.477538	 	6013.333333
7.527450	 	6020.000000
42.200235	 	6026.666667
12.093446	 	6033.333333
48.593414	 	6040.000000
45.598003	 	6046.666667
30.153380	 	6053.333333
4.445355	 	6060.000000
11.368944	 	6066.666667
32.067678	 	6073.333333
60.460086	 	6080.000000
45.345403	 	6086.666667
28.981695	 	6093.333333
-14.977750	 	6100.000000
12.178907	 	6106.666667
59.010564	 	6113.333333
58.262847	 	6120.000000
31.233105	 	6126.666667
13.140421	 	6133.333333
12.865643	 	6140.000000
19.368505	 	6146.666667
12.881905	 	6153.333333
17.942810	 	6160.000000
63.766720	 	6166.666667
38.219238	 	6173.333333
34.197724	 	6180.000000
5.899399	 	6186.666667
-3.068918	 	6193.333333
15.252195	 	6200.000000
51.425835	 	6206.666667
26.471710	 	6213.333333
22.936681	 	6220.000000
23.270928	 	6226.666667
19.378985	 	6233.333333
13.166487	 	6240.000000
22.186398	 	6246.666667
39.843642	 	6253.333333
22.190177	 	6260.000000
12.200531	 	6266.666667
12.879738	 	6273.333333
14.681217	 	6280.000000
6.835445	 	6286.666667
14.072517	 	6293.333333
69.752245	 	6300.000000
35.402502	 	6306.666667
-6.984853	 	6313.333333
-14.544102	 	6320.000000
9.574490	 	6326.666667
29.024526	 	6333.333333
48.796692	 	6340.000000
15.944520	 	6346.666667
11.184470	 	6353.333333
22.430858	 	6360.000000
34.475194	 	6366.666667
1.262477	 	6373.333333
-11.777664	 	6380.000000
20.913060	 	6386.666667
23.746533	 	6393.333333
3.230392	 	6400.000000
39.776792	 	6406.666667
41.969779	 	6413.333333
4.814882	 	6420.000000
-3.133320	 	6426.666667
18.721244	 	6433.333333
12.026134	 	6440.000000
10.594932	 	6446.666667
38.799161	 	6453.333333
40.805763	 	6460.000000
13.379167	 	6466.666667
15.532854	 	6473.333333
-6.055471	 	6480.000000
2.572393	 	6486.666667
34.970350	 	6493.333333
38.510563	 	6500.000000
-19.503555	 	6506.666667
3.271613	 	6513.333333
37.631154	 	6520.000000
42.037849	 	6526.666667
14.410452	 	6533.333333
-7.634386	 	6540.000000
-20.909470	 	6546.666667
21.042010	 	6553.333333
32.609722	 	6560.000000
21.045255	 	6566.666667
7.039814	 	6573.333333
17.846169	 	6580.000000
16.498619	 	6586.666667
24.867185	 	6593.333333
17.324002	 	6600.000000
15.539728	 	6606.666667
6.830827	 	6613.333333
-3.366737	 	6620.000000
-3.819526	 	6626.666667
38.478413	 	6633.333333
28.123801	 	6640.000000
3.928059	 	6646.666667
26.332297	 	6653.333333
6.401823	 	6660.000000
-9.942103	 	6666.666667
11.276271	 	6673.333333
26.847766	 	6680.000000
5.848374	 	6686.666667
12.759736	 	6693.333333
12.195462	 	6700.000000
30.405294	 	6706.666667
-3.542900	 	6713.333333
-17.673514	 	6720.000000
21.744666	 	6726.666667
29.395456	 	6733.333333
7.970794	 	6740.000000
26.210416	 	6746.666667
12.720667	 	6753.333333
-16.096539	 	6760.000000
-8.351708	 	6766.666667
27.027157	 	6773.333333
10.923469	 	6780.000000
21.363919	 	6786.666667
-5.438376	 	6793.333333
4.192175	 	6800.000000
25.643650	 	6806.666667
25.957599	 	6813.333333
-2.660558	 	6820.000000
8.153413	 	6826.666667
-8.558941	 	6833.333333
42.538345	 	6840.000000
26.707860	 	6846.666667
-15.043159	 	6853.333333
-4.958518	 	6860.000000
12.110102	 	6866.666667
3.186688	 	6873.333333
31.121604	 	6880.000000
0.606061	 	6886.666667
13.240849	 	6893.333333
26.777239	 	6900.000000
20.186099	 	6906.666667
-3.987656	 	6913.333333
-13.612174	 	6920.000000
12.259246	 	6926.666667
53.705859	 	6933.333333
7.523875	 	6940.000000
-0.425368	 	6946.666667
0.032404	 	6953.333333
16.207155	 	6960.000000
-6.622308	 	6966.666667
20.539167	 	6973.333333
32.201983	 	6980.000000
7.606315	 	6986.666667
-20.513584	 	6993.333333
7.324262	 	7000.000000
18.974425	 	7006.666667
31.001182	 	7013.333333
23.257497	 	7020.000000
3.896984	 	7026.666667
-5.333656	 	7033.333333
-10.996865	 	7040.000000
-11.044059	 	7046.666667
12.239747	 	7053.333333
14.422786	 	7060.000000
11.928369	 	7066.666667
30.754562	 	7073.333333
23.664093	 	7080.000000
-14.400706	 	7086.666667
-6.091179	 	7093.333333
-17.493206	 	7100.000000
38.502045	 	7106.666667
22.099394	 	7113.333333
5.070400	 	7120.000000
-5.114431	 	7126.666667
27.580040	 	7133.333333
-30.296709	 	7140.000000
-2.670331	 	7146.666667
15.690529	 	7153.333333
18.142414	 	7160.000000
-0.712321	 	7166.666667
38.931331	 	7173.333333
-2.364165	 	7180.000000
11.674555	 	7186.666667
-21.829551	 	7193.333333
-13.892447	 	7200.000000
2.630757	 	7206.666667
57.319088	 	7213.333333
7.431007	 	7220.000000
-1.170216	 	7226.666667
-22.345374	 	7233.333333
15.892366	 	7240.000000
10.769797	 	7246.666667
13.884108	 	7253.333333
-19.726848	 	7260.000000
29.982727	 	7266.666667
26.279182	 	7273.333333
8.755242	 	7280.000000
-21.430517	 	7286.666667
-17.812939	 	7293.333333
2.012982	 	7300.000000
40.270364	 	7306.666667
-2.561246	 	7313.333333
6.972531	 	7320.000000
-9.827672	 	7326.666667
13.868751	 	7333.333333
3.658119	 	7340.000000
0.724939	 	7346.666667
-16.529030	 	7353.333333
27.030512	 	7360.000000
3.057063	 	7366.666667
18.002380	 	7373.333333
-0.638310	 	7380.000000
17.645750	 	7386.666667
-3.834565	 	7393.333333
4.025281	 	7400.000000
-9.985503	 	7406.666667
23.295124	 	7413.333333
10.931264	 	7420.000000
9.008598	 	7426.666667
-26.408154	 	7433.333333
6.963440	 	7440.000000
8.592123	 	7446.666667
26.062406	 	7453.333333
-4.634612	 	7460.000000
-2.797726	 	7466.666667
-28.518262	 	7473.333333
9.976670	 	7480.000000
3.660022	 	7486.666667
38.471377	 	7493.333333
15.899531	 	7500.000000
-5.893115	 	7506.666667
-29.455331	 	7513.333333
20.602817	 	7520.000000
-2.172238	 	7526.666667
16.956582	 	7533.333333
7.356902	 	7540.000000
-18.107291	 	7546.666667
-11.606487	 	7553.333333
35.591770	 	7560.000000
-9.422396	 	7566.666667
6.571410	 	7573.333333
10.571691	 	7580.000000
13.759812	 	7586.666667
2.145813	 	7593.333333
0.729143	 	7600.000000
-22.090212	 	7606.666667
24.552141	 	7613.333333
-13.422024	 	7620.000000
28.419492	 	7626.666667
1.883925	 	7633.333333
-1.935764	 	7640.000000
-7.496681	 	7646.666667
31.675511	 	7653.333333
-9.230834	 	7660.000000
7.903485	 	7666.666667
-21.033676	 	7673.333333
6.503574	 	7680.000000
5.152901	 	7686.666667
42.811785	 	7693.333333
-12.512360	 	7700.000000
-8.731178	 	7706.666667
-4.809363	 	7713.333333
21.346384	 	7720.000000
-21.334277	 	7726.666667
3.697687	 	7733.333333
-18.864298	 	7740.000000
29.801872	 	7746.666667
36.010198	 	7753.333333
21.229486	 	7760.000000
-56.364643	 	7766.666667
-7.786846	 	7773.333333
25.430890	 	7780.000000
50.602147	 	7786.666667
-11.374448	 	7793.333333
10.409475	 	7800.000000
-35.026625	 	7806.666667
-7.097421	 	7813.333333
0.456658	 	7820.000000
32.677892	 	7826.666667
2.050709	 	7833.333333
14.747176	 	7840.000000
-10.996681	 	7846.666667
0.554847	 	7853.333333
-18.605445	 	7860.000000
-0.732653	 	7866.666667
19.386421	 	7873.333333
15.422495	 	7880.000000
-10.872345	 	7886.666667
27.202885	 	7893.333333
-8.162245	 	7900.000000
-22.112400	 	7906.666667
-6.528646	 	7913.333333
23.835371	 	7920.000000
1.246392	 	7926.666667
11.112593	 	7933.333333
-4.446990	 	7940.000000
-4.540202	 	7946.666667
-8.551672	 	7953.333333
1.013444	 	7960.000000
-21.597698	 	7966.666667
44.679700	 	7973.333333
30.661584	 	7980.000000
-8.221956	 	7986.666667
-14.278856	 	7993.333333
-10.633216	 	8000.000000
-21.657436	 	8006.666667
25.042864	 	8013.333333
14.984555	 	8020.000000
14.034004	 	8026.666667
11.572447	 	8033.333333
2.254801	 	8040.000000
-46.836281	 	8046.666667
5.938225	 	8053.333333
8.843081	 	8060.000000
19.795055	 	8066.666667
6.982900	 	8073.333333
-8.875284	 	8080.000000
-23.114564	 	8086.666667
16.694274	 	8093.333333
-9.380261	 	8100.000000
-4.185614	 	8106.666667
-0.785505	 	8113.333333
34.911670	 	8120.000000
1.490823	 	8126.666667
-23.123645	 	8133.333333
-14.153609	 	8140.000000
44.377264	 	8146.666667
7.946776	 	8153.333333
-1.077118	 	8160.000000
-25.708198	 	8166.666667
-0.650624	 	8173.333333
1.351625	 	8180.000000
20.476782	 	8186.666667
10.896953	 	8193.333333
16.531091	 	8200.000000
-26.844203	 	8206.666667
-12.626778	 	8213.333333
1.778627	 	8220.000000
23.928283	 	8226.666667
6.694585	 	8233.333333
12.534727	 	8240.000000
-26.907728	 	8246.666667
14.596756	 	8253.333333
8.440432	 	8260.000000
-13.617103	 	8266.666667
-9.889808	 	8273.333333
33.287996	 	8280.000000
-2.844597	 	8286.666667
0.978673	 	8293.333333
-20.506403	 	8300.000000
-11.627614	 	8306.666667
6.811231	 	8313.333333
34.312057	 	8320.000000
-1.487852	 	8326.666667
-7.912394	 	8333.333333
-6.914413	 	8340.000000
0.700349	 	8346.666667
-2.601881	 	8353.333333
-7.946574	 	8360.000000
1.363142	 	8366.666667
12.550795	 	8373.333333
2.264641	 	8380.000000
23.997866	 	8386.666667
23.284663	 	8393.333333
-28.343174	 	8400.000000
-39.190096	 	8406.666667
-2.048629	 	8413.333333
18.189160	 	8420.000000
33.223909	 	8426.666667
6.242035	 	8433.333333
-18.726393	 	8440.000000
-9.443937	 	8446.666667
2.652223	 	8453.333333
16.649166	 	8460.000000
-13.479426	 	8466.666667
-2.376607	 	8473.333333
4.725894	 	8480.000000
-0.060826	 	8486.666667
-13.352244	 	8493.333333
31.591881	 	8500.000000
-14.636611	 	8506.666667
6.651429	 	8513.333333
-13.634919	 	8520.000000
11.690887	 	8526.666667
3.455158	 	8533.333333
6.782415	 	8540.000000
-24.271844	 	8546.666667
19.479301	 	8553.333333
3.282574	 	8560.000000
17.349654	 	8566.666667
-17.000704	 	8573.333333
5.044667	 	8580.000000
-9.104382	 	8586.666667
-5.671230	 	8593.333333
-1.645107	 	8600.000000
13.827667	 	8606.666667
-3.313506	 	8613.333333
17.895951	 	8620.000000
-7.184088	 	8626.666667
-2.608627	 	8633.333333
-9.427881	 	8640.000000
2.778576	 	8646.666667
2.050417	 	8653.333333
22.256491	 	8660.000000
-14.678336	 	8666.666667
6.821799	 	8673.333333
14.476397	 	8680.000000
-13.600634	 	8686.666667
-13.687527	 	8693.333333
18.777313	 	8700.000000
-10.011647	 	8706.666667
0.128684	 	8713.333333
1.439930	 	8720.000000
11.541789	 	8726.666667
-2.474023	 	8733.333333
0.299923	 	8740.000000
-21.309860	 	8746.666667
17.191726	 	8753.333333
-1.879576	 	8760.000000
7.728558	 	8766.666667
-3.618474	 	8773.333333
-8.937174	 	8780.000000
-1.739168	 	8786.666667
24.057229	 	8793.333333
-7.451352	 	8800.000000
26.494185	 	8806.666667
1.852253	 	8813.333333
-31.954054	 	8820.000000
-7.614153	 	8826.666667
21.702189	 	8833.333333
3.118845	 	8840.000000
-7.756199	 	8846.666667
4.514421	 	8853.333333
16.451356	 	8860.000000
21.339585	 	8866.666667
-13.343916	 	8873.333333
-15.984223	 	8880.000000
-13.239778	 	8886.666667
10.193820	 	8893.333333
14.797546	 	8900.000000
8.467963	 	8906.666667
-17.770630	 	8913.333333
6.978590	 	8920.000000
-24.187828	 	8926.666667
-3.772605	 	8933.333333
21.561142	 	8940.000000
32.890120	 	8946.666667
-31.365447	 	8953.333333
-9.700313	 	8960.000000
-22.144826	 	8966.666667
18.023675	 	8973.333333
31.737018	 	8980.000000
21.402535	 	8986.666667
-27.651807	 	8993.333333
-10.274237	 	9000.000000
-22.512574	 	9006.666667
12.654803	 	9013.333333
14.220189	 	9020.000000
13.126734	 	9026.666667
3.648638	 	9033.333333
-1.719528	 	9040.000000
-24.271307	 	9046.666667
-0.458135	 	9053.333333
8.254550	 	9060.000000
-13.308436	 	9066.666667
7.993988	 	9073.333333
15.535419	 	9080.000000
-9.978191	 	9086.666667
-12.510284	 	9093.333333
-2.761460	 	9100.000000
-9.977202	 	9106.666667
18.439432	 	9113.333333
8.055994	 	9120.000000
-11.961598	 	9126.666667
-16.420599	 	9133.333333
13.445372	 	9140.000000
-11.698346	 	9146.666667
4.671386	 	9153.333333
3.198284	 	9160.000000
30.091472	 	9166.666667
7.637000	 	9173.333333
-22.909626	 	9180.000000
-43.528945	 	9186.666667
24.400627	 	9193.333333
-7.365995	 	9200.000000
19.932776	 	9206.666667
2.624229	 	9213.333333
-3.121392	 	9220.000000
-32.974443	 	9226.666667
26.059043	 	9233.333333
-27.394807	 	9240.000000
24.752268	 	9246.666667
10.808834	 	9253.333333
0.704640	 	9260.000000
-38.052614	 	9266.666667
11.603627	 	9273.333333
-16.314322	 	9280.000000
16.096485	 	9286.666667
-0.009693	 	9293.333333
16.176420	 	9300.000000
-8.698135	 	9306.666667
5.801204	 	9313.333333
-16.197953	 	9320.000000
2.176598	 	9326.666667
-14.898104	 	9333.333333
14.484995	 	9340.000000
13.340016	 	9346.666667
4.270823	 	9353.333333
-33.727992	 	9360.000000
18.791723	 	9366.666667
6.536845	 	9373.333333
3.684879	 	9380.000000
-1.319700	 	9386.666667
-5.613597	 	9393.333333
-29.918571	 	9400.000000
27.964099	 	9406.666667
-8.226648	 	9413.333333
2.953001	 	9420.000000
10.972630	 	9426.666667
-0.181156	 	9433.333333
-22.938655	 	9440.000000
8.642485	 	9446.666667
-1.504959	 	9453.333333
10.212343	 	9460.000000
-11.473421	 	9466.666667
-7.494548	 	9473.333333
4.407006	 	9480.000000
4.775477	 	9486.666667
6.363898	 	9493.333333
7.681377	 	9500.000000
-25.957457	 	9506.666667
10.080132	 	9513.333333
0.973543	 	9520.000000
-8.546761	 	9526.666667
-18.270656	 	9533.333333
10.081832	 	9540.000000
10.703001	 	9546.666667
24.421109	 	9553.333333
4.051306	 	9560.000000
-24.120952	 	9566.666667
-22.982841	 	9573.333333
12.796290	 	9580.000000
12.792370	 	9586.666667
3.863492	 	9593.333333
2.211057	 	9600.000000
-32.175079	 	9606.666667
-10.936880	 	9613.333333
7.902247	 	9620.000000
16.983652	 	9626.666667
4.876480	 	9633.333333
0.718031	 	9640.000000
-16.279352	 	9646.666667
7.739678	 	9653.333333
-2.496185	 	9660.000000
-9.458532	 	9666.666667
-3.471836	 	9673.333333
16.068695	 	9680.000000
5.754459	 	9686.666667
-17.367085	 	9693.333333
-1.848018	 	9700.000000
19.071162	 	9706.666667
-5.895707	 	9713.333333
-12.710759	 	9720.000000
-1.775153	 	9726.666667
4.017381	 	9733.333333
5.836224	 	9740.000000
5.335181	 	9746.666667
-11.399457	 	9753.333333
-1.065797	 	9760.000000
2.347720	 	9766.666667
-14.980839	 	9773.333333
-7.227965	 	9780.000000
31.125167	 	9786.666667
6.045016	 	9793.333333
-7.038066	 	9800.000000
-15.136617	 	9806.666667
-0.277515	 	9813.333333
3.150643	 	9820.000000
5.069321	 	9826.666667
-9.434383	 	9833.333333
9.089175	 	9840.000000
1.426258	 	9846.666667
-15.851131	 	9853.333333
-4.620767	 	9860.000000
3.274680	 	9866.666667
-16.142446	 	9873.333333
4.931382	 	9880.000000
8.341904	 	9886.666667
2.158962	 	9893.333333
18.480462	 	9900.000000
-2.687329	 	9906.666667
-40.867035	 	9913.333333
-14.932641	 	9920.000000
26.455298	 	9926.666667
30.186105	 	9933.333333
-0.079763	 	9940.000000
-9.343833	 	9946.666667
-25.602867	 	9953.333333
-10.030136	 	9960.000000
-17.319948	 	9966.666667
0.764061	 	9973.333333
-6.856638	 	9980.000000
24.690812	 	9986.666667
15.518431	 	9993.333333
15.304854	 	10000.000000
-21.520864	 	10006.666667
-16.822878	 	10013.333333
-37.927939	 	10020.000000
13.599521	 	10026.666667
38.720734	 	10033.333333
45.249849	 	10040.000000
-34.324150	 	10046.666667
-41.168267	 	10053.333333
-25.592827	 	10060.000000
20.455746	 	10066.666667
24.720438	 	10073.333333
19.437530	 	10080.000000
-27.133627	 	10086.666667
-17.586128	 	10093.333333
-18.972656	 	10100.000000
10.083600	 	10106.666667
-0.188161	 	10113.333333
26.441663	 	10120.000000
-8.667778	 	10126.666667
-13.588507	 	10133.333333
-7.835264	 	10140.000000
18.319220	 	10146.666667
-10.367230	 	10153.333333
-3.341182	 	10160.000000
-8.712527	 	10166.666667
-3.721716	 	10173.333333
10.843867	 	10180.000000
18.194885	 	10186.666667
-4.672679	 	10193.333333
-27.077462	 	10200.000000
-10.476204	 	10206.666667
10.037018	 	10213.333333
23.205345	 	10220.000000
7.897800	 	10226.666667
-9.429724	 	10233.333333
-22.719308	 	10240.000000
1.836646	 	10246.666667
7.539370	 	10253.333333
4.396713	 	10260.000000
-13.782230	 	10266.666667
11.305583	 	10273.333333
0.689058	 	10280.000000
-11.072159	 	10286.666667
-25.333081	 	10293.333333
20.959544	 	10300.000000
10.868634	 	10306.666667
7.658550	 	10313.333333
-23.241368	 	10320.000000
-15.211739	 	10326.666667
-2.589183	 	10333.333333
17.542326	 	10340.000000
-7.214854	 	10346.666667
-13.601223	 	10353.333333
-13.406235	 	10360.000000
24.549724	 	10366.666667
8.028038	 	10373.333333
-12.665567	 	10380.000000
2.523618	 	10386.666667
6.449914	 	10393.333333
-23.480514	 	10400.000000
-0.050459	 	10406.666667
-11.401203	 	10413.333333
-0.407057	 	10420.000000
21.187020	 	10426.666667
6.232181	 	10433.333333
-8.943831	 	10440.000000
-12.716259	 	10446.666667
-9.073009	 	10453.333333
-10.266937	 	10460.000000
17.880893	 	10466.666667
19.767964	 	10473.333333
-13.632268	 	10480.000000
-32.144629	 	10486.666667
-0.687623	 	10493.333333
6.651624	 	10500.000000
19.543586	 	10506.666667
-15.577709	 	10513.333333
-8.860195	 	10520.000000
-1.200515	 	10526.666667
4.853949	 	10533.333333
-7.978536	 	10540.000000
4.751547	 	10546.666667
-9.902706	 	10553.333333
13.657207	 	10560.000000
-16.138602	 	10566.666667
-12.225955	 	10573.333333
-8.875588	 	10580.000000
5.223672	 	10586.666667
-4.566430	 	10593.333333
22.281542	 	10600.000000
-3.288298	 	10606.666667
-12.551180	 	10613.333333
-25.717428	 	10620.000000
-2.253686	 	10626.666667
0.021441	 	10633.333333
8.701126	 	10640.000000
21.179141	 	10646.666667
-2.795028	 	10653.333333
-23.395841	 	10660.000000
-9.421990	 	10666.666667
0.304826	 	10673.333333
6.733548	 	10680.000000
7.946176	 	10686.666667
-28.074373	 	10693.333333
-17.897214	 	10700.000000
20.138669	 	10706.666667
-2.800398	 	10713.333333
-5.814408	 	10720.000000
-6.007801	 	10726.666667
-23.760696	 	10733.333333
6.380520	 	10740.000000
11.729168	 	10746.666667
4.146691	 	10753.333333
9.695914	 	10760.000000
-6.242436	 	10766.666667
-33.881700	 	10773.333333
-8.089624	 	10780.000000
11.134769	 	10786.666667
6.709737	 	10793.333333
15.340407	 	10800.000000
-1.870639	 	10806.666667
-28.206759	 	10813.333333
-2.059674	 	10820.000000
7.875246	 	10826.666667
13.358343	 	10833.333333
-20.576240	 	10840.000000
-8.107081	 	10846.666667
1.552263	 	10853.333333
13.297692	 	10860.000000
-11.134202	 	10866.666667
-10.463509	 	10873.333333
0.059554	 	10880.000000
0.376836	 	10886.666667
-22.806106	 	10893.333333
8.027692	 	10900.000000
5.884414	 	10906.666667
20.385042	 	10913.333333
-31.019067	 	10920.000000
2.641511	 	10926.666667
-1.106982	 	10933.333333
8.432241	 	10940.000000
-1.391908	 	10946.666667
20.589781	 	10953.333333
-42.070561	 	10960.000000
-11.341907	 	10966.666667
-14.265638	 	10973.333333
36.506703	 	10980.000000
17.601890	 	10986.666667
1.148001	 	10993.333333
-55.578749	 	11000.000000
5.273129	 	11006.666667
-3.908325	 	11013.333333
4.604826	 	11020.000000
-2.650831	 	11026.666667
18.160599	 	11033.333333
5.316919	 	11040.000000
-2.091688	 	11046.666667
-28.893590	 	11053.333333
-12.662866	 	11060.000000
-5.567225	 	11066.666667
7.237059	 	11073.333333
11.043883	 	11080.000000
20.523318	 	11086.666667
-17.618611	 	11093.333333
-32.393282	 	11100.000000
-13.005475	 	11106.666667
14.624383	 	11113.333333
31.444436	 	11120.000000
6.521904	 	11126.666667
-32.475678	 	11133.333333
-33.700195	 	11140.000000
-6.506475	 	11146.666667
-7.596345	 	11153.333333
16.747465	 	11160.000000
32.329003	 	11166.666667
9.950983	 	11173.333333
-21.470865	 	11180.000000
-31.777451	 	11186.666667
-43.003310	 	11193.333333
28.944268	 	11200.000000
33.598128	 	11206.666667
9.614919	 	11213.333333
-11.828655	 	11220.000000
-9.359659	 	11226.666667
-36.572160	 	11233.333333
5.280717	 	11240.000000
-8.676941	 	11246.666667
16.764747	 	11253.333333
-2.460921	 	11260.000000
11.951520	 	11266.666667
-38.427445	 	11273.333333
7.307507	 	11280.000000
-4.886862	 	11286.666667
38.928701	 	11293.333333
-27.388629	 	11300.000000
-1.793792	 	11306.666667
-26.994841	 	11313.333333
5.568811	 	11320.000000
-7.800444	 	11326.666667
32.228709	 	11333.333333
-9.039582	 	11340.000000
-1.662759	 	11346.666667
-18.931385	 	11353.333333
-5.982633	 	11360.000000
-17.617575	 	11366.666667
22.884615	 	11373.333333
-14.714219	 	11380.000000
22.198391	 	11386.666667
-2.285172	 	11393.333333
-13.603594	 	11400.000000
-22.256982	 	11406.666667
11.564134	 	11413.333333
-14.438704	 	11420.000000
9.971745	 	11426.666667
-2.192075	 	11433.333333
12.891516	 	11440.000000
-23.215673	 	11446.666667
-7.810445	 	11453.333333
-21.945164	 	11460.000000
17.847188	 	11466.666667
-7.057109	 	11473.333333
2.124080	 	11480.000000
-20.606010	 	11486.666667
14.611888	 	11493.333333
-14.909811	 	11500.000000
-2.385176	 	11506.666667
-10.734388	 	11513.333333
19.285792	 	11520.000000
-9.909414	 	11526.666667
10.722881	 	11533.333333
-43.033648	 	11540.000000
1.993776	 	11546.666667
0.377624	 	11553.333333
26.864685	 	11560.000000
-23.696915	 	11566.666667
-0.618415	 	11573.333333
-33.614099	 	11580.000000
29.774187	 	11586.666667
1.026944	 	11593.333333
22.373576	 	11600.000000
-46.134764	 	11606.666667
8.209957	 	11613.333333
-33.823473	 	11620.000000
16.082084	 	11626.666667
-4.074627	 	11633.333333
19.671762	 	11640.000000
-34.858155	 	11646.666667
8.141595	 	11653.333333
-11.223481	 	11660.000000
17.678430	 	11666.666667
-24.777208	 	11673.333333
24.500744	 	11680.000000
-2.232762	 	11686.666667
-17.581290	 	11693.333333
-47.764482	 	11700.000000
29.746427	 	11706.666667
7.632478	 	11713.333333
41.039240	 	11720.000000
-31.820865	 	11726.666667
-28.745734	 	11733.333333
-50.924115	 	11740.000000
12.122615	 	11746.666667
23.503219	 	11753.333333
68.400024	 	11760.000000
-50.163512	 	11766.666667
-45.293506	 	11773.333333
-26.341625	 	11780.000000
43.956800	 	11786.666667
-1.500490	 	11793.333333
29.899229	 	11800.000000
-23.068807	 	11806.666667
8.559890	 	11813.333333
-31.781898	 	11820.000000
-19.169822	 	11826.666667
-33.609365	 	11833.333333
32.016795	 	11840.000000
13.754842	 	11846.666667
29.834288	 	11853.333333
-16.108602	 	11860.000000
-33.612369	 	11866.666667
-47.539049	 	11873.333333
1.388399	 	11880.000000
33.213652	 	11886.666667
12.445395	 	11893.333333
1.112815	 	11900.000000
-2.965141	 	11906.666667
-17.339533	 	11913.333333
-36.535907	 	11920.000000
-5.374344	 	11926.666667
28.069842	 	11933.333333
3.804459	 	11940.000000
-9.866197	 	11946.666667
24.051733	 	11953.333333
-38.963465	 	11960.000000
-49.462815	 	11966.666667
2.813038	 	11973.333333
50.374638	 	11980.000000
21.813487	 	11986.666667
21.544104	 	11993.333333
-54.564657	 	12000.000000
-43.530084	 	12006.666667
-34.998849	 	12013.333333
-49.391862	 	12020.000000
149.675524	 	12026.666667
85.524801	 	12033.333333
-167.090451	 	12040.000000
-48.476301	 	12046.666667
116.329133	 	12053.333333
-70.205607	 	12060.000000
-40.145047	 	12066.666667
-20.355515	 	12073.333333
167.818343	 	12080.000000
3.462124	 	12086.666667
-200.744526	 	12093.333333
136.689173	 	12100.000000
-27.365550	 	12106.666667
-107.259608	 	12113.333333
-100.339340	 	12120.000000
167.252515	 	12126.666667
265.477536	 	12133.333333
-203.339119	 	12140.000000
-235.146098	 	12146.666667
21.091092	 	12153.333333
210.216932	 	12160.000000
-0.993523	 	12166.666667
-157.752088	 	12173.333333
143.231901	 	12180.000000
-6.598156	 	12186.666667
-124.061037	 	12193.333333
-213.123589	 	12200.000000
327.031137	 	12206.666667
222.477400	 	12213.333333
-199.414687	 	12220.000000
-251.428652	 	12226.666667
2.366820	 	12233.333333
-46.300470	 	12240.000000
172.567617	 	12246.666667
448.382485	 	12253.333333
-264.170112	 	12260.000000
-388.164751	 	12266.666667
-56.979907	 	12273.333333
171.828984	 	12280.000000
39.494552	 	12286.666667
245.077063	 	12293.333333
-20.151019	 	12300.000000
-369.728533	 	12306.666667
42.064856	 	12313.333333
144.583513	 	12320.000000
229.825225	 	12326.666667
-460.107100	 	12333.333333
-82.242048	 	12340.000000
375.459125	 	12346.666667
499.877220	 	12353.333333
-498.493177	 	12360.000000
-542.359804	 	12366.666667
-82.425774	 	12373.333333
970.228702	 	12380.000000
-577.140080	 	12386.666667
123.163396	 	12393.333333
579.735904	 	12400.000000
-322.535274	 	12406.666667
-849.806783	 	12413.333333
-264.865475	 	12420.000000
1296.363311	 	12426.666667
-41.001772	 	12433.333333
-299.126231	 	12440.000000
95.657857	 	12446.666667
-122.516667	 	12453.333333
-484.510905	 	12460.000000
-487.093199	 	12466.666667
899.648330	 	12473.333333
882.438959	 	12480.000000
-816.001354	 	12486.666667
-204.885769	 	12493.333333
-86.086865	 	12500.000000
418.651840	 	12506.666667
-263.737225	 	12513.333333
-516.481153	 	12520.000000
422.486007	 	12526.666667
465.241508	 	12533.333333
-779.588262	 	12540.000000
1154.899511	 	12546.666667
-730.348035	 	12553.333333
69.958043	 	12560.000000
-719.598875	 	12566.666667
1162.935501	 	12573.333333
-474.707510	 	12580.000000
-858.916952	 	12586.666667
1175.795245	 	12593.333333
-85.167595	 	12600.000000
-150.700293	 	12606.666667
-374.212193	 	12613.333333
-55.326585	 	12620.000000
489.940674	 	12626.666667
-278.270711	 	12633.333333
34.339210	 	12640.000000
207.684462	 	12646.666667
-608.758703	 	12653.333333
428.437002	 	12660.000000
110.734730	 	12666.666667
70.997339	 	12673.333333
-686.372007	 	12680.000000
840.232304	 	12686.666667
-616.984658	 	12693.333333
282.069252	 	12700.000000
15.830064	 	12706.666667
653.225320	 	12713.333333
-660.115335	 	12720.000000
-589.117862	 	12726.666667
-241.792792	 	12733.333333
447.916017	 	12740.000000
1234.420851	 	12746.666667
-597.743620	 	12753.333333
-625.959039	 	12760.000000
728.570436	 	12766.666667
-178.021018	 	12773.333333
-933.722133	 	12780.000000
-999.466289	 	12786.666667
3023.966204	 	12793.333333
-849.960198	 	12800.000000
-777.762652	 	12806.666667
-252.257811	 	12813.333333
1414.302532	 	12820.000000
-997.445061	 	12826.666667
-977.894509	 	12833.333333
-626.641376	 	12840.000000
3673.841780	 	12846.666667
-953.233182	 	12853.333333
-953.303910	 	12860.000000
-997.832474	 	12866.666667
-953.848981	 	12873.333333
2408.352971	 	12880.000000
-931.219321	 	12886.666667
1914.328936	 	12893.333333
-982.315941	 	12900.000000
-999.523633	 	12906.666667
-424.246356	 	12913.333333
608.118152	 	12920.000000
-999.037673	 	12926.666667
2889.812639	 	12933.333333
-930.134469	 	12940.000000
-972.059039	 	12946.666667
-552.236412	 	12953.333333
1159.486759	 	12960.000000
-936.291894	 	12966.666667
1200.582779	 	12973.333333
-994.666086	 	12980.000000
908.705663	 	12986.666667
438.893665	 	12993.333333
-994.483738	 	13000.000000
-921.348985	 	13006.666667
-717.752530	 	13013.333333
3662.771806	 	13020.000000
-999.617734	 	13026.666667
-982.829913	 	13033.333333
-999.873735	 	13040.000000
2452.568505	 	13046.666667
-997.242798	 	13053.333333
-994.844037	 	13060.000000
1405.023934	 	13066.666667
-985.261773	 	13073.333333
-999.991735	 	13080.000000
2121.163461	 	13086.666667
1067.095337	 	13093.333333
-999.606025	 	13100.000000
-999.932883	 	13106.666667
-998.955440	 	13113.333333
-920.900247	 	13120.000000
2822.144971	 	13126.666667
1264.460284	 	13133.333333
-994.036798	 	13140.000000
-637.871785	 	13146.666667
-999.938517	 	13153.333333
-999.998730	 	13160.000000
2261.803511	 	13166.666667
-389.402438	 	13173.333333
1157.597452	 	13180.000000
-999.998730	 	13186.666667
-724.300578	 	13193.333333
-999.409513	 	13200.000000
-999.998683	 	13206.666667
-999.998730	 	13213.333333
7126.917203	 	13220.000000
-999.998730	 	13226.666667
-999.998730	 	13233.333333
-999.998730	 	13240.000000
-999.998734	 	13246.666667
-999.998734	 	13253.333333
-999.998736	 	13260.000000
-999.998761	 	13266.666667
-999.998750	 	13273.333333
-999.998744	 	13280.000000
-999.998795	 	13286.666667
-999.998837	 	13293.333333
-999.998868	 	13300.000000
-999.998962	 	13306.666667
-999.999005	 	13313.333333
-999.998890	 	13320.000000
-999.998972	 	13326.666667
