#peak 	 	#time 
-999.998983	 	0.000000
-999.999009	 	6.666667
-999.999364	 	13.333333
-999.999177	 	20.000000
-999.999092	 	26.666667
-999.999395	 	33.333333
-999.999291	 	40.000000
-999.999819	 	46.666667
-999.999060	 	53.333333
-999.999513	 	60.000000
-1000.000000	 	66.666667
-1000.000000	 	73.333333
-1000.000000	 	80.000000
-1000.000000	 	86.666667
-1000.000000	 	93.333333
34465.967345	 	100.000000
-999.998805	 	106.666667
-999.998821	 	113.333333
-999.998819	 	120.000000
-999.998803	 	126.666667
-999.998822	 	133.333333
-999.998812	 	140.000000
-999.998812	 	146.666667
-999.998806	 	153.333333
-999.998816	 	160.000000
-999.998803	 	166.666667
-999.998803	 	173.333333
-999.998804	 	180.000000
-999.998803	 	186.666667
-999.998801	 	193.333333
-999.998801	 	200.000000
-999.935243	 	206.666667
4735.028667	 	213.333333
724.344562	 	220.000000
-736.074718	 	226.666667
-719.931542	 	233.333333
-205.446739	 	240.000000
178.389175	 	246.666667
3.307341	 	253.333333
35.729199	 	260.000000
-396.498726	 	266.666667
-231.853989	 	273.333333
564.133817	 	280.000000
55.144439	 	286.666667
-184.768275	 	293.333333
-21.846028	 	300.000000
-36.341917	 	306.666667
211.365295	 	313.333333
-77.984084	 	320.000000
-253.790454	 	326.666667
-107.986097	 	333.333333
0.084798	 	340.000000
127.189318	 	346.666667
214.529441	 	353.333333
65.108992	 	360.000000
-268.625672	 	366.666667
-312.058840	 	373.333333
379.400888	 	380.000000
237.372669	 	386.666667
-242.246986	 	393.333333
-191.920440	 	400.000000
-98.788568	 	406.666667
200.527402	 	413.333333
131.382528	 	420.000000
-141.881270	 	426.666667
126.182377	 	433.333333
-17.299176	 	440.000000
-90.627215	 	446.666667
-5.474464	 	453.333333
-17.397289	 	460.000000
177.825095	 	466.666667
72.882524	 	473.333333
-114.721629	 	480.000000
127.359701	 	486.666667
-67.486126	 	493.333333
-42.090357	 	500.000000
76.466173	 	506.666667
-23.163364	 	513.333333
15.783749	 	520.000000
49.365627	 	526.666667
48.636990	 	533.333333
-169.524114	 	540.000000
-166.628610	 	546.666667
47.531503	 	553.333333
114.447258	 	560.000000
267.157536	 	566.666667
59.918991	 	573.333333
-252.242820	 	580.000000
-4.543629	 	586.666667
-73.651525	 	593.333333
147.321652	 	600.000000
210.822788	 	606.666667
-153.389543	 	613.333333
-266.722492	 	620.000000
-48.002970	 	626.666667
107.860402	 	633.333333
344.530497	 	640.000000
62.030256	 	646.666667
-107.510807	 	653.333333
-253.532578	 	660.000000
-56.309693	 	666.666667
1.745068	 	673.333333
124.671524	 	680.000000
35.227205	 	686.666667
111.803815	 	693.333333
-14.562762	 	700.000000
-14.130350	 	706.666667
-167.801696	 	713.333333
29.402052	 	720.000000
66.104980	 	726.666667
78.686327	 	733.333333
-62.303085	 	740.000000
18.679798	 	746.666667
14.491254	 	753.333333
-33.166623	 	760.000000
-61.771340	 	766.666667
78.595784	 	773.333333
-42.442570	 	780.000000
29.538212	 	786.666667
55.408372	 	793.333333
-52.133124	 	800.000000
-6.232569	 	806.666667
43.393097	 	813.333333
-4.172381	 	820.000000
12.747539	 	826.666667
-74.199806	 	833.333333
82.777177	 	840.000000
88.320849	 	846.666667
-101.422388	 	853.333333
-99.807674	 	860.000000
59.068997	 	866.666667
88.638130	 	873.333333
51.658596	 	880.000000
-84.329841	 	886.666667
12.104533	 	893.333333
-63.218217	 	900.000000
-38.430949	 	906.666667
122.037455	 	913.333333
112.929594	 	920.000000
-11.909549	 	926.666667
-139.409116	 	933.333333
-79.153615	 	940.000000
70.811149	 	946.666667
57.866514	 	953.333333
70.803670	 	960.000000
-31.749503	 	966.666667
-92.271214	 	973.333333
46.649270	 	980.000000
65.308693	 	986.666667
15.796363	 	993.333333
-84.453363	 	1000.000000
-75.124684	 	1006.666667
65.125899	 	1013.333333
86.521508	 	1020.000000
4.839112	 	1026.666667
-22.383010	 	1033.333333
-29.187323	 	1040.000000
-18.014386	 	1046.666667
-37.907743	 	1053.333333
48.318522	 	1060.000000
81.001304	 	1066.666667
18.892645	 	1073.333333
-73.766741	 	1080.000000
-47.387382	 	1086.666667
2.087019	 	1093.333333
59.666003	 	1100.000000
23.855084	 	1106.666667
3.008673	 	1113.333333
-1.438599	 	1120.000000
3.995919	 	1126.666667
-13.367196	 	1133.333333
-10.445157	 	1140.000000
-16.919849	 	1146.666667
25.721536	 	1153.333333
27.786142	 	1160.000000
13.391709	 	1166.666667
-31.801346	 	1173.333333
-4.138164	 	1180.000000
29.377794	 	1186.666667
17.822356	 	1193.333333
-3.694929	 	1200.000000
-20.075153	 	1206.666667
-19.642661	 	1213.333333
22.736725	 	1220.000000
23.283918	 	1226.666667
0.382319	 	1233.333333
-6.968374	 	1240.000000
-0.384804	 	1246.666667
3.809023	 	1253.333333
4.618235	 	1260.000000
10.674840	 	1266.666667
4.585401	 	1273.333333
17.405551	 	1280.000000
-17.284509	 	1286.666667
-10.009099	 	1293.333333
15.342791	 	1300.000000
20.377207	 	1306.666667
-10.116885	 	1313.333333
-20.944091	 	1320.000000
-0.133439	 	1326.666667
35.269338	 	1333.333333
19.033375	 	1340.000000
-3.004515	 	1346.666667
-16.207942	 	1353.333333
-9.541740	 	1360.000000
1.460520	 	1366.666667
15.141324	 	1373.333333
17.158872	 	1380.000000
15.653543	 	1386.666667
-6.135858	 	1393.333333
-12.694457	 	1400.000000
-7.438181	 	1406.666667
10.015721	 	1413.333333
22.600865	 	1420.000000
-6.443543	 	1426.666667
-15.307601	 	1433.333333
3.078351	 	1440.000000
22.196448	 	1446.666667
26.084134	 	1453.333333
-6.969211	 	1460.000000
-8.640111	 	1466.666667
13.171916	 	1473.333333
-0.063737	 	1480.000000
-0.773412	 	1486.666667
-1.977778	 	1493.333333
16.944571	 	1500.000000
-1.026317	 	1506.666667
-12.444629	 	1513.333333
6.302301	 	1520.000000
23.120787	 	1526.666667
-7.966346	 	1533.333333
-7.602532	 	1540.000000
3.368242	 	1546.666667
28.274553	 	1553.333333
2.504744	 	1560.000000
-5.289127	 	1566.666667
-12.639141	 	1573.333333
2.430444	 	1580.000000
10.671660	 	1586.666667
17.473861	 	1593.333333
4.866520	 	1600.000000
-8.056316	 	1606.666667
-0.602210	 	1613.333333
19.770691	 	1620.000000
12.435543	 	1626.666667
-6.477129	 	1633.333333
-10.435670	 	1640.000000
2.815102	 	1646.666667
17.775555	 	1653.333333
9.441495	 	1660.000000
-1.420571	 	1666.666667
0.072515	 	1673.333333
-9.147832	 	1680.000000
4.424148	 	1686.666667
23.116689	 	1693.333333
12.687625	 	1700.000000
-9.984820	 	1706.666667
-13.523870	 	1713.333333
9.735981	 	1720.000000
18.355559	 	1726.666667
-2.890026	 	1733.333333
-4.930674	 	1740.000000
6.429343	 	1746.666667
15.997970	 	1753.333333
7.833531	 	1760.000000
-21.135511	 	1766.666667
4.533895	 	1773.333333
16.781936	 	1780.000000
6.452852	 	1786.666667
2.094857	 	1793.333333
3.778873	 	1800.000000
9.631042	 	1806.666667
2.994146	 	1813.333333
-9.865669	 	1820.000000
14.828104	 	1826.666667
-0.570850	 	1833.333333
5.784529	 	1840.000000
7.526993	 	1846.666667
-3.746377	 	1853.333333
11.026153	 	1860.000000
3.762706	 	1866.666667
-0.191591	 	1873.333333
3.910049	 	1880.000000
-3.487819	 	1886.666667
9.514043	 	1893.333333
11.334116	 	1900.000000
1.232634	 	1906.666667
13.598048	 	1913.333333
7.878785	 	1920.000000
4.386934	 	1926.666667
-18.462868	 	1933.333333
-4.237972	 	1940.000000
21.888101	 	1946.666667
13.177708	 	1953.333333
-19.255762	 	1960.000000
-0.589975	 	1966.666667
16.765425	 	1973.333333
14.450560	 	1980.000000
-7.319568	 	1986.666667
7.128299	 	1993.333333
-2.830244	 	2000.000000
-5.140288	 	2006.666667
1.049876	 	2013.333333
13.156960	 	2020.000000
21.461645	 	2026.666667
-0.721508	 	2033.333333
-22.334254	 	2040.000000
-1.782362	 	2046.666667
13.982791	 	2053.333333
8.826470	 	2060.000000
7.244752	 	2066.666667
-6.850984	 	2073.333333
5.745659	 	2080.000000
17.027103	 	2086.666667
11.801266	 	2093.333333
-5.403400	 	2100.000000
-11.531919	 	2106.666667
-12.827812	 	2113.333333
11.518399	 	2120.000000
15.654971	 	2126.666667
27.042339	 	2133.333333
7.349700	 	2140.000000
-8.574385	 	2146.666667
-12.355735	 	2153.333333
-3.588130	 	2160.000000
4.025000	 	2166.666667
16.287290	 	2173.333333
0.888449	 	2180.000000
13.028265	 	2186.666667
5.436378	 	2193.333333
-2.433985	 	2200.000000
-8.985905	 	2206.666667
-4.918137	 	2213.333333
15.430633	 	2220.000000
26.680758	 	2226.666667
-5.537029	 	2233.333333
-4.116595	 	2240.000000
-1.225773	 	2246.666667
-4.863560	 	2253.333333
-1.152276	 	2260.000000
17.970627	 	2266.666667
29.513622	 	2273.333333
-14.474368	 	2280.000000
-21.614639	 	2286.666667
2.561175	 	2293.333333
21.205868	 	2300.000000
13.001137	 	2306.666667
-2.113583	 	2313.333333
-2.516369	 	2320.000000
9.837260	 	2326.666667
-15.074490	 	2333.333333
17.456270	 	2340.000000
17.099307	 	2346.666667
-2.922612	 	2353.333333
-23.226895	 	2360.000000
10.272667	 	2366.666667
31.863816	 	2373.333333
5.701601	 	2380.000000
-29.242825	 	2386.666667
-8.682771	 	2393.333333
20.031027	 	2400.000000
23.445024	 	2406.666667
3.667634	 	2413.333333
3.049533	 	2420.000000
-6.714421	 	2426.666667
-12.141238	 	2433.333333
14.968305	 	2440.000000
19.948365	 	2446.666667
-0.792133	 	2453.333333
-5.368716	 	2460.000000
6.851121	 	2466.666667
4.441324	 	2473.333333
-3.676985	 	2480.000000
3.051537	 	2486.666667
13.794342	 	2493.333333
-4.701516	 	2500.000000
-9.521214	 	2506.666667
25.624442	 	2513.333333
19.937509	 	2520.000000
-26.092446	 	2526.666667
-5.793926	 	2533.333333
24.126107	 	2540.000000
21.801043	 	2546.666667
-3.405045	 	2553.333333
-14.618321	 	2560.000000
-1.508285	 	2566.666667
3.160824	 	2573.333333
2.513386	 	2580.000000
9.199102	 	2586.666667
16.868816	 	2593.333333
8.204137	 	2600.000000
-6.888076	 	2606.666667
9.573030	 	2613.333333
-1.706080	 	2620.000000
-7.000491	 	2626.666667
-9.100510	 	2633.333333
9.801856	 	2640.000000
24.956144	 	2646.666667
17.304214	 	2653.333333
-28.456030	 	2660.000000
4.629484	 	2666.666667
-7.724689	 	2673.333333
34.546455	 	2680.000000
10.028555	 	2686.666667
-12.096229	 	2693.333333
-19.515697	 	2700.000000
35.150732	 	2706.666667
-20.621482	 	2713.333333
-5.156423	 	2720.000000
16.818694	 	2726.666667
25.331104	 	2733.333333
-17.511619	 	2740.000000
7.106062	 	2746.666667
-0.215050	 	2753.333333
17.931148	 	2760.000000
-5.973195	 	2766.666667
1.111775	 	2773.333333
2.173285	 	2780.000000
10.389121	 	2786.666667
-2.154916	 	2793.333333
5.282013	 	2800.000000
-2.685742	 	2806.666667
1.356268	 	2813.333333
6.533100	 	2820.000000
24.544608	 	2826.666667
-3.780316	 	2833.333333
-12.332980	 	2840.000000
-5.633916	 	2846.666667
10.032872	 	2853.333333
8.532566	 	2860.000000
5.148478	 	2866.666667
11.180743	 	2873.333333
8.780537	 	2880.000000
-16.154916	 	2886.666667
-12.763238	 	2893.333333
1.104476	 	2900.000000
27.184621	 	2906.666667
13.354259	 	2913.333333
-6.840696	 	2920.000000
-1.036348	 	2926.666667
-4.978880	 	2933.333333
2.678086	 	2940.000000
1.412774	 	2946.666667
8.509031	 	2953.333333
-1.955989	 	2960.000000
12.635594	 	2966.666667
31.706556	 	2973.333333
-12.619692	 	2980.000000
-24.381196	 	2986.666667
-13.143796	 	2993.333333
9.546404	 	3000.000000
55.037140	 	3006.666667
-1.189581	 	3013.333333
-25.841078	 	3020.000000
-5.840395	 	3026.666667
0.733451	 	3033.333333
11.003611	 	3040.000000
15.693021	 	3046.666667
6.868500	 	3053.333333
-12.455946	 	3060.000000
-6.955820	 	3066.666667
31.860432	 	3073.333333
9.964854	 	3080.000000
-16.921470	 	3086.666667
-16.192781	 	3093.333333
16.159831	 	3100.000000
19.591245	 	3106.666667
1.644572	 	3113.333333
-0.172921	 	3120.000000
1.109028	 	3126.666667
-21.178067	 	3133.333333
-6.199533	 	3140.000000
65.783432	 	3146.666667
122.086501	 	3153.333333
82.808503	 	3160.000000
62.762439	 	3166.666667
94.631912	 	3173.333333
125.408487	 	3180.000000
310.026099	 	3186.666667
948.757558	 	3193.333333
2009.732779	 	3200.000000
2476.844993	 	3206.666667
2139.688376	 	3213.333333
2152.602042	 	3220.000000
2765.790048	 	3226.666667
3476.702845	 	3233.333333
4034.724086	 	3240.000000
4268.436968	 	3246.666667
4363.836167	 	3253.333333
4458.750780	 	3260.000000
4790.813210	 	3266.666667
5090.068331	 	3273.333333
5187.985803	 	3280.000000
4922.219631	 	3286.666667
4921.877190	 	3293.333333
4914.352484	 	3300.000000
4999.613677	 	3306.666667
5006.608140	 	3313.333333
4974.519379	 	3320.000000
4515.766150	 	3326.666667
4305.369088	 	3333.333333
4345.295622	 	3340.000000
4594.898973	 	3346.666667
4309.270412	 	3353.333333
3953.482414	 	3360.000000
3804.693325	 	3366.666667
3740.682664	 	3373.333333
3542.607921	 	3380.000000
3477.058015	 	3386.666667
3224.803767	 	3393.333333
3037.445362	 	3400.000000
2944.070326	 	3406.666667
2907.943807	 	3413.333333
2802.401259	 	3420.000000
2607.166213	 	3426.666667
2438.335237	 	3433.333333
2413.818818	 	3440.000000
2347.107933	 	3446.666667
2259.081619	 	3453.333333
2184.680788	 	3460.000000
2128.872256	 	3466.666667
2000.598864	 	3473.333333
1899.923006	 	3480.000000
1883.056840	 	3486.666667
1840.986142	 	3493.333333
1762.346065	 	3500.000000
1721.399976	 	3506.666667
1717.290348	 	3513.333333
1649.438910	 	3520.000000
1574.723213	 	3526.666667
1537.229033	 	3533.333333
1485.168262	 	3540.000000
1408.844208	 	3546.666667
1411.444064	 	3553.333333
1441.264490	 	3560.000000
1416.482423	 	3566.666667
1313.442971	 	3573.333333
1263.802902	 	3580.000000
1302.520283	 	3586.666667
1328.116527	 	3593.333333
1234.054972	 	3600.000000
1154.310181	 	3606.666667
1145.540794	 	3613.333333
1183.505899	 	3620.000000
1182.360463	 	3626.666667
1159.268094	 	3633.333333
1114.471391	 	3640.000000
1087.589753	 	3646.666667
1078.586513	 	3653.333333
1052.838014	 	3660.000000
1026.638909	 	3666.666667
1010.157028	 	3673.333333
987.609928	 	3680.000000
992.187535	 	3686.666667
970.186142	 	3693.333333
966.957829	 	3700.000000
978.323831	 	3706.666667
925.901494	 	3713.333333
860.729691	 	3720.000000
843.650624	 	3726.666667
853.673619	 	3733.333333
879.194103	 	3740.000000
874.517642	 	3746.666667
815.757437	 	3753.333333
783.642173	 	3760.000000
800.141230	 	3766.666667
797.252156	 	3773.333333
783.865827	 	3780.000000
769.057452	 	3786.666667
739.738322	 	3793.333333
730.921144	 	3800.000000
731.131146	 	3806.666667
671.643226	 	3813.333333
653.912766	 	3820.000000
671.298175	 	3826.666667
704.366357	 	3833.333333
678.592717	 	3840.000000
642.462530	 	3846.666667
612.716976	 	3853.333333
616.048867	 	3860.000000
608.569788	 	3866.666667
616.163738	 	3873.333333
593.683285	 	3880.000000
601.807317	 	3886.666667
586.760275	 	3893.333333
582.387305	 	3900.000000
574.975848	 	3906.666667
560.885751	 	3913.333333
542.827106	 	3920.000000
523.336928	 	3926.666667
500.653391	 	3933.333333
523.853607	 	3940.000000
522.845017	 	3946.666667
497.445232	 	3953.333333
483.708889	 	3960.000000
493.741442	 	3966.666667
486.478589	 	3973.333333
489.403623	 	3980.000000
478.724044	 	3986.666667
464.625989	 	3993.333333
421.476084	 	4000.000000
420.605103	 	4006.666667
460.407675	 	4013.333333
485.663630	 	4020.000000
436.196252	 	4026.666667
386.481916	 	4033.333333
392.823958	 	4040.000000
412.935553	 	4046.666667
414.011981	 	4053.333333
404.139339	 	4060.000000
377.726879	 	4066.666667
366.875452	 	4073.333333
378.294995	 	4080.000000
389.315585	 	4086.666667
379.743413	 	4093.333333
372.157352	 	4100.000000
345.844469	 	4106.666667
355.800256	 	4113.333333
346.391482	 	4120.000000
330.781260	 	4126.666667
328.263074	 	4133.333333
343.168412	 	4140.000000
318.579091	 	4146.666667
328.826004	 	4153.333333
338.986411	 	4160.000000
313.506406	 	4166.666667
278.228013	 	4173.333333
305.803254	 	4180.000000
294.130401	 	4186.666667
300.860347	 	4193.333333
276.379490	 	4200.000000
307.840413	 	4206.666667
298.691319	 	4213.333333
277.638636	 	4220.000000
273.041576	 	4226.666667
290.478188	 	4233.333333
272.180075	 	4240.000000
280.913363	 	4246.666667
240.811382	 	4253.333333
271.948819	 	4260.000000
261.502698	 	4266.666667
266.348305	 	4273.333333
238.699733	 	4280.000000
251.851648	 	4286.666667
240.636551	 	4293.333333
235.757479	 	4300.000000
239.996286	 	4306.666667
259.840147	 	4313.333333
240.716699	 	4320.000000
242.197061	 	4326.666667
204.864600	 	4333.333333
220.518007	 	4340.000000
229.084110	 	4346.666667
230.073106	 	4353.333333
224.262630	 	4360.000000
220.449570	 	4366.666667
195.222470	 	4373.333333
192.618887	 	4380.000000
224.576215	 	4386.666667
203.668531	 	4393.333333
203.088008	 	4400.000000
214.908405	 	4406.666667
196.663497	 	4413.333333
190.094087	 	4420.000000
181.552509	 	4426.666667
175.093446	 	4433.333333
186.780358	 	4440.000000
181.244453	 	4446.666667
180.056085	 	4453.333333
189.399206	 	4460.000000
199.341410	 	4466.666667
151.384461	 	4473.333333
164.772191	 	4480.000000
189.795600	 	4486.666667
190.361158	 	4493.333333
137.109313	 	4500.000000
145.663748	 	4506.666667
181.875472	 	4513.333333
152.004959	 	4520.000000
125.431975	 	4526.666667
178.339322	 	4533.333333
162.370732	 	4540.000000
141.042326	 	4546.666667
137.850384	 	4553.333333
162.042564	 	4560.000000
137.915979	 	4566.666667
157.508709	 	4573.333333
126.249180	 	4580.000000
124.013004	 	4586.666667
151.293352	 	4593.333333
162.525877	 	4600.000000
124.069205	 	4606.666667
144.114288	 	4613.333333
114.725546	 	4620.000000
143.894258	 	4626.666667
138.037373	 	4633.333333
136.315116	 	4640.000000
107.566273	 	4646.666667
161.005491	 	4653.333333
89.689686	 	4660.000000
71.301251	 	4666.666667
153.165624	 	4673.333333
203.586264	 	4680.000000
98.212338	 	4686.666667
33.113555	 	4693.333333
144.652882	 	4700.000000
232.183630	 	4706.666667
37.077318	 	4713.333333
18.366957	 	4720.000000
158.850607	 	4726.666667
145.324518	 	4733.333333
108.474022	 	4740.000000
73.694013	 	4746.666667
133.188040	 	4753.333333
160.789606	 	4760.000000
87.360578	 	4766.666667
15.612017	 	4773.333333
132.369113	 	4780.000000
148.050424	 	4786.666667
101.785923	 	4793.333333
64.932259	 	4800.000000
87.689262	 	4806.666667
82.737075	 	4813.333333
155.460460	 	4820.000000
73.618967	 	4826.666667
88.315537	 	4833.333333
98.547752	 	4840.000000
106.510570	 	4846.666667
33.264469	 	4853.333333
105.228638	 	4860.000000
103.095091	 	4866.666667
117.116559	 	4873.333333
61.240320	 	4880.000000
80.962701	 	4886.666667
71.055192	 	4893.333333
68.820436	 	4900.000000
72.907394	 	4906.666667
125.011140	 	4913.333333
61.332234	 	4920.000000
51.270046	 	4926.666667
90.352238	 	4933.333333
95.786475	 	4940.000000
66.436154	 	4946.666667
44.982221	 	4953.333333
110.785311	 	4960.000000
92.762017	 	4966.666667
39.921936	 	4973.333333
36.794819	 	4980.000000
124.148520	 	4986.666667
119.746660	 	4993.333333
36.503692	 	5000.000000
1.214806	 	5006.666667
121.842432	 	5013.333333
115.645057	 	5020.000000
42.991283	 	5026.666667
10.130914	 	5033.333333
66.823290	 	5040.000000
114.855603	 	5046.666667
96.544278	 	5053.333333
-12.854071	 	5060.000000
80.179913	 	5066.666667
106.170327	 	5073.333333
44.289734	 	5080.000000
23.801399	 	5086.666667
72.602301	 	5093.333333
86.131792	 	5100.000000
69.977910	 	5106.666667
29.839656	 	5113.333333
76.801015	 	5120.000000
72.764984	 	5126.666667
48.812681	 	5133.333333
43.088927	 	5140.000000
63.639275	 	5146.666667
55.127838	 	5153.333333
42.514042	 	5160.000000
59.861838	 	5166.666667
61.122454	 	5173.333333
61.781360	 	5180.000000
40.199694	 	5186.666667
55.026408	 	5193.333333
55.404413	 	5200.000000
56.583367	 	5206.666667
42.083549	 	5213.333333
65.937063	 	5220.000000
48.437851	 	5226.666667
38.219484	 	5233.333333
42.872459	 	5240.000000
57.869595	 	5246.666667
67.648821	 	5253.333333
50.348945	 	5260.000000
22.754395	 	5266.666667
53.965290	 	5273.333333
61.316861	 	5280.000000
43.018536	 	5286.666667
24.769122	 	5293.333333
49.268210	 	5300.000000
51.942596	 	5306.666667
46.792322	 	5313.333333
46.547734	 	5320.000000
43.481382	 	5326.666667
57.484640	 	5333.333333
47.012426	 	5340.000000
20.950973	 	5346.666667
33.881281	 	5353.333333
43.869737	 	5360.000000
67.753264	 	5366.666667
62.385074	 	5373.333333
30.479223	 	5380.000000
23.813785	 	5386.666667
15.746781	 	5393.333333
53.221337	 	5400.000000
59.842964	 	5406.666667
51.658869	 	5413.333333
39.611790	 	5420.000000
21.849219	 	5426.666667
29.492592	 	5433.333333
47.331331	 	5440.000000
30.515589	 	5446.666667
37.551363	 	5453.333333
40.315759	 	5460.000000
50.175269	 	5466.666667
37.138369	 	5473.333333
12.989328	 	5480.000000
36.854629	 	5486.666667
48.074009	 	5493.333333
23.992060	 	5500.000000
20.949207	 	5506.666667
39.738884	 	5513.333333
39.432094	 	5520.000000
32.177289	 	5526.666667
16.036056	 	5533.333333
37.659759	 	5540.000000
36.164349	 	5546.666667
41.040220	 	5553.333333
34.686277	 	5560.000000
27.976822	 	5566.666667
14.914015	 	5573.333333
29.472982	 	5580.000000
40.672146	 	5586.666667
36.032501	 	5593.333333
23.663152	 	5600.000000
38.378435	 	5606.666667
23.055472	 	5613.333333
26.199050	 	5620.000000
19.713478	 	5626.666667
37.623907	 	5633.333333
33.104738	 	5640.000000
24.320263	 	5646.666667
17.852287	 	5653.333333
32.259733	 	5660.000000
13.702767	 	5666.666667
29.771083	 	5673.333333
35.573405	 	5680.000000
31.831282	 	5686.666667
10.524268	 	5693.333333
26.053289	 	5700.000000
30.534941	 	5706.666667
37.833872	 	5713.333333
19.168920	 	5720.000000
31.391368	 	5726.666667
22.773513	 	5733.333333
27.233645	 	5740.000000
25.600828	 	5746.666667
17.819838	 	5753.333333
16.743525	 	5760.000000
35.365660	 	5766.666667
20.456628	 	5773.333333
34.907770	 	5780.000000
17.155126	 	5786.666667
14.650456	 	5793.333333
10.089751	 	5800.000000
37.767057	 	5806.666667
39.616357	 	5813.333333
23.714754	 	5820.000000
3.438462	 	5826.666667
19.943861	 	5833.333333
28.060991	 	5840.000000
28.610359	 	5846.666667
16.243314	 	5853.333333
23.291068	 	5860.000000
17.132778	 	5866.666667
10.887516	 	5873.333333
21.198196	 	5880.000000
30.142687	 	5886.666667
36.337686	 	5893.333333
6.500248	 	5900.000000
3.703433	 	5906.666667
32.413915	 	5913.333333
23.615954	 	5920.000000
9.757130	 	5926.666667
19.675285	 	5933.333333
16.557509	 	5940.000000
17.701135	 	5946.666667
21.488001	 	5953.333333
9.525360	 	5960.000000
8.409953	 	5966.666667
6.765072	 	5973.333333
18.995169	 	5980.000000
26.767298	 	5986.666667
27.315254	 	5993.333333
13.042269	 	6000.000000
13.032674	 	6006.666667
16.501467	 	6013.333333
27.789173	 	6020.000000
7.835298	 	6026.666667
16.442904	 	6033.333333
15.778268	 	6040.000000
14.538783	 	6046.666667
8.199959	 	6053.333333
27.352384	 	6060.000000
27.364701	 	6066.666667
20.191996	 	6073.333333
6.647145	 	6080.000000
15.679984	 	6086.666667
15.994613	 	6093.333333
17.401285	 	6100.000000
-4.485996	 	6106.666667
22.273916	 	6113.333333
23.872457	 	6120.000000
15.371472	 	6126.666667
3.807934	 	6133.333333
15.025093	 	6140.000000
29.385766	 	6146.666667
17.313204	 	6153.333333
1.278904	 	6160.000000
14.479941	 	6166.666667
20.576367	 	6173.333333
15.422652	 	6180.000000
16.818154	 	6186.666667
25.748840	 	6193.333333
20.351733	 	6200.000000
18.381785	 	6206.666667
5.317926	 	6213.333333
12.083189	 	6220.000000
9.151873	 	6226.666667
17.738376	 	6233.333333
22.042627	 	6240.000000
22.580958	 	6246.666667
8.858031	 	6253.333333
11.439903	 	6260.000000
-3.592414	 	6266.666667
26.983193	 	6273.333333
17.567037	 	6280.000000
9.336373	 	6286.666667
9.074616	 	6293.333333
8.618327	 	6300.000000
8.152542	 	6306.666667
7.059041	 	6313.333333
-4.320406	 	6320.000000
11.434797	 	6326.666667
30.549703	 	6333.333333
36.376624	 	6340.000000
5.562006	 	6346.666667
-7.195459	 	6353.333333
-0.036057	 	6360.000000
12.890793	 	6366.666667
22.162956	 	6373.333333
13.678049	 	6380.000000
10.343450	 	6386.666667
20.040422	 	6393.333333
8.712448	 	6400.000000
1.275476	 	6406.666667
1.457338	 	6413.333333
23.834854	 	6420.000000
21.048500	 	6426.666667
4.990261	 	6433.333333
-9.447731	 	6440.000000
5.763612	 	6446.666667
25.718841	 	6453.333333
30.424752	 	6460.000000
3.370660	 	6466.666667
-15.152032	 	6473.333333
-6.973913	 	6480.000000
35.235384	 	6486.666667
38.657788	 	6493.333333
7.265119	 	6500.000000
-5.224703	 	6506.666667
-2.499706	 	6513.333333
11.563128	 	6520.000000
22.499358	 	6526.666667
8.901253	 	6533.333333
17.512109	 	6540.000000
7.059223	 	6546.666667
1.380680	 	6553.333333
9.623758	 	6560.000000
25.596718	 	6566.666667
7.452897	 	6573.333333
2.759473	 	6580.000000
5.907367	 	6586.666667
16.481047	 	6593.333333
2.470236	 	6600.000000
4.009732	 	6606.666667
3.003693	 	6613.333333
10.508204	 	6620.000000
10.320452	 	6626.666667
15.734998	 	6633.333333
17.680488	 	6640.000000
15.892804	 	6646.666667
-4.355846	 	6653.333333
-8.028307	 	6660.000000
14.327845	 	6666.666667
30.738141	 	6673.333333
14.098001	 	6680.000000
-2.624166	 	6686.666667
-1.093432	 	6693.333333
23.604327	 	6700.000000
12.049682	 	6706.666667
-4.194672	 	6713.333333
6.459561	 	6720.000000
13.195338	 	6726.666667
14.416512	 	6733.333333
-2.502276	 	6740.000000
-0.572077	 	6746.666667
14.313527	 	6753.333333
2.518896	 	6760.000000
3.912851	 	6766.666667
25.192553	 	6773.333333
9.531419	 	6780.000000
-4.722396	 	6786.666667
9.287218	 	6793.333333
23.536669	 	6800.000000
5.693161	 	6806.666667
-9.089358	 	6813.333333
0.366744	 	6820.000000
19.346588	 	6826.666667
34.795907	 	6833.333333
-7.058922	 	6840.000000
-15.232493	 	6846.666667
3.303562	 	6853.333333
20.838615	 	6860.000000
16.042208	 	6866.666667
-1.124243	 	6873.333333
-9.616478	 	6880.000000
7.680920	 	6886.666667
26.358932	 	6893.333333
21.363621	 	6900.000000
-5.277090	 	6906.666667
1.418461	 	6913.333333
7.214354	 	6920.000000
3.950467	 	6926.666667
21.998378	 	6933.333333
8.584386	 	6940.000000
4.814555	 	6946.666667
3.146918	 	6953.333333
5.489511	 	6960.000000
14.473655	 	6966.666667
10.494699	 	6973.333333
-11.859413	 	6980.000000
11.369388	 	6986.666667
14.553045	 	6993.333333
2.274438	 	7000.000000
-3.982028	 	7006.666667
14.995965	 	7013.333333
18.280008	 	7020.000000
0.865134	 	7026.666667
-13.267776	 	7033.333333
6.062692	 	7040.000000
16.919998	 	7046.666667
7.547102	 	7053.333333
-1.350068	 	7060.000000
10.886764	 	7066.666667
-7.671456	 	7073.333333
-4.575345	 	7080.000000
7.019776	 	7086.666667
17.899484	 	7093.333333
17.606108	 	7100.000000
-6.038262	 	7106.666667
-1.016037	 	7113.333333
12.150086	 	7120.000000
-0.745204	 	7126.666667
-10.273518	 	7133.333333
18.946896	 	7140.000000
13.152021	 	7146.666667
11.222065	 	7153.333333
-3.310147	 	7160.000000
-4.353939	 	7166.666667
-7.373522	 	7173.333333
7.838406	 	7180.000000
-3.542645	 	7186.666667
7.684025	 	7193.333333
9.817581	 	7200.000000
24.027373	 	7206.666667
-4.977527	 	7213.333333
-11.584903	 	7220.000000
-5.401144	 	7226.666667
7.467620	 	7233.333333
17.533764	 	7240.000000
16.805079	 	7246.666667
-0.211135	 	7253.333333
-3.286215	 	7260.000000
-3.353735	 	7266.666667
2.638219	 	7273.333333
13.510913	 	7280.000000
15.692594	 	7286.666667
-8.322697	 	7293.333333
-8.426654	 	7300.000000
8.133139	 	7306.666667
8.943771	 	7313.333333
-6.387795	 	7320.000000
4.262850	 	7326.666667
-0.505679	 	7333.333333
9.425436	 	7340.000000
7.151074	 	7346.666667
4.260872	 	7353.333333
-5.333842	 	7360.000000
6.887585	 	7366.666667
-5.347742	 	7373.333333
6.758218	 	7380.000000
6.351018	 	7386.666667
8.543146	 	7393.333333
-17.109346	 	7400.000000
-2.944928	 	7406.666667
11.188082	 	7413.333333
15.862674	 	7420.000000
-13.902772	 	7426.666667
1.332834	 	7433.333333
5.861464	 	7440.000000
14.817050	 	7446.666667
8.660549	 	7453.333333
15.146483	 	7460.000000
-11.663427	 	7466.666667
-13.564734	 	7473.333333
-20.462039	 	7480.000000
10.672236	 	7486.666667
23.651132	 	7493.333333
7.984891	 	7500.000000
-5.637193	 	7506.666667
3.312823	 	7513.333333
10.824692	 	7520.000000
-10.071330	 	7526.666667
-5.176989	 	7533.333333
8.005364	 	7540.000000
5.263744	 	7546.666667
-2.738289	 	7553.333333
18.966757	 	7560.000000
2.450692	 	7566.666667
-6.550091	 	7573.333333
-8.529991	 	7580.000000
-1.056645	 	7586.666667
7.685344	 	7593.333333
3.724038	 	7600.000000
14.783786	 	7606.666667
2.198364	 	7613.333333
-1.042147	 	7620.000000
0.166187	 	7626.666667
10.458800	 	7633.333333
9.190128	 	7640.000000
3.540638	 	7646.666667
-12.468805	 	7653.333333
8.184887	 	7660.000000
0.319949	 	7666.666667
-2.464377	 	7673.333333
3.271665	 	7680.000000
16.871498	 	7686.666667
4.825547	 	7693.333333
-7.373290	 	7700.000000
-6.984522	 	7706.666667
11.392143	 	7713.333333
7.199342	 	7720.000000
9.267943	 	7726.666667
-6.277084	 	7733.333333
-5.041168	 	7740.000000
6.845621	 	7746.666667
0.381589	 	7753.333333
-7.038416	 	7760.000000
3.547938	 	7766.666667
14.197971	 	7773.333333
15.423513	 	7780.000000
-3.439823	 	7786.666667
-2.196825	 	7793.333333
2.715175	 	7800.000000
-15.148915	 	7806.666667
-2.033895	 	7813.333333
17.891953	 	7820.000000
19.182437	 	7826.666667
2.471580	 	7833.333333
-10.728200	 	7840.000000
-6.377800	 	7846.666667
4.385399	 	7853.333333
-3.883344	 	7860.000000
11.918602	 	7866.666667
12.898075	 	7873.333333
-1.611502	 	7880.000000
-9.676475	 	7886.666667
-5.352526	 	7893.333333
10.196896	 	7900.000000
5.025246	 	7906.666667
-8.628165	 	7913.333333
8.683810	 	7920.000000
6.593776	 	7926.666667
3.706099	 	7933.333333
-0.255084	 	7940.000000
-4.105087	 	7946.666667
-9.667957	 	7953.333333
3.917350	 	7960.000000
12.386692	 	7966.666667
0.243068	 	7973.333333
-10.002760	 	7980.000000
-0.475823	 	7986.666667
6.406203	 	7993.333333
8.538428	 	8000.000000
3.243341	 	8006.666667
-11.361519	 	8013.333333
3.013811	 	8020.000000
-0.539241	 	8026.666667
6.481352	 	8033.333333
-2.526701	 	8040.000000
8.683262	 	8046.666667
3.308008	 	8053.333333
-0.058205	 	8060.000000
-11.951054	 	8066.666667
14.931497	 	8073.333333
5.063263	 	8080.000000
11.119493	 	8086.666667
-17.704639	 	8093.333333
-3.323503	 	8100.000000
12.600601	 	8106.666667
9.365266	 	8113.333333
-4.183508	 	8120.000000
-9.429050	 	8126.666667
-7.104127	 	8133.333333
15.036335	 	8140.000000
3.868828	 	8146.666667
10.075870	 	8153.333333
-0.791949	 	8160.000000
-10.118083	 	8166.666667
-1.311259	 	8173.333333
2.452394	 	8180.000000
1.786081	 	8186.666667
-0.825701	 	8193.333333
8.163081	 	8200.000000
4.859556	 	8206.666667
-4.525836	 	8213.333333
-3.441915	 	8220.000000
-2.956585	 	8226.666667
7.627768	 	8233.333333
19.965205	 	8240.000000
-7.685484	 	8246.666667
-16.953199	 	8253.333333
0.661087	 	8260.000000
10.014923	 	8266.666667
11.238445	 	8273.333333
2.751353	 	8280.000000
-6.371149	 	8286.666667
5.499346	 	8293.333333
-2.062406	 	8300.000000
2.881335	 	8306.666667
7.881910	 	8313.333333
-4.346627	 	8320.000000
-9.870311	 	8326.666667
2.020088	 	8333.333333
9.775971	 	8340.000000
11.013384	 	8346.666667
-7.681977	 	8353.333333
-11.030175	 	8360.000000
16.499987	 	8366.666667
7.693949	 	8373.333333
-13.814664	 	8380.000000
-10.973187	 	8386.666667
1.439809	 	8393.333333
4.789967	 	8400.000000
11.807104	 	8406.666667
9.845086	 	8413.333333
-0.361969	 	8420.000000
1.066136	 	8426.666667
-16.565248	 	8433.333333
-6.316656	 	8440.000000
3.142820	 	8446.666667
12.640709	 	8453.333333
6.041296	 	8460.000000
3.711529	 	8466.666667
-3.751521	 	8473.333333
-10.940449	 	8480.000000
-7.364460	 	8486.666667
12.781685	 	8493.333333
4.645873	 	8500.000000
2.672583	 	8506.666667
-1.292883	 	8513.333333
-0.811053	 	8520.000000
-9.070274	 	8526.666667
-0.221888	 	8533.333333
3.379011	 	8540.000000
4.791421	 	8546.666667
-0.699709	 	8553.333333
5.260953	 	8560.000000
2.896245	 	8566.666667
13.491294	 	8573.333333
-8.818931	 	8580.000000
-6.947886	 	8586.666667
-7.340788	 	8593.333333
10.845032	 	8600.000000
2.250654	 	8606.666667
-2.866677	 	8613.333333
-9.795699	 	8620.000000
10.684489	 	8626.666667
8.178008	 	8633.333333
9.782858	 	8640.000000
-17.022656	 	8646.666667
-10.372923	 	8653.333333
8.311309	 	8660.000000
6.250902	 	8666.666667
-5.875707	 	8673.333333
7.410388	 	8680.000000
-1.637489	 	8686.666667
10.539441	 	8693.333333
-4.956592	 	8700.000000
-8.053147	 	8706.666667
-6.282742	 	8713.333333
6.857111	 	8720.000000
3.885389	 	8726.666667
0.557188	 	8733.333333
-3.499240	 	8740.000000
14.110476	 	8746.666667
-1.512888	 	8753.333333
-20.737766	 	8760.000000
-2.232083	 	8766.666667
15.541348	 	8773.333333
8.111300	 	8780.000000
-6.432462	 	8786.666667
-18.659249	 	8793.333333
-1.883398	 	8800.000000
11.807593	 	8806.666667
11.560860	 	8813.333333
-3.552022	 	8820.000000
-9.296322	 	8826.666667
-7.811336	 	8833.333333
6.851937	 	8840.000000
6.877373	 	8846.666667
-11.836924	 	8853.333333
-15.690033	 	8860.000000
11.510284	 	8866.666667
20.320058	 	8873.333333
13.463102	 	8880.000000
-21.728931	 	8886.666667
-23.996573	 	8893.333333
-3.122128	 	8900.000000
16.026655	 	8906.666667
20.442877	 	8913.333333
-1.097824	 	8920.000000
-13.122612	 	8926.666667
-1.908656	 	8933.333333
-2.536105	 	8940.000000
-3.527669	 	8946.666667
4.134851	 	8953.333333
7.570324	 	8960.000000
2.333698	 	8966.666667
-14.545637	 	8973.333333
0.215434	 	8980.000000
13.402693	 	8986.666667
13.624648	 	8993.333333
-14.955680	 	9000.000000
-26.073059	 	9006.666667
2.828504	 	9013.333333
13.283345	 	9020.000000
2.105217	 	9026.666667
-2.529775	 	9033.333333
-6.124690	 	9040.000000
1.946382	 	9046.666667
1.538821	 	9053.333333
-3.113170	 	9060.000000
11.870501	 	9066.666667
1.355297	 	9073.333333
-8.677906	 	9080.000000
-4.678685	 	9086.666667
0.610093	 	9093.333333
-0.309711	 	9100.000000
6.982271	 	9106.666667
3.904212	 	9113.333333
-6.244598	 	9120.000000
-11.671130	 	9126.666667
-7.224567	 	9133.333333
10.069649	 	9140.000000
9.856514	 	9146.666667
-10.244975	 	9153.333333
-2.380340	 	9160.000000
2.910320	 	9166.666667
-8.569020	 	9173.333333
-11.445153	 	9180.000000
7.850780	 	9186.666667
8.347354	 	9193.333333
4.773559	 	9200.000000
-12.071256	 	9206.666667
-0.496371	 	9213.333333
2.450601	 	9220.000000
3.947504	 	9226.666667
-7.674446	 	9233.333333
6.799225	 	9240.000000
-1.330967	 	9246.666667
-7.167482	 	9253.333333
-6.673002	 	9260.000000
18.663764	 	9266.666667
1.743494	 	9273.333333
-6.980384	 	9280.000000
-13.313052	 	9286.666667
16.888199	 	9293.333333
11.428787	 	9300.000000
0.523607	 	9306.666667
-15.062895	 	9313.333333
-4.061479	 	9320.000000
-6.227264	 	9326.666667
13.842687	 	9333.333333
8.204182	 	9340.000000
13.570486	 	9346.666667
-11.887277	 	9353.333333
-7.840608	 	9360.000000
0.252725	 	9366.666667
21.110979	 	9373.333333
4.156357	 	9380.000000
-17.088196	 	9386.666667
-12.689811	 	9393.333333
10.441028	 	9400.000000
10.488274	 	9406.666667
3.662561	 	9413.333333
-12.729240	 	9420.000000
-10.274800	 	9426.666667
6.160201	 	9433.333333
6.124414	 	9440.000000
5.488670	 	9446.666667
-0.212723	 	9453.333333
-10.982404	 	9460.000000
-0.714544	 	9466.666667
5.382149	 	9473.333333
12.779270	 	9480.000000
1.460254	 	9486.666667
-16.063161	 	9493.333333
-5.795931	 	9500.000000
11.594504	 	9506.666667
9.506622	 	9513.333333
11.595774	 	9520.000000
-13.575716	 	9526.666667
-20.399732	 	9533.333333
-0.892830	 	9540.000000
18.996029	 	9546.666667
10.745320	 	9553.333333
-16.024884	 	9560.000000
-25.389969	 	9566.666667
-0.004052	 	9573.333333
10.208343	 	9580.000000
15.655037	 	9586.666667
1.722824	 	9593.333333
-9.963083	 	9600.000000
-7.700009	 	9606.666667
0.907484	 	9613.333333
-1.282600	 	9620.000000
5.673700	 	9626.666667
-9.794536	 	9633.333333
5.672392	 	9640.000000
4.540123	 	9646.666667
-9.759869	 	9653.333333
2.955529	 	9660.000000
10.716421	 	9666.666667
-10.282053	 	9673.333333
-11.659716	 	9680.000000
0.197557	 	9686.666667
14.744623	 	9693.333333
13.036828	 	9700.000000
-19.069875	 	9706.666667
-9.557435	 	9713.333333
-1.498096	 	9720.000000
6.977805	 	9726.666667
8.477828	 	9733.333333
6.491798	 	9740.000000
-10.452871	 	9746.666667
-9.103638	 	9753.333333
3.668097	 	9760.000000
12.895224	 	9766.666667
-9.596424	 	9773.333333
-11.131262	 	9780.000000
6.189203	 	9786.666667
8.165752	 	9793.333333
-0.726219	 	9800.000000
-17.032811	 	9806.666667
-15.024057	 	9813.333333
2.394141	 	9820.000000
20.163297	 	9826.666667
10.657079	 	9833.333333
-7.799524	 	9840.000000
-18.461239	 	9846.666667
-13.543063	 	9853.333333
4.703533	 	9860.000000
20.761805	 	9866.666667
0.202856	 	9873.333333
-3.094462	 	9880.000000
-6.208414	 	9886.666667
-2.027361	 	9893.333333
-8.438292	 	9900.000000
0.924166	 	9906.666667
7.914262	 	9913.333333
20.803475	 	9920.000000
-11.583456	 	9926.666667
-14.222599	 	9933.333333
-10.305022	 	9940.000000
19.675421	 	9946.666667
-1.214689	 	9953.333333
-14.211307	 	9960.000000
-14.253701	 	9966.666667
21.705215	 	9973.333333
3.303370	 	9980.000000
-10.993098	 	9986.666667
-7.997917	 	9993.333333
4.288629	 	10000.000000
-4.872664	 	10006.666667
2.805866	 	10013.333333
-8.297363	 	10020.000000
10.268610	 	10026.666667
-3.563484	 	10033.333333
-17.176260	 	10040.000000
5.345630	 	10046.666667
23.787689	 	10053.333333
2.973366	 	10060.000000
-13.691508	 	10066.666667
-17.464985	 	10073.333333
6.464279	 	10080.000000
1.952824	 	10086.666667
2.265224	 	10093.333333
-2.852348	 	10100.000000
-6.022702	 	10106.666667
-4.821805	 	10113.333333
3.890733	 	10120.000000
8.440151	 	10126.666667
3.616720	 	10133.333333
-12.134338	 	10140.000000
-10.541291	 	10146.666667
6.187949	 	10153.333333
-5.332785	 	10160.000000
-7.497278	 	10166.666667
6.608558	 	10173.333333
9.135334	 	10180.000000
-0.186421	 	10186.666667
-10.050250	 	10193.333333
-5.801322	 	10200.000000
7.047639	 	10206.666667
0.240526	 	10213.333333
-13.959816	 	10220.000000
1.746208	 	10226.666667
5.707144	 	10233.333333
11.653136	 	10240.000000
-3.745521	 	10246.666667
-0.385911	 	10253.333333
-6.547518	 	10260.000000
2.782294	 	10266.666667
-3.796301	 	10273.333333
4.626597	 	10280.000000
-5.665391	 	10286.666667
-15.072548	 	10293.333333
-9.573064	 	10300.000000
12.420264	 	10306.666667
11.282499	 	10313.333333
10.799089	 	10320.000000
-16.084974	 	10326.666667
-10.326840	 	10333.333333
-2.087860	 	10340.000000
-1.478263	 	10346.666667
-1.107357	 	10353.333333
-0.419283	 	10360.000000
-0.408165	 	10366.666667
-3.636608	 	10373.333333
-6.001848	 	10380.000000
-8.780466	 	10386.666667
-8.301009	 	10393.333333
24.694466	 	10400.000000
18.505972	 	10406.666667
-15.937067	 	10413.333333
-20.357107	 	10420.000000
-18.068080	 	10426.666667
4.780844	 	10433.333333
24.059455	 	10440.000000
5.133892	 	10446.666667
-15.410465	 	10453.333333
-8.034901	 	10460.000000
11.520041	 	10466.666667
1.765574	 	10473.333333
-5.348284	 	10480.000000
-8.707385	 	10486.666667
-2.655775	 	10493.333333
-5.370640	 	10500.000000
14.142293	 	10506.666667
-1.364729	 	10513.333333
0.122703	 	10520.000000
-16.284003	 	10526.666667
-3.079652	 	10533.333333
1.503756	 	10540.000000
10.270016	 	10546.666667
-2.718655	 	10553.333333
1.080111	 	10560.000000
-4.494402	 	10566.666667
12.132930	 	10573.333333
-14.163057	 	10580.000000
-5.485791	 	10586.666667
-2.564233	 	10593.333333
-4.431876	 	10600.000000
0.096873	 	10606.666667
8.370469	 	10613.333333
-1.721381	 	10620.000000
-4.681338	 	10626.666667
-8.641680	 	10633.333333
-5.330536	 	10640.000000
-0.559188	 	10646.666667
21.168791	 	10653.333333
-2.278260	 	10660.000000
-21.603063	 	10666.666667
-4.347889	 	10673.333333
0.291691	 	10680.000000
1.806810	 	10686.666667
14.961489	 	10693.333333
-4.252716	 	10700.000000
-2.888238	 	10706.666667
-6.064620	 	10713.333333
-15.967798	 	10720.000000
-5.329030	 	10726.666667
-2.543881	 	10733.333333
8.584864	 	10740.000000
14.616971	 	10746.666667
7.918219	 	10753.333333
-11.550591	 	10760.000000
-27.205368	 	10766.666667
-13.772411	 	10773.333333
26.472572	 	10780.000000
16.871395	 	10786.666667
-15.746653	 	10793.333333
-8.418789	 	10800.000000
-9.863203	 	10806.666667
9.673556	 	10813.333333
5.131408	 	10820.000000
-6.683032	 	10826.666667
-9.828825	 	10833.333333
4.525223	 	10840.000000
-1.391839	 	10846.666667
2.896598	 	10853.333333
-11.774335	 	10860.000000
2.242065	 	10866.666667
-4.547921	 	10873.333333
16.451789	 	10880.000000
2.424951	 	10886.666667
-15.213476	 	10893.333333
-12.655301	 	10900.000000
6.545421	 	10906.666667
-2.091716	 	10913.333333
8.034024	 	10920.000000
-8.718502	 	10926.666667
-4.406100	 	10933.333333
-0.399243	 	10940.000000
12.746463	 	10946.666667
4.262589	 	10953.333333
-12.913524	 	10960.000000
-10.128955	 	10966.666667
6.411820	 	10973.333333
0.511374	 	10980.000000
7.146525	 	10986.666667
-13.309171	 	10993.333333
0.455583	 	11000.000000
6.029999	 	11006.666667
-2.839416	 	11013.333333
6.837455	 	11020.000000
0.776467	 	11026.666667
-13.327242	 	11033.333333
-6.762728	 	11040.000000
2.357770	 	11046.666667
6.355566	 	11053.333333
-1.296323	 	11060.000000
-4.927325	 	11066.666667
-2.989381	 	11073.333333
-1.105253	 	11080.000000
-0.378491	 	11086.666667
5.929005	 	11093.333333
9.140211	 	11100.000000
-5.187198	 	11106.666667
-7.704401	 	11113.333333
-2.470432	 	11120.000000
-3.797647	 	11126.666667
-2.491382	 	11133.333333
-0.153112	 	11140.000000
4.081582	 	11146.666667
-2.931297	 	11153.333333
-12.866336	 	11160.000000
-0.038825	 	11166.666667
4.530957	 	11173.333333
0.027454	 	11180.000000
-2.115967	 	11186.666667
10.416902	 	11193.333333
-1.437842	 	11200.000000
-23.439533	 	11206.666667
-4.515612	 	11213.333333
20.180520	 	11220.000000
10.368862	 	11226.666667
-9.739079	 	11233.333333
-17.234131	 	11240.000000
0.505462	 	11246.666667
5.943756	 	11253.333333
4.994466	 	11260.000000
3.905809	 	11266.666667
-15.660826	 	11273.333333
-18.859504	 	11280.000000
10.317896	 	11286.666667
17.009746	 	11293.333333
1.997592	 	11300.000000
-34.067198	 	11306.666667
-10.425675	 	11313.333333
24.067318	 	11320.000000
18.668429	 	11326.666667
-4.133224	 	11333.333333
-14.312664	 	11340.000000
-11.883240	 	11346.666667
-0.308241	 	11353.333333
0.668294	 	11360.000000
4.419276	 	11366.666667
-0.070779	 	11373.333333
3.621548	 	11380.000000
-3.750930	 	11386.666667
-14.325325	 	11393.333333
-6.305151	 	11400.000000
7.805959	 	11406.666667
15.719333	 	11413.333333
1.364566	 	11420.000000
-14.514626	 	11426.666667
-9.984891	 	11433.333333
-5.942964	 	11440.000000
3.322353	 	11446.666667
4.481993	 	11453.333333
-4.371053	 	11460.000000
-1.953771	 	11466.666667
-3.979421	 	11473.333333
1.207581	 	11480.000000
-1.441886	 	11486.666667
-1.489229	 	11493.333333
2.421641	 	11500.000000
-2.853651	 	11506.666667
-0.598536	 	11513.333333
-5.688265	 	11520.000000
0.681743	 	11526.666667
1.557900	 	11533.333333
-10.418471	 	11540.000000
-4.345518	 	11546.666667
-5.280731	 	11553.333333
7.196333	 	11560.000000
9.553106	 	11566.666667
-8.282975	 	11573.333333
-6.012696	 	11580.000000
-6.364845	 	11586.666667
-16.994329	 	11593.333333
0.017001	 	11600.000000
18.655094	 	11606.666667
11.973116	 	11613.333333
-6.581445	 	11620.000000
-18.260137	 	11626.666667
0.779335	 	11633.333333
-10.771817	 	11640.000000
-4.935737	 	11646.666667
11.837392	 	11653.333333
10.447753	 	11660.000000
-4.368672	 	11666.666667
-14.524352	 	11673.333333
-17.690915	 	11680.000000
26.070902	 	11686.666667
0.169625	 	11693.333333
-3.620533	 	11700.000000
0.375027	 	11706.666667
-13.274617	 	11713.333333
-5.484331	 	11720.000000
3.443181	 	11726.666667
-5.559524	 	11733.333333
-0.117732	 	11740.000000
-13.100821	 	11746.666667
9.279606	 	11753.333333
3.978572	 	11760.000000
10.249687	 	11766.666667
-6.116788	 	11773.333333
-19.691463	 	11780.000000
-23.011696	 	11786.666667
12.170613	 	11793.333333
28.275064	 	11800.000000
10.702902	 	11806.666667
-44.761640	 	11813.333333
-13.669728	 	11820.000000
23.375259	 	11826.666667
13.440724	 	11833.333333
1.145037	 	11840.000000
-11.988157	 	11846.666667
-9.734232	 	11853.333333
-18.461780	 	11860.000000
-1.668648	 	11866.666667
29.539505	 	11873.333333
14.348851	 	11880.000000
-21.450077	 	11886.666667
-10.546465	 	11893.333333
-6.675083	 	11900.000000
7.966550	 	11906.666667
-19.240020	 	11913.333333
3.190991	 	11920.000000
10.948870	 	11926.666667
-3.339206	 	11933.333333
14.066279	 	11940.000000
5.772714	 	11946.666667
-65.058895	 	11953.333333
8.392296	 	11960.000000
26.062514	 	11966.666667
75.092296	 	11973.333333
-82.010747	 	11980.000000
-15.101828	 	11986.666667
4.679161	 	11993.333333
15.707394	 	12000.000000
1.229957	 	12006.666667
-2.288114	 	12013.333333
-14.913427	 	12020.000000
-31.582430	 	12026.666667
69.174906	 	12033.333333
-11.200557	 	12040.000000
-5.076520	 	12046.666667
-43.109875	 	12053.333333
-44.948799	 	12060.000000
28.296637	 	12066.666667
66.406524	 	12073.333333
-0.103348	 	12080.000000
6.737352	 	12086.666667
-66.988675	 	12093.333333
-36.513988	 	12100.000000
-20.974388	 	12106.666667
150.205590	 	12113.333333
-12.724920	 	12120.000000
-100.417377	 	12126.666667
-40.372939	 	12133.333333
93.685712	 	12140.000000
-145.387537	 	12146.666667
206.929744	 	12153.333333
-37.348255	 	12160.000000
-24.942822	 	12166.666667
-150.817389	 	12173.333333
61.399136	 	12180.000000
206.328568	 	12186.666667
-131.690471	 	12193.333333
-103.970890	 	12200.000000
-112.529511	 	12206.666667
221.623606	 	12213.333333
126.570158	 	12220.000000
-132.012142	 	12226.666667
-67.818199	 	12233.333333
22.859533	 	12240.000000
-26.502366	 	12246.666667
21.119548	 	12253.333333
7.410569	 	12260.000000
89.889241	 	12266.666667
-131.547814	 	12273.333333
104.514796	 	12280.000000
-166.013632	 	12286.666667
150.989929	 	12293.333333
-153.664193	 	12300.000000
315.672418	 	12306.666667
-231.282416	 	12313.333333
-363.236344	 	12320.000000
468.778209	 	12326.666667
86.522042	 	12333.333333
-75.301172	 	12340.000000
-39.078991	 	12346.666667
-348.535429	 	12353.333333
296.253630	 	12360.000000
-358.570890	 	12366.666667
379.455508	 	12373.333333
236.521415	 	12380.000000
-382.906332	 	12386.666667
191.732916	 	12393.333333
165.163875	 	12400.000000
-463.157237	 	12406.666667
-152.033368	 	12413.333333
-48.118121	 	12420.000000
901.835229	 	12426.666667
-106.765548	 	12433.333333
-459.530711	 	12440.000000
-305.034620	 	12446.666667
455.018286	 	12453.333333
-390.449245	 	12460.000000
111.836512	 	12466.666667
630.667588	 	12473.333333
-22.389929	 	12480.000000
-573.700559	 	12486.666667
-788.871374	 	12493.333333
1269.293444	 	12500.000000
-105.873064	 	12506.666667
-35.103340	 	12513.333333
-370.507958	 	12520.000000
-714.169025	 	12526.666667
1350.855366	 	12533.333333
105.492532	 	12540.000000
-346.747927	 	12546.666667
-353.295786	 	12553.333333
-836.253144	 	12560.000000
324.887439	 	12566.666667
1324.431680	 	12573.333333
81.012820	 	12580.000000
-722.292598	 	12586.666667
-716.538307	 	12593.333333
930.401785	 	12600.000000
-626.418523	 	12606.666667
-885.657480	 	12613.333333
2747.368088	 	12620.000000
-963.302461	 	12626.666667
-953.544777	 	12633.333333
-898.804609	 	12640.000000
1959.043375	 	12646.666667
-236.201948	 	12653.333333
-852.971242	 	12660.000000
539.156317	 	12666.666667
100.707045	 	12673.333333
-735.913318	 	12680.000000
805.502291	 	12686.666667
-146.667350	 	12693.333333
-819.356397	 	12700.000000
857.551173	 	12706.666667
359.500665	 	12713.333333
-863.722286	 	12720.000000
643.341068	 	12726.666667
-835.488324	 	12733.333333
626.175347	 	12740.000000
-498.984080	 	12746.666667
493.875893	 	12753.333333
-566.250579	 	12760.000000
1565.208337	 	12766.666667
-979.531438	 	12773.333333
-806.571841	 	12780.000000
-905.147078	 	12786.666667
2585.661991	 	12793.333333
-558.140701	 	12800.000000
-44.150086	 	12806.666667
-496.543033	 	12813.333333
311.208274	 	12820.000000
-792.936961	 	12826.666667
-74.814340	 	12833.333333
-765.372113	 	12840.000000
2180.067458	 	12846.666667
265.217462	 	12853.333333
-156.238211	 	12860.000000
-991.350232	 	12866.666667
-960.604956	 	12873.333333
-920.698080	 	12880.000000
3191.740040	 	12886.666667
-110.516438	 	12893.333333
-998.080164	 	12900.000000
-387.596584	 	12906.666667
-979.210683	 	12913.333333
-999.771629	 	12920.000000
4587.813072	 	12926.666667
-995.772545	 	12933.333333
-995.764854	 	12940.000000
-844.143675	 	12946.666667
-504.528729	 	12953.333333
357.459006	 	12960.000000
-680.903088	 	12966.666667
2829.963995	 	12973.333333
-990.183539	 	12980.000000
-748.849563	 	12986.666667
136.473646	 	12993.333333
-999.011756	 	13000.000000
1569.650831	 	13006.666667
-393.922260	 	13013.333333
-998.880778	 	13020.000000
2228.330046	 	13026.666667
-848.715694	 	13033.333333
-913.299927	 	13040.000000
-747.576649	 	13046.666667
1641.693266	 	13053.333333
364.316747	 	13060.000000
-975.931534	 	13066.666667
-751.248775	 	13073.333333
2232.555341	 	13080.000000
-997.071898	 	13086.666667
-999.232807	 	13093.333333
261.891001	 	13100.000000
-336.565725	 	13106.666667
1981.697061	 	13113.333333
-998.554431	 	13120.000000
-999.998639	 	13126.666667
84.156070	 	13133.333333
2055.642091	 	13140.000000
-939.144246	 	13146.666667
-380.751033	 	13153.333333
151.880636	 	13160.000000
-983.842872	 	13166.666667
-995.218564	 	13173.333333
3235.181505	 	13180.000000
-985.670505	 	13186.666667
-999.998801	 	13193.333333
1159.276575	 	13200.000000
-817.882906	 	13206.666667
-964.102722	 	13213.333333
110.219869	 	13220.000000
-999.755957	 	13226.666667
7048.424038	 	13233.333333
-999.998801	 	13240.000000
-999.998802	 	13246.666667
-999.998801	 	13253.333333
-999.998804	 	13260.000000
-999.998804	 	13266.666667
-999.998819	 	13273.333333
-999.998816	 	13280.000000
-999.998829	 	13286.666667
-999.998810	 	13293.333333
-999.998919	 	13300.000000
-999.998868	 	13306.666667
-999.998976	 	13313.333333
-999.999009	 	13320.000000
-999.998967	 	13326.666667
