#peak 	 	#time 
2.013503	 	0.000000
2.311944	 	6.666667
2.643826	 	13.333333
2.942941	 	20.000000
3.173802	 	26.666667
3.318284	 	33.333333
3.331939	 	40.000000
3.410554	 	46.666667
3.444636	 	53.333333
3.529005	 	60.000000
3.619422	 	66.666667
3.481680	 	73.333333
3.470013	 	80.000000
3.427492	 	86.666667
3.460420	 	93.333333
3.394825	 	100.000000
3.391454	 	106.666667
3.388343	 	113.333333
3.401566	 	120.000000
3.432678	 	126.666667
3.407270	 	133.333333
3.420492	 	140.000000
3.407270	 	146.666667
3.455753	 	153.333333
3.402862	 	160.000000
3.479865	 	166.666667
3.470272	 	173.333333
3.471309	 	180.000000
3.475457	 	186.666667
3.529644	 	193.333333
3.376935	 	200.000000
3.345304	 	206.666667
3.322489	 	213.333333
3.283598	 	220.000000
3.225263	 	226.666667
3.308747	 	233.333333
3.289302	 	240.000000
3.192595	 	246.666667
3.181187	 	253.333333
3.187150	 	260.000000
3.206855	 	266.666667
3.286709	 	273.333333
3.214633	 	280.000000
3.241856	 	286.666667
3.291117	 	293.333333
3.179891	 	300.000000
3.235374	 	306.666667
3.227078	 	313.333333
3.265449	 	320.000000
3.242634	 	326.666667
3.265190	 	333.333333
3.199336	 	340.000000
3.166927	 	346.666667
3.262597	 	353.333333
3.189743	 	360.000000
3.184039	 	366.666667
3.129333	 	373.333333
3.186372	 	380.000000
3.125185	 	386.666667
3.162260	 	393.333333
3.258708	 	400.000000
3.241337	 	406.666667
3.250671	 	413.333333
3.165112	 	420.000000
3.117925	 	426.666667
3.123370	 	433.333333
3.194410	 	440.000000
3.193113	 	446.666667
3.228115	 	453.333333
3.159408	 	460.000000
3.236930	 	466.666667
3.223966	 	473.333333
3.189224	 	480.000000
3.168224	 	486.666667
3.209447	 	493.333333
3.244708	 	500.000000
3.165112	 	506.666667
3.194410	 	513.333333
3.292154	 	520.000000
3.195706	 	526.666667
3.279969	 	533.333333
3.305118	 	540.000000
3.263635	 	546.666667
3.317044	 	553.333333
3.188447	 	560.000000
3.211003	 	566.666667
3.160705	 	573.333333
3.177557	 	580.000000
3.206595	 	586.666667
3.181706	 	593.333333
3.197521	 	600.000000
3.222929	 	606.666667
3.116888	 	613.333333
3.116629	 	620.000000
3.198817	 	626.666667
3.107814	 	633.333333
3.299673	 	640.000000
3.244708	 	646.666667
3.249375	 	653.333333
3.205818	 	660.000000
3.171594	 	666.666667
3.222411	 	673.333333
3.116629	 	680.000000
3.190002	 	686.666667
3.174705	 	693.333333
3.141000	 	700.000000
3.220337	 	706.666667
3.143334	 	713.333333
3.312636	 	720.000000
3.239523	 	726.666667
3.267005	 	733.333333
3.110925	 	740.000000
3.240300	 	746.666667
3.231485	 	753.333333
3.166149	 	760.000000
3.180928	 	766.666667
3.075665	 	773.333333
3.136593	 	780.000000
3.083961	 	786.666667
3.173409	 	793.333333
3.211003	 	800.000000
3.129333	 	806.666667
3.209188	 	813.333333
3.159149	 	820.000000
3.185335	 	826.666667
3.233300	 	833.333333
3.189224	 	840.000000
3.196484	 	846.666667
3.179372	 	853.333333
3.302266	 	860.000000
3.141260	 	866.666667
3.249116	 	873.333333
3.216448	 	880.000000
3.186891	 	886.666667
3.240041	 	893.333333
3.213596	 	900.000000
3.232522	 	906.666667
3.186891	 	913.333333
3.199077	 	920.000000
3.136074	 	926.666667
3.206595	 	933.333333
3.167446	 	940.000000
3.162260	 	946.666667
3.221633	 	953.333333
3.299414	 	960.000000
3.325859	 	966.666667
3.272450	 	973.333333
3.250153	 	980.000000
3.267005	 	986.666667
3.288265	 	993.333333
3.298377	 	1000.000000
3.328970	 	1006.666667
3.258708	 	1013.333333
3.214114	 	1020.000000
3.256894	 	1026.666667
3.210744	 	1033.333333
3.226041	 	1040.000000
3.242893	 	1046.666667
3.207892	 	1053.333333
3.146964	 	1060.000000
3.115851	 	1066.666667
3.218522	 	1073.333333
3.193632	 	1080.000000
3.187669	 	1086.666667
3.305895	 	1093.333333
3.265709	 	1100.000000
3.197002	 	1106.666667
3.256634	 	1113.333333
3.191299	 	1120.000000
3.247819	 	1126.666667
3.227596	 	1133.333333
3.327933	 	1140.000000
3.257671	 	1146.666667
3.299414	 	1153.333333
3.283080	 	1160.000000
3.259227	 	1166.666667
3.232263	 	1173.333333
3.226818	 	1180.000000
3.227596	 	1186.666667
3.277376	 	1193.333333
3.297340	 	1200.000000
3.284117	 	1206.666667
3.287747	 	1213.333333
3.352564	 	1220.000000
3.115592	 	1226.666667
3.261820	 	1233.333333
3.270894	 	1240.000000
3.222670	 	1246.666667
3.221892	 	1253.333333
3.204521	 	1260.000000
3.226559	 	1266.666667
3.287747	 	1273.333333
3.293710	 	1280.000000
3.343749	 	1286.666667
3.254042	 	1293.333333
3.354897	 	1300.000000
3.280746	 	1306.666667
3.332600	 	1313.333333
3.320933	 	1320.000000
3.324303	 	1326.666667
3.361379	 	1333.333333
3.303043	 	1340.000000
3.252486	 	1346.666667
3.313414	 	1353.333333
3.245486	 	1360.000000
3.342971	 	1366.666667
3.248338	 	1373.333333
3.400788	 	1380.000000
3.393788	 	1386.666667
3.351786	 	1393.333333
3.360342	 	1400.000000
3.370972	 	1406.666667
3.349971	 	1413.333333
3.472865	 	1420.000000
3.339082	 	1426.666667
3.375639	 	1433.333333
3.299932	 	1440.000000
3.325081	 	1446.666667
3.375120	 	1453.333333
3.436826	 	1460.000000
3.440197	 	1466.666667
3.475198	 	1473.333333
3.510459	 	1480.000000
3.599388	 	1486.666667
3.509940	 	1493.333333
3.499051	 	1500.000000
3.483754	 	1506.666667
3.596536	 	1513.333333
3.603277	 	1520.000000
3.593943	 	1526.666667
3.507607	 	1533.333333
3.576831	 	1540.000000
3.443049	 	1546.666667
3.488421	 	1553.333333
3.412196	 	1560.000000
3.420751	 	1566.666667
3.381602	 	1573.333333
3.358527	 	1580.000000
3.302006	 	1586.666667
3.290339	 	1593.333333
3.340637	 	1600.000000
3.352045	 	1606.666667
3.415048	 	1613.333333
3.360860	 	1620.000000
3.337526	 	1626.666667
3.331044	 	1633.333333
3.416603	 	1640.000000
3.336230	 	1646.666667
3.374861	 	1653.333333
3.360601	 	1660.000000
3.288265	 	1666.666667
3.361120	 	1673.333333
3.311859	 	1680.000000
3.265968	 	1686.666667
3.251190	 	1693.333333
3.291636	 	1700.000000
3.317044	 	1706.666667
3.246523	 	1713.333333
3.244189	 	1720.000000
3.274265	 	1726.666667
3.249375	 	1733.333333
3.293969	 	1740.000000
3.317562	 	1746.666667
3.284117	 	1753.333333
3.356971	 	1760.000000
3.319896	 	1766.666667
3.416603	 	1773.333333
3.419714	 	1780.000000
3.461975	 	1786.666667
3.393269	 	1793.333333
3.418159	 	1800.000000
3.402603	 	1806.666667
3.412714	 	1813.333333
3.314711	 	1820.000000
3.398973	 	1826.666667
3.380565	 	1833.333333
3.479087	 	1840.000000
3.500347	 	1846.666667
3.439937	 	1853.333333
3.400010	 	1860.000000
3.438382	 	1866.666667
3.433974	 	1873.333333
3.442271	 	1880.000000
3.381861	 	1886.666667
3.376157	 	1893.333333
3.472346	 	1900.000000
3.481680	 	1906.666667
3.421270	 	1913.333333
3.415048	 	1920.000000
3.368898	 	1926.666667
3.380824	 	1933.333333
3.417640	 	1940.000000
3.363453	 	1946.666667
3.464049	 	1953.333333
3.387824	 	1960.000000
3.426196	 	1966.666667
3.493865	 	1973.333333
3.455234	 	1980.000000
3.510199	 	1986.666667
3.499828	 	1993.333333
3.481680	 	2000.000000
3.505273	 	2006.666667
3.585646	 	2013.333333
3.506569	 	2020.000000
3.512014	 	2026.666667
3.618055	 	2033.333333
3.665761	 	2040.000000
3.544941	 	2046.666667
3.590832	 	2053.333333
3.604832	 	2060.000000
3.585906	 	2066.666667
3.578646	 	2073.333333
3.613388	 	2080.000000
3.541571	 	2086.666667
3.563609	 	2093.333333
3.623240	 	2100.000000
3.556349	 	2106.666667
3.504495	 	2113.333333
3.480902	 	2120.000000
3.573979	 	2126.666667
3.520311	 	2133.333333
3.447456	 	2140.000000
3.466901	 	2146.666667
3.454716	 	2153.333333
3.470013	 	2160.000000
3.522126	 	2166.666667
3.357490	 	2173.333333
3.468976	 	2180.000000
3.473902	 	2186.666667
3.490754	 	2193.333333
3.456531	 	2200.000000
3.405195	 	2206.666667
3.432937	 	2213.333333
3.323266	 	2220.000000
3.336230	 	2226.666667
3.340897	 	2233.333333
3.291636	 	2240.000000
3.348415	 	2246.666667
3.381861	 	2253.333333
3.448753	 	2260.000000
3.461975	 	2266.666667
3.474420	 	2273.333333
3.488161	 	2280.000000
3.462235	 	2286.666667
3.430863	 	2293.333333
3.454975	 	2300.000000
3.284117	 	2306.666667
3.338823	 	2313.333333
3.345304	 	2320.000000
3.397936	 	2326.666667
3.429048	 	2333.333333
3.386787	 	2340.000000
3.301488	 	2346.666667
3.323785	 	2353.333333
3.406232	 	2360.000000
3.363453	 	2366.666667
3.334674	 	2373.333333
3.333637	 	2380.000000
3.431122	 	2386.666667
3.382120	 	2393.333333
3.360342	 	2400.000000
3.382898	 	2406.666667
3.392750	 	2413.333333
3.347638	 	2420.000000
3.328193	 	2426.666667
3.411418	 	2433.333333
3.330526	 	2440.000000
3.295265	 	2446.666667
3.299154	 	2453.333333
3.302784	 	2460.000000
3.402603	 	2466.666667
3.387824	 	2473.333333
3.349712	 	2480.000000
3.399751	 	2486.666667
3.465086	 	2493.333333
3.304858	 	2500.000000
3.202966	 	2506.666667
3.160705	 	2513.333333
3.328711	 	2520.000000
3.218781	 	2526.666667
3.234856	 	2533.333333
3.349712	 	2540.000000
3.197262	 	2546.666667
3.198040	 	2553.333333
3.237967	 	2560.000000
3.222411	 	2566.666667
3.271413	 	2573.333333
3.239263	 	2580.000000
3.172890	 	2586.666667
3.136593	 	2593.333333
3.219300	 	2600.000000
3.204003	 	2606.666667
3.233300	 	2613.333333
3.239782	 	2620.000000
3.296302	 	2626.666667
3.248597	 	2633.333333
3.295784	 	2640.000000
3.314192	 	2646.666667
3.334156	 	2653.333333
3.347378	 	2660.000000
3.366305	 	2666.666667
3.354379	 	2673.333333
3.382898	 	2680.000000
3.289561	 	2686.666667
3.316266	 	2693.333333
3.293969	 	2700.000000
3.234078	 	2706.666667
3.349971	 	2713.333333
3.353601	 	2720.000000
3.273487	 	2726.666667
3.337785	 	2733.333333
3.351527	 	2740.000000
3.276857	 	2746.666667
3.276598	 	2753.333333
3.386269	 	2760.000000
3.222929	 	2766.666667
3.361897	 	2773.333333
3.331822	 	2780.000000
3.320155	 	2786.666667
3.332082	 	2793.333333
3.298895	 	2800.000000
3.279969	 	2806.666667
3.319896	 	2813.333333
3.326637	 	2820.000000
3.431641	 	2826.666667
3.358268	 	2833.333333
3.385750	 	2840.000000
3.443567	 	2846.666667
3.422566	 	2853.333333
3.344526	 	2860.000000
3.395084	 	2866.666667
3.467679	 	2873.333333
3.440974	 	2880.000000
3.326118	 	2886.666667
3.380565	 	2893.333333
3.383158	 	2900.000000
3.373565	 	2906.666667
3.357749	 	2913.333333
3.376676	 	2920.000000
3.313414	 	2926.666667
3.256894	 	2933.333333
3.330007	 	2940.000000
3.295265	 	2946.666667
3.256375	 	2953.333333
3.297858	 	2960.000000
3.398195	 	2966.666667
3.398195	 	2973.333333
3.331563	 	2980.000000
3.322229	 	2986.666667
3.297080	 	2993.333333
3.270376	 	3000.000000
3.304340	 	3006.666667
3.264931	 	3013.333333
3.380306	 	3020.000000
3.373046	 	3026.666667
3.333378	 	3033.333333
3.283339	 	3040.000000
3.257931	 	3046.666667
3.247560	 	3053.333333
3.265709	 	3060.000000
3.338823	 	3066.666667
3.298377	 	3073.333333
3.359046	 	3080.000000
3.690391	 	3086.666667
4.022774	 	3093.333333
5.034700	 	3100.000000
6.634648	 	3106.666667
8.952512	 	3113.333333
12.007477	 	3120.000000
15.778543	 	3126.666667
22.734726	 	3133.333333
40.942400	 	3140.000000
71.873694	 	3146.666667
113.112481	 	3153.333333
165.112740	 	3160.000000
229.524200	 	3166.666667
310.679243	 	3173.333333
408.706207	 	3180.000000
522.838434	 	3186.666667
652.585387	 	3193.333333
796.870324	 	3200.000000
951.024589	 	3206.666667
1112.944734	 	3213.333333
1283.246004	 	3220.000000
1456.974550	 	3226.666667
1631.158631	 	3233.333333
1804.774394	 	3240.000000
1977.341415	 	3246.666667
2145.673539	 	3253.333333
2306.516940	 	3260.000000
2460.610277	 	3266.666667
2607.080072	 	3273.333333
2743.319377	 	3280.000000
2869.326637	 	3286.666667
2985.709836	 	3293.333333
3091.021996	 	3300.000000
3184.474420	 	3306.666667
3267.554275	 	3313.333333
3339.950697	 	3320.000000
3401.015514	 	3326.666667
3451.076442	 	3333.333333
3490.851138	 	3340.000000
3520.392750	 	3346.666667
3542.034441	 	3353.333333
3554.827285	 	3360.000000
3558.962364	 	3366.666667
3557.394565	 	3373.333333
3548.636982	 	3380.000000
3534.930215	 	3386.666667
3515.953808	 	3393.333333
3492.884324	 	3400.000000
3465.963660	 	3406.666667
3435.747171	 	3413.333333
3402.886398	 	3420.000000
3367.534571	 	3426.666667
3329.937215	 	3433.333333
3289.667835	 	3440.000000
3249.102629	 	3446.666667
3207.234856	 	3453.333333
3163.949919	 	3460.000000
3120.030293	 	3466.666667
3075.149556	 	3473.333333
3029.831952	 	3480.000000
2984.380306	 	3486.666667
2939.060627	 	3493.333333
2893.338304	 	3500.000000
2847.602758	 	3506.666667
2802.446160	 	3513.333333
2757.599388	 	3520.000000
2713.145667	 	3526.666667
2669.263894	 	3533.333333
2625.973772	 	3540.000000
2582.682872	 	3546.666667
2540.240300	 	3553.333333
2498.668613	 	3560.000000
2457.148260	 	3566.666667
2416.375120	 	3573.333333
2376.215151	 	3580.000000
2336.627648	 	3586.666667
2297.986217	 	3593.333333
2259.432159	 	3600.000000
2221.516422	 	3606.666667
2184.179372	 	3613.333333
2147.903510	 	3620.000000
2112.196743	 	3626.666667
2077.068405	 	3633.333333
2042.443308	 	3640.000000
2008.375379	 	3646.666667
1975.173150	 	3653.333333
1942.797988	 	3660.000000
1910.912844	 	3666.666667
1879.487902	 	3673.333333
1848.820026	 	3680.000000
1819.097184	 	3686.666667
1789.859434	 	3693.333333
1760.900917	 	3700.000000
1732.551942	 	3706.666667
1704.584869	 	3713.333333
1677.405455	 	3720.000000
1650.974291	 	3726.666667
1624.754949	 	3733.333333
1598.934363	 	3740.000000
1573.582017	 	3746.666667
1549.011107	 	3753.333333
1524.852953	 	3760.000000
1501.248078	 	3766.666667
1478.009033	 	3773.333333
1455.192076	 	3780.000000
1433.274265	 	3786.666667
1411.865916	 	3793.333333
1390.275302	 	3800.000000
1369.025107	 	3806.666667
1348.459123	 	3813.333333
1328.117925	 	3820.000000
1308.178335	 	3826.666667
1288.823137	 	3833.333333
1269.704651	 	3840.000000
1250.947586	 	3846.666667
1232.334415	 	3853.333333
1214.461457	 	3860.000000
1196.608462	 	3866.666667
1178.944734	 	3873.333333
1161.495421	 	3880.000000
1144.725652	 	3886.666667
1128.075146	 	3893.333333
1112.004366	 	3900.000000
1095.966772	 	3906.666667
1080.255857	 	3913.333333
1064.734467	 	3920.000000
1049.547534	 	3926.666667
1034.634130	 	3933.333333
1019.933585	 	3940.000000
1005.450827	 	3946.666667
991.127778	 	3953.333333
976.891065	 	3960.000000
963.432937	 	3966.666667
949.926844	 	3973.333333
936.383935	 	3980.000000
923.210225	 	3986.666667
910.482976	 	3993.333333
898.016811	 	4000.000000
885.269857	 	4006.666667
872.975328	 	4013.333333
860.809914	 	4020.000000
848.860471	 	4026.666667
837.315488	 	4033.333333
825.652538	 	4040.000000
814.172631	 	4046.666667
802.898843	 	4053.333333
791.892621	 	4060.000000
781.095369	 	4066.666667
770.201929	 	4073.333333
759.717355	 	4080.000000
749.299414	 	4086.666667
739.139963	 	4093.333333
729.342452	 	4100.000000
719.377194	 	4106.666667
709.629463	 	4113.333333
700.061664	 	4120.000000
690.813025	 	4126.666667
681.514348	 	4133.333333
672.331044	 	4140.000000
663.413233	 	4146.666667
654.586943	 	4153.333333
645.950697	 	4160.000000
637.630759	 	4166.666667
629.433974	 	4173.333333
621.282561	 	4180.000000
613.135037	 	4186.666667
605.391195	 	4193.333333
597.466383	 	4200.000000
589.800840	 	4206.666667
582.117148	 	4213.333333
574.612351	 	4220.000000
567.341156	 	4226.666667
560.235115	 	4233.333333
553.084998	 	4240.000000
546.142556	 	4246.666667
539.356712	 	4253.333333
532.547793	 	4260.000000
525.942919	 	4266.666667
519.409344	 	4273.333333
512.918029	 	4280.000000
506.566979	 	4286.666667
500.197521	 	4293.333333
493.930733	 	4300.000000
487.660834	 	4306.666667
481.513310	 	4313.333333
475.443049	 	4320.000000
469.600943	 	4326.666667
463.857360	 	4333.333333
458.084221	 	4340.000000
452.417381	 	4346.666667
446.770764	 	4353.333333
441.370972	 	4360.000000
435.916992	 	4366.666667
430.591610	 	4373.333333
425.342193	 	4380.000000
419.998403	 	4386.666667
414.792543	 	4393.333333
409.668353	 	4400.000000
404.648130	 	4406.666667
399.742504	 	4413.333333
394.678205	 	4420.000000
389.744319	 	4426.666667
384.960031	 	4433.333333
380.397936	 	4440.000000
375.634130	 	4446.666667
371.229152	 	4453.333333
366.622722	 	4460.000000
362.111962	 	4466.666667
357.601721	 	4473.333333
353.267264	 	4480.000000
348.968846	 	4486.666667
344.664983	 	4493.333333
340.382120	 	4500.000000
336.330267	 	4506.666667
332.232004	 	4513.333333
328.267264	 	4520.000000
323.908436	 	4526.666667
320.414529	 	4533.333333
316.562831	 	4540.000000
312.186632	 	4546.666667
308.814840	 	4553.333333
305.221633	 	4560.000000
301.377454	 	4566.666667
297.979994	 	4573.333333
294.160446	 	4580.000000
290.837397	 	4586.666667
287.465086	 	4593.333333
284.108851	 	4600.000000
280.753393	 	4606.666667
277.800321	 	4613.333333
274.236152	 	4620.000000
270.550127	 	4626.666667
268.588239	 	4633.333333
263.726689	 	4640.000000
262.293191	 	4646.666667
258.814062	 	4653.333333
255.644501	 	4660.000000
253.162001	 	4666.666667
250.039886	 	4673.333333
246.518496	 	4680.000000
245.279969	 	4686.666667
241.116370	 	4693.333333
238.136593	 	4700.000000
236.533015	 	4706.666667
232.614944	 	4713.333333
229.724096	 	4720.000000
228.617018	 	4726.666667
224.416603	 	4733.333333
223.300451	 	4740.000000
219.576313	 	4746.666667
217.321452	 	4753.333333
214.909473	 	4760.000000
212.083183	 	4766.666667
209.980254	 	4773.333333
207.511236	 	4780.000000
204.295006	 	4786.666667
203.287747	 	4793.333333
200.569572	 	4800.000000
197.662131	 	4806.666667
195.925807	 	4813.333333
193.984921	 	4820.000000
191.026404	 	4826.666667
189.445123	 	4833.333333
187.550386	 	4840.000000
184.783987	 	4846.666667
183.066072	 	4853.333333
181.625055	 	4860.000000
178.732652	 	4866.666667
177.016292	 	4873.333333
175.819248	 	4880.000000
172.718392	 	4886.666667
171.232004	 	4893.333333
169.729022	 	4900.000000
167.418418	 	4906.666667
165.939808	 	4913.333333
164.316525	 	4920.000000
162.180409	 	4926.666667
160.448234	 	4933.333333
159.000736	 	4940.000000
157.662390	 	4946.666667
155.303303	 	4953.333333
153.862286	 	4960.000000
152.482457	 	4966.666667
150.561275	 	4973.333333
148.872657	 	4980.000000
147.824692	 	4986.666667
145.738356	 	4993.333333
144.051812	 	5000.000000
142.966772	 	5006.666667
141.532496	 	5013.333333
139.535348	 	5020.000000
138.543386	 	5026.666667
137.057257	 	5033.333333
135.064257	 	5040.000000
134.426715	 	5046.666667
132.959512	 	5053.333333
130.968068	 	5060.000000
129.884324	 	5066.666667
128.667316	 	5073.333333
127.103147	 	5080.000000
125.846730	 	5086.666667
124.449271	 	5093.333333
123.284635	 	5100.000000
121.731096	 	5106.666667
120.707244	 	5113.333333
119.501125	 	5120.000000
118.147223	 	5126.666667
116.783469	 	5133.333333
116.031070	 	5140.000000
114.404677	 	5146.666667
113.229930	 	5153.333333
112.422566	 	5160.000000
111.029256	 	5166.666667
109.858657	 	5173.333333
108.961846	 	5180.000000
107.738615	 	5186.666667
106.526015	 	5193.333333
105.534571	 	5200.000000
104.627130	 	5206.666667
103.410381	 	5213.333333
102.539756	 	5220.000000
101.349971	 	5226.666667
100.457308	 	5233.333333
99.312896	 	5240.000000
98.502680	 	5246.666667
97.466642	 	5253.333333
96.303562	 	5260.000000
95.637760	 	5266.666667
94.538719	 	5273.333333
93.347119	 	5280.000000
92.678205	 	5286.666667
91.603277	 	5293.333333
90.565164	 	5300.000000
89.832730	 	5306.666667
88.949660	 	5313.333333
87.884324	 	5320.000000
87.180928	 	5326.666667
86.262597	 	5333.333333
85.332859	 	5340.000000
84.400788	 	5346.666667
83.594202	 	5353.333333
82.822359	 	5360.000000
81.858138	 	5366.666667
81.230189	 	5373.333333
80.478568	 	5380.000000
79.449012	 	5386.666667
78.746912	 	5393.333333
77.993476	 	5400.000000
77.135815	 	5406.666667
76.410640	 	5413.333333
75.632315	 	5420.000000
74.730837	 	5426.666667
73.992180	 	5433.333333
73.268561	 	5440.000000
72.549090	 	5446.666667
71.757542	 	5453.333333
70.978698	 	5460.000000
70.253005	 	5466.666667
69.558164	 	5473.333333
68.956142	 	5480.000000
68.214373	 	5486.666667
67.630759	 	5493.333333
66.851656	 	5500.000000
66.196743	 	5506.666667
65.463272	 	5513.333333
64.807581	 	5520.000000
64.302266	 	5526.666667
63.730837	 	5533.333333
62.949141	 	5540.000000
62.500088	 	5546.666667
62.035219	 	5553.333333
61.199336	 	5560.000000
60.642426	 	5566.666667
60.122333	 	5573.333333
59.454975	 	5580.000000
58.936697	 	5586.666667
58.419714	 	5593.333333
57.872657	 	5600.000000
57.368379	 	5606.666667
56.778283	 	5613.333333
56.348934	 	5620.000000
55.747949	 	5626.666667
55.302266	 	5633.333333
54.794617	 	5640.000000
54.228633	 	5646.666667
53.783728	 	5653.333333
53.398195	 	5660.000000
52.840508	 	5666.666667
52.420233	 	5673.333333
52.044552	 	5680.000000
51.590832	 	5686.666667
51.170039	 	5693.333333
50.714503	 	5700.000000
50.279450	 	5706.666667
49.864361	 	5713.333333
49.422048	 	5720.000000
49.040145	 	5726.666667
48.617796	 	5733.333333
48.279450	 	5740.000000
47.825211	 	5746.666667
47.513051	 	5753.333333
46.953549	 	5760.000000
46.537682	 	5766.666667
46.158112	 	5773.333333
45.790210	 	5780.000000
45.287747	 	5786.666667
44.808877	 	5793.333333
44.383935	 	5800.000000
43.861249	 	5806.666667
43.540274	 	5813.333333
43.094332	 	5820.000000
42.681576	 	5826.666667
42.249893	 	5833.333333
41.833508	 	5840.000000
41.448753	 	5846.666667
40.928659	 	5853.333333
40.636722	 	5860.000000
40.230189	 	5866.666667
39.739134	 	5873.333333
39.358527	 	5880.000000
38.967290	 	5886.666667
38.473642	 	5893.333333
38.084998	 	5900.000000
37.695576	 	5906.666667
37.244708	 	5913.333333
36.898843	 	5920.000000
36.617018	 	5926.666667
36.192595	 	5933.333333
35.934882	 	5940.000000
35.627907	 	5946.666667
35.322229	 	5953.333333
35.049738	 	5960.000000
34.625315	 	5966.666667
34.357231	 	5973.333333
34.008255	 	5980.000000
33.798247	 	5986.666667
33.384713	 	5993.333333
33.286450	 	6000.000000
32.860471	 	6006.666667
32.637760	 	6013.333333
32.439419	 	6020.000000
32.188447	 	6026.666667
31.939030	 	6033.333333
31.605869	 	6040.000000
31.362157	 	6046.666667
31.094591	 	6053.333333
30.866694	 	6060.000000
30.596017	 	6066.666667
30.453679	 	6073.333333
30.089147	 	6080.000000
29.840508	 	6086.666667
29.685206	 	6093.333333
29.417900	 	6100.000000
29.094591	 	6106.666667
28.895214	 	6113.333333
28.799543	 	6120.000000
28.508384	 	6126.666667
28.275042	 	6133.333333
28.094851	 	6140.000000
27.884324	 	6146.666667
27.745875	 	6153.333333
27.408047	 	6160.000000
27.296562	 	6166.666667
26.965475	 	6173.333333
26.871361	 	6180.000000
26.680020	 	6186.666667
26.454456	 	6193.333333
26.198558	 	6200.000000
25.933067	 	6206.666667
25.792802	 	6213.333333
25.499828	 	6220.000000
25.347897	 	6226.666667
25.061664	 	6233.333333
24.777246	 	6240.000000
24.583572	 	6246.666667
24.286191	 	6253.333333
24.129593	 	6260.000000
23.861768	 	6266.666667
23.675354	 	6273.333333
23.390936	 	6280.000000
23.190780	 	6286.666667
23.057257	 	6293.333333
22.923474	 	6300.000000
22.772320	 	6306.666667
22.485569	 	6313.333333
22.371750	 	6320.000000
22.249375	 	6326.666667
21.994773	 	6333.333333
21.829878	 	6340.000000
21.634130	 	6346.666667
21.494643	 	6353.333333
21.349193	 	6360.000000
21.210744	 	6366.666667
20.966512	 	6373.333333
20.845434	 	6380.000000
20.657205	 	6386.666667
20.612610	 	6393.333333
20.481420	 	6400.000000
20.240560	 	6406.666667
20.158112	 	6413.333333
19.982328	 	6420.000000
19.855545	 	6426.666667
19.723318	 	6433.333333
19.670427	 	6440.000000
19.480902	 	6446.666667
19.447715	 	6453.333333
19.241856	 	6460.000000
19.203225	 	6466.666667
19.026922	 	6473.333333
18.768431	 	6480.000000
18.659020	 	6486.666667
18.496717	 	6493.333333
18.420492	 	6500.000000
18.284635	 	6506.666667
18.120000	 	6513.333333
18.020440	 	6520.000000
17.893658	 	6526.666667
17.818729	 	6533.333333
17.608462	 	6540.000000
17.435789	 	6546.666667
17.389639	 	6553.333333
17.250930	 	6560.000000
17.148519	 	6566.666667
16.915696	 	6573.333333
16.886658	 	6580.000000
16.584091	 	6586.666667
16.578906	 	6593.333333
16.466901	 	6600.000000
16.165372	 	6606.666667
16.184298	 	6613.333333
16.059331	 	6620.000000
15.943438	 	6626.666667
15.830656	 	6633.333333
15.662390	 	6640.000000
15.537682	 	6646.666667
15.338304	 	6653.333333
15.262597	 	6660.000000
15.065035	 	6666.666667
14.948104	 	6673.333333
14.798247	 	6680.000000
14.657205	 	6686.666667
14.546756	 	6693.333333
14.528348	 	6700.000000
14.374602	 	6706.666667
14.302006	 	6713.333333
14.139186	 	6720.000000
14.064257	 	6726.666667
13.916992	 	6733.333333
13.857360	 	6740.000000
13.665501	 	6746.666667
13.593425	 	6753.333333
13.564386	 	6760.000000
13.459383	 	6766.666667
13.429826	 	6773.333333
13.350230	 	6780.000000
13.215151	 	6786.666667
13.139186	 	6793.333333
13.084221	 	6800.000000
13.045849	 	6806.666667
12.890547	 	6813.333333
12.794358	 	6820.000000
12.670946	 	6826.666667
12.671983	 	6833.333333
12.518496	 	6840.000000
12.538978	 	6846.666667
12.233300	 	6853.333333
12.191558	 	6860.000000
12.078257	 	6866.666667
11.962364	 	6873.333333
11.843360	 	6880.000000
11.879139	 	6886.666667
11.792284	 	6893.333333
11.762986	 	6900.000000
11.728504	 	6906.666667
11.607684	 	6913.333333
11.618574	 	6920.000000
11.577609	 	6926.666667
11.614166	 	6933.333333
11.484532	 	6940.000000
11.444604	 	6946.666667
11.498791	 	6953.333333
11.382120	 	6960.000000
11.172631	 	6966.666667
11.187928	 	6973.333333
11.170557	 	6980.000000
11.182483	 	6986.666667
11.083183	 	6993.333333
11.084221	 	7000.000000
10.957438	 	7006.666667
10.876028	 	7013.333333
10.810173	 	7020.000000
10.573461	 	7026.666667
10.496717	 	7033.333333
10.416085	 	7040.000000
10.331044	 	7046.666667
10.284117	 	7053.333333
10.294747	 	7060.000000
10.226818	 	7066.666667
10.076702	 	7073.333333
9.934622	 	7080.000000
9.947327	 	7086.666667
9.855027	 	7093.333333
9.846471	 	7100.000000
9.779839	 	7106.666667
9.608203	 	7113.333333
9.598351	 	7120.000000
9.465864	 	7126.666667
9.508644	 	7133.333333
9.391454	 	7140.000000
9.366046	 	7146.666667
9.249634	 	7153.333333
9.214633	 	7160.000000
9.131148	 	7166.666667
9.151112	 	7173.333333
9.130111	 	7180.000000
8.989069	 	7186.666667
8.940845	 	7193.333333
8.817174	 	7200.000000
8.805247	 	7206.666667
8.706725	 	7213.333333
8.628685	 	7220.000000
8.485828	 	7226.666667
8.473383	 	7233.333333
8.396121	 	7240.000000
8.292413	 	7246.666667
8.182483	 	7253.333333
8.199336	 	7260.000000
8.092517	 	7266.666667
8.101851	 	7273.333333
7.955882	 	7280.000000
7.919844	 	7286.666667
7.893658	 	7293.333333
7.835063	 	7300.000000
7.767653	 	7306.666667
7.589017	 	7313.333333
7.678983	 	7320.000000
7.578387	 	7326.666667
7.504755	 	7333.333333
7.443308	 	7340.000000
7.349193	 	7346.666667
7.380565	 	7353.333333
7.268820	 	7360.000000
7.211262	 	7366.666667
7.205299	 	7373.333333
7.089924	 	7380.000000
7.017070	 	7386.666667
6.978957	 	7393.333333
6.963142	 	7400.000000
6.789950	 	7406.666667
6.794099	 	7413.333333
6.723318	 	7420.000000
6.671464	 	7426.666667
6.535089	 	7433.333333
6.552979	 	7440.000000
6.541312	 	7446.666667
6.503199	 	7453.333333
6.395862	 	7460.000000
6.334674	 	7466.666667
6.145408	 	7473.333333
6.155519	 	7480.000000
6.086813	 	7486.666667
6.069701	 	7493.333333
5.985698	 	7500.000000
5.988032	 	7506.666667
5.952253	 	7513.333333
5.888732	 	7520.000000
5.924511	 	7526.666667
5.950956	 	7533.333333
5.858916	 	7540.000000
5.734467	 	7546.666667
5.849323	 	7553.333333
5.695836	 	7560.000000
5.705169	 	7566.666667
5.679502	 	7573.333333
5.569053	 	7580.000000
5.450827	 	7586.666667
5.462235	 	7593.333333
5.390417	 	7600.000000
5.292932	 	7606.666667
5.348934	 	7613.333333
5.332082	 	7620.000000
5.350749	 	7626.666667
5.178076	 	7633.333333
5.088628	 	7640.000000
5.064516	 	7646.666667
4.860471	 	7653.333333
4.830396	 	7660.000000
4.794876	 	7666.666667
4.803951	 	7673.333333
4.779320	 	7680.000000
4.797728	 	7686.666667
4.829359	 	7693.333333
4.792543	 	7700.000000
4.736022	 	7706.666667
4.796432	 	7713.333333
4.623240	 	7720.000000
4.661353	 	7726.666667
4.733689	 	7733.333333
4.569313	 	7740.000000
4.573202	 	7746.666667
4.542089	 	7753.333333
4.594980	 	7760.000000
4.599647	 	7766.666667
4.560238	 	7773.333333
4.511755	 	7780.000000
4.419455	 	7786.666667
4.407529	 	7793.333333
4.475716	 	7800.000000
4.267005	 	7806.666667
4.299673	 	7813.333333
4.229930	 	7820.000000
4.189484	 	7826.666667
4.191817	 	7833.333333
4.076442	 	7840.000000
4.122592	 	7846.666667
4.083961	 	7853.333333
4.105999	 	7860.000000
4.146186	 	7866.666667
4.011625	 	7873.333333
4.051553	 	7880.000000
4.142037	 	7886.666667
4.082146	 	7893.333333
3.988550	 	7900.000000
3.931252	 	7906.666667
3.902992	 	7913.333333
4.067109	 	7920.000000
4.103925	 	7926.666667
3.890028	 	7933.333333
3.872398	 	7940.000000
3.842582	 	7946.666667
3.884324	 	7953.333333
3.670946	 	7960.000000
3.748208	 	7966.666667
3.712170	 	7973.333333
3.688576	 	7980.000000
3.476754	 	7986.666667
3.569831	 	7993.333333
3.519014	 	8000.000000
3.345564	 	8006.666667
3.282561	 	8013.333333
3.227078	 	8020.000000
3.222929	 	8026.666667
3.096406	 	8033.333333
3.075405	 	8040.000000
3.104962	 	8046.666667
2.974809	 	8053.333333
3.063998	 	8060.000000
2.918288	 	8066.666667
2.954327	 	8073.333333
2.893658	 	8080.000000
2.852693	 	8086.666667
2.784246	 	8093.333333
2.793839	 	8100.000000
2.679243	 	8106.666667
2.642167	 	8113.333333
2.726429	 	8120.000000
2.595239	 	8126.666667
2.534052	 	8133.333333
2.496977	 	8140.000000
2.448753	 	8146.666667
2.422307	 	8153.333333
2.431641	 	8160.000000
2.425418	 	8166.666667
2.349971	 	8173.333333
2.376417	 	8180.000000
2.363194	 	8186.666667
2.378750	 	8193.333333
2.311859	 	8200.000000
2.253782	 	8206.666667
2.269598	 	8213.333333
2.266746	 	8220.000000
2.275561	 	8226.666667
2.357231	 	8233.333333
2.395862	 	8240.000000
2.410640	 	8246.666667
2.508903	 	8253.333333
2.583313	 	8260.000000
2.537422	 	8266.666667
2.687021	 	8273.333333
2.569831	 	8280.000000
2.592387	 	8286.666667
2.593684	 	8293.333333
2.535867	 	8300.000000
2.573720	 	8306.666667
2.438641	 	8313.333333
2.492050	 	8320.000000
2.441752	 	8326.666667
2.448753	 	8333.333333
2.449790	 	8340.000000
2.344008	 	8346.666667
2.263894	 	8353.333333
2.338563	 	8360.000000
2.171594	 	8366.666667
2.244708	 	8373.333333
2.188706	 	8380.000000
2.168483	 	8386.666667
1.974291	 	8393.333333
2.145408	 	8400.000000
2.062960	 	8406.666667
2.113518	 	8413.333333
1.972216	 	8420.000000
1.969105	 	8426.666667
1.983624	 	8433.333333
1.959253	 	8440.000000
1.870064	 	8446.666667
1.852693	 	8453.333333
1.845952	 	8460.000000
1.730319	 	8466.666667
1.849064	 	8473.333333
1.921400	 	8480.000000
1.965735	 	8486.666667
1.927622	 	8493.333333
1.991662	 	8500.000000
2.031848	 	8506.666667
1.972476	 	8513.333333
1.928141	 	8520.000000
1.917770	 	8526.666667
1.818988	 	8533.333333
1.795914	 	8540.000000
1.841804	 	8546.666667
1.697391	 	8553.333333
1.653834	 	8560.000000
1.716059	 	8566.666667
1.640611	 	8573.333333
1.732133	 	8580.000000
1.675094	 	8586.666667
1.513051	 	8593.333333
1.612351	 	8600.000000
1.550904	 	8606.666667
1.453419	 	8613.333333
1.428789	 	8620.000000
1.418677	 	8626.666667
1.376935	 	8633.333333
1.422048	 	8640.000000
1.365786	 	8646.666667
1.304599	 	8653.333333
1.236930	 	8660.000000
1.247301	 	8666.666667
1.276079	 	8673.333333
1.372268	 	8680.000000
1.221633	 	8686.666667
1.204521	 	8693.333333
1.201669	 	8700.000000
1.225004	 	8706.666667
1.211522	 	8713.333333
1.137889	 	8720.000000
1.254819	 	8726.666667
1.256116	 	8733.333333
1.258449	 	8740.000000
1.194928	 	8746.666667
1.096406	 	8753.333333
1.158890	 	8760.000000
1.228633	 	8766.666667
1.165631	 	8773.333333
1.183780	 	8780.000000
1.096147	 	8786.666667
1.141260	 	8793.333333
1.107555	 	8800.000000
1.168742	 	8806.666667
1.072294	 	8813.333333
1.076702	 	8820.000000
1.077480	 	8826.666667
1.127259	 	8833.333333
1.005921	 	8840.000000
1.008773	 	8846.666667
1.011107	 	8853.333333
1.076183	 	8860.000000
0.961846	 	8866.666667
0.899621	 	8873.333333
0.797988	 	8880.000000
0.869546	 	8886.666667
0.892362	 	8893.333333
0.913881	 	8900.000000
0.863323	 	8906.666667
0.817692	 	8913.333333
0.843619	 	8920.000000
0.807840	 	8926.666667
0.821322	 	8933.333333
0.887176	 	8940.000000
0.742504	 	8946.666667
0.677946	 	8953.333333
0.709577	 	8960.000000
0.675872	 	8966.666667
0.597054	 	8973.333333
0.501643	 	8980.000000
0.562053	 	8986.666667
0.472346	 	8993.333333
0.471309	 	9000.000000
0.506310	 	9006.666667
0.474679	 	9013.333333
0.370453	 	9020.000000
0.352045	 	9026.666667
0.464568	 	9033.333333
0.404677	 	9040.000000
0.498532	 	9046.666667
0.336748	 	9053.333333
0.462235	 	9060.000000
0.397677	 	9066.666667
0.406751	 	9073.333333
0.486347	 	9080.000000
0.422826	 	9086.666667
0.527830	 	9093.333333
0.434233	 	9100.000000
0.400010	 	9106.666667
0.497495	 	9113.333333
0.484272	 	9120.000000
0.402084	 	9126.666667
0.433974	 	9133.333333
0.559201	 	9140.000000
0.494902	 	9146.666667
0.526274	 	9153.333333
0.577609	 	9160.000000
0.515125	 	9166.666667
0.642686	 	9173.333333
0.562831	 	9180.000000
0.546238	 	9186.666667
0.510977	 	9193.333333
0.712170	 	9200.000000
0.557386	 	9206.666667
0.625574	 	9213.333333
0.584350	 	9220.000000
0.572942	 	9226.666667
0.589276	 	9233.333333
0.653316	 	9240.000000
0.592647	 	9246.666667
0.632056	 	9253.333333
0.677168	 	9260.000000
0.665242	 	9266.666667
0.821840	 	9273.333333
0.759875	 	9280.000000
0.718392	 	9286.666667
0.663686	 	9293.333333
0.769727	 	9300.000000
0.753653	 	9306.666667
0.597054	 	9313.333333
0.626092	 	9320.000000
0.502421	 	9326.666667
0.509162	 	9333.333333
0.572424	 	9340.000000
0.634130	 	9346.666667
0.456012	 	9353.333333
0.487124	 	9360.000000
0.450308	 	9366.666667
0.453160	 	9373.333333
0.369676	 	9380.000000
0.445382	 	9386.666667
0.444604	 	9393.333333
0.327155	 	9400.000000
0.289561	 	9406.666667
0.311081	 	9413.333333
0.220855	 	9420.000000
0.187410	 	9426.666667
0.190780	 	9433.333333
0.256375	 	9440.000000
0.126481	 	9446.666667
0.291117	 	9453.333333
0.207632	 	9460.000000
0.259227	 	9466.666667
0.237189	 	9473.333333
0.242634	 	9480.000000
0.199854	 	9486.666667
0.204003	 	9493.333333
0.236411	 	9500.000000
0.348156	 	9506.666667
0.289043	 	9513.333333
0.241856	 	9520.000000
0.211781	 	9526.666667
0.089406	 	9533.333333
0.205299	 	9540.000000
0.174446	 	9546.666667
0.211262	 	9553.333333
0.292673	 	9560.000000
0.101851	 	9566.666667
0.155779	 	9573.333333
0.148778	 	9580.000000
0.059849	 	9586.666667
0.074887	 	9593.333333
0.137371	 	9600.000000
0.116629	 	9606.666667
0.021737	 	9613.333333
0.047923	 	9620.000000
-0.033747	 	9626.666667
-0.092860	 	9633.333333
0.026922	 	9640.000000
-0.157937	 	9646.666667
-0.093638	 	9653.333333
-0.122157	 	9660.000000
-0.077045	 	9666.666667
-0.084564	 	9673.333333
-0.182567	 	9680.000000
-0.122417	 	9686.666667
-0.227421	 	9693.333333
-0.086378	 	9700.000000
-0.267607	 	9706.666667
-0.184641	 	9713.333333
-0.255940	 	9720.000000
-0.274867	 	9726.666667
-0.257755	 	9733.333333
-0.333980	 	9740.000000
-0.360166	 	9746.666667
-0.405279	 	9753.333333
-0.372870	 	9760.000000
-0.330350	 	9766.666667
-0.407613	 	9773.333333
-0.424724	 	9780.000000
-0.455318	 	9786.666667
-0.410464	 	9793.333333
-0.413576	 	9800.000000
-0.401131	 	9806.666667
-0.452985	 	9813.333333
-0.424465	 	9820.000000
-0.385834	 	9826.666667
-0.330869	 	9833.333333
-0.384538	 	9840.000000
-0.350573	 	9846.666667
-0.417465	 	9853.333333
-0.339684	 	9860.000000
-0.477097	 	9866.666667
-0.318424	 	9873.333333
-0.303646	 	9880.000000
-0.387390	 	9886.666667
-0.407353	 	9893.333333
-0.418243	 	9900.000000
-0.414354	 	9906.666667
-0.443651	 	9913.333333
-0.404242	 	9920.000000
-0.452725	 	9926.666667
-0.482800	 	9933.333333
-0.508727	 	9940.000000
-0.581582	 	9946.666667
-0.464652	 	9953.333333
-0.526876	 	9960.000000
-0.487986	 	9966.666667
-0.545803	 	9973.333333
-0.617880	 	9980.000000
-0.653140	 	9986.666667
-0.640436	 	9993.333333
-0.741032	 	10000.000000
-0.580286	 	10006.666667
-0.699809	 	10013.333333
-0.737921	 	10020.000000
-0.737143	 	10026.666667
-0.708624	 	10033.333333
-0.850444	 	10040.000000
-0.882593	 	10046.666667
-0.842147	 	10053.333333
-0.833073	 	10060.000000
-0.903075	 	10066.666667
-0.931854	 	10073.333333
-0.940669	 	10080.000000
-0.899964	 	10086.666667
-0.961929	 	10093.333333
-0.894260	 	10100.000000
-0.990449	 	10106.666667
-0.928484	 	10113.333333
-0.828147	 	10120.000000
-0.950781	 	10126.666667
-0.919669	 	10133.333333
-0.847851	 	10140.000000
-0.899186	 	10146.666667
-0.906964	 	10153.333333
-0.826591	 	10160.000000
-0.854333	 	10166.666667
-0.833073	 	10173.333333
-0.894519	 	10180.000000
-0.854851	 	10186.666667
-0.925632	 	10193.333333
-0.897112	 	10200.000000
-0.908520	 	10206.666667
-0.837221	 	10213.333333
-0.840851	 	10220.000000
-0.791071	 	10226.666667
-0.840592	 	10233.333333
-0.779923	 	10240.000000
-0.828147	 	10246.666667
-0.763070	 	10253.333333
-0.802479	 	10260.000000
-0.841110	 	10266.666667
-0.831517	 	10273.333333
-0.755033	 	10280.000000
-0.675956	 	10286.666667
-0.826072	 	10293.333333
-0.881037	 	10300.000000
-0.849407	 	10306.666667
-0.796516	 	10313.333333
-0.884667	 	10320.000000
-0.880000	 	10326.666667
-0.800405	 	10333.333333
-0.870926	 	10340.000000
-0.816739	 	10346.666667
-0.846036	 	10353.333333
-0.911631	 	10360.000000
-0.933410	 	10366.666667
-0.982671	 	10373.333333
-0.963744	 	10380.000000
-1.032450	 	10386.666667
-0.965818	 	10393.333333
-0.990190	 	10400.000000
-1.004968	 	10406.666667
-0.928743	 	10413.333333
-0.912150	 	10420.000000
-0.887519	 	10426.666667
-0.951299	 	10433.333333
-0.988893	 	10440.000000
-0.905409	 	10446.666667
-0.844221	 	10453.333333
-0.853555	 	10460.000000
-0.864185	 	10466.666667
-0.864185	 	10473.333333
-0.869889	 	10480.000000
-0.869111	 	10486.666667
-0.866518	 	10493.333333
-0.902557	 	10500.000000
-0.920706	 	10506.666667
-0.943262	 	10513.333333
-1.034525	 	10520.000000
-1.027784	 	10526.666667
-0.953633	 	10533.333333
-1.055785	 	10540.000000
-0.985004	 	10546.666667
-0.900742	 	10553.333333
-0.987597	 	10560.000000
-1.018450	 	10566.666667
-1.055007	 	10573.333333
-1.033747	 	10580.000000
-1.086119	 	10586.666667
-0.992264	 	10593.333333
-1.063044	 	10600.000000
-0.994338	 	10606.666667
-0.982412	 	10613.333333
-0.926150	 	10620.000000
-1.033228	 	10626.666667
-1.080934	 	10633.333333
-1.097268	 	10640.000000
-1.194234	 	10646.666667
-1.165715	 	10653.333333
-1.098564	 	10660.000000
-1.059674	 	10666.666667
-1.108416	 	10673.333333
-1.197864	 	10680.000000
-1.223272	 	10686.666667
-1.130454	 	10693.333333
-1.239606	 	10700.000000
-1.268385	 	10706.666667
-1.189827	 	10713.333333
-1.195012	 	10720.000000
-1.332684	 	10726.666667
-1.222495	 	10733.333333
-1.166752	 	10740.000000
-1.256977	 	10746.666667
-1.274348	 	10753.333333
-1.262940	 	10760.000000
-1.314276	 	10766.666667
-1.238310	 	10773.333333
-1.355759	 	10780.000000
-1.272015	 	10786.666667
-1.269941	 	10793.333333
-1.422132	 	10800.000000
-1.381426	 	10806.666667
-1.400872	 	10813.333333
-1.467244	 	10820.000000
-1.422650	 	10826.666667
-1.405538	 	10833.333333
-1.392316	 	10840.000000
-1.432762	 	10846.666667
-1.457651	 	10853.333333
-1.451429	 	10860.000000
-1.391019	 	10866.666667
-1.361203	 	10873.333333
-1.362759	 	10880.000000
-1.361981	 	10886.666667
-1.378834	 	10893.333333
-1.307794	 	10900.000000
-1.448058	 	10906.666667
-1.407872	 	10913.333333
-1.267089	 	10920.000000
-1.325684	 	10926.666667
-1.349018	 	10933.333333
-1.408650	 	10940.000000
-1.373648	 	10946.666667
-1.293016	 	10953.333333
-1.233125	 	10960.000000
-1.130713	 	10966.666667
-1.146529	 	10973.333333
-1.039969	 	10980.000000
-1.106861	 	10986.666667
-1.151196	 	10993.333333
-1.079119	 	11000.000000
-1.102453	 	11006.666667
-1.000301	 	11013.333333
-1.041006	 	11020.000000
-1.085601	 	11026.666667
-1.099860	 	11033.333333
-1.148344	 	11040.000000
-1.128380	 	11046.666667
-1.149121	 	11053.333333
-1.124232	 	11060.000000
-1.204864	 	11066.666667
-1.298460	 	11073.333333
-1.233125	 	11080.000000
-1.300275	 	11086.666667
-1.288090	 	11093.333333
-1.328017	 	11100.000000
-1.327498	 	11106.666667
-1.293016	 	11113.333333
-1.393871	 	11120.000000
-1.277719	 	11126.666667
-1.413316	 	11133.333333
-1.426280	 	11140.000000
-1.387130	 	11146.666667
-1.433799	 	11153.333333
-1.602842	 	11160.000000
-1.608546	 	11166.666667
-1.629028	 	11173.333333
-1.570174	 	11180.000000
-1.677511	 	11186.666667
-1.611916	 	11193.333333
-1.713809	 	11200.000000
-1.640954	 	11206.666667
-1.712513	 	11213.333333
-1.681141	 	11220.000000
-1.755551	 	11226.666667
-1.688401	 	11233.333333
-1.664029	 	11240.000000
-1.729624	 	11246.666667
-1.707068	 	11253.333333
-1.595582	 	11260.000000
-1.526098	 	11266.666667
-1.557729	 	11273.333333
-1.544766	 	11280.000000
-1.575359	 	11286.666667
-1.623583	 	11293.333333
-1.590656	 	11300.000000
-1.560322	 	11306.666667
-1.512876	 	11313.333333
-1.504320	 	11320.000000
-1.491875	 	11326.666667
-1.457911	 	11333.333333
-1.587286	 	11340.000000
-1.553581	 	11346.666667
-1.554877	 	11353.333333
-1.549433	 	11360.000000
-1.501986	 	11366.666667
-1.553322	 	11373.333333
-1.579767	 	11380.000000
-1.654696	 	11386.666667
-1.566544	 	11393.333333
-1.471911	 	11400.000000
-1.510802	 	11406.666667
-1.570174	 	11413.333333
-1.613731	 	11420.000000
-1.589360	 	11426.666667
-1.536728	 	11433.333333
-1.626695	 	11440.000000
-1.599471	 	11446.666667
-1.571470	 	11453.333333
-1.662474	 	11460.000000
-1.612953	 	11466.666667
-1.632917	 	11473.333333
-1.707068	 	11480.000000
-1.638621	 	11486.666667
-1.675178	 	11493.333333
-1.633695	 	11500.000000
-1.647436	 	11506.666667
-1.695142	 	11513.333333
-1.688401	 	11520.000000
-1.688919	 	11526.666667
-1.691512	 	11533.333333
-1.655214	 	11540.000000
-1.826850	 	11546.666667
-1.695660	 	11553.333333
-1.848629	 	11560.000000
-1.867037	 	11566.666667
-1.872482	 	11573.333333
-1.835406	 	11580.000000
-1.840332	 	11586.666667
-1.878963	 	11593.333333
-1.810257	 	11600.000000
-1.945595	 	11606.666667
-1.778626	 	11613.333333
-1.863666	 	11620.000000
-1.892186	 	11626.666667
-1.859518	 	11633.333333
-1.841110	 	11640.000000
-1.924854	 	11646.666667
-1.807405	 	11653.333333
-1.889075	 	11660.000000
-1.837221	 	11666.666667
-1.820369	 	11673.333333
-1.860296	 	11680.000000
-1.800923	 	11686.666667
-1.818035	 	11693.333333
-1.816739	 	11700.000000
-1.852259	 	11706.666667
-1.776293	 	11713.333333
-1.735847	 	11720.000000
-1.693327	 	11726.666667
-1.640954	 	11733.333333
-1.746477	 	11740.000000
-1.663511	 	11746.666667
-1.639399	 	11753.333333
-1.552544	 	11760.000000
-1.549433	 	11766.666667
-1.534395	 	11773.333333
-1.644584	 	11780.000000
-1.567841	 	11786.666667
-1.570433	 	11793.333333
-1.519876	 	11800.000000
-1.531802	 	11806.666667
-1.545284	 	11813.333333
-1.548136	 	11820.000000
-1.518580	 	11826.666667
-1.533099	 	11833.333333
-1.549692	 	11840.000000
-1.549692	 	11846.666667
-1.603879	 	11853.333333
-1.543210	 	11860.000000
-1.609324	 	11866.666667
-1.589879	 	11873.333333
-1.502764	 	11880.000000
-1.542432	 	11886.666667
-1.656251	 	11893.333333
-1.667918	 	11900.000000
-1.548914	 	11906.666667
-1.535691	 	11913.333333
-1.570952	 	11920.000000
-1.577434	 	11926.666667
-1.541914	 	11933.333333
-1.536728	 	11940.000000
-1.594805	 	11946.666667
-1.529469	 	11953.333333
-1.427317	 	11960.000000
-1.679586	 	11966.666667
-1.610620	 	11973.333333
-1.531024	 	11980.000000
-1.546581	 	11986.666667
-1.597916	 	11993.333333
-1.537247	 	12000.000000
-1.529728	 	12006.666667
-1.564211	 	12013.333333
-1.500949	 	12020.000000
-1.439762	 	12026.666667
-1.461022	 	12033.333333
-1.504579	 	12040.000000
-1.561359	 	12046.666667
-1.424724	 	12053.333333
-1.460763	 	12060.000000
-1.367944	 	12066.666667
-1.384019	 	12073.333333
-1.382723	 	12080.000000
-1.255681	 	12086.666667
-1.350314	 	12093.333333
-1.396205	 	12100.000000
-1.328536	 	12106.666667
-1.269681	 	12113.333333
-1.376500	 	12120.000000
-1.243495	 	12126.666667
-1.252310	 	12133.333333
-1.372611	 	12140.000000
-1.404761	 	12146.666667
-1.379093	 	12153.333333
-1.377278	 	12160.000000
-1.349277	 	12166.666667
-1.333980	 	12173.333333
-1.397501	 	12180.000000
-1.345907	 	12186.666667
-1.354462	 	12193.333333
-1.423946	 	12200.000000
-1.409427	 	12206.666667
-1.382723	 	12213.333333
-1.389982	 	12220.000000
-1.440280	 	12226.666667
-1.412798	 	12233.333333
-1.440021	 	12240.000000
-1.410724	 	12246.666667
-1.483578	 	12253.333333
-1.399057	 	12260.000000
-1.553062	 	12266.666667
-1.621509	 	12273.333333
-1.409427	 	12280.000000
-1.482541	 	12286.666667
-1.441836	 	12293.333333
-1.566026	 	12300.000000
-1.591693	 	12306.666667
-1.596101	 	12313.333333
-1.584175	 	12320.000000
-1.576915	 	12326.666667
-1.615028	 	12333.333333
-1.622028	 	12340.000000
-1.750625	 	12346.666667
-1.765663	 	12353.333333
-1.800923	 	12360.000000
-1.738958	 	12366.666667
-1.806627	 	12373.333333
-1.737143	 	12380.000000
-1.813368	 	12386.666667
-1.788478	 	12393.333333
-1.892705	 	12400.000000
-1.871704	 	12406.666667
-1.867296	 	12413.333333
-1.832295	 	12420.000000
-1.780441	 	12426.666667
-1.803775	 	12433.333333
-1.870667	 	12440.000000
-1.763329	 	12446.666667
-1.860814	 	12453.333333
-1.895038	 	12460.000000
-1.963226	 	12466.666667
-1.859518	 	12473.333333
-1.902038	 	12480.000000
-1.875074	 	12486.666667
-1.903594	 	12493.333333
-1.863407	 	12500.000000
-1.919928	 	12506.666667
-1.833073	 	12513.333333
-1.844999	 	12520.000000
-1.811294	 	12526.666667
-1.899964	 	12533.333333
-1.930558	 	12540.000000
-1.872741	 	12546.666667
-1.856925	 	12553.333333
-1.782256	 	12560.000000
-1.851481	 	12566.666667
-1.869111	 	12573.333333
-1.823480	 	12580.000000
-1.820887	 	12586.666667
-1.862111	 	12593.333333
-1.868852	 	12600.000000
-1.922261	 	12606.666667
-1.873519	 	12613.333333
-1.876111	 	12620.000000
-1.903335	 	12626.666667
-1.885964	 	12633.333333
-1.983967	 	12640.000000
-2.047747	 	12646.666667
-2.036080	 	12653.333333
-2.029858	 	12660.000000
-2.099342	 	12666.666667
-2.170122	 	12673.333333
-2.116972	 	12680.000000
-2.203568	 	12686.666667
-2.068489	 	12693.333333
-2.064859	 	12700.000000
-2.115417	 	12706.666667
-2.076267	 	12713.333333
-2.011968	 	12720.000000
-2.073156	 	12726.666667
-1.945336	 	12733.333333
-1.974634	 	12740.000000
-2.051896	 	12746.666667
-1.980078	 	12753.333333
-2.034265	 	12760.000000
-2.014042	 	12766.666667
-2.042043	 	12773.333333
-2.122935	 	12780.000000
-1.966078	 	12786.666667
-2.147566	 	12793.333333
-1.954670	 	12800.000000
-2.043080	 	12806.666667
-2.052155	 	12813.333333
-2.125787	 	12820.000000
-2.118528	 	12826.666667
-2.177900	 	12833.333333
-2.048266	 	12840.000000
-1.992782	 	12846.666667
-2.134084	 	12853.333333
-1.983449	 	12860.000000
-2.025191	 	12866.666667
-1.917594	 	12873.333333
-1.972819	 	12880.000000
-2.020006	 	12886.666667
-2.075748	 	12893.333333
-2.089749	 	12900.000000
-2.097527	 	12906.666667
-2.013005	 	12913.333333
-1.896594	 	12920.000000
-1.856148	 	12926.666667
-1.845518	 	12933.333333
-1.913446	 	12940.000000
-1.930299	 	12946.666667
-1.858740	 	12953.333333
-1.897890	 	12960.000000
-1.921743	 	12966.666667
-1.904631	 	12973.333333
-1.997968	 	12980.000000
-2.024932	 	12986.666667
-1.903853	 	12993.333333
-1.861074	 	13000.000000
-1.994079	 	13006.666667
-1.939632	 	13013.333333
-1.985782	 	13020.000000
-2.015598	 	13026.666667
-2.004449	 	13033.333333
-2.010672	 	13040.000000
-2.080934	 	13046.666667
-2.061748	 	13053.333333
-2.016635	 	13060.000000
-2.057600	 	13066.666667
-2.094416	 	13073.333333
-2.074971	 	13080.000000
-1.970485	 	13086.666667
-2.156640	 	13093.333333
-2.058118	 	13100.000000
-1.996931	 	13106.666667
-2.133565	 	13113.333333
-2.080415	 	13120.000000
-2.083267	 	13126.666667
-2.103749	 	13133.333333
-2.092342	 	13140.000000
-2.089490	 	13146.666667
-2.211605	 	13153.333333
-2.151973	 	13160.000000
-2.177382	 	13166.666667
-2.206161	 	13173.333333
-2.081712	 	13180.000000
-2.095194	 	13186.666667
-2.026228	 	13193.333333
-2.081712	 	13200.000000
-2.110231	 	13206.666667
-2.142640	 	13213.333333
-2.094156	 	13220.000000
-1.999783	 	13226.666667
-1.992005	 	13233.333333
-2.073415	 	13240.000000
-2.093119	 	13246.666667
-2.001597	 	13253.333333
-2.118528	 	13260.000000
-2.106861	 	13266.666667
-2.105564	 	13273.333333
-2.071859	 	13280.000000
-2.052933	 	13286.666667
-2.125009	 	13293.333333
-2.125269	 	13300.000000
-2.133565	 	13306.666667
-2.091564	 	13313.333333
-2.038673	 	13320.000000
-2.109453	 	13326.666667
