#peak 	 	#time 
2.038244	 	0.000000
2.456798	 	6.666667
2.880553	 	13.333333
3.198019	 	20.000000
3.497047	 	26.666667
3.771280	 	33.333333
4.086084	 	40.000000
4.365724	 	46.666667
4.558207	 	53.333333
4.556034	 	60.000000
4.792638	 	66.666667
4.803594	 	73.333333
4.856814	 	80.000000
4.814007	 	86.666667
4.862213	 	93.333333
4.746903	 	100.000000
4.748831	 	106.666667
4.774670	 	113.333333
4.772742	 	120.000000
4.717979	 	126.666667
4.747674	 	133.333333
4.740347	 	140.000000
4.721450	 	146.666667
4.606911	 	153.333333
4.715279	 	160.000000
4.820177	 	166.666667
4.524766	 	173.333333
4.758858	 	180.000000
4.561404	 	186.666667
4.692911	 	193.333333
4.511269	 	200.000000
4.644705	 	206.666667
4.629664	 	213.333333
4.604982	 	220.000000
4.688669	 	226.666667
4.576058	 	233.333333
4.498156	 	240.000000
4.606525	 	246.666667
4.578372	 	253.333333
4.506641	 	260.000000
4.583000	 	266.666667
4.539421	 	273.333333
4.640077	 	280.000000
4.434909	 	286.666667
4.503941	 	293.333333
4.491600	 	300.000000
4.601126	 	306.666667
4.443008	 	313.333333
4.468075	 	320.000000
4.497385	 	326.666667
4.616166	 	333.333333
4.466918	 	340.000000
4.492372	 	346.666667
4.484273	 	353.333333
4.552919	 	360.000000
4.532480	 	366.666667
4.603440	 	373.333333
4.540964	 	380.000000
4.712965	 	386.666667
4.663987	 	393.333333
4.767343	 	400.000000
4.602283	 	406.666667
4.686741	 	413.333333
4.655117	 	420.000000
4.796267	 	426.666667
4.697925	 	433.333333
4.723764	 	440.000000
4.756544	 	446.666667
4.601897	 	453.333333
4.738804	 	460.000000
4.747289	 	466.666667
4.776598	 	473.333333
4.731477	 	480.000000
4.614238	 	486.666667
4.689441	 	493.333333
4.638920	 	500.000000
4.738419	 	506.666667
4.635449	 	513.333333
4.620409	 	520.000000
4.592641	 	526.666667
4.647404	 	533.333333
4.642776	 	540.000000
4.595727	 	546.666667
4.537107	 	553.333333
4.693297	 	560.000000
4.780455	 	566.666667
4.710266	 	573.333333
4.716436	 	580.000000
4.700239	 	586.666667
4.641234	 	593.333333
4.773899	 	600.000000
4.809765	 	606.666667
4.736876	 	613.333333
4.596884	 	620.000000
4.812078	 	626.666667
4.661288	 	633.333333
4.670929	 	640.000000
4.752302	 	646.666667
4.711808	 	653.333333
4.742661	 	660.000000
4.839845	 	666.666667
4.818249	 	673.333333
4.729163	 	680.000000
4.777370	 	686.666667
4.824419	 	693.333333
4.739576	 	700.000000
4.714508	 	706.666667
4.716436	 	713.333333
4.797809	 	720.000000
4.785854	 	726.666667
4.675557	 	733.333333
4.597655	 	740.000000
4.694840	 	746.666667
4.688669	 	753.333333
4.624265	 	760.000000
4.617323	 	766.666667
4.600355	 	773.333333
4.567960	 	780.000000
4.557933	 	786.666667
4.660517	 	793.333333
4.692911	 	800.000000
4.716822	 	806.666667
4.671700	 	813.333333
4.625808	 	820.000000
4.576444	 	826.666667
4.743818	 	833.333333
4.651261	 	840.000000
4.519753	 	846.666667
4.667844	 	853.333333
4.653189	 	860.000000
4.577215	 	866.666667
4.552919	 	873.333333
4.491986	 	880.000000
4.465376	 	886.666667
4.530551	 	893.333333
4.402514	 	900.000000
4.557547	 	906.666667
4.371662	 	913.333333
4.501627	 	920.000000
4.362792	 	926.666667
4.484273	 	933.333333
4.535950	 	940.000000
4.508569	 	946.666667
4.431438	 	953.333333
4.471546	 	960.000000
4.466147	 	966.666667
4.342352	 	973.333333
4.405985	 	980.000000
4.346209	 	986.666667
4.432981	 	993.333333
4.405214	 	1000.000000
4.355079	 	1006.666667
4.450721	 	1013.333333
4.446864	 	1020.000000
4.504712	 	1026.666667
4.402514	 	1033.333333
4.181149	 	1040.000000
4.353536	 	1046.666667
4.347751	 	1053.333333
4.358550	 	1060.000000
4.333482	 	1066.666667
4.367420	 	1073.333333
4.313043	 	1080.000000
4.274092	 	1086.666667
4.312657	 	1093.333333
4.439537	 	1100.000000
4.440308	 	1106.666667
4.260208	 	1113.333333
4.336567	 	1120.000000
4.486201	 	1126.666667
4.526309	 	1133.333333
4.533636	 	1140.000000
4.458048	 	1146.666667
4.533251	 	1153.333333
4.565646	 	1160.000000
4.512040	 	1166.666667
4.449950	 	1173.333333
4.489672	 	1180.000000
4.541350	 	1186.666667
4.529394	 	1193.333333
4.599969	 	1200.000000
4.667458	 	1206.666667
4.596112	 	1213.333333
4.499313	 	1220.000000
4.569888	 	1226.666667
4.630436	 	1233.333333
4.535565	 	1240.000000
4.649718	 	1246.666667
4.648561	 	1253.333333
4.506255	 	1260.000000
4.515511	 	1266.666667
4.556390	 	1273.333333
4.561018	 	1280.000000
4.635063	 	1286.666667
4.630436	 	1293.333333
4.598426	 	1300.000000
4.457277	 	1306.666667
4.613081	 	1313.333333
4.509726	 	1320.000000
4.707181	 	1326.666667
4.664373	 	1333.333333
4.650875	 	1340.000000
4.546363	 	1346.666667
4.631593	 	1353.333333
4.630436	 	1360.000000
4.574130	 	1366.666667
4.561018	 	1373.333333
4.653960	 	1380.000000
4.458820	 	1386.666667
4.534793	 	1393.333333
4.462291	 	1400.000000
4.485815	 	1406.666667
4.527852	 	1413.333333
4.568345	 	1420.000000
4.503555	 	1426.666667
4.485044	 	1433.333333
4.418712	 	1440.000000
4.496614	 	1446.666667
4.505484	 	1453.333333
4.474246	 	1460.000000
4.523224	 	1466.666667
4.422568	 	1473.333333
4.314200	 	1480.000000
4.417940	 	1486.666667
4.449178	 	1493.333333
4.471546	 	1500.000000
4.454192	 	1506.666667
4.478488	 	1513.333333
4.501242	 	1520.000000
4.401357	 	1526.666667
4.375133	 	1533.333333
4.476945	 	1540.000000
4.510883	 	1546.666667
4.465761	 	1553.333333
4.466533	 	1560.000000
4.448793	 	1566.666667
4.417940	 	1573.333333
4.495457	 	1580.000000
4.349294	 	1586.666667
4.397501	 	1593.333333
4.242082	 	1600.000000
4.430667	 	1606.666667
4.453806	 	1613.333333
4.460362	 	1620.000000
4.284890	 	1626.666667
4.328469	 	1633.333333
4.394415	 	1640.000000
4.363949	 	1646.666667
4.264065	 	1653.333333
4.420640	 	1660.000000
4.465761	 	1666.666667
4.215472	 	1673.333333
4.399815	 	1680.000000
4.482345	 	1686.666667
4.398658	 	1693.333333
4.377061	 	1700.000000
4.358164	 	1706.666667
4.669387	 	1713.333333
4.420254	 	1720.000000
4.436452	 	1726.666667
4.426425	 	1733.333333
4.485044	 	1740.000000
4.483116	 	1746.666667
4.405985	 	1753.333333
4.478102	 	1760.000000
4.520139	 	1766.666667
4.394415	 	1773.333333
4.419869	 	1780.000000
4.463833	 	1786.666667
4.510883	 	1793.333333
4.422183	 	1800.000000
4.415626	 	1806.666667
4.531323	 	1813.333333
4.498542	 	1820.000000
4.567188	 	1826.666667
4.452649	 	1833.333333
4.609225	 	1840.000000
4.613081	 	1846.666667
4.624651	 	1853.333333
4.547134	 	1860.000000
4.630821	 	1866.666667
4.630050	 	1873.333333
4.518210	 	1880.000000
4.569502	 	1886.666667
4.540193	 	1893.333333
4.403671	 	1900.000000
4.510883	 	1906.666667
4.368962	 	1913.333333
4.491215	 	1920.000000
4.434909	 	1926.666667
4.296074	 	1933.333333
4.475017	 	1940.000000
4.431053	 	1946.666667
4.485430	 	1953.333333
4.472703	 	1960.000000
4.312271	 	1966.666667
4.535565	 	1973.333333
4.498156	 	1980.000000
4.373976	 	1986.666667
4.368577	 	1993.333333
4.282576	 	2000.000000
4.502784	 	2006.666667
4.363178	 	2013.333333
4.389016	 	2020.000000
4.397886	 	2026.666667
4.360092	 	2033.333333
4.217400	 	2040.000000
4.360864	 	2046.666667
4.369734	 	2053.333333
4.534793	 	2060.000000
4.432210	 	2066.666667
4.447636	 	2073.333333
4.340810	 	2080.000000
4.485815	 	2086.666667
4.449178	 	2093.333333
4.462676	 	2100.000000
4.540578	 	2106.666667
4.593413	 	2113.333333
4.303016	 	2120.000000
4.474246	 	2126.666667
4.470389	 	2133.333333
4.456506	 	2140.000000
4.427196	 	2146.666667
4.330397	 	2153.333333
4.264836	 	2160.000000
4.317285	 	2166.666667
4.233598	 	2173.333333
4.370505	 	2180.000000
4.412541	 	2186.666667
4.257894	 	2193.333333
4.422568	 	2200.000000
4.255580	 	2206.666667
4.390945	 	2213.333333
4.141812	 	2220.000000
4.341581	 	2226.666667
4.204674	 	2233.333333
4.271006	 	2240.000000
4.300316	 	2246.666667
4.324998	 	2253.333333
4.145283	 	2260.000000
4.257894	 	2266.666667
4.369734	 	2273.333333
4.313043	 	2280.000000
4.387088	 	2286.666667
4.321141	 	2293.333333
4.257894	 	2300.000000
4.284890	 	2306.666667
4.296074	 	2313.333333
4.394801	 	2320.000000
4.228199	 	2326.666667
4.304558	 	2333.333333
4.273706	 	2340.000000
4.358164	 	2346.666667
4.213158	 	2353.333333
4.245939	 	2360.000000
4.139113	 	2366.666667
4.299545	 	2373.333333
4.254038	 	2380.000000
4.307258	 	2386.666667
4.120987	 	2393.333333
4.296459	 	2400.000000
4.315356	 	2406.666667
4.358550	 	2413.333333
4.266764	 	2420.000000
4.257123	 	2426.666667
4.253652	 	2433.333333
4.272935	 	2440.000000
4.346209	 	2446.666667
4.301859	 	2453.333333
4.240540	 	2460.000000
4.319984	 	2466.666667
4.185777	 	2473.333333
4.243239	 	2480.000000
4.143741	 	2486.666667
4.138727	 	2493.333333
4.292217	 	2500.000000
4.281419	 	2506.666667
4.263679	 	2513.333333
4.028044	 	2520.000000
4.081265	 	2526.666667
4.218172	 	2533.333333
4.272935	 	2540.000000
4.274863	 	2546.666667
4.287204	 	2553.333333
4.317670	 	2560.000000
4.124072	 	2566.666667
4.238997	 	2573.333333
4.257894	 	2580.000000
4.375904	 	2586.666667
4.303787	 	2593.333333
4.241697	 	2600.000000
4.323841	 	2606.666667
4.260208	 	2613.333333
4.323070	 	2620.000000
4.324612	 	2626.666667
4.245939	 	2633.333333
4.270621	 	2640.000000
4.226656	 	2646.666667
4.359707	 	2653.333333
4.309957	 	2660.000000
4.363563	 	2666.666667
4.232827	 	2673.333333
4.447636	 	2680.000000
4.355850	 	2686.666667
4.395187	 	2693.333333
4.225885	 	2700.000000
4.330783	 	2706.666667
4.258665	 	2713.333333
4.280648	 	2720.000000
4.206602	 	2726.666667
4.330397	 	2733.333333
4.188862	 	2740.000000
4.354693	 	2746.666667
4.332711	 	2753.333333
4.424111	 	2760.000000
4.361635	 	2766.666667
4.294531	 	2773.333333
4.395572	 	2780.000000
4.315742	 	2786.666667
4.342352	 	2793.333333
4.252109	 	2800.000000
4.367805	 	2806.666667
4.371276	 	2813.333333
4.383232	 	2820.000000
4.222800	 	2826.666667
4.262136	 	2833.333333
4.253266	 	2840.000000
4.411384	 	2846.666667
4.295688	 	2853.333333
4.374362	 	2860.000000
4.247867	 	2866.666667
4.265222	 	2873.333333
4.351608	 	2880.000000
4.290289	 	2886.666667
4.183463	 	2893.333333
4.307258	 	2900.000000
4.290675	 	2906.666667
4.270621	 	2913.333333
4.194261	 	2920.000000
4.259822	 	2926.666667
4.310343	 	2933.333333
4.382460	 	2940.000000
4.427967	 	2946.666667
4.331554	 	2953.333333
4.368191	 	2960.000000
4.374362	 	2966.666667
4.412927	 	2973.333333
4.506255	 	2980.000000
4.321913	 	2986.666667
4.375133	 	2993.333333
4.348137	 	3000.000000
4.345052	 	3006.666667
4.276791	 	3013.333333
4.304944	 	3020.000000
4.326540	 	3026.666667
4.246324	 	3033.333333
4.263679	 	3040.000000
4.302244	 	3046.666667
4.399043	 	3053.333333
4.342738	 	3060.000000
4.235526	 	3066.666667
4.323841	 	3073.333333
4.284504	 	3080.000000
4.774284	 	3086.666667
5.762329	 	3093.333333
8.038071	 	3100.000000
11.745360	 	3106.666667
17.497385	 	3113.333333
25.572202	 	3120.000000
35.908878	 	3126.666667
55.314971	 	3133.333333
107.470004	 	3140.000000
201.071623	 	3146.666667
313.782769	 	3153.333333
433.586471	 	3160.000000
559.556776	 	3166.666667
691.694454	 	3173.333333
832.907335	 	3180.000000
982.056969	 	3186.666667
1139.273320	 	3193.333333
1304.626965	 	3200.000000
1476.226270	 	3206.666667
1654.058511	 	3213.333333
1832.742661	 	3220.000000
2010.986780	 	3226.666667
2187.917748	 	3233.333333
2362.212387	 	3240.000000
2532.400586	 	3246.666667
2697.131014	 	3253.333333
2851.919290	 	3260.000000
3001.118287	 	3266.666667
3143.691369	 	3273.333333
3278.474246	 	3280.000000
3402.554076	 	3286.666667
3515.256737	 	3293.333333
3616.795881	 	3300.000000
3710.085121	 	3306.666667
3794.879182	 	3313.333333
3867.799738	 	3320.000000
3932.443394	 	3326.666667
3984.278719	 	3333.333333
4027.657046	 	3340.000000
4064.416398	 	3346.666667
4092.772356	 	3353.333333
4112.436066	 	3360.000000
4125.723764	 	3366.666667
4132.505098	 	3373.333333
4133.142584	 	3380.000000
4129.353536	 	3386.666667
4122.045785	 	3393.333333
4111.218557	 	3400.000000
4096.377447	 	3406.666667
4079.279105	 	3413.333333
4058.967497	 	3420.000000
4034.909263	 	3426.666667
4009.070466	 	3433.333333
3981.485815	 	3440.000000
3952.735719	 	3446.666667
3921.963255	 	3453.333333
3890.341195	 	3460.000000
3856.510112	 	3466.666667
3821.848716	 	3473.333333
3786.483116	 	3480.000000
3751.035372	 	3486.666667
3714.264836	 	3493.333333
3677.382460	 	3500.000000
3639.704481	 	3506.666667
3602.391716	 	3513.333333
3564.294531	 	3520.000000
3525.114045	 	3526.666667
3484.925846	 	3533.333333
3445.714508	 	3540.000000
3407.148754	 	3546.666667
3368.128700	 	3553.333333
3328.940887	 	3560.000000
3290.298773	 	3566.666667
3251.292989	 	3573.333333
3213.397115	 	3580.000000
3175.853343	 	3586.666667
3138.504712	 	3593.333333
3100.790867	 	3600.000000
3063.022260	 	3606.666667
3026.208145	 	3613.333333
2990.428353	 	3620.000000
2954.040000	 	3626.666667
2917.960169	 	3633.333333
2881.504712	 	3640.000000
2846.033444	 	3646.666667
2811.363949	 	3653.333333
2777.220486	 	3660.000000
2742.497385	 	3666.666667
2708.313043	 	3673.333333
2673.937030	 	3680.000000
2640.939730	 	3686.666667
2608.562946	 	3693.333333
2575.732634	 	3700.000000
2543.827890	 	3706.666667
2511.519753	 	3713.333333
2480.534408	 	3720.000000
2449.127543	 	3726.666667
2417.987165	 	3733.333333
2387.291446	 	3740.000000
2357.537493	 	3746.666667
2328.320370	 	3753.333333
2298.980223	 	3760.000000
2269.916205	 	3766.666667
2241.069309	 	3773.333333
2212.978295	 	3780.000000
2185.250567	 	3786.666667
2158.125615	 	3793.333333
2131.434138	 	3800.000000
2104.736876	 	3806.666667
2078.047327	 	3813.333333
2051.943972	 	3820.000000
2026.161481	 	3826.666667
2000.902321	 	3833.333333
1976.036529	 	3840.000000
1951.365491	 	3846.666667
1927.068152	 	3853.333333
1902.751145	 	3860.000000
1878.376675	 	3866.666667
1854.409456	 	3873.333333
1831.333868	 	3880.000000
1808.345823	 	3886.666667
1785.425653	 	3893.333333
1762.806294	 	3900.000000
1740.421797	 	3906.666667
1717.756930	 	3913.333333
1695.439537	 	3920.000000
1674.349294	 	3926.666667
1652.970196	 	3933.333333
1631.929703	 	3940.000000
1611.030358	 	3946.666667
1590.608453	 	3953.333333
1569.985237	 	3960.000000
1549.975981	 	3966.666667
1530.056969	 	3973.333333
1510.522453	 	3980.000000
1491.405599	 	3986.666667
1472.387088	 	3993.333333
1453.251338	 	4000.000000
1434.638920	 	4006.666667
1416.059668	 	4013.333333
1397.802051	 	4020.000000
1379.832132	 	4026.666667
1362.164180	 	4033.333333
1344.601512	 	4040.000000
1327.310343	 	4046.666667
1310.067767	 	4053.333333
1293.443779	 	4060.000000
1276.859128	 	4066.666667
1260.518210	 	4073.333333
1244.179221	 	4080.000000
1228.406756	 	4086.666667
1212.601126	 	4093.333333
1196.932017	 	4100.000000
1181.374362	 	4106.666667
1166.407913	 	4113.333333
1151.638534	 	4120.000000
1136.809765	 	4126.666667
1122.255580	 	4133.333333
1107.773127	 	4140.000000
1093.601126	 	4146.666667
1079.856429	 	4153.333333
1066.195804	 	4160.000000
1052.611924	 	4166.666667
1039.239383	 	4173.333333
1026.176521	 	4180.000000
1013.457663	 	4186.666667
1000.566803	 	4193.333333
987.771199	 	4200.000000
975.358935	 	4206.666667
963.182692	 	4213.333333
951.103633	 	4220.000000
939.156082	 	4226.666667
927.275634	 	4233.333333
915.442622	 	4240.000000
903.927775	 	4246.666667
892.505484	 	4253.333333
881.146826	 	4260.000000
870.247867	 	4266.666667
859.262522	 	4273.333333
848.626579	 	4280.000000
837.919290	 	4286.666667
827.321913	 	4293.333333
816.973667	 	4300.000000
806.726078	 	4306.666667
796.496228	 	4313.333333
786.748831	 	4320.000000
776.835218	 	4326.666667
767.131014	 	4333.333333
757.432981	 	4340.000000
748.164180	 	4346.666667
738.613081	 	4353.333333
729.252495	 	4360.000000
720.390559	 	4366.666667
711.472318	 	4373.333333
702.125615	 	4380.000000
693.177292	 	4386.666667
684.207759	 	4393.333333
675.695997	 	4400.000000
667.000663	 	4406.666667
658.536336	 	4413.333333
649.856429	 	4420.000000
641.533636	 	4426.666667
633.071623	 	4433.333333
625.027659	 	4440.000000
616.665916	 	4446.666667
609.034986	 	4453.333333
601.184620	 	4460.000000
593.767343	 	4466.666667
585.950142	 	4473.333333
578.483887	 	4480.000000
571.004520	 	4486.666667
563.886895	 	4493.333333
556.801666	 	4500.000000
549.703324	 	4506.666667
543.176907	 	4513.333333
534.806294	 	4520.000000
529.573359	 	4526.666667
522.034215	 	4533.333333
516.077408	 	4540.000000
508.871469	 	4546.666667
502.939344	 	4553.333333
496.713737	 	4560.000000
490.503555	 	4566.666667
483.770042	 	4573.333333
478.090520	 	4580.000000
472.146055	 	4586.666667
466.065453	 	4593.333333
459.379761	 	4600.000000
454.748446	 	4606.666667
448.126386	 	4613.333333
444.554462	 	4620.000000
437.379761	 	4626.666667
432.600740	 	4633.333333
428.050412	 	4640.000000
419.915434	 	4646.666667
417.744589	 	4653.333333
410.523609	 	4660.000000
407.409456	 	4666.666667
399.395958	 	4673.333333
396.583771	 	4680.000000
389.843702	 	4686.666667
387.033444	 	4693.333333
381.364335	 	4700.000000
375.625036	 	4706.666667
373.158010	 	4713.333333
366.027659	 	4720.000000
362.542121	 	4726.666667
358.441465	 	4733.333333
353.749988	 	4740.000000
350.751145	 	4746.666667
343.612310	 	4753.333333
340.733791	 	4760.000000
335.680185	 	4766.666667
333.255966	 	4773.333333
326.687898	 	4780.000000
324.109803	 	4786.666667
318.040000	 	4793.333333
316.576830	 	4800.000000
311.485430	 	4806.666667
306.488515	 	4813.333333
303.569117	 	4820.000000
299.632364	 	4826.666667
295.237840	 	4833.333333
291.500085	 	4840.000000
289.009533	 	4846.666667
284.478874	 	4853.333333
279.822105	 	4860.000000
277.631593	 	4866.666667
273.808222	 	4873.333333
269.368962	 	4880.000000
267.320370	 	4886.666667
262.387088	 	4893.333333
259.499313	 	4900.000000
257.309572	 	4906.666667
252.856814	 	4913.333333
250.806294	 	4920.000000
247.040771	 	4926.666667
243.115588	 	4933.333333
241.631593	 	4940.000000
237.867613	 	4946.666667
235.776598	 	4953.333333
232.950914	 	4960.000000
228.949757	 	4966.666667
226.433752	 	4973.333333
225.050412	 	4980.000000
220.638534	 	4986.666667
219.910420	 	4993.333333
215.675557	 	5000.000000
213.043856	 	5006.666667
211.299545	 	5013.333333
208.371276	 	5020.000000
206.271006	 	5026.666667
203.771199	 	5033.333333
200.385931	 	5040.000000
198.819020	 	5046.666667
196.249024	 	5053.333333
194.191947	 	5060.000000
191.330397	 	5066.666667
189.416783	 	5073.333333
186.966726	 	5080.000000
184.802823	 	5086.666667
182.799352	 	5093.333333
180.421797	 	5100.000000
177.895380	 	5106.666667
176.154539	 	5113.333333
173.913505	 	5120.000000
171.771585	 	5126.666667
170.253652	 	5133.333333
167.493528	 	5140.000000
165.713737	 	5146.666667
163.627350	 	5153.333333
161.422183	 	5160.000000
160.416012	 	5166.666667
157.567960	 	5173.333333
155.908878	 	5180.000000
154.588014	 	5186.666667
151.634292	 	5193.333333
150.079336	 	5200.000000
148.432981	 	5206.666667
146.043856	 	5213.333333
144.719522	 	5220.000000
142.642776	 	5226.666667
140.436837	 	5233.333333
139.370891	 	5240.000000
137.206988	 	5246.666667
135.471546	 	5253.333333
134.347751	 	5260.000000
131.990250	 	5266.666667
130.878797	 	5273.333333
129.457277	 	5280.000000
127.502013	 	5286.666667
126.333482	 	5293.333333
124.797424	 	5300.000000
123.227427	 	5306.666667
122.161481	 	5313.333333
120.568345	 	5320.000000
119.319984	 	5326.666667
118.066610	 	5333.333333
116.657431	 	5340.000000
115.048484	 	5346.666667
114.050412	 	5353.333333
112.473860	 	5360.000000
111.265993	 	5366.666667
109.889595	 	5373.333333
108.517825	 	5380.000000
107.294146	 	5386.666667
106.060825	 	5393.333333
104.913891	 	5400.000000
103.776984	 	5406.666667
102.298388	 	5413.333333
101.245553	 	5420.000000
100.166494	 	5426.666667
99.165337	 	5433.333333
97.628507	 	5440.000000
96.846402	 	5446.666667
95.575673	 	5453.333333
94.596112	 	5460.000000
93.617709	 	5466.666667
92.484273	 	5473.333333
91.203131	 	5480.000000
90.287204	 	5486.666667
89.078565	 	5493.333333
88.085893	 	5500.000000
87.208145	 	5506.666667
86.144512	 	5513.333333
85.085507	 	5520.000000
83.930860	 	5526.666667
82.933559	 	5533.333333
82.054655	 	5540.000000
81.023417	 	5546.666667
79.987937	 	5553.333333
79.322684	 	5560.000000
78.292603	 	5566.666667
77.601126	 	5573.333333
76.592641	 	5580.000000
75.715665	 	5586.666667
74.849872	 	5593.333333
73.996421	 	5600.000000
73.073552	 	5606.666667
72.373590	 	5613.333333
71.520910	 	5620.000000
70.377832	 	5626.666667
69.605754	 	5633.333333
69.003748	 	5640.000000
68.057740	 	5646.666667
67.427582	 	5653.333333
66.507026	 	5660.000000
65.615781	 	5666.666667
65.032672	 	5673.333333
64.184620	 	5680.000000
63.501242	 	5686.666667
63.154153	 	5693.333333
61.939730	 	5700.000000
61.444936	 	5706.666667
60.580686	 	5713.333333
59.909263	 	5720.000000
59.129086	 	5726.666667
58.498928	 	5733.333333
57.826733	 	5740.000000
57.539807	 	5746.666667
56.626965	 	5753.333333
55.907721	 	5760.000000
55.298002	 	5766.666667
54.778912	 	5773.333333
54.168037	 	5780.000000
53.609996	 	5786.666667
52.903093	 	5793.333333
52.464990	 	5800.000000
51.690598	 	5806.666667
51.301859	 	5813.333333
50.839460	 	5820.000000
50.213544	 	5826.666667
49.609610	 	5833.333333
49.129086	 	5840.000000
48.535179	 	5846.666667
48.049255	 	5853.333333
47.488129	 	5860.000000
46.956699	 	5866.666667
46.701396	 	5873.333333
46.040000	 	5880.000000
45.396344	 	5886.666667
44.836760	 	5893.333333
44.416783	 	5900.000000
43.911963	 	5906.666667
43.279876	 	5913.333333
42.892680	 	5920.000000
42.400586	 	5926.666667
41.806294	 	5933.333333
41.438380	 	5940.000000
40.927389	 	5946.666667
40.533636	 	5953.333333
39.979838	 	5960.000000
39.608839	 	5966.666667
39.177678	 	5973.333333
38.844859	 	5980.000000
38.292217	 	5986.666667
38.136028	 	5993.333333
37.578758	 	6000.000000
37.107489	 	6006.666667
36.849101	 	6013.333333
36.450721	 	6020.000000
36.228970	 	6026.666667
35.705252	 	6033.333333
35.279876	 	6040.000000
35.063139	 	6046.666667
34.671700	 	6053.333333
34.359707	 	6060.000000
33.981766	 	6066.666667
33.446479	 	6073.333333
33.368191	 	6080.000000
33.026116	 	6086.666667
32.599583	 	6093.333333
32.278719	 	6100.000000
31.893451	 	6106.666667
31.467304	 	6113.333333
31.337339	 	6120.000000
31.050027	 	6126.666667
30.813621	 	6133.333333
30.600355	 	6140.000000
30.300702	 	6146.666667
30.185006	 	6153.333333
29.807451	 	6160.000000
29.616552	 	6166.666667
29.439537	 	6173.333333
29.122530	 	6180.000000
28.996035	 	6186.666667
28.628507	 	6193.333333
28.120601	 	6200.000000
27.931245	 	6206.666667
27.702938	 	6213.333333
27.554847	 	6220.000000
27.016861	 	6226.666667
27.049641	 	6233.333333
26.656660	 	6240.000000
26.255195	 	6246.666667
25.970196	 	6253.333333
25.669387	 	6260.000000
25.337724	 	6266.666667
25.036529	 	6273.333333
24.763872	 	6280.000000
24.625422	 	6286.666667
24.235141	 	6293.333333
23.908106	 	6300.000000
23.579915	 	6306.666667
23.608453	 	6313.333333
23.082807	 	6320.000000
22.994878	 	6326.666667
22.482345	 	6333.333333
22.249024	 	6340.000000
22.087821	 	6346.666667
21.688284	 	6353.333333
21.426810	 	6360.000000
21.350451	 	6366.666667
21.073166	 	6373.333333
20.893837	 	6380.000000
20.554462	 	6386.666667
20.468461	 	6393.333333
20.082036	 	6400.000000
20.077023	 	6406.666667
19.734176	 	6413.333333
19.596884	 	6420.000000
19.349294	 	6426.666667
19.281805	 	6433.333333
18.828276	 	6440.000000
18.843316	 	6446.666667
18.615009	 	6453.333333
18.519367	 	6460.000000
18.210844	 	6466.666667
18.125229	 	6473.333333
17.880725	 	6480.000000
17.780840	 	6486.666667
17.552148	 	6493.333333
17.561018	 	6500.000000
17.292217	 	6506.666667
17.347751	 	6513.333333
17.011461	 	6520.000000
16.901936	 	6526.666667
16.871855	 	6533.333333
16.807451	 	6540.000000
16.446479	 	6546.666667
16.422183	 	6553.333333
16.216243	 	6560.000000
16.109032	 	6566.666667
15.856814	 	6573.333333
15.867227	 	6580.000000
15.583000	 	6586.666667
15.602668	 	6593.333333
15.256737	 	6600.000000
15.320756	 	6606.666667
15.091292	 	6613.333333
14.993336	 	6620.000000
14.846787	 	6626.666667
14.760786	 	6633.333333
14.272163	 	6640.000000
14.260979	 	6646.666667
14.252881	 	6653.333333
14.156467	 	6660.000000
13.868770	 	6666.666667
13.567188	 	6673.333333
13.475017	 	6680.000000
13.394030	 	6686.666667
13.176136	 	6693.333333
13.165723	 	6700.000000
13.072395	 	6706.666667
12.742661	 	6713.333333
12.758087	 	6720.000000
12.627736	 	6726.666667
12.508569	 	6733.333333
12.315742	 	6740.000000
12.285276	 	6746.666667
12.132171	 	6753.333333
12.112888	 	6760.000000
11.980223	 	6766.666667
11.844473	 	6773.333333
11.621951	 	6780.000000
11.659360	 	6786.666667
11.562175	 	6793.333333
11.523224	 	6800.000000
11.371276	 	6806.666667
11.335410	 	6813.333333
11.126772	 	6820.000000
11.192719	 	6826.666667
11.145283	 	6833.333333
10.994493	 	6840.000000
10.969425	 	6846.666667
10.837917	 	6853.333333
10.654346	 	6860.000000
10.679414	 	6866.666667
10.603440	 	6873.333333
10.545206	 	6880.000000
10.430667	 	6886.666667
10.388631	 	6893.333333
10.240154	 	6900.000000
10.201974	 	6906.666667
10.174207	 	6913.333333
10.104018	 	6920.000000
9.990250	 	6926.666667
9.843316	 	6933.333333
9.710652	 	6940.000000
9.787397	 	6946.666667
9.671315	 	6953.333333
9.581072	 	6960.000000
9.539036	 	6966.666667
9.526309	 	6973.333333
9.354693	 	6980.000000
9.341967	 	6986.666667
9.372819	 	6993.333333
9.381689	 	7000.000000
9.170351	 	7006.666667
9.073552	 	7013.333333
9.130628	 	7020.000000
8.909263	 	7026.666667
8.850258	 	7033.333333
8.951299	 	7040.000000
8.857586	 	7046.666667
8.807065	 	7053.333333
8.746132	 	7060.000000
8.572587	 	7066.666667
8.647790	 	7073.333333
8.600355	 	7080.000000
8.522067	 	7086.666667
8.524381	 	7093.333333
8.204288	 	7100.000000
8.112117	 	7106.666667
8.181535	 	7113.333333
8.092834	 	7120.000000
8.006062	 	7126.666667
7.938187	 	7133.333333
7.820563	 	7140.000000
7.759244	 	7146.666667
7.789711	 	7153.333333
7.653960	 	7160.000000
7.561789	 	7166.666667
7.464604	 	7173.333333
7.403286	 	7180.000000
7.460362	 	7186.666667
7.246324	 	7193.333333
7.151068	 	7200.000000
7.125615	 	7206.666667
7.051569	 	7213.333333
7.071238	 	7220.000000
6.969039	 	7226.666667
6.943972	 	7233.333333
6.878411	 	7240.000000
6.818249	 	7246.666667
6.776984	 	7253.333333
6.844859	 	7260.000000
6.666687	 	7266.666667
6.668615	 	7273.333333
6.761172	 	7280.000000
6.683656	 	7286.666667
6.582614	 	7293.333333
6.494300	 	7300.000000
6.589556	 	7306.666667
6.660902	 	7313.333333
6.530166	 	7320.000000
6.522453	 	7326.666667
6.498928	 	7333.333333
6.460362	 	7340.000000
6.444165	 	7346.666667
6.567188	 	7353.333333
6.512040	 	7360.000000
6.480802	 	7366.666667
6.402900	 	7373.333333
6.421797	 	7380.000000
6.352379	 	7386.666667
6.314971	 	7393.333333
6.278334	 	7400.000000
6.296074	 	7406.666667
6.179221	 	7413.333333
6.073937	 	7420.000000
5.963640	 	7426.666667
5.911577	 	7433.333333
6.028430	 	7440.000000
5.848716	 	7446.666667
5.721450	 	7453.333333
5.786625	 	7460.000000
5.627350	 	7466.666667
5.513582	 	7473.333333
5.515896	 	7480.000000
5.400586	 	7486.666667
5.337724	 	7493.333333
5.222800	 	7500.000000
5.191176	 	7506.666667
4.882653	 	7513.333333
4.882653	 	7520.000000
4.804751	 	7526.666667
4.663602	 	7533.333333
4.531708	 	7540.000000
4.603440	 	7546.666667
4.437223	 	7553.333333
4.464219	 	7560.000000
4.351222	 	7566.666667
4.265222	 	7573.333333
4.225499	 	7580.000000
4.175750	 	7586.666667
4.271006	 	7593.333333
4.149525	 	7600.000000
4.103247	 	7606.666667
4.091677	 	7613.333333
4.166109	 	7620.000000
4.169579	 	7626.666667
4.195033	 	7633.333333
4.107489	 	7640.000000
4.110574	 	7646.666667
4.233598	 	7653.333333
4.033444	 	7660.000000
4.218557	 	7666.666667
4.044628	 	7673.333333
4.065067	 	7680.000000
4.164180	 	7686.666667
4.162638	 	7693.333333
4.071623	 	7700.000000
4.013004	 	7706.666667
3.960169	 	7713.333333
3.854115	 	7720.000000
4.061211	 	7726.666667
3.959012	 	7733.333333
3.859514	 	7740.000000
3.806679	 	7746.666667
3.760015	 	7753.333333
3.859514	 	7760.000000
3.682884	 	7766.666667
3.804751	 	7773.333333
3.695611	 	7780.000000
3.704095	 	7786.666667
3.744203	 	7793.333333
3.685970	 	7800.000000
3.561018	 	7806.666667
3.523995	 	7813.333333
3.452264	 	7820.000000
3.526695	 	7826.666667
3.316899	 	7833.333333
3.368191	 	7840.000000
3.253266	 	7846.666667
3.260979	 	7853.333333
3.136799	 	7860.000000
3.230127	 	7866.666667
3.129857	 	7873.333333
3.171508	 	7880.000000
3.063525	 	7886.666667
3.050412	 	7893.333333
2.864527	 	7900.000000
3.071623	 	7906.666667
2.875711	 	7913.333333
2.921990	 	7920.000000
2.843702	 	7926.666667
2.855272	 	7933.333333
2.720679	 	7940.000000
2.626193	 	7946.666667
2.609610	 	7953.333333
2.609610	 	7960.000000
2.724149	 	7966.666667
2.498542	 	7973.333333
2.454192	 	7980.000000
2.335410	 	7986.666667
2.374747	 	7993.333333
2.297231	 	8000.000000
2.264450	 	8006.666667
2.204674	 	8013.333333
2.314971	 	8020.000000
2.266378	 	8026.666667
2.147211	 	8033.333333
2.173436	 	8040.000000
2.042699	 	8046.666667
2.129086	 	8053.333333
1.993336	 	8060.000000
2.067767	 	8066.666667
2.099005	 	8073.333333
1.896151	 	8080.000000
2.124072	 	8086.666667
1.915048	 	8093.333333
1.900779	 	8100.000000
1.993336	 	8106.666667
1.922375	 	8113.333333
2.051955	 	8120.000000
1.917748	 	8126.666667
2.067767	 	8133.333333
1.947443	 	8140.000000
1.847173	 	8146.666667
1.922761	 	8153.333333
1.905792	 	8160.000000
1.979838	 	8166.666667
1.944358	 	8173.333333
1.891137	 	8180.000000
1.933174	 	8186.666667
1.787397	 	8193.333333
1.741504	 	8200.000000
1.892680	 	8206.666667
1.586857	 	8213.333333
1.778912	 	8220.000000
1.807836	 	8226.666667
1.684427	 	8233.333333
1.660902	 	8240.000000
1.758858	 	8246.666667
1.586085	 	8253.333333
1.555233	 	8260.000000
1.416398	 	8266.666667
1.480031	 	8273.333333
1.443779	 	8280.000000
1.398658	 	8286.666667
1.390173	 	8293.333333
1.315356	 	8300.000000
1.249024	 	8306.666667
1.195418	 	8313.333333
1.243625	 	8320.000000
1.281419	 	8326.666667
1.227042	 	8333.333333
1.268692	 	8340.000000
1.277177	 	8346.666667
1.236683	 	8353.333333
1.173050	 	8360.000000
1.004520	 	8366.666667
1.120601	 	8373.333333
1.184234	 	8380.000000
1.094377	 	8386.666667
1.090135	 	8393.333333
1.134871	 	8400.000000
0.935873	 	8406.666667
0.968654	 	8413.333333
1.051184	 	8420.000000
1.013775	 	8426.666667
0.951299	 	8433.333333
0.905407	 	8440.000000
1.063525	 	8446.666667
0.910034	 	8453.333333
1.175750	 	8460.000000
1.090135	 	8466.666667
1.060825	 	8473.333333
0.938573	 	8480.000000
1.167265	 	8486.666667
1.062753	 	8493.333333
0.978681	 	8500.000000
0.844473	 	8506.666667
1.038843	 	8513.333333
0.882653	 	8520.000000
0.881496	 	8526.666667
0.846402	 	8533.333333
0.908106	 	8540.000000
0.884196	 	8546.666667
0.833289	 	8553.333333
0.759630	 	8560.000000
0.874554	 	8566.666667
0.671700	 	8573.333333
0.792796	 	8580.000000
0.712580	 	8586.666667
0.755387	 	8593.333333
0.854115	 	8600.000000
0.753845	 	8606.666667
0.798195	 	8613.333333
0.858743	 	8620.000000
0.881110	 	8626.666667
0.951299	 	8633.333333
0.814392	 	8640.000000
1.049641	 	8646.666667
0.933174	 	8653.333333
1.015704	 	8660.000000
1.012618	 	8666.666667
0.970582	 	8673.333333
1.041928	 	8680.000000
1.224728	 	8686.666667
1.183849	 	8693.333333
1.055426	 	8700.000000
1.087435	 	8706.666667
1.065453	 	8713.333333
0.982537	 	8720.000000
0.991793	 	8726.666667
0.982152	 	8733.333333
1.044628	 	8740.000000
0.746132	 	8746.666667
0.774284	 	8753.333333
0.852186	 	8760.000000
0.776598	 	8766.666667
0.803594	 	8773.333333
0.655117	 	8780.000000
0.645090	 	8786.666667
0.636220	 	8793.333333
0.674014	 	8800.000000
0.709109	 	8806.666667
0.615395	 	8813.333333
0.561789	 	8820.000000
0.647404	 	8826.666667
0.392873	 	8833.333333
0.480416	 	8840.000000
0.342738	 	8846.666667
0.390173	 	8853.333333
0.335025	 	8860.000000
0.377061	 	8866.666667
0.145283	 	8873.333333
0.381303	 	8880.000000
0.252495	 	8886.666667
0.300702	 	8893.333333
0.325383	 	8900.000000
0.282576	 	8906.666667
0.063910	 	8913.333333
0.088592	 	8920.000000
0.227427	 	8926.666667
0.139884	 	8933.333333
-0.047929	 	8940.000000
0.207373	 	8946.666667
0.066610	 	8953.333333
0.209302	 	8960.000000
0.146826	 	8966.666667
0.155696	 	8973.333333
0.009533	 	8980.000000
-0.020934	 	8986.666667
0.099776	 	8993.333333
0.078179	 	9000.000000
-0.093436	 	9006.666667
0.048098	 	9013.333333
-0.052171	 	9020.000000
0.006062	 	9026.666667
0.032287	 	9033.333333
-0.062970	 	9040.000000
-0.019777	 	9046.666667
-0.056799	 	9053.333333
0.048484	 	9060.000000
0.024574	 	9066.666667
-0.106549	 	9073.333333
-0.060270	 	9080.000000
-0.101535	 	9086.666667
-0.006664	 	9093.333333
-0.075696	 	9100.000000
0.031130	 	9106.666667
-0.224559	 	9113.333333
-0.199491	 	9120.000000
-0.285106	 	9126.666667
-0.254254	 	9133.333333
-0.332927	 	9140.000000
-0.403116	 	9146.666667
-0.208747	 	9153.333333
-0.370336	 	9160.000000
-0.466364	 	9166.666667
-0.354910	 	9173.333333
-0.540023	 	9180.000000
-0.496059	 	9186.666667
-0.582445	 	9193.333333
-0.614840	 	9200.000000
-0.567405	 	9206.666667
-0.528839	 	9213.333333
-0.560463	 	9220.000000
-0.684644	 	9226.666667
-0.547351	 	9233.333333
-0.615612	 	9240.000000
-0.680401	 	9246.666667
-0.725523	 	9253.333333
-0.672303	 	9260.000000
-0.710868	 	9266.666667
-0.578203	 	9273.333333
-0.625253	 	9280.000000
-0.672303	 	9286.666667
-0.732465	 	9293.333333
-0.740949	 	9300.000000
-0.551979	 	9306.666667
-0.583602	 	9313.333333
-0.736321	 	9320.000000
-0.679244	 	9326.666667
-0.742106	 	9333.333333
-0.649163	 	9340.000000
-0.693128	 	9346.666667
-0.543109	 	9353.333333
-0.583217	 	9360.000000
-0.603656	 	9366.666667
-0.690043	 	9373.333333
-0.597486	 	9380.000000
-0.605970	 	9386.666667
-0.484489	 	9393.333333
-0.445153	 	9400.000000
-0.474848	 	9406.666667
-0.411986	 	9413.333333
-0.469063	 	9420.000000
-0.451323	 	9426.666667
-0.454023	 	9433.333333
-0.304389	 	9440.000000
-0.428955	 	9446.666667
-0.397717	 	9453.333333
-0.278165	 	9460.000000
-0.362237	 	9466.666667
-0.355681	 	9473.333333
-0.356838	 	9480.000000
-0.520355	 	9486.666667
-0.466749	 	9493.333333
-0.495288	 	9500.000000
-0.459036	 	9506.666667
-0.529611	 	9513.333333
-0.566633	 	9520.000000
-0.660733	 	9526.666667
-0.591315	 	9533.333333
-0.723980	 	9540.000000
-0.629495	 	9546.666667
-0.745191	 	9553.333333
-0.608284	 	9560.000000
-0.743649	 	9566.666667
-0.784913	 	9573.333333
-0.739406	 	9580.000000
-0.589773	 	9586.666667
-0.627181	 	9593.333333
-0.710097	 	9600.000000
-0.683487	 	9606.666667
-0.769487	 	9613.333333
-0.623325	 	9620.000000
-0.615997	 	9626.666667
-0.670374	 	9633.333333
-0.638751	 	9640.000000
-0.602885	 	9646.666667
-0.622939	 	9653.333333
-0.753676	 	9660.000000
-0.691585	 	9666.666667
-0.712411	 	9673.333333
-0.669217	 	9680.000000
-0.731308	 	9686.666667
-0.827335	 	9693.333333
-0.783757	 	9700.000000
-0.812295	 	9706.666667
-0.772958	 	9713.333333
-0.782214	 	9720.000000
-0.727837	 	9726.666667
-0.880170	 	9733.333333
-0.869757	 	9740.000000
-0.820779	 	9746.666667
-0.950745	 	9753.333333
-0.948431	 	9760.000000
-0.912179	 	9766.666667
-1.041373	 	9773.333333
-0.892125	 	9780.000000
-0.900610	 	9786.666667
-0.991238	 	9793.333333
-0.858959	 	9800.000000
-1.064512	 	9806.666667
-0.886726	 	9813.333333
-1.119661	 	9820.000000
-0.993938	 	9826.666667
-1.084952	 	9833.333333
-1.034431	 	9840.000000
-1.052557	 	9846.666667
-1.105777	 	9853.333333
-1.244998	 	9860.000000
-1.163625	 	9866.666667
-1.229958	 	9873.333333
-1.211061	 	9880.000000
-1.180980	 	9886.666667
-1.223787	 	9893.333333
-1.244613	 	9900.000000
-1.289734	 	9906.666667
-1.209518	 	9913.333333
-1.277393	 	9920.000000
-1.320201	 	9926.666667
-1.238057	 	9933.333333
-1.419314	 	9940.000000
-1.355681	 	9946.666667
-1.512256	 	9953.333333
-1.467520	 	9960.000000
-1.457108	 	9966.666667
-1.472148	 	9973.333333
-1.368793	 	9980.000000
-1.363394	 	9986.666667
-1.484104	 	9993.333333
-1.471763	 	10000.000000
-1.513413	 	10006.666667
-1.561234	 	10013.333333
-1.601342	 	10020.000000
-1.613298	 	10026.666667
-1.621396	 	10033.333333
-1.527682	 	10040.000000
-1.656105	 	10046.666667
-1.517655	 	10053.333333
-1.658033	 	10060.000000
-1.536167	 	10066.666667
-1.644536	 	10073.333333
-1.541180	 	10080.000000
-1.595558	 	10086.666667
-1.613298	 	10093.333333
-1.514185	 	10100.000000
-1.665746	 	10106.666667
-1.682330	 	10113.333333
-1.657648	 	10120.000000
-1.551207	 	10126.666667
-1.616768	 	10133.333333
-1.638365	 	10140.000000
-1.528839	 	10146.666667
-1.602885	 	10153.333333
-1.507628	 	10160.000000
-1.454794	 	10166.666667
-1.423942	 	10173.333333
-1.396560	 	10180.000000
-1.493359	 	10186.666667
-1.421242	 	10193.333333
-1.413915	 	10200.000000
-1.417386	 	10206.666667
-1.429341	 	10213.333333
-1.400802	 	10220.000000
-1.396175	 	10226.666667
-1.412372	 	10233.333333
-1.355295	 	10240.000000
-1.424327	 	10246.666667
-1.467520	 	10253.333333
-1.300918	 	10260.000000
-1.329842	 	10266.666667
-1.389233	 	10273.333333
-1.435897	 	10280.000000
-1.326757	 	10286.666667
-1.524983	 	10293.333333
-1.359537	 	10300.000000
-1.424327	 	10306.666667
-1.467135	 	10313.333333
-1.370336	 	10320.000000
-1.386919	 	10326.666667
-1.405430	 	10333.333333
-1.467135	 	10340.000000
-1.451323	 	10346.666667
-1.413915	 	10353.333333
-1.511485	 	10360.000000
-1.483332	 	10366.666667
-1.543109	 	10373.333333
-1.503386	 	10380.000000
-1.578589	 	10386.666667
-1.607898	 	10393.333333
-1.649163	 	10400.000000
-1.581674	 	10406.666667
-1.708168	 	10413.333333
-1.813066	 	10420.000000
-1.794555	 	10426.666667
-1.866286	 	10433.333333
-1.850860	 	10440.000000
-1.811138	 	10446.666667
-1.904852	 	10453.333333
-1.906780	 	10460.000000
-1.948045	 	10466.666667
-1.969256	 	10473.333333
-1.976583	 	10480.000000
-1.995480	 	10486.666667
-1.944188	 	10493.333333
-1.996252	 	10500.000000
-1.826950	 	10506.666667
-1.965014	 	10513.333333
-1.981211	 	10520.000000
-2.051786	 	10526.666667
-2.082638	 	10533.333333
-2.099607	 	10540.000000
-1.959615	 	10546.666667
-1.967328	 	10553.333333
-1.954987	 	10560.000000
-2.028647	 	10566.666667
-1.981597	 	10573.333333
-2.009750	 	10580.000000
-1.943417	 	10586.666667
-2.142414	 	10593.333333
-1.958458	 	10600.000000
-2.034817	 	10606.666667
-2.000108	 	10613.333333
-1.982368	 	10620.000000
-2.043301	 	10626.666667
-1.968485	 	10633.333333
-1.922592	 	10640.000000
-2.155141	 	10646.666667
-2.059113	 	10653.333333
-2.069526	 	10660.000000
-2.056799	 	10666.666667
-1.993938	 	10673.333333
-1.978126	 	10680.000000
-2.155527	 	10686.666667
-2.153984	 	10693.333333
-2.138944	 	10700.000000
-1.962700	 	10706.666667
-1.986996	 	10713.333333
-2.239599	 	10720.000000
-2.206047	 	10726.666667
-2.202576	 	10733.333333
-2.136630	 	10740.000000
-2.237671	 	10746.666667
-2.332156	 	10753.333333
-2.199877	 	10760.000000
-2.174424	 	10766.666667
-2.093436	 	10773.333333
-2.204505	 	10780.000000
-2.189079	 	10786.666667
-2.291662	 	10793.333333
-2.233814	 	10800.000000
-2.258882	 	10806.666667
-2.194478	 	10813.333333
-2.200648	 	10820.000000
-2.228801	 	10826.666667
-2.246927	 	10833.333333
-2.229958	 	10840.000000
-2.234971	 	10846.666667
-2.148585	 	10853.333333
-2.148971	 	10860.000000
-2.153598	 	10866.666667
-2.233429	 	10873.333333
-2.217231	 	10880.000000
-2.142800	 	10886.666667
-2.064127	 	10893.333333
-2.128145	 	10900.000000
-2.179823	 	10906.666667
-2.132387	 	10913.333333
-2.209133	 	10920.000000
-2.315573	 	10926.666667
-2.163240	 	10933.333333
-2.168639	 	10940.000000
-2.216074	 	10946.666667
-2.244227	 	10953.333333
-2.160926	 	10960.000000
-2.165168	 	10966.666667
-2.143571	 	10973.333333
-2.174424	 	10980.000000
-2.040602	 	10986.666667
-1.990467	 	10993.333333
-2.080324	 	11000.000000
-1.999723	 	11006.666667
-2.030961	 	11013.333333
-1.929148	 	11020.000000
-2.012835	 	11026.666667
-2.019777	 	11033.333333
-2.108863	 	11040.000000
-2.004350	 	11046.666667
-2.246541	 	11053.333333
-2.038288	 	11060.000000
-2.150128	 	11066.666667
-2.059113	 	11073.333333
-2.136630	 	11080.000000
-2.005507	 	11086.666667
-2.252326	 	11093.333333
-2.166325	 	11100.000000
-2.113105	 	11106.666667
-2.100378	 	11113.333333
-2.250397	 	11120.000000
-2.136244	 	11126.666667
-2.073382	 	11133.333333
-2.216074	 	11140.000000
-2.207976	 	11146.666667
-2.266595	 	11153.333333
-2.213375	 	11160.000000
-2.188307	 	11166.666667
-2.222245	 	11173.333333
-2.250397	 	11180.000000
-2.271994	 	11186.666667
-2.240756	 	11193.333333
-2.217231	 	11200.000000
-2.061042	 	11206.666667
-2.184065	 	11213.333333
-2.187536	 	11220.000000
-2.209518	 	11226.666667
-2.144728	 	11233.333333
-2.206819	 	11240.000000
-2.152056	 	11246.666667
-2.254640	 	11253.333333
-2.178280	 	11260.000000
-2.185222	 	11266.666667
-2.196020	 	11273.333333
-2.191007	 	11280.000000
-2.149356	 	11286.666667
-2.146271	 	11293.333333
-1.973884	 	11300.000000
-2.101149	 	11306.666667
-2.089966	 	11313.333333
-2.017077	 	11320.000000
-2.044073	 	11326.666667
-2.117733	 	11333.333333
-2.052557	 	11340.000000
-2.180208	 	11346.666667
-2.205276	 	11353.333333
-2.101535	 	11360.000000
-2.219545	 	11366.666667
-2.201034	 	11373.333333
-2.264281	 	11380.000000
-2.200262	 	11386.666667
-2.348739	 	11393.333333
-2.290505	 	11400.000000
-2.482175	 	11406.666667
-2.366865	 	11413.333333
-2.389233	 	11420.000000
-2.377663	 	11426.666667
-2.339098	 	11433.333333
-2.504929	 	11440.000000
-2.509942	 	11446.666667
-2.396946	 	11453.333333
-2.449780	 	11460.000000
-2.401574	 	11466.666667
-2.571647	 	11473.333333
-2.553136	 	11480.000000
-2.675388	 	11486.666667
-2.544266	 	11493.333333
-2.543880	 	11500.000000
-2.512642	 	11506.666667
-2.626024	 	11513.333333
-2.469063	 	11520.000000
-2.491431	 	11526.666667
-2.511099	 	11533.333333
-2.561620	 	11540.000000
-2.414300	 	11546.666667
-2.561234	 	11553.333333
-2.424327	 	11560.000000
-2.473691	 	11566.666667
-2.403502	 	11573.333333
-2.261196	 	11580.000000
-2.382677	 	11586.666667
-2.410829	 	11593.333333
-2.329842	 	11600.000000
-2.354910	 	11606.666667
-2.286649	 	11613.333333
-2.363008	 	11620.000000
-2.330228	 	11626.666667
-2.331385	 	11633.333333
-2.373035	 	11640.000000
-2.393475	 	11646.666667
-2.497601	 	11653.333333
-2.293591	 	11660.000000
-2.301689	 	11666.666667
-2.315959	 	11673.333333
-2.342569	 	11680.000000
-2.371493	 	11686.666667
-2.426641	 	11693.333333
-2.431655	 	11700.000000
-2.510714	 	11706.666667
-2.533853	 	11713.333333
-2.522669	 	11720.000000
-2.529996	 	11726.666667
-2.549665	 	11733.333333
-2.491817	 	11740.000000
-2.524212	 	11746.666667
-2.508785	 	11753.333333
-2.494902	 	11760.000000
-2.524983	 	11766.666667
-2.412758	 	11773.333333
-2.445153	 	11780.000000
-2.373421	 	11786.666667
-2.320201	 	11793.333333
-2.508014	 	11800.000000
-2.516499	 	11806.666667
-2.333699	 	11813.333333
-2.423556	 	11820.000000
-2.300918	 	11826.666667
-2.343726	 	11833.333333
-2.322900	 	11840.000000
-2.429341	 	11846.666667
-2.478319	 	11853.333333
-2.372264	 	11860.000000
-2.281635	 	11866.666667
-2.402345	 	11873.333333
-2.414686	 	11880.000000
-2.418928	 	11886.666667
-2.438596	 	11893.333333
-2.315573	 	11900.000000
-2.427027	 	11906.666667
-2.521898	 	11913.333333
-2.256182	 	11920.000000
-2.524212	 	11926.666667
-2.430883	 	11933.333333
-2.376506	 	11940.000000
-2.443224	 	11946.666667
-2.356838	 	11953.333333
-2.581674	 	11960.000000
-2.433583	 	11966.666667
-2.527297	 	11973.333333
-2.451323	 	11980.000000
-2.629495	 	11986.666667
-2.559692	 	11993.333333
-2.418542	 	12000.000000
-2.597871	 	12006.666667
-2.557763	 	12013.333333
-2.482175	 	12020.000000
-2.444381	 	12026.666667
-2.480633	 	12033.333333
-2.494902	 	12040.000000
-2.332156	 	12046.666667
-2.393089	 	12053.333333
-2.422013	 	12060.000000
-2.366479	 	12066.666667
-2.382677	 	12073.333333
-2.422013	 	12080.000000
-2.479090	 	12086.666667
-2.432040	 	12093.333333
-2.465978	 	12100.000000
-2.459422	 	12106.666667
-2.461736	 	12113.333333
-2.351824	 	12120.000000
-2.374192	 	12126.666667
-2.540409	 	12133.333333
-2.553136	 	12140.000000
-2.524983	 	12146.666667
-2.472534	 	12153.333333
-2.528068	 	12160.000000
-2.474848	 	12166.666667
-2.521512	 	12173.333333
-2.543880	 	12180.000000
-2.523826	 	12186.666667
-2.786456	 	12193.333333
-2.666518	 	12200.000000
-2.848932	 	12206.666667
-2.711639	 	12213.333333
-2.791855	 	12220.000000
-2.802654	 	12226.666667
-2.857802	 	12233.333333
-2.882098	 	12240.000000
-2.782985	 	12246.666667
-2.959615	 	12253.333333
-2.885183	 	12260.000000
-2.862430	 	12266.666667
-2.924520	 	12273.333333
-2.965014	 	12280.000000
-3.009364	 	12286.666667
-3.009750	 	12293.333333
-3.144343	 	12300.000000
-2.986996	 	12306.666667
-3.085338	 	12313.333333
-3.064512	 	12320.000000
-3.145885	 	12326.666667
-2.999337	 	12333.333333
-3.100378	 	12340.000000
-3.045230	 	12346.666667
-3.166325	 	12353.333333
-3.003965	 	12360.000000
-3.082252	 	12366.666667
-2.924134	 	12373.333333
-3.059885	 	12380.000000
-3.015534	 	12386.666667
-3.062198	 	12393.333333
-3.078396	 	12400.000000
-3.103078	 	12406.666667
-3.068369	 	12413.333333
-3.045230	 	12420.000000
-2.960000	 	12426.666667
-3.055257	 	12433.333333
-3.029418	 	12440.000000
-3.050243	 	12446.666667
-2.985068	 	12453.333333
-3.040988	 	12460.000000
-2.944960	 	12466.666667
-2.988924	 	12473.333333
-2.985068	 	12480.000000
-3.022476	 	12486.666667
-2.983911	 	12493.333333
-3.058728	 	12500.000000
-2.897524	 	12506.666667
-3.040988	 	12513.333333
-3.030961	 	12520.000000
-3.072611	 	12526.666667
-3.095365	 	12533.333333
-3.006279	 	12540.000000
-2.906009	 	12546.666667
-3.069140	 	12553.333333
-2.858188	 	12560.000000
-3.048315	 	12566.666667
-3.045615	 	12573.333333
-3.089194	 	12580.000000
-2.936090	 	12586.666667
-3.284335	 	12593.333333
-3.133544	 	12600.000000
-3.304003	 	12606.666667
-3.071840	 	12613.333333
-3.277008	 	12620.000000
-3.052943	 	12626.666667
-3.180594	 	12633.333333
-3.059499	 	12640.000000
-3.192549	 	12646.666667
-3.167482	 	12653.333333
-3.052171	 	12660.000000
-3.052557	 	12666.666667
-3.267366	 	12673.333333
-3.198720	 	12680.000000
-3.204890	 	12686.666667
-3.307474	 	12693.333333
-3.153598	 	12700.000000
-3.125446	 	12706.666667
-3.074925	 	12713.333333
-3.143957	 	12720.000000
-3.065669	 	12726.666667
-3.086495	 	12733.333333
-3.129688	 	12740.000000
-3.025947	 	12746.666667
-2.985068	 	12753.333333
-2.914493	 	12760.000000
-3.046001	 	12766.666667
-2.974269	 	12773.333333
-3.099607	 	12780.000000
-3.118118	 	12786.666667
-2.973884	 	12793.333333
-3.040988	 	12800.000000
-3.016306	 	12806.666667
-3.045615	 	12813.333333
-3.119661	 	12820.000000
-3.061813	 	12826.666667
-3.157069	 	12833.333333
-2.951130	 	12840.000000
-3.142800	 	12846.666667
-3.119275	 	12853.333333
-3.088423	 	12860.000000
-3.275079	 	12866.666667
-3.191392	 	12873.333333
-3.151284	 	12880.000000
-3.078010	 	12886.666667
-3.046387	 	12893.333333
-2.985453	 	12900.000000
-3.130459	 	12906.666667
-3.153984	 	12913.333333
-3.153984	 	12920.000000
-3.043301	 	12926.666667
-3.227258	 	12933.333333
-3.112333	 	12940.000000
-3.187150	 	12946.666667
-3.105777	 	12953.333333
-3.082638	 	12960.000000
-3.182908	 	12966.666667
-3.177509	 	12973.333333
-3.260810	 	12980.000000
-3.217231	 	12986.666667
-3.304389	 	12993.333333
-3.415457	 	13000.000000
-3.304775	 	13006.666667
-3.318273	 	13013.333333
-3.332542	 	13020.000000
-3.252711	 	13026.666667
-3.184836	 	13033.333333
-3.367251	 	13040.000000
-3.402731	 	13046.666667
-3.300532	 	13053.333333
-3.282792	 	13060.000000
-3.240370	 	13066.666667
-3.147428	 	13073.333333
-3.322129	 	13080.000000
-3.285492	 	13086.666667
-3.385762	 	13093.333333
-3.362623	 	13100.000000
-3.289348	 	13106.666667
-3.426256	 	13113.333333
-3.314802	 	13120.000000
-3.263510	 	13126.666667
-3.387305	 	13133.333333
-3.290120	 	13140.000000
-3.314802	 	13146.666667
-3.239214	 	13153.333333
-3.438211	 	13160.000000
-3.333313	 	13166.666667
-3.268523	 	13173.333333
-3.403116	 	13180.000000
-3.400031	 	13186.666667
-3.444767	 	13193.333333
-3.221088	 	13200.000000
-3.303618	 	13206.666667
-3.418928	 	13213.333333
-3.368407	 	13220.000000
-3.252711	 	13226.666667
-3.331385	 	13233.333333
-3.406973	 	13240.000000
-3.383834	 	13246.666667
-3.329071	 	13253.333333
-3.323286	 	13260.000000
-3.354910	 	13266.666667
-3.491045	 	13273.333333
-3.423942	 	13280.000000
-3.389618	 	13286.666667
-3.386148	 	13293.333333
-3.509942	 	13300.000000
-3.359923	 	13306.666667
-3.503772	 	13313.333333
-3.368793	 	13320.000000
-3.457108	 	13326.666667
