#peak 	 	#time 
3.561043	 	0.000000
4.029517	 	6.666667
4.482888	 	13.333333
4.837764	 	20.000000
5.045884	 	26.666667
5.133030	 	33.333333
5.166173	 	40.000000
5.142967	 	46.666667
5.229866	 	53.333333
5.279670	 	60.000000
5.253093	 	66.666667
5.302346	 	73.333333
5.302562	 	80.000000
5.260230	 	86.666667
5.273189	 	93.333333
5.217033	 	100.000000
5.319193	 	106.666667
5.257422	 	113.333333
5.168437	 	120.000000
5.193059	 	126.666667
5.204506	 	133.333333
5.310122	 	140.000000
5.217465	 	146.666667
5.111418	 	153.333333
5.144247	 	160.000000
5.202130	 	166.666667
5.241655	 	173.333333
5.141871	 	180.000000
5.085500	 	186.666667
5.115305	 	193.333333
5.164333	 	200.000000
5.038632	 	206.666667
5.084636	 	213.333333
5.041223	 	220.000000
5.013794	 	226.666667
5.012066	 	233.333333
5.004722	 	240.000000
5.031288	 	246.666667
5.066493	 	253.333333
4.931072	 	260.000000
4.969733	 	266.666667
4.945975	 	273.333333
4.941007	 	280.000000
4.904506	 	286.666667
4.980532	 	293.333333
4.942519	 	300.000000
4.940359	 	306.666667
4.890035	 	313.333333
4.888092	 	320.000000
4.926321	 	326.666667
4.992411	 	333.333333
4.909474	 	340.000000
4.936256	 	346.666667
4.886148	 	353.333333
4.909690	 	360.000000
4.968653	 	366.666667
4.961742	 	373.333333
5.032800	 	380.000000
4.883988	 	386.666667
4.903858	 	393.333333
5.023945	 	400.000000
4.913794	 	406.666667
4.980316	 	413.333333
4.921353	 	420.000000
4.914873	 	426.666667
4.950727	 	433.333333
4.912498	 	440.000000
4.946839	 	446.666667
4.928912	 	453.333333
4.979020	 	460.000000
4.900619	 	466.666667
4.927616	 	473.333333
4.934960	 	480.000000
4.912282	 	486.666667
4.939279	 	493.333333
4.937768	 	500.000000
4.873405	 	506.666667
4.941655	 	513.333333
4.917681	 	520.000000
4.873837	 	526.666667
4.916601	 	533.333333
4.894787	 	540.000000
4.968437	 	546.666667
4.985068	 	553.333333
4.943167	 	560.000000
4.939279	 	566.666667
4.974917	 	573.333333
5.023081	 	580.000000
4.980316	 	586.666667
5.067141	 	593.333333
5.076860	 	600.000000
5.049431	 	606.666667
5.029344	 	613.333333
5.093491	 	620.000000
5.103858	 	626.666667
5.026968	 	633.333333
5.023081	 	640.000000
5.044247	 	646.666667
5.004290	 	653.333333
5.118545	 	660.000000
5.078804	 	666.666667
5.012282	 	673.333333
4.916817	 	680.000000
4.991547	 	686.666667
4.916817	 	693.333333
4.983988	 	700.000000
4.955262	 	706.666667
4.957422	 	713.333333
4.885068	 	720.000000
5.044031	 	726.666667
4.947271	 	733.333333
4.908178	 	740.000000
4.889171	 	746.666667
4.971245	 	753.333333
4.972757	 	760.000000
4.994355	 	766.666667
5.031288	 	773.333333
4.956774	 	780.000000
4.919841	 	786.666667
5.087876	 	793.333333
5.048783	 	800.000000
5.048999	 	806.666667
5.081396	 	813.333333
4.941871	 	820.000000
4.967573	 	826.666667
4.948999	 	833.333333
4.976644	 	840.000000
4.935392	 	846.666667
4.942951	 	853.333333
4.877940	 	860.000000
4.838632	 	866.666667
4.914225	 	873.333333
4.980748	 	880.000000
4.850727	 	886.666667
4.979020	 	893.333333
4.920705	 	900.000000
4.937984	 	906.666667
4.968005	 	913.333333
4.985068	 	920.000000
4.914657	 	926.666667
4.935608	 	933.333333
4.950727	 	940.000000
4.973837	 	946.666667
4.963470	 	953.333333
4.966061	 	960.000000
4.982260	 	966.666667
5.036904	 	973.333333
5.004074	 	980.000000
4.845759	 	986.666667
4.910986	 	993.333333
4.887012	 	1000.000000
4.979236	 	1006.666667
4.944247	 	1013.333333
4.996083	 	1020.000000
4.936904	 	1026.666667
5.024377	 	1033.333333
5.037768	 	1040.000000
4.952454	 	1046.666667
4.944895	 	1053.333333
4.996731	 	1060.000000
4.993275	 	1066.666667
4.933448	 	1073.333333
4.881828	 	1080.000000
4.981180	 	1086.666667
4.941871	 	1093.333333
4.869085	 	1100.000000
4.859582	 	1106.666667
4.830208	 	1113.333333
4.871029	 	1120.000000
4.941871	 	1126.666667
4.937768	 	1133.333333
5.002130	 	1140.000000
4.931072	 	1146.666667
4.876428	 	1153.333333
4.882908	 	1160.000000
4.909906	 	1166.666667
4.945543	 	1173.333333
4.849431	 	1180.000000
4.926105	 	1186.666667
4.939927	 	1193.333333
4.875781	 	1200.000000
4.901051	 	1206.666667
4.816817	 	1213.333333
4.901051	 	1220.000000
4.770381	 	1226.666667
4.788740	 	1233.333333
4.752886	 	1240.000000
4.729992	 	1246.666667
4.847703	 	1253.333333
4.712282	 	1260.000000
4.737120	 	1266.666667
4.761958	 	1273.333333
4.692195	 	1280.000000
4.700619	 	1286.666667
4.694355	 	1293.333333
4.762822	 	1300.000000
4.667573	 	1306.666667
4.777292	 	1313.333333
4.699107	 	1320.000000
4.715521	 	1326.666667
4.666925	 	1333.333333
4.655910	 	1340.000000
4.791763	 	1346.666667
4.781828	 	1353.333333
4.742951	 	1360.000000
4.844679	 	1366.666667
4.780100	 	1373.333333
4.795651	 	1380.000000
4.765197	 	1386.666667
4.785068	 	1393.333333
4.806018	 	1400.000000
4.806450	 	1406.666667
4.792411	 	1413.333333
4.805154	 	1420.000000
4.817897	 	1426.666667
4.727400	 	1433.333333
4.790899	 	1440.000000
4.777724	 	1446.666667
4.879020	 	1453.333333
4.808610	 	1460.000000
4.714657	 	1466.666667
4.727184	 	1473.333333
4.678588	 	1480.000000
4.720489	 	1486.666667
4.720705	 	1493.333333
4.718977	 	1500.000000
4.699971	 	1506.666667
4.725673	 	1513.333333
4.686364	 	1520.000000
4.625673	 	1526.666667
4.650943	 	1533.333333
4.626105	 	1540.000000
4.545975	 	1546.666667
4.654830	 	1553.333333
4.579884	 	1560.000000
4.622865	 	1566.666667
4.672325	 	1573.333333
4.728696	 	1580.000000
4.717681	 	1586.666667
4.812282	 	1593.333333
4.878588	 	1600.000000
4.764765	 	1606.666667
4.840791	 	1613.333333
4.891331	 	1620.000000
4.849647	 	1626.666667
4.838416	 	1633.333333
4.792843	 	1640.000000
4.757638	 	1646.666667
4.793491	 	1653.333333
4.797811	 	1660.000000
4.857422	 	1666.666667
4.867789	 	1673.333333
4.725889	 	1680.000000
4.736904	 	1686.666667
4.805154	 	1693.333333
4.767573	 	1700.000000
4.754830	 	1706.666667
4.854182	 	1713.333333
4.833016	 	1720.000000
4.766493	 	1726.666667
4.868869	 	1733.333333
4.695651	 	1740.000000
4.718761	 	1746.666667
4.647271	 	1753.333333
4.733232	 	1760.000000
4.669085	 	1766.666667
4.694571	 	1773.333333
4.752886	 	1780.000000
4.812930	 	1786.666667
4.653102	 	1793.333333
4.633448	 	1800.000000
4.648999	 	1806.666667
4.706450	 	1813.333333
4.693491	 	1820.000000
4.648783	 	1826.666667
4.725673	 	1833.333333
4.767789	 	1840.000000
4.808610	 	1846.666667
4.763254	 	1853.333333
4.653102	 	1860.000000
4.743167	 	1866.666667
4.713578	 	1873.333333
4.720705	 	1880.000000
4.751590	 	1886.666667
4.674053	 	1893.333333
4.680748	 	1900.000000
4.752022	 	1906.666667
4.750079	 	1913.333333
4.841871	 	1920.000000
4.767789	 	1926.666667
4.713362	 	1933.333333
4.754182	 	1940.000000
4.769949	 	1946.666667
4.747271	 	1953.333333
4.727184	 	1960.000000
4.700619	 	1966.666667
4.802130	 	1973.333333
4.774485	 	1980.000000
4.703426	 	1986.666667
4.739279	 	1993.333333
4.759150	 	2000.000000
4.748351	 	2006.666667
4.747703	 	2013.333333
4.729560	 	2020.000000
4.731720	 	2026.666667
4.715953	 	2033.333333
4.705802	 	2040.000000
4.707098	 	2046.666667
4.777508	 	2053.333333
4.663254	 	2060.000000
4.680748	 	2066.666667
4.680316	 	2073.333333
4.714873	 	2080.000000
4.712066	 	2086.666667
4.612282	 	2093.333333
4.649863	 	2100.000000
4.644247	 	2106.666667
4.554398	 	2113.333333
4.570381	 	2120.000000
4.614657	 	2126.666667
4.657854	 	2133.333333
4.648783	 	2140.000000
4.639495	 	2146.666667
4.603210	 	2153.333333
4.627616	 	2160.000000
4.580748	 	2166.666667
4.658934	 	2173.333333
4.676428	 	2180.000000
4.608826	 	2186.666667
4.663254	 	2193.333333
4.682476	 	2200.000000
4.636904	 	2206.666667
4.599107	 	2213.333333
4.602778	 	2220.000000
4.746407	 	2226.666667
4.738848	 	2233.333333
4.610338	 	2240.000000
4.608394	 	2246.666667
4.569301	 	2253.333333
4.444463	 	2260.000000
4.534096	 	2266.666667
4.499539	 	2273.333333
4.537984	 	2280.000000
4.455046	 	2286.666667
4.510770	 	2293.333333
4.447487	 	2300.000000
4.514657	 	2306.666667
4.485284	 	2313.333333
4.485284	 	2320.000000
4.530424	 	2326.666667
4.457422	 	2333.333333
4.541007	 	2340.000000
4.563038	 	2346.666667
4.509690	 	2353.333333
4.579236	 	2360.000000
4.546839	 	2366.666667
4.544463	 	2373.333333
4.520273	 	2380.000000
4.541655	 	2386.666667
4.525673	 	2393.333333
4.577076	 	2400.000000
4.639495	 	2406.666667
4.605802	 	2413.333333
4.637768	 	2420.000000
4.700619	 	2426.666667
4.680748	 	2433.333333
4.563254	 	2440.000000
4.629776	 	2446.666667
4.658286	 	2453.333333
4.684636	 	2460.000000
4.586364	 	2466.666667
4.587444	 	2473.333333
4.572973	 	2480.000000
4.628048	 	2486.666667
4.655694	 	2493.333333
4.648135	 	2500.000000
4.617249	 	2506.666667
4.713362	 	2513.333333
4.611202	 	2520.000000
4.565629	 	2526.666667
4.584420	 	2533.333333
4.575781	 	2540.000000
4.663038	 	2546.666667
4.687228	 	2553.333333
4.562174	 	2560.000000
4.593923	 	2566.666667
4.580316	 	2573.333333
4.666277	 	2580.000000
4.652238	 	2586.666667
4.697163	 	2593.333333
4.614009	 	2600.000000
4.552670	 	2606.666667
4.579668	 	2613.333333
4.605370	 	2620.000000
4.644679	 	2626.666667
4.637768	 	2633.333333
4.623297	 	2640.000000
4.623945	 	2646.666667
4.609258	 	2653.333333
4.585500	 	2660.000000
4.560878	 	2666.666667
4.581612	 	2673.333333
4.567573	 	2680.000000
4.610770	 	2686.666667
4.652454	 	2693.333333
4.652886	 	2700.000000
4.600619	 	2706.666667
4.590899	 	2713.333333
4.653318	 	2720.000000
4.636688	 	2726.666667
4.625025	 	2733.333333
4.650727	 	2740.000000
4.662822	 	2746.666667
4.682476	 	2753.333333
4.615953	 	2760.000000
4.669301	 	2766.666667
4.618113	 	2773.333333
4.623729	 	2780.000000
4.568005	 	2786.666667
4.581612	 	2793.333333
4.564981	 	2800.000000
4.555046	 	2806.666667
4.568869	 	2813.333333
4.588308	 	2820.000000
4.549647	 	2826.666667
4.553102	 	2833.333333
4.563901	 	2840.000000
4.567141	 	2846.666667
4.498243	 	2853.333333
4.660230	 	2860.000000
4.552670	 	2866.666667
4.580748	 	2873.333333
4.561526	 	2880.000000
4.405370	 	2886.666667
4.520921	 	2893.333333
4.617897	 	2900.000000
4.644679	 	2906.666667
4.536904	 	2913.333333
4.546839	 	2920.000000
4.572541	 	2926.666667
4.613794	 	2933.333333
4.677508	 	2940.000000
4.654182	 	2946.666667
4.625457	 	2953.333333
4.652670	 	2960.000000
4.647703	 	2966.666667
4.647919	 	2973.333333
4.678588	 	2980.000000
4.623945	 	2986.666667
4.723945	 	2993.333333
4.733016	 	3000.000000
4.722649	 	3006.666667
4.670813	 	3013.333333
4.693707	 	3020.000000
4.739063	 	3026.666667
4.806450	 	3033.333333
4.772109	 	3040.000000
4.764549	 	3046.666667
4.756342	 	3053.333333
4.762390	 	3060.000000
4.779884	 	3066.666667
4.803858	 	3073.333333
4.863254	 	3080.000000
5.138632	 	3086.666667
5.709906	 	3093.333333
6.606666	 	3100.000000
8.306882	 	3106.666667
10.764981	 	3113.333333
14.350511	 	3120.000000
19.155046	 	3126.666667
30.175133	 	3133.333333
64.572109	 	3140.000000
133.108394	 	3146.666667
221.203426	 	3153.333333
316.041223	 	3160.000000
417.315953	 	3166.666667
528.313578	 	3173.333333
650.875997	 	3180.000000
783.030424	 	3186.666667
924.838416	 	3193.333333
1075.103642	 	3200.000000
1233.711418	 	3206.666667
1397.075349	 	3213.333333
1563.152670	 	3220.000000
1730.785284	 	3226.666667
1899.430424	 	3233.333333
2065.654398	 	3240.000000
2228.198459	 	3246.666667
2384.659366	 	3253.333333
2535.810770	 	3260.000000
2679.787444	 	3266.666667
2815.214657	 	3273.333333
2940.660878	 	3280.000000
3056.052022	 	3286.666667
3159.395867	 	3293.333333
3253.360446	 	3300.000000
3336.547487	 	3306.666667
3409.887660	 	3313.333333
3472.815305	 	3320.000000
3524.653966	 	3326.666667
3565.620489	 	3333.333333
3598.183124	 	3340.000000
3620.322865	 	3346.666667
3633.760014	 	3353.333333
3638.350295	 	3360.000000
3635.193491	 	3366.666667
3625.643383	 	3373.333333
3610.039711	 	3380.000000
3589.071029	 	3386.666667
3562.145975	 	3393.333333
3531.156558	 	3400.000000
3497.163901	 	3406.666667
3458.999107	 	3413.333333
3417.875781	 	3420.000000
3374.116169	 	3426.666667
3328.206018	 	3433.333333
3280.587444	 	3440.000000
3230.946407	 	3446.666667
3179.769301	 	3453.333333
3127.806450	 	3460.000000
3074.935392	 	3466.666667
3021.909474	 	3473.333333
2968.667357	 	3480.000000
2915.037336	 	3486.666667
2861.246191	 	3493.333333
2807.695867	 	3500.000000
2754.458934	 	3506.666667
2701.812930	 	3513.333333
2649.710770	 	3520.000000
2597.615953	 	3526.666667
2545.955046	 	3533.333333
2495.228264	 	3540.000000
2445.061094	 	3546.666667
2395.626536	 	3553.333333
2346.801051	 	3560.000000
2299.462822	 	3566.666667
2252.531288	 	3573.333333
2206.284204	 	3580.000000
2160.919841	 	3586.666667
2116.275781	 	3593.333333
2072.542303	 	3600.000000
2029.830640	 	3606.666667
1988.011202	 	3613.333333
1947.294787	 	3620.000000
1907.154614	 	3626.666667
1868.350943	 	3633.333333
1830.318113	 	3640.000000
1793.049215	 	3646.666667
1756.311850	 	3653.333333
1721.037552	 	3660.000000
1686.279668	 	3666.666667
1652.342735	 	3673.333333
1619.342951	 	3680.000000
1587.077508	 	3686.666667
1555.554398	 	3693.333333
1524.650727	 	3700.000000
1494.485284	 	3706.666667
1465.374485	 	3713.333333
1436.446623	 	3720.000000
1408.725889	 	3726.666667
1381.463901	 	3733.333333
1354.725241	 	3740.000000
1328.816601	 	3746.666667
1303.542951	 	3753.333333
1279.017681	 	3760.000000
1254.938848	 	3766.666667
1231.892843	 	3773.333333
1208.972973	 	3780.000000
1186.599539	 	3786.666667
1164.852886	 	3793.333333
1143.791547	 	3800.000000
1123.197379	 	3806.666667
1102.901267	 	3813.333333
1083.107962	 	3820.000000
1063.777292	 	3826.666667
1044.916601	 	3833.333333
1026.438200	 	3840.000000
1008.295003	 	3846.666667
991.012066	 	3853.333333
973.698675	 	3860.000000
956.896083	 	3866.666667
940.508826	 	3873.333333
924.523945	 	3880.000000
908.860014	 	3886.666667
893.432584	 	3893.333333
878.507746	 	3900.000000
863.885068	 	3906.666667
849.794787	 	3913.333333
835.608826	 	3920.000000
821.684420	 	3926.666667
808.287876	 	3933.333333
794.983556	 	3940.000000
781.833664	 	3946.666667
769.160446	 	3953.333333
756.649647	 	3960.000000
744.272109	 	3966.666667
731.969733	 	3973.333333
720.043815	 	3980.000000
708.392411	 	3986.666667
696.880964	 	3993.333333
685.521137	 	4000.000000
674.461742	 	4006.666667
663.759798	 	4013.333333
652.930208	 	4020.000000
642.341439	 	4026.666667
632.178588	 	4033.333333
622.205586	 	4040.000000
612.367573	 	4046.666667
602.709906	 	4053.333333
593.382044	 	4060.000000
583.936472	 	4066.666667
574.680100	 	4073.333333
565.847919	 	4080.000000
557.237984	 	4086.666667
548.469733	 	4093.333333
540.137336	 	4100.000000
531.934096	 	4106.666667
523.915089	 	4113.333333
515.947271	 	4120.000000
508.071893	 	4126.666667
500.455478	 	4133.333333
493.069949	 	4140.000000
485.703858	 	4146.666667
478.492627	 	4153.333333
471.604290	 	4160.000000
464.892411	 	4166.666667
458.143815	 	4173.333333
451.395003	 	4180.000000
444.925457	 	4186.666667
438.695867	 	4193.333333
432.371245	 	4200.000000
426.191979	 	4206.666667
420.255478	 	4213.333333
414.399971	 	4220.000000
408.543167	 	4226.666667
402.931720	 	4233.333333
397.528480	 	4240.000000
391.998027	 	4246.666667
386.525025	 	4253.333333
381.220921	 	4260.000000
375.991331	 	4266.666667
370.939711	 	4273.333333
365.969301	 	4280.000000
360.999107	 	4286.666667
356.225673	 	4293.333333
351.455046	 	4300.000000
346.806234	 	4306.666667
342.129560	 	4313.333333
337.679884	 	4320.000000
333.150727	 	4326.666667
328.690899	 	4333.333333
324.274269	 	4340.000000
320.036688	 	4346.666667
315.691547	 	4353.333333
311.506018	 	4360.000000
307.424161	 	4366.666667
303.288524	 	4373.333333
299.255694	 	4380.000000
295.348135	 	4386.666667
291.425673	 	4393.333333
287.399539	 	4400.000000
283.495219	 	4406.666667
279.811634	 	4413.333333
276.152022	 	4420.000000
272.489171	 	4426.666667
268.797595	 	4433.333333
265.212066	 	4440.000000
261.570813	 	4446.666667
258.048567	 	4453.333333
254.571677	 	4460.000000
251.106018	 	4466.666667
247.695867	 	4473.333333
244.380100	 	4480.000000
241.178804	 	4486.666667
238.003642	 	4493.333333
234.796299	 	4500.000000
231.646191	 	4506.666667
228.792627	 	4513.333333
225.203642	 	4520.000000
222.842303	 	4526.666667
219.730424	 	4533.333333
216.977508	 	4540.000000
213.980316	 	4546.666667
211.400835	 	4553.333333
208.457638	 	4560.000000
206.168653	 	4566.666667
203.309474	 	4573.333333
201.202130	 	4580.000000
198.450295	 	4586.666667
196.065197	 	4593.333333
193.738200	 	4600.000000
191.862822	 	4606.666667
189.205370	 	4613.333333
187.369733	 	4620.000000
184.541655	 	4626.666667
182.551374	 	4633.333333
180.860014	 	4640.000000
177.627400	 	4646.666667
175.806882	 	4653.333333
174.568653	 	4660.000000
171.700619	 	4666.666667
170.268221	 	4673.333333
167.244895	 	4680.000000
166.722649	 	4686.666667
164.089387	 	4693.333333
161.820273	 	4700.000000
160.665845	 	4706.666667
157.980748	 	4713.333333
157.002562	 	4720.000000
155.012066	 	4726.666667
152.938632	 	4733.333333
151.564333	 	4740.000000
150.084636	 	4746.666667
147.726752	 	4753.333333
146.128480	 	4760.000000
144.796299	 	4766.666667
142.991115	 	4773.333333
141.819193	 	4780.000000
139.304290	 	4786.666667
138.487228	 	4793.333333
137.074917	 	4800.000000
134.147703	 	4806.666667
134.127400	 	4813.333333
131.421569	 	4820.000000
130.360446	 	4826.666667
129.122865	 	4833.333333
126.992843	 	4840.000000
126.646839	 	4846.666667
124.797163	 	4853.333333
122.822001	 	4860.000000
122.292195	 	4866.666667
120.564981	 	4873.333333
118.745975	 	4880.000000
117.711202	 	4886.666667
116.638416	 	4893.333333
115.112714	 	4900.000000
113.644463	 	4906.666667
112.192195	 	4913.333333
111.851590	 	4920.000000
109.797811	 	4926.666667
108.364765	 	4933.333333
108.019193	 	4940.000000
106.096731	 	4946.666667
105.641439	 	4953.333333
104.240575	 	4960.000000
102.985932	 	4966.666667
102.338632	 	4973.333333
101.407746	 	4980.000000
100.265197	 	4986.666667
98.909042	 	4993.333333
98.123945	 	5000.000000
97.563254	 	5006.666667
96.133232	 	5013.333333
95.360446	 	5020.000000
94.525025	 	5026.666667
93.533016	 	5033.333333
92.154182	 	5040.000000
91.518761	 	5046.666667
90.739495	 	5053.333333
89.657638	 	5060.000000
88.544895	 	5066.666667
87.776860	 	5073.333333
86.980532	 	5080.000000
85.799971	 	5086.666667
85.241007	 	5093.333333
84.216817	 	5100.000000
83.122433	 	5106.666667
82.610554	 	5113.333333
81.272325	 	5120.000000
80.834312	 	5126.666667
79.856342	 	5133.333333
78.927832	 	5140.000000
78.242087	 	5146.666667
77.248783	 	5153.333333
76.724593	 	5160.000000
75.776644	 	5166.666667
74.851590	 	5173.333333
74.297379	 	5180.000000
73.551590	 	5186.666667
72.701698	 	5193.333333
71.975349	 	5200.000000
71.249863	 	5206.666667
70.271677	 	5213.333333
69.811850	 	5220.000000
69.084204	 	5226.666667
68.308610	 	5233.333333
67.815521	 	5240.000000
67.054614	 	5246.666667
66.308610	 	5253.333333
65.606450	 	5260.000000
65.112282	 	5266.666667
64.369733	 	5273.333333
63.876860	 	5280.000000
63.292843	 	5286.666667
62.758502	 	5293.333333
62.202562	 	5300.000000
61.602994	 	5306.666667
61.090035	 	5313.333333
60.351374	 	5320.000000
59.811634	 	5326.666667
59.326536	 	5333.333333
58.676213	 	5340.000000
58.135608	 	5346.666667
57.779020	 	5353.333333
57.267573	 	5360.000000
56.758286	 	5366.666667
56.362822	 	5373.333333
55.802778	 	5380.000000
55.295003	 	5386.666667
54.922217	 	5393.333333
54.375565	 	5400.000000
53.918113	 	5406.666667
53.337336	 	5413.333333
52.885500	 	5420.000000
52.338848	 	5426.666667
51.796947	 	5433.333333
51.336904	 	5440.000000
50.915089	 	5446.666667
50.392411	 	5453.333333
49.973189	 	5460.000000
49.563254	 	5466.666667
48.957422	 	5473.333333
48.518761	 	5480.000000
48.094571	 	5486.666667
47.536904	 	5493.333333
47.124809	 	5500.000000
46.556774	 	5506.666667
46.002346	 	5513.333333
45.424161	 	5520.000000
44.995003	 	5526.666667
44.613146	 	5533.333333
44.146839	 	5540.000000
43.634744	 	5546.666667
43.134096	 	5553.333333
42.789387	 	5560.000000
42.481612	 	5566.666667
42.033016	 	5573.333333
41.661310	 	5580.000000
41.408826	 	5586.666667
41.093059	 	5593.333333
40.606450	 	5600.000000
40.188092	 	5606.666667
39.971029	 	5613.333333
39.547055	 	5620.000000
39.279020	 	5626.666667
38.913578	 	5633.333333
38.690467	 	5640.000000
38.345327	 	5646.666667
38.017897	 	5653.333333
37.735176	 	5660.000000
37.388955	 	5666.666667
37.191763	 	5673.333333
36.911202	 	5680.000000
36.651806	 	5686.666667
36.458070	 	5693.333333
36.007314	 	5700.000000
35.807314	 	5706.666667
35.475565	 	5713.333333
35.278804	 	5720.000000
34.992195	 	5726.666667
34.603426	 	5733.333333
34.258934	 	5740.000000
34.024377	 	5746.666667
33.712930	 	5753.333333
33.399107	 	5760.000000
32.984204	 	5766.666667
32.711634	 	5773.333333
32.281828	 	5780.000000
32.076860	 	5786.666667
31.640143	 	5793.333333
31.509690	 	5800.000000
31.118545	 	5806.666667
30.974053	 	5813.333333
30.524161	 	5820.000000
30.292195	 	5826.666667
29.984204	 	5833.333333
29.649863	 	5840.000000
29.457638	 	5846.666667
29.168005	 	5853.333333
28.854398	 	5860.000000
28.599107	 	5866.666667
28.301482	 	5873.333333
27.980100	 	5880.000000
27.637768	 	5886.666667
27.415521	 	5893.333333
27.190251	 	5900.000000
26.923729	 	5906.666667
26.743167	 	5913.333333
26.515521	 	5920.000000
26.075781	 	5926.666667
25.884852	 	5933.333333
25.680964	 	5940.000000
25.406666	 	5946.666667
25.135176	 	5953.333333
24.849431	 	5960.000000
24.559798	 	5966.666667
24.395651	 	5973.333333
24.149863	 	5980.000000
24.016169	 	5986.666667
23.769949	 	5993.333333
23.637120	 	6000.000000
23.490683	 	6006.666667
23.264333	 	6013.333333
23.118329	 	6020.000000
23.007098	 	6026.666667
22.866493	 	6033.333333
22.734960	 	6040.000000
22.635608	 	6046.666667
22.480748	 	6053.333333
22.329560	 	6060.000000
22.171029	 	6066.666667
22.095435	 	6073.333333
21.985284	 	6080.000000
21.911202	 	6086.666667
21.833016	 	6093.333333
21.607962	 	6100.000000
21.510338	 	6106.666667
21.421569	 	6113.333333
21.287012	 	6120.000000
21.036688	 	6126.666667
20.996731	 	6133.333333
20.903426	 	6140.000000
20.696947	 	6146.666667
20.606018	 	6153.333333
20.418545	 	6160.000000
20.201267	 	6166.666667
20.012714	 	6173.333333
19.885500	 	6180.000000
19.589387	 	6186.666667
19.432584	 	6193.333333
19.235608	 	6200.000000
19.166493	 	6206.666667
18.873405	 	6213.333333
18.682260	 	6220.000000
18.510338	 	6226.666667
18.271245	 	6233.333333
18.067573	 	6240.000000
18.019841	 	6246.666667
17.825025	 	6253.333333
17.745111	 	6260.000000
17.488524	 	6266.666667
17.345111	 	6273.333333
17.159150	 	6280.000000
16.971677	 	6286.666667
16.883772	 	6293.333333
16.616601	 	6300.000000
16.522217	 	6306.666667
16.468869	 	6313.333333
16.184852	 	6320.000000
16.040575	 	6326.666667
15.894571	 	6333.333333
15.723729	 	6340.000000
15.637336	 	6346.666667
15.421353	 	6353.333333
15.296947	 	6360.000000
15.242951	 	6366.666667
15.121785	 	6373.333333
15.082044	 	6380.000000
14.915305	 	6386.666667
14.777076	 	6393.333333
14.747271	 	6400.000000
14.631072	 	6406.666667
14.493707	 	6413.333333
14.393707	 	6420.000000
14.408178	 	6426.666667
14.440575	 	6433.333333
14.355478	 	6440.000000
14.248999	 	6446.666667
14.335392	 	6453.333333
14.197379	 	6460.000000
14.142951	 	6466.666667
14.174485	 	6473.333333
14.085716	 	6480.000000
14.066493	 	6486.666667
14.008610	 	6493.333333
13.846839	 	6500.000000
13.795435	 	6506.666667
13.909690	 	6513.333333
13.821785	 	6520.000000
13.690251	 	6526.666667
13.678156	 	6533.333333
13.560014	 	6540.000000
13.500187	 	6546.666667
13.383988	 	6553.333333
13.277724	 	6560.000000
13.220273	 	6566.666667
13.147703	 	6573.333333
13.031288	 	6580.000000
13.024593	 	6586.666667
12.936688	 	6593.333333
12.799755	 	6600.000000
12.588740	 	6606.666667
12.580100	 	6613.333333
12.429128	 	6620.000000
12.265413	 	6626.666667
12.164333	 	6633.333333
12.118977	 	6640.000000
11.961742	 	6646.666667
11.860230	 	6653.333333
11.820921	 	6660.000000
11.735176	 	6666.666667
11.633448	 	6673.333333
11.587228	 	6680.000000
11.488524	 	6686.666667
11.418545	 	6693.333333
11.341007	 	6700.000000
11.198675	 	6706.666667
11.273837	 	6713.333333
11.181396	 	6720.000000
11.026321	 	6726.666667
10.979668	 	6733.333333
10.891763	 	6740.000000
10.785284	 	6746.666667
10.787228	 	6753.333333
10.692843	 	6760.000000
10.500403	 	6766.666667
10.442303	 	6773.333333
10.272325	 	6780.000000
10.247919	 	6786.666667
10.302130	 	6793.333333
10.252454	 	6800.000000
10.147919	 	6806.666667
10.084204	 	6813.333333
10.107962	 	6820.000000
10.151590	 	6826.666667
10.058934	 	6833.333333
9.978804	 	6840.000000
9.935608	 	6846.666667
9.987228	 	6853.333333
9.879668	 	6860.000000
9.801051	 	6866.666667
9.743383	 	6873.333333
9.786148	 	6880.000000
9.694355	 	6886.666667
9.662174	 	6893.333333
9.618113	 	6900.000000
9.488740	 	6906.666667
9.347703	 	6913.333333
9.335824	 	6920.000000
9.258718	 	6926.666667
9.227184	 	6933.333333
9.185500	 	6940.000000
9.143383	 	6946.666667
9.015737	 	6953.333333
8.973189	 	6960.000000
9.034744	 	6966.666667
8.958502	 	6973.333333
8.818977	 	6980.000000
8.833448	 	6986.666667
8.707314	 	6993.333333
8.650295	 	7000.000000
8.555262	 	7006.666667
8.449647	 	7013.333333
8.374917	 	7020.000000
8.341223	 	7026.666667
8.167573	 	7033.333333
7.988308	 	7040.000000
8.018329	 	7046.666667
7.951374	 	7053.333333
7.812282	 	7060.000000
7.693059	 	7066.666667
7.603210	 	7073.333333
7.518977	 	7080.000000
7.460662	 	7086.666667
7.513794	 	7093.333333
7.353318	 	7100.000000
7.236688	 	7106.666667
7.236472	 	7113.333333
7.102778	 	7120.000000
7.117465	 	7126.666667
7.052022	 	7133.333333
7.146191	 	7140.000000
7.024161	 	7146.666667
7.068653	 	7153.333333
6.956126	 	7160.000000
6.845759	 	7166.666667
6.853966	 	7173.333333
6.943167	 	7180.000000
6.878588	 	7186.666667
6.753534	 	7193.333333
6.772109	 	7200.000000
6.710986	 	7206.666667
6.720057	 	7213.333333
6.713794	 	7220.000000
6.645759	 	7226.666667
6.664333	 	7233.333333
6.541439	 	7240.000000
6.614225	 	7246.666667
6.510770	 	7253.333333
6.561094	 	7260.000000
6.506882	 	7266.666667
6.511850	 	7273.333333
6.492627	 	7280.000000
6.490035	 	7286.666667
6.456342	 	7293.333333
6.461310	 	7300.000000
6.370165	 	7306.666667
6.375997	 	7313.333333
6.323513	 	7320.000000
6.359798	 	7326.666667
6.358070	 	7333.333333
6.287876	 	7340.000000
6.291763	 	7346.666667
6.280316	 	7353.333333
6.319409	 	7360.000000
6.260662	 	7366.666667
6.136472	 	7373.333333
6.114873	 	7380.000000
6.117033	 	7386.666667
6.102994	 	7393.333333
6.135176	 	7400.000000
6.156126	 	7406.666667
6.120489	 	7413.333333
6.082692	 	7420.000000
6.002994	 	7426.666667
6.045111	 	7433.333333
5.956990	 	7440.000000
5.889819	 	7446.666667
5.686364	 	7453.333333
5.723513	 	7460.000000
5.721353	 	7466.666667
5.726536	 	7473.333333
5.646407	 	7480.000000
5.480748	 	7486.666667
5.453318	 	7493.333333
5.455910	 	7500.000000
5.384636	 	7506.666667
5.426536	 	7513.333333
5.356990	 	7520.000000
5.451159	 	7526.666667
5.267141	 	7533.333333
5.157638	 	7540.000000
5.180100	 	7546.666667
5.110338	 	7553.333333
5.133880	 	7560.000000
5.090899	 	7566.666667
5.024593	 	7573.333333
4.933448	 	7580.000000
4.849863	 	7586.666667
4.995435	 	7593.333333
4.880316	 	7600.000000
4.826536	 	7606.666667
4.860230	 	7613.333333
4.781180	 	7620.000000
4.709042	 	7626.666667
4.732800	 	7633.333333
4.664981	 	7640.000000
4.632368	 	7646.666667
4.618329	 	7653.333333
4.669949	 	7660.000000
4.601267	 	7666.666667
4.555046	 	7673.333333
4.558286	 	7680.000000
4.548567	 	7686.666667
4.447271	 	7693.333333
4.480964	 	7700.000000
4.384852	 	7706.666667
4.362606	 	7713.333333
4.370597	 	7720.000000
4.347055	 	7726.666667
4.376644	 	7733.333333
4.377076	 	7740.000000
4.246407	 	7746.666667
4.285932	 	7753.333333
4.162606	 	7760.000000
4.234528	 	7766.666667
4.129776	 	7773.333333
4.066925	 	7780.000000
3.980748	 	7786.666667
4.045327	 	7793.333333
3.876428	 	7800.000000
3.868437	 	7806.666667
3.858070	 	7813.333333
3.769733	 	7820.000000
3.756990	 	7826.666667
3.734312	 	7833.333333
3.653102	 	7840.000000
3.707530	 	7846.666667
3.712498	 	7853.333333
3.596731	 	7860.000000
3.552886	 	7866.666667
3.530208	 	7873.333333
3.516169	 	7880.000000
3.461310	 	7886.666667
3.444463	 	7893.333333
3.351590	 	7900.000000
3.409258	 	7906.666667
3.410554	 	7913.333333
3.350511	 	7920.000000
3.246191	 	7926.666667
3.188955	 	7933.333333
3.232584	 	7940.000000
3.169517	 	7946.666667
3.204938	 	7953.333333
3.095651	 	7960.000000
3.049431	 	7966.666667
3.083340	 	7973.333333
3.118977	 	7980.000000
3.047271	 	7986.666667
3.111850	 	7993.333333
3.044031	 	8000.000000
3.110338	 	8006.666667
3.023081	 	8013.333333
3.006450	 	8020.000000
3.006018	 	8026.666667
3.027400	 	8033.333333
2.909258	 	8040.000000
3.019625	 	8046.666667
2.916817	 	8053.333333
2.948567	 	8060.000000
2.960014	 	8066.666667
2.937120	 	8073.333333
2.805370	 	8080.000000
2.845975	 	8086.666667
2.807962	 	8093.333333
2.855694	 	8100.000000
2.777940	 	8106.666667
2.729344	 	8113.333333
2.791331	 	8120.000000
2.741871	 	8126.666667
2.712282	 	8133.333333
2.773189	 	8140.000000
2.710986	 	8146.666667
2.736688	 	8153.333333
2.705586	 	8160.000000
2.690467	 	8166.666667
2.675997	 	8173.333333
2.690035	 	8180.000000
2.733232	 	8186.666667
2.679884	 	8193.333333
2.691115	 	8200.000000
2.699107	 	8206.666667
2.593707	 	8213.333333
2.693707	 	8220.000000
2.793491	 	8226.666667
2.672325	 	8233.333333
2.665845	 	8240.000000
2.695003	 	8246.666667
2.713578	 	8253.333333
2.648567	 	8260.000000
2.692195	 	8266.666667
2.748135	 	8273.333333
2.700403	 	8280.000000
2.751374	 	8286.666667
2.772757	 	8293.333333
2.720489	 	8300.000000
2.766925	 	8306.666667
2.800619	 	8313.333333
2.707962	 	8320.000000
2.723945	 	8326.666667
2.662174	 	8333.333333
2.713146	 	8340.000000
2.675133	 	8346.666667
2.700619	 	8353.333333
2.656774	 	8360.000000
2.641871	 	8366.666667
2.553534	 	8373.333333
2.465629	 	8380.000000
2.464981	 	8386.666667
2.471029	 	8393.333333
2.372973	 	8400.000000
2.401698	 	8406.666667
2.415737	 	8413.333333
2.376428	 	8420.000000
2.405802	 	8426.666667
2.368653	 	8433.333333
2.349647	 	8440.000000
2.442735	 	8446.666667
2.360230	 	8453.333333
2.337120	 	8460.000000
2.148135	 	8466.666667
2.279668	 	8473.333333
2.199323	 	8480.000000
2.094571	 	8486.666667
2.031288	 	8493.333333
1.996083	 	8500.000000
1.923945	 	8506.666667
1.831936	 	8513.333333
1.780316	 	8520.000000
1.781396	 	8526.666667
1.636904	 	8533.333333
1.704506	 	8540.000000
1.749863	 	8546.666667
1.725889	 	8553.333333
1.614657	 	8560.000000
1.657638	 	8566.666667
1.699755	 	8573.333333
1.649215	 	8580.000000
1.625025	 	8586.666667
1.657854	 	8593.333333
1.671677	 	8600.000000
1.714225	 	8606.666667
1.672757	 	8613.333333
1.720489	 	8620.000000
1.572757	 	8626.666667
1.620489	 	8633.333333
1.628912	 	8640.000000
1.637984	 	8646.666667
1.657854	 	8653.333333
1.535824	 	8660.000000
1.547487	 	8666.666667
1.453750	 	8673.333333
1.457422	 	8680.000000
1.416385	 	8686.666667
1.356342	 	8693.333333
1.323081	 	8700.000000
1.266925	 	8706.666667
1.245543	 	8713.333333
1.249863	 	8720.000000
1.311850	 	8726.666667
1.236904	 	8733.333333
1.269517	 	8740.000000
1.273621	 	8746.666667
1.266709	 	8753.333333
1.435824	 	8760.000000
1.350727	 	8766.666667
1.377508	 	8773.333333
1.376428	 	8780.000000
1.394787	 	8786.666667
1.340575	 	8793.333333
1.354830	 	8800.000000
1.320273	 	8806.666667
1.324809	 	8813.333333
1.344031	 	8820.000000
1.304290	 	8826.666667
1.454830	 	8833.333333
1.450727	 	8840.000000
1.351590	 	8846.666667
1.497163	 	8853.333333
1.409690	 	8860.000000
1.408826	 	8866.666667
1.515089	 	8873.333333
1.453102	 	8880.000000
1.452454	 	8886.666667
1.480964	 	8893.333333
1.466061	 	8900.000000
1.447055	 	8906.666667
1.443167	 	8913.333333
1.336040	 	8920.000000
1.308610	 	8926.666667
1.291979	 	8933.333333
1.300619	 	8940.000000
1.402778	 	8946.666667
1.261310	 	8953.333333
1.282044	 	8960.000000
1.374053	 	8966.666667
1.417681	 	8973.333333
1.415521	 	8980.000000
1.248351	 	8986.666667
1.326968	 	8993.333333
1.381180	 	9000.000000
1.330208	 	9006.666667
1.316817	 	9013.333333
1.321569	 	9020.000000
1.367357	 	9026.666667
1.233448	 	9033.333333
1.154614	 	9040.000000
1.117681	 	9046.666667
1.145327	 	9053.333333
1.253750	 	9060.000000
1.168437	 	9066.666667
1.174701	 	9073.333333
1.125673	 	9080.000000
1.169949	 	9086.666667
1.083988	 	9093.333333
1.122217	 	9100.000000
1.021785	 	9106.666667
1.118113	 	9113.333333
1.103642	 	9120.000000
1.110770	 	9126.666667
1.095651	 	9133.333333
1.101267	 	9140.000000
1.083340	 	9146.666667
1.096947	 	9153.333333
1.096083	 	9160.000000
1.095435	 	9166.666667
1.096947	 	9173.333333
1.134096	 	9180.000000
1.136040	 	9186.666667
1.072325	 	9193.333333
0.983556	 	9200.000000
1.010122	 	9206.666667
0.978372	 	9213.333333
0.927616	 	9220.000000
1.010554	 	9226.666667
0.966493	 	9233.333333
0.890251	 	9240.000000
0.863901	 	9246.666667
0.715305	 	9253.333333
0.716169	 	9260.000000
0.707314	 	9266.666667
0.647271	 	9273.333333
0.575349	 	9280.000000
0.583988	 	9286.666667
0.631504	 	9293.333333
0.659366	 	9300.000000
0.582908	 	9306.666667
0.633232	 	9313.333333
0.571677	 	9320.000000
0.652670	 	9326.666667
0.596299	 	9333.333333
0.617465	 	9340.000000
0.538848	 	9346.666667
0.610770	 	9353.333333
0.596299	 	9360.000000
0.560662	 	9366.666667
0.609042	 	9373.333333
0.538200	 	9380.000000
0.482692	 	9386.666667
0.528912	 	9393.333333
0.420489	 	9400.000000
0.464765	 	9406.666667
0.471245	 	9413.333333
0.519409	 	9420.000000
0.418329	 	9426.666667
0.430640	 	9433.333333
0.449863	 	9440.000000
0.400835	 	9446.666667
0.432152	 	9453.333333
0.489603	 	9460.000000
0.422649	 	9466.666667
0.404938	 	9473.333333
0.472325	 	9480.000000
0.505370	 	9486.666667
0.545327	 	9493.333333
0.504722	 	9500.000000
0.523945	 	9506.666667
0.535824	 	9513.333333
0.541871	 	9520.000000
0.606450	 	9526.666667
0.609690	 	9533.333333
0.617897	 	9540.000000
0.616601	 	9546.666667
0.588524	 	9553.333333
0.599539	 	9560.000000
0.562606	 	9566.666667
0.568653	 	9573.333333
0.528696	 	9580.000000
0.585500	 	9586.666667
0.589387	 	9593.333333
0.563038	 	9600.000000
0.607962	 	9606.666667
0.524377	 	9613.333333
0.590899	 	9620.000000
0.616817	 	9626.666667
0.577724	 	9633.333333
0.633448	 	9640.000000
0.551590	 	9646.666667
0.551159	 	9653.333333
0.625457	 	9660.000000
0.596947	 	9666.666667
0.564333	 	9673.333333
0.529560	 	9680.000000
0.502778	 	9686.666667
0.491547	 	9693.333333
0.468221	 	9700.000000
0.521569	 	9706.666667
0.416817	 	9713.333333
0.442303	 	9720.000000
0.375565	 	9726.666667
0.388955	 	9733.333333
0.341439	 	9740.000000
0.331720	 	9746.666667
0.369301	 	9753.333333
0.394571	 	9760.000000
0.303426	 	9766.666667
0.315089	 	9773.333333
0.299323	 	9780.000000
0.315521	 	9786.666667
0.349647	 	9793.333333
0.302778	 	9800.000000
0.397379	 	9806.666667
0.361526	 	9813.333333
0.356342	 	9820.000000
0.440575	 	9826.666667
0.347055	 	9833.333333
0.352454	 	9840.000000
0.234312	 	9846.666667
0.313146	 	9853.333333
0.329344	 	9860.000000
0.386580	 	9866.666667
0.361526	 	9873.333333
0.384204	 	9880.000000
0.315953	 	9886.666667
0.380316	 	9893.333333
0.347919	 	9900.000000
0.360014	 	9906.666667
0.341007	 	9913.333333
0.303426	 	9920.000000
0.287444	 	9926.666667
0.335608	 	9933.333333
0.261742	 	9940.000000
0.303858	 	9946.666667
0.252886	 	9953.333333
0.265197	 	9960.000000
0.203210	 	9966.666667
0.284420	 	9973.333333
0.258934	 	9980.000000
0.337768	 	9986.666667
0.251590	 	9993.333333
0.327616	 	10000.000000
0.215953	 	10006.666667
0.209474	 	10013.333333
0.236472	 	10020.000000
0.179452	 	10026.666667
0.196299	 	10033.333333
0.107962	 	10040.000000
0.121569	 	10046.666667
0.132584	 	10053.333333
0.048567	 	10060.000000
0.061310	 	10066.666667
0.050727	 	10073.333333
0.014009	 	10080.000000
0.131936	 	10086.666667
0.147919	 	10093.333333
0.139927	 	10100.000000
0.114441	 	10106.666667
0.159798	 	10113.333333
0.153102	 	10120.000000
0.051590	 	10126.666667
0.056342	 	10133.333333
0.027184	 	10140.000000
0.006018	 	10146.666667
0.075565	 	10153.333333
-0.028755	 	10160.000000
-0.012988	 	10166.666667
-0.083831	 	10173.333333
-0.114500	 	10180.000000
-0.152729	 	10186.666667
-0.200245	 	10193.333333
-0.109317	 	10200.000000
-0.179727	 	10206.666667
-0.114284	 	10213.333333
-0.214932	 	10220.000000
-0.184047	 	10226.666667
-0.165688	 	10233.333333
-0.153161	 	10240.000000
-0.106941	 	10246.666667
-0.143226	 	10253.333333
-0.067200	 	10260.000000
-0.085343	 	10266.666667
-0.058561	 	10273.333333
-0.029835	 	10280.000000
0.029128	 	10286.666667
0.082692	 	10293.333333
0.099107	 	10300.000000
0.071245	 	10306.666667
0.165845	 	10313.333333
0.194571	 	10320.000000
0.205802	 	10326.666667
0.212714	 	10333.333333
0.217033	 	10340.000000
0.231072	 	10346.666667
0.197163	 	10353.333333
0.213578	 	10360.000000
0.198459	 	10366.666667
0.324377	 	10373.333333
0.218761	 	10380.000000
0.276213	 	10386.666667
0.307098	 	10393.333333
0.285068	 	10400.000000
0.281612	 	10406.666667
0.256774	 	10413.333333
0.302778	 	10420.000000
0.156558	 	10426.666667
0.200187	 	10433.333333
0.239927	 	10440.000000
0.220273	 	10446.666667
0.228696	 	10453.333333
0.291979	 	10460.000000
0.249647	 	10466.666667
0.245975	 	10473.333333
0.205802	 	10480.000000
0.220489	 	10486.666667
0.271677	 	10493.333333
0.284420	 	10500.000000
0.274917	 	10506.666667
0.275349	 	10513.333333
0.302562	 	10520.000000
0.373405	 	10526.666667
0.295219	 	10533.333333
0.343599	 	10540.000000
0.364333	 	10546.666667
0.301051	 	10553.333333
0.379668	 	10560.000000
0.379452	 	10566.666667
0.370597	 	10573.333333
0.355910	 	10580.000000
0.361526	 	10586.666667
0.365413	 	10593.333333
0.349647	 	10600.000000
0.441871	 	10606.666667
0.387660	 	10613.333333
0.352238	 	10620.000000
0.278804	 	10626.666667
0.283772	 	10633.333333
0.329128	 	10640.000000
0.331288	 	10646.666667
0.357206	 	10653.333333
0.336688	 	10660.000000
0.311418	 	10666.666667
0.291331	 	10673.333333
0.328048	 	10680.000000
0.261310	 	10686.666667
0.254830	 	10693.333333
0.332800	 	10700.000000
0.307530	 	10706.666667
0.265413	 	10713.333333
0.268653	 	10720.000000
0.214441	 	10726.666667
0.352670	 	10733.333333
0.252454	 	10740.000000
0.258718	 	10746.666667
0.290035	 	10753.333333
0.141007	 	10760.000000
0.105154	 	10766.666667
0.162390	 	10773.333333
0.132152	 	10780.000000
0.155046	 	10786.666667
0.095219	 	10793.333333
0.090035	 	10800.000000
0.087012	 	10806.666667
0.137120	 	10813.333333
0.023513	 	10820.000000
0.037984	 	10826.666667
0.055910	 	10833.333333
-0.004997	 	10840.000000
-0.009317	 	10846.666667
0.067357	 	10853.333333
-0.059209	 	10860.000000
0.050079	 	10866.666667
-0.035451	 	10873.333333
-0.023140	 	10880.000000
-0.026595	 	10886.666667
0.036472	 	10893.333333
0.027184	 	10900.000000
-0.060937	 	10906.666667
0.027184	 	10913.333333
-0.141282	 	10920.000000
-0.117740	 	10926.666667
-0.172816	 	10933.333333
-0.083615	 	10940.000000
-0.147546	 	10946.666667
-0.046250	 	10953.333333
-0.165256	 	10960.000000
-0.097006	 	10966.666667
-0.160721	 	10973.333333
-0.177567	 	10980.000000
-0.258345	 	10986.666667
-0.264608	 	10993.333333
-0.335883	 	11000.000000
-0.266768	 	11006.666667
-0.240202	 	11013.333333
-0.230051	 	11020.000000
-0.346682	 	11026.666667
-0.284479	 	11033.333333
-0.318388	 	11040.000000
-0.324867	 	11046.666667
-0.283399	 	11053.333333
-0.298302	 	11060.000000
-0.266984	 	11066.666667
-0.224867	 	11073.333333
-0.292254	 	11080.000000
-0.317524	 	11086.666667
-0.347762	 	11093.333333
-0.313420	 	11100.000000
-0.261368	 	11106.666667
-0.352297	 	11113.333333
-0.333075	 	11120.000000
-0.310613	 	11126.666667
-0.336746	 	11133.333333
-0.263744	 	11140.000000
-0.252513	 	11146.666667
-0.396358	 	11153.333333
-0.425515	 	11160.000000
-0.376055	 	11166.666667
-0.311045	 	11173.333333
-0.275191	 	11180.000000
-0.212988	 	11186.666667
-0.204997	 	11193.333333
-0.224435	 	11200.000000
-0.201757	 	11206.666667
-0.226595	 	11213.333333
-0.153593	 	11220.000000
-0.184479	 	11226.666667
-0.169144	 	11233.333333
-0.158993	 	11240.000000
-0.140634	 	11246.666667
-0.102189	 	11253.333333
-0.061152	 	11260.000000
-0.051865	 	11266.666667
0.001482	 	11273.333333
-0.002189	 	11280.000000
0.030208	 	11286.666667
0.097163	 	11293.333333
0.061094	 	11300.000000
-0.085991	 	11306.666667
0.019193	 	11313.333333
-0.039122	 	11320.000000
0.011634	 	11326.666667
-0.031995	 	11333.333333
-0.058561	 	11340.000000
-0.032859	 	11346.666667
-0.063312	 	11353.333333
-0.062664	 	11360.000000
-0.061152	 	11366.666667
-0.158345	 	11373.333333
-0.183831	 	11380.000000
-0.162880	 	11386.666667
-0.187070	 	11393.333333
-0.138258	 	11400.000000
-0.253161	 	11406.666667
-0.247114	 	11413.333333
-0.331347	 	11420.000000
-0.335883	 	11426.666667
-0.379079	 	11433.333333
-0.320764	 	11440.000000
-0.285343	 	11446.666667
-0.170656	 	11453.333333
-0.259857	 	11460.000000
-0.333507	 	11466.666667
-0.439770	 	11473.333333
-0.361584	 	11480.000000
-0.288150	 	11486.666667
-0.307157	 	11493.333333
-0.287070	 	11500.000000
-0.290310	 	11506.666667
-0.169360	 	11513.333333
-0.260721	 	11520.000000
-0.399597	 	11526.666667
-0.347330	 	11533.333333
-0.374543	 	11540.000000
-0.321844	 	11546.666667
-0.436530	 	11553.333333
-0.452297	 	11560.000000
-0.375191	 	11566.666667
-0.496574	 	11573.333333
-0.404997	 	11580.000000
-0.372600	 	11586.666667
-0.401757	 	11593.333333
-0.315580	 	11600.000000
-0.377567	 	11606.666667
-0.234587	 	11613.333333
-0.250137	 	11620.000000
-0.217956	 	11626.666667
-0.193334	 	11633.333333
-0.259857	 	11640.000000
-0.205429	 	11646.666667
-0.169360	 	11653.333333
-0.265904	 	11660.000000
-0.142794	 	11666.666667
-0.173679	 	11673.333333
-0.150137	 	11680.000000
-0.144090	 	11686.666667
-0.100029	 	11693.333333
-0.139122	 	11700.000000
-0.199813	 	11706.666667
-0.082319	 	11713.333333
-0.092686	 	11720.000000
-0.170224	 	11726.666667
-0.178215	 	11733.333333
-0.193334	 	11740.000000
-0.177567	 	11746.666667
-0.095062	 	11753.333333
-0.057265	 	11760.000000
-0.097222	 	11766.666667
-0.098302	 	11773.333333
-0.143010	 	11780.000000
-0.074111	 	11786.666667
-0.015148	 	11793.333333
0.067573	 	11800.000000
-0.027891	 	11806.666667
-0.025083	 	11813.333333
-0.050353	 	11820.000000
-0.051001	 	11826.666667
-0.048841	 	11833.333333
-0.070656	 	11840.000000
-0.124867	 	11846.666667
-0.058561	 	11853.333333
-0.138042	 	11860.000000
-0.194414	 	11866.666667
-0.125083	 	11873.333333
-0.228971	 	11880.000000
-0.129403	 	11886.666667
-0.297438	 	11893.333333
-0.115148	 	11900.000000
-0.182103	 	11906.666667
-0.175407	 	11913.333333
-0.168928	 	11920.000000
-0.128107	 	11926.666667
-0.209749	 	11933.333333
-0.111476	 	11940.000000
-0.119468	 	11946.666667
-0.031563	 	11953.333333
-0.027027	 	11960.000000
-0.055105	 	11966.666667
-0.093550	 	11973.333333
-0.077135	 	11980.000000
-0.059209	 	11986.666667
-0.074111	 	11993.333333
-0.062016	 	12000.000000
-0.044522	 	12006.666667
-0.119036	 	12013.333333
-0.125731	 	12020.000000
-0.132427	 	12026.666667
-0.097438	 	12033.333333
-0.129619	 	12040.000000
-0.194630	 	12046.666667
-0.186206	 	12053.333333
-0.104997	 	12060.000000
-0.270008	 	12066.666667
-0.106725	 	12073.333333
-0.179079	 	12080.000000
-0.082103	 	12086.666667
-0.152729	 	12093.333333
-0.167848	 	12100.000000
-0.184479	 	12106.666667
-0.052945	 	12113.333333
-0.116444	 	12120.000000
-0.218388	 	12126.666667
-0.227675	 	12133.333333
-0.212556	 	12140.000000
-0.190742	 	12146.666667
-0.242794	 	12153.333333
-0.317092	 	12160.000000
-0.344306	 	12166.666667
-0.277135	 	12173.333333
-0.192254	 	12180.000000
-0.342794	 	12186.666667
-0.465904	 	12193.333333
-0.383831	 	12200.000000
-0.405645	 	12206.666667
-0.330699	 	12213.333333
-0.342146	 	12220.000000
-0.338042	 	12226.666667
-0.305213	 	12233.333333
-0.270440	 	12240.000000
-0.258993	 	12246.666667
-0.370008	 	12253.333333
-0.437826	 	12260.000000
-0.366984	 	12266.666667
-0.356833	 	12273.333333
-0.308021	 	12280.000000
-0.346682	 	12286.666667
-0.362664	 	12293.333333
-0.439986	 	12300.000000
-0.400893	 	12306.666667
-0.404133	 	12313.333333
-0.455969	 	12320.000000
-0.454025	 	12326.666667
-0.490742	 	12333.333333
-0.382751	 	12340.000000
-0.456833	 	12346.666667
-0.331347	 	12353.333333
-0.324435	 	12360.000000
-0.328539	 	12366.666667
-0.268928	 	12373.333333
-0.307805	 	12380.000000
-0.369360	 	12386.666667
-0.241066	 	12393.333333
-0.318604	 	12400.000000
-0.370656	 	12406.666667
-0.282751	 	12413.333333
-0.290310	 	12420.000000
-0.249273	 	12426.666667
-0.309749	 	12433.333333
-0.367848	 	12440.000000
-0.418388	 	12446.666667
-0.363528	 	12453.333333
-0.413420	 	12460.000000
-0.277999	 	12466.666667
-0.320548	 	12473.333333
-0.310829	 	12480.000000
-0.363960	 	12486.666667
-0.339122	 	12493.333333
-0.300677	 	12500.000000
-0.320332	 	12506.666667
-0.326595	 	12513.333333
-0.294198	 	12520.000000
-0.315148	 	12526.666667
-0.425299	 	12533.333333
-0.334587	 	12540.000000
-0.300461	 	12546.666667
-0.270440	 	12553.333333
-0.273248	 	12560.000000
-0.307157	 	12566.666667
-0.239554	 	12573.333333
-0.227243	 	12580.000000
-0.253377	 	12586.666667
-0.166984	 	12593.333333
-0.240418	 	12600.000000
-0.188366	 	12606.666667
-0.141930	 	12613.333333
-0.138474	 	12620.000000
-0.214500	 	12626.666667
-0.308453	 	12633.333333
-0.182535	 	12640.000000
-0.235019	 	12646.666667
-0.246898	 	12653.333333
-0.231131	 	12660.000000
-0.298302	 	12666.666667
-0.236962	 	12673.333333
-0.274111	 	12680.000000
-0.246250	 	12686.666667
-0.247978	 	12693.333333
-0.247978	 	12700.000000
-0.238474	 	12706.666667
-0.258993	 	12713.333333
-0.229619	 	12720.000000
-0.235019	 	12726.666667
-0.176487	 	12733.333333
-0.206293	 	12740.000000
-0.295494	 	12746.666667
-0.297222	 	12753.333333
-0.227891	 	12760.000000
-0.311692	 	12766.666667
-0.324651	 	12773.333333
-0.368064	 	12780.000000
-0.312556	 	12786.666667
-0.335019	 	12793.333333
-0.290958	 	12800.000000
-0.258345	 	12806.666667
-0.276271	 	12813.333333
-0.293982	 	12820.000000
-0.338690	 	12826.666667
-0.286638	 	12833.333333
-0.170656	 	12840.000000
-0.244954	 	12846.666667
-0.295710	 	12853.333333
-0.256401	 	12860.000000
-0.282103	 	12866.666667
-0.224651	 	12873.333333
-0.179079	 	12880.000000
-0.316876	 	12886.666667
-0.238474	 	12893.333333
-0.240418	 	12900.000000
-0.361800	 	12906.666667
-0.347546	 	12913.333333
-0.342578	 	12920.000000
-0.373895	 	12926.666667
-0.282967	 	12933.333333
-0.335883	 	12940.000000
-0.346250	 	12946.666667
-0.406293	 	12953.333333
-0.368712	 	12960.000000
-0.353377	 	12966.666667
-0.409317	 	12973.333333
-0.346250	 	12980.000000
-0.407589	 	12986.666667
-0.394846	 	12993.333333
-0.388582	 	13000.000000
-0.393118	 	13006.666667
-0.405645	 	13013.333333
-0.417740	 	13020.000000
-0.421628	 	13026.666667
-0.411692	 	13033.333333
-0.381455	 	13040.000000
-0.419468	 	13046.666667
-0.363960	 	13053.333333
-0.444306	 	13060.000000
-0.376487	 	13066.666667
-0.413636	 	13073.333333
-0.456185	 	13080.000000
-0.504349	 	13086.666667
-0.561368	 	13093.333333
-0.514500	 	13100.000000
-0.493550	 	13106.666667
-0.427243	 	13113.333333
-0.488798	 	13120.000000
-0.530051	 	13126.666667
-0.446682	 	13133.333333
-0.490310	 	13140.000000
-0.422924	 	13146.666667
-0.511692	 	13153.333333
-0.494630	 	13160.000000
-0.503269	 	13166.666667
-0.512124	 	13173.333333
-0.522276	 	13180.000000
-0.526811	 	13186.666667
-0.509749	 	13193.333333
-0.510397	 	13200.000000
-0.540850	 	13206.666667
-0.506941	 	13213.333333
-0.527891	 	13220.000000
-0.479511	 	13226.666667
-0.548410	 	13233.333333
-0.543874	 	13240.000000
-0.469576	 	13246.666667
-0.476703	 	13253.333333
-0.491174	 	13260.000000
-0.526811	 	13266.666667
-0.514500	 	13273.333333
-0.509749	 	13280.000000
-0.548626	 	13286.666667
-0.579727	 	13293.333333
-0.468280	 	13300.000000
-0.512556	 	13306.666667
-0.563744	 	13313.333333
-0.479295	 	13320.000000
-0.560721	 	13326.666667
