#peak 	 	#time 
-999.999253	 	0.000000
-999.998808	 	6.666667
-999.999171	 	13.333333
-999.998784	 	20.000000
-999.998932	 	26.666667
-999.999738	 	33.333333
-999.999202	 	40.000000
-999.999627	 	46.666667
-999.999870	 	53.333333
-1000.000000	 	60.000000
-1000.000000	 	66.666667
-1000.000000	 	73.333333
-1000.000000	 	80.000000
36958.467470	 	86.666667
-999.998732	 	93.333333
-999.998747	 	100.000000
-999.998735	 	106.666667
-999.998750	 	113.333333
-999.998755	 	120.000000
-999.998735	 	126.666667
-999.998734	 	133.333333
-999.998736	 	140.000000
-999.998732	 	146.666667
-999.998730	 	153.333333
-999.998733	 	160.000000
-999.998731	 	166.666667
-999.998730	 	173.333333
-999.998730	 	180.000000
1728.716894	 	186.666667
3872.548156	 	193.333333
-681.929260	 	200.000000
-963.319458	 	206.666667
-888.272017	 	213.333333
-835.953834	 	220.000000
-115.521028	 	226.666667
582.953722	 	233.333333
829.773960	 	240.000000
-391.756013	 	246.666667
-327.997794	 	253.333333
-619.361892	 	260.000000
23.857000	 	266.666667
184.345138	 	273.333333
124.127227	 	280.000000
-253.248669	 	286.666667
-42.944710	 	293.333333
-113.163297	 	300.000000
9.448228	 	306.666667
-363.738989	 	313.333333
-78.526140	 	320.000000
257.076403	 	326.666667
2.841062	 	333.333333
16.612882	 	340.000000
269.166500	 	346.666667
-401.532337	 	353.333333
-427.614138	 	360.000000
-122.162981	 	366.666667
140.615047	 	373.333333
399.076150	 	380.000000
203.399168	 	386.666667
-439.437238	 	393.333333
-169.213730	 	400.000000
120.940220	 	406.666667
-65.753027	 	413.333333
21.483365	 	420.000000
207.703525	 	426.666667
-177.025968	 	433.333333
-90.105570	 	440.000000
256.815244	 	446.666667
150.000362	 	453.333333
-10.639749	 	460.000000
-349.857620	 	466.666667
-153.743969	 	473.333333
296.689042	 	480.000000
191.180036	 	486.666667
-180.702992	 	493.333333
98.667376	 	500.000000
-112.613257	 	506.666667
-12.717349	 	513.333333
200.877896	 	520.000000
-130.291914	 	526.666667
-5.042324	 	533.333333
202.667614	 	540.000000
-157.963510	 	546.666667
46.676852	 	553.333333
171.296479	 	560.000000
-293.424884	 	566.666667
-17.149459	 	573.333333
232.178335	 	580.000000
234.634347	 	586.666667
-26.762981	 	593.333333
-177.427919	 	600.000000
-349.134403	 	606.666667
132.548287	 	613.333333
234.161537	 	620.000000
253.845819	 	626.666667
-124.794491	 	633.333333
-141.770873	 	640.000000
-240.565546	 	646.666667
167.629138	 	653.333333
176.065155	 	660.000000
48.714261	 	666.666667
-64.571639	 	673.333333
26.182699	 	680.000000
-188.145612	 	686.666667
-32.873047	 	693.333333
162.710296	 	700.000000
26.828590	 	706.666667
-83.281334	 	713.333333
28.725675	 	720.000000
128.390434	 	726.666667
34.837048	 	733.333333
-90.036953	 	740.000000
-103.675152	 	746.666667
-83.430470	 	753.333333
81.877787	 	760.000000
155.911373	 	766.666667
34.884696	 	773.333333
-38.627704	 	780.000000
-40.847187	 	786.666667
-30.020376	 	793.333333
-11.053020	 	800.000000
91.198771	 	806.666667
10.249053	 	813.333333
-1.938933	 	820.000000
-46.641351	 	826.666667
18.482140	 	833.333333
-3.351491	 	840.000000
14.578222	 	846.666667
-57.785470	 	853.333333
33.692858	 	860.000000
-7.950799	 	866.666667
108.753098	 	873.333333
-14.873597	 	880.000000
-65.407310	 	886.666667
-79.130083	 	893.333333
81.226969	 	900.000000
9.511470	 	906.666667
39.967385	 	913.333333
-11.701022	 	920.000000
36.613862	 	926.666667
-2.043090	 	933.333333
33.026808	 	940.000000
-16.594136	 	946.666667
-60.706182	 	953.333333
-14.667926	 	960.000000
17.106566	 	966.666667
26.102955	 	973.333333
5.635745	 	980.000000
6.017933	 	986.666667
63.688600	 	993.333333
38.654315	 	1000.000000
-67.712913	 	1006.666667
-51.793874	 	1013.333333
-35.060966	 	1020.000000
40.329873	 	1026.666667
54.370321	 	1033.333333
73.573616	 	1040.000000
9.462830	 	1046.666667
-54.018890	 	1053.333333
-107.706544	 	1060.000000
2.721863	 	1066.666667
74.337449	 	1073.333333
56.787888	 	1080.000000
6.350808	 	1086.666667
34.236898	 	1093.333333
-33.625105	 	1100.000000
-74.278681	 	1106.666667
-13.685116	 	1113.333333
86.760348	 	1120.000000
37.196892	 	1126.666667
-14.615300	 	1133.333333
-33.513596	 	1140.000000
17.700064	 	1146.666667
16.261430	 	1153.333333
-1.415737	 	1160.000000
-27.789659	 	1166.666667
17.575568	 	1173.333333
39.913494	 	1180.000000
17.577432	 	1186.666667
-12.174662	 	1193.333333
-26.043825	 	1200.000000
-37.211535	 	1206.666667
6.051691	 	1213.333333
60.768928	 	1220.000000
58.547070	 	1226.666667
-8.532855	 	1233.333333
-45.028496	 	1240.000000
-30.767623	 	1246.666667
19.609395	 	1253.333333
34.101856	 	1260.000000
17.994149	 	1266.666667
-12.892871	 	1273.333333
-6.753953	 	1280.000000
13.864172	 	1286.666667
13.790082	 	1293.333333
-13.119961	 	1300.000000
-8.483704	 	1306.666667
7.403508	 	1313.333333
4.525526	 	1320.000000
4.793019	 	1326.666667
25.223497	 	1333.333333
18.563559	 	1340.000000
1.273514	 	1346.666667
-30.828084	 	1353.333333
-17.394542	 	1360.000000
35.376091	 	1366.666667
25.145096	 	1373.333333
-6.659391	 	1380.000000
1.030357	 	1386.666667
9.959609	 	1393.333333
1.586988	 	1400.000000
-4.840499	 	1406.666667
-4.186811	 	1413.333333
11.487292	 	1420.000000
7.989471	 	1426.666667
-0.725571	 	1433.333333
16.484562	 	1440.000000
10.372023	 	1446.666667
1.274072	 	1453.333333
-11.203707	 	1460.000000
8.948607	 	1466.666667
10.369810	 	1473.333333
13.095019	 	1480.000000
7.094603	 	1486.666667
-0.601199	 	1493.333333
-2.840574	 	1500.000000
0.592040	 	1506.666667
3.485110	 	1513.333333
10.387835	 	1520.000000
6.657865	 	1526.666667
3.739665	 	1533.333333
11.847367	 	1540.000000
-2.777441	 	1546.666667
-5.964794	 	1553.333333
-1.889153	 	1560.000000
10.925075	 	1566.666667
18.301662	 	1573.333333
7.106877	 	1580.000000
-5.533170	 	1586.666667
3.086160	 	1593.333333
-3.026659	 	1600.000000
15.786973	 	1606.666667
11.608655	 	1613.333333
2.342043	 	1620.000000
-6.387084	 	1626.666667
2.252819	 	1633.333333
3.182653	 	1640.000000
10.903649	 	1646.666667
8.931992	 	1653.333333
0.485411	 	1660.000000
-7.868331	 	1666.666667
18.552938	 	1673.333333
7.353790	 	1680.000000
-4.150330	 	1686.666667
6.934004	 	1693.333333
6.025027	 	1700.000000
-0.702412	 	1706.666667
11.608462	 	1713.333333
4.440578	 	1720.000000
4.523527	 	1726.666667
7.392824	 	1733.333333
3.590604	 	1740.000000
-4.922472	 	1746.666667
7.255068	 	1753.333333
6.934637	 	1760.000000
3.007833	 	1766.666667
6.923684	 	1773.333333
7.065636	 	1780.000000
0.442620	 	1786.666667
3.693179	 	1793.333333
3.229206	 	1800.000000
16.578893	 	1806.666667
1.981669	 	1813.333333
-12.009785	 	1820.000000
4.602564	 	1826.666667
23.515173	 	1833.333333
-4.662245	 	1840.000000
3.742758	 	1846.666667
2.120514	 	1853.333333
1.816982	 	1860.000000
8.828210	 	1866.666667
16.103190	 	1873.333333
0.051936	 	1880.000000
-12.405652	 	1886.666667
-1.423146	 	1893.333333
14.853387	 	1900.000000
16.339015	 	1906.666667
11.417520	 	1913.333333
-7.600318	 	1920.000000
-0.444674	 	1926.666667
8.378275	 	1933.333333
-1.449454	 	1940.000000
1.314837	 	1946.666667
12.638058	 	1953.333333
5.522991	 	1960.000000
6.638943	 	1966.666667
-2.539575	 	1973.333333
0.730841	 	1980.000000
0.968538	 	1986.666667
4.793997	 	1993.333333
17.848137	 	2000.000000
15.246479	 	2006.666667
2.126884	 	2013.333333
-15.519234	 	2020.000000
-2.344880	 	2026.666667
16.358404	 	2033.333333
13.268764	 	2040.000000
-1.017956	 	2046.666667
15.110354	 	2053.333333
-10.695505	 	2060.000000
-1.606386	 	2066.666667
-1.062448	 	2073.333333
16.606700	 	2080.000000
11.853313	 	2086.666667
11.026726	 	2093.333333
-8.117848	 	2100.000000
-8.349549	 	2106.666667
1.041387	 	2113.333333
25.794451	 	2120.000000
3.976513	 	2126.666667
-8.430306	 	2133.333333
12.140895	 	2140.000000
17.761482	 	2146.666667
-2.107413	 	2153.333333
-9.943927	 	2160.000000
-6.169718	 	2166.666667
27.727262	 	2173.333333
4.271050	 	2180.000000
4.376564	 	2186.666667
-15.907528	 	2193.333333
22.488017	 	2200.000000
-2.202146	 	2206.666667
8.421593	 	2213.333333
0.218124	 	2220.000000
26.647329	 	2226.666667
-22.364649	 	2233.333333
10.150745	 	2240.000000
8.967431	 	2246.666667
14.503991	 	2253.333333
-10.636947	 	2260.000000
1.756715	 	2266.666667
12.458384	 	2273.333333
26.662743	 	2280.000000
-21.227314	 	2286.666667
-10.113207	 	2293.333333
17.014379	 	2300.000000
17.839541	 	2306.666667
-6.200724	 	2313.333333
9.395336	 	2320.000000
4.077129	 	2326.666667
-0.689475	 	2333.333333
-12.783054	 	2340.000000
19.864641	 	2346.666667
20.585517	 	2353.333333
5.523636	 	2360.000000
-17.041614	 	2366.666667
11.164649	 	2373.333333
-5.372221	 	2380.000000
-5.717521	 	2386.666667
30.777022	 	2393.333333
21.275045	 	2400.000000
-18.882133	 	2406.666667
1.328766	 	2413.333333
-3.402267	 	2420.000000
11.067540	 	2426.666667
13.182011	 	2433.333333
9.199475	 	2440.000000
3.953950	 	2446.666667
0.365576	 	2453.333333
-3.318666	 	2460.000000
10.327391	 	2466.666667
2.289694	 	2473.333333
6.486673	 	2480.000000
2.498433	 	2486.666667
16.060891	 	2493.333333
-3.972446	 	2500.000000
6.097143	 	2506.666667
8.196120	 	2513.333333
-4.625772	 	2520.000000
-2.483530	 	2526.666667
19.821229	 	2533.333333
-0.904314	 	2540.000000
5.029659	 	2546.666667
-0.393409	 	2553.333333
4.320570	 	2560.000000
21.633387	 	2566.666667
12.568966	 	2573.333333
-15.991339	 	2580.000000
-29.454406	 	2586.666667
32.694299	 	2593.333333
19.608637	 	2600.000000
-1.684013	 	2606.666667
17.404544	 	2613.333333
11.504937	 	2620.000000
-55.783553	 	2626.666667
-10.498732	 	2633.333333
64.983709	 	2640.000000
61.483851	 	2646.666667
-45.318669	 	2653.333333
-42.371610	 	2660.000000
-2.985240	 	2666.666667
23.335285	 	2673.333333
46.216358	 	2680.000000
9.104555	 	2686.666667
-4.359594	 	2693.333333
-19.151983	 	2700.000000
-52.518345	 	2706.666667
46.163571	 	2713.333333
50.837990	 	2720.000000
-4.450402	 	2726.666667
-6.342987	 	2733.333333
-3.527458	 	2740.000000
-41.643827	 	2746.666667
32.026516	 	2753.333333
38.530628	 	2760.000000
7.994017	 	2766.666667
-10.230744	 	2773.333333
-4.147238	 	2780.000000
0.715759	 	2786.666667
28.460185	 	2793.333333
-32.593708	 	2800.000000
-3.260716	 	2806.666667
51.862570	 	2813.333333
32.218278	 	2820.000000
-63.350062	 	2826.666667
-20.753182	 	2833.333333
31.368512	 	2840.000000
52.741767	 	2846.666667
12.898202	 	2853.333333
-46.543282	 	2860.000000
12.377348	 	2866.666667
-11.078539	 	2873.333333
-32.234615	 	2880.000000
58.607266	 	2886.666667
89.964182	 	2893.333333
-62.144835	 	2900.000000
-62.168398	 	2906.666667
16.572890	 	2913.333333
48.809986	 	2920.000000
6.990984	 	2926.666667
8.647857	 	2933.333333
-5.645007	 	2940.000000
-6.495134	 	2946.666667
-3.529803	 	2953.333333
-36.008040	 	2960.000000
57.975230	 	2966.666667
52.355718	 	2973.333333
-19.915421	 	2980.000000
-56.782284	 	2986.666667
39.723194	 	2993.333333
36.861072	 	3000.000000
-16.287395	 	3006.666667
-27.594660	 	3013.333333
27.421178	 	3020.000000
7.792539	 	3026.666667
-5.791622	 	3033.333333
16.712631	 	3040.000000
26.850282	 	3046.666667
5.981541	 	3053.333333
-0.702706	 	3060.000000
-21.208315	 	3066.666667
-35.423729	 	3073.333333
6.172965	 	3080.000000
47.595515	 	3086.666667
53.853658	 	3093.333333
51.138840	 	3100.000000
-26.149971	 	3106.666667
-110.413397	 	3113.333333
-97.364770	 	3120.000000
58.900591	 	3126.666667
214.559024	 	3133.333333
237.793808	 	3140.000000
111.994416	 	3146.666667
208.341268	 	3153.333333
309.553736	 	3160.000000
202.228066	 	3166.666667
204.888022	 	3173.333333
875.263343	 	3180.000000
3237.403178	 	3186.666667
8725.432090	 	3193.333333
8817.177104	 	3200.000000
3714.477052	 	3206.666667
1761.764164	 	3213.333333
2234.771802	 	3220.000000
3888.139775	 	3226.666667
6051.536564	 	3233.333333
7252.556315	 	3240.000000
7124.792559	 	3246.666667
6097.829742	 	3253.333333
5791.874050	 	3260.000000
5795.249272	 	3266.666667
6466.026200	 	3273.333333
6886.518844	 	3280.000000
7184.466590	 	3286.666667
6818.458922	 	3293.333333
6457.997609	 	3300.000000
5899.624991	 	3306.666667
6177.203485	 	3313.333333
6456.787703	 	3320.000000
6590.183239	 	3326.666667
6082.794210	 	3333.333333
5590.184742	 	3340.000000
5256.855299	 	3346.666667
5630.166073	 	3353.333333
5811.386825	 	3360.000000
5444.020784	 	3366.666667
4856.971189	 	3373.333333
4540.289514	 	3380.000000
4257.562902	 	3386.666667
4449.920623	 	3393.333333
4521.000381	 	3400.000000
4244.378429	 	3406.666667
3866.962989	 	3413.333333
3645.659771	 	3420.000000
3597.569448	 	3426.666667
3734.445810	 	3433.333333
3743.926170	 	3440.000000
3648.796607	 	3446.666667
3539.966874	 	3453.333333
3231.263112	 	3460.000000
2949.518015	 	3466.666667
2981.725764	 	3473.333333
3094.813314	 	3480.000000
3246.075951	 	3486.666667
3240.947321	 	3493.333333
3003.139385	 	3500.000000
2675.434552	 	3506.666667
2628.362956	 	3513.333333
2666.998581	 	3520.000000
2885.230459	 	3526.666667
2899.847259	 	3533.333333
2717.497678	 	3540.000000
2531.435602	 	3546.666667
2526.055267	 	3553.333333
2487.538413	 	3560.000000
2496.848088	 	3566.666667
2446.874851	 	3573.333333
2409.596157	 	3580.000000
2442.234786	 	3586.666667
2520.634926	 	3593.333333
2446.227572	 	3600.000000
2350.729892	 	3606.666667
2255.251544	 	3613.333333
2232.107202	 	3620.000000
2341.792404	 	3626.666667
2467.202537	 	3633.333333
2300.210688	 	3640.000000
2119.581117	 	3646.666667
2033.781142	 	3653.333333
2173.833008	 	3660.000000
2310.619836	 	3666.666667
2210.330954	 	3673.333333
1992.004618	 	3680.000000
2053.817822	 	3686.666667
2129.748237	 	3693.333333
2167.846981	 	3700.000000
2078.249258	 	3706.666667
1892.294550	 	3713.333333
1823.249871	 	3720.000000
1973.994916	 	3726.666667
2114.833492	 	3733.333333
2003.944640	 	3740.000000
1846.967345	 	3746.666667
1762.636752	 	3753.333333
1813.063315	 	3760.000000
1871.941675	 	3766.666667
1873.797798	 	3773.333333
1776.972611	 	3780.000000
1701.507226	 	3786.666667
1711.996945	 	3793.333333
1762.179717	 	3800.000000
1748.417548	 	3806.666667
1681.328815	 	3813.333333
1619.544790	 	3820.000000
1587.245811	 	3826.666667
1621.555198	 	3833.333333
1681.213085	 	3840.000000
1575.590757	 	3846.666667
1498.783223	 	3853.333333
1501.632325	 	3860.000000
1486.106947	 	3866.666667
1498.264822	 	3873.333333
1491.098720	 	3880.000000
1517.721632	 	3886.666667
1459.847162	 	3893.333333
1408.492515	 	3900.000000
1330.121087	 	3906.666667
1331.496599	 	3913.333333
1398.661024	 	3920.000000
1387.412236	 	3926.666667
1371.547118	 	3933.333333
1315.423721	 	3940.000000
1285.133219	 	3946.666667
1258.687606	 	3953.333333
1227.778744	 	3960.000000
1237.675475	 	3966.666667
1227.425601	 	3973.333333
1289.782938	 	3980.000000
1188.557818	 	3986.666667
1191.603358	 	3993.333333
1108.952069	 	4000.000000
1108.629259	 	4006.666667
1119.574471	 	4013.333333
1121.363810	 	4020.000000
1152.202703	 	4026.666667
1136.892449	 	4033.333333
1074.984658	 	4040.000000
1012.938882	 	4046.666667
979.944449	 	4053.333333
1017.214253	 	4060.000000
991.117491	 	4066.666667
1061.106478	 	4073.333333
1000.557930	 	4080.000000
975.835363	 	4086.666667
930.271036	 	4093.333333
951.175020	 	4100.000000
989.965569	 	4106.666667
877.977911	 	4113.333333
912.911374	 	4120.000000
857.201655	 	4126.666667
969.423172	 	4133.333333
884.631050	 	4140.000000
929.864123	 	4146.666667
834.137762	 	4153.333333
838.061826	 	4160.000000
810.127270	 	4166.666667
871.052989	 	4173.333333
804.988150	 	4180.000000
816.995062	 	4186.666667
788.168814	 	4193.333333
820.635986	 	4200.000000
785.586474	 	4206.666667
771.988939	 	4213.333333
688.600497	 	4220.000000
766.955691	 	4226.666667
778.488722	 	4233.333333
737.305534	 	4240.000000
724.290973	 	4246.666667
717.629174	 	4253.333333
683.985322	 	4260.000000
715.777283	 	4266.666667
713.767905	 	4273.333333
671.863459	 	4280.000000
708.705575	 	4286.666667
608.816861	 	4293.333333
685.518691	 	4300.000000
634.747030	 	4306.666667
636.246687	 	4313.333333
626.480330	 	4320.000000
647.323922	 	4326.666667
631.246583	 	4333.333333
619.812719	 	4340.000000
572.047633	 	4346.666667
549.810416	 	4353.333333
647.487049	 	4360.000000
547.551794	 	4366.666667
578.206649	 	4373.333333
585.863006	 	4380.000000
513.044235	 	4386.666667
570.427018	 	4393.333333
514.745038	 	4400.000000
586.960606	 	4406.666667
527.949531	 	4413.333333
517.839167	 	4420.000000
453.421131	 	4426.666667
531.666534	 	4433.333333
532.265818	 	4440.000000
487.673471	 	4446.666667
469.670508	 	4453.333333
502.863034	 	4460.000000
436.338975	 	4466.666667
470.952691	 	4473.333333
421.506989	 	4480.000000
478.221075	 	4486.666667
467.505259	 	4493.333333
461.800870	 	4500.000000
416.554505	 	4506.666667
474.555378	 	4513.333333
382.095443	 	4520.000000
398.527913	 	4526.666667
420.380541	 	4533.333333
434.203526	 	4540.000000
471.215662	 	4546.666667
408.082685	 	4553.333333
299.368624	 	4560.000000
426.564282	 	4566.666667
365.587128	 	4573.333333
400.816581	 	4580.000000
434.033578	 	4586.666667
336.731254	 	4593.333333
344.054224	 	4600.000000
374.283582	 	4606.666667
410.669323	 	4613.333333
272.964070	 	4620.000000
409.883257	 	4626.666667
302.886832	 	4633.333333
405.303877	 	4640.000000
259.835759	 	4646.666667
413.593611	 	4653.333333
220.884455	 	4660.000000
507.536326	 	4666.666667
261.821205	 	4673.333333
350.553071	 	4680.000000
133.814869	 	4686.666667
430.798951	 	4693.333333
179.386628	 	4700.000000
557.664779	 	4706.666667
200.366203	 	4713.333333
245.016845	 	4720.000000
197.450027	 	4726.666667
351.197903	 	4733.333333
323.416367	 	4740.000000
385.009341	 	4746.666667
150.518679	 	4753.333333
342.532466	 	4760.000000
185.131288	 	4766.666667
200.777417	 	4773.333333
309.010071	 	4780.000000
481.908866	 	4786.666667
122.521811	 	4793.333333
244.867484	 	4800.000000
2.392089	 	4806.666667
371.396475	 	4813.333333
471.924115	 	4820.000000
143.513845	 	4826.666667
154.036260	 	4833.333333
225.891687	 	4840.000000
225.690124	 	4846.666667
321.165962	 	4853.333333
203.310477	 	4860.000000
83.833827	 	4866.666667
343.027419	 	4873.333333
226.193891	 	4880.000000
145.949069	 	4886.666667
250.164038	 	4893.333333
263.192107	 	4900.000000
114.739757	 	4906.666667
170.147546	 	4913.333333
243.650262	 	4920.000000
291.933915	 	4926.666667
115.654636	 	4933.333333
204.492051	 	4940.000000
111.403254	 	4946.666667
322.337489	 	4953.333333
203.197463	 	4960.000000
144.018455	 	4966.666667
138.458492	 	4973.333333
148.177742	 	4980.000000
181.621392	 	4986.666667
305.100116	 	4993.333333
131.662947	 	5000.000000
194.803476	 	5006.666667
109.031889	 	5013.333333
67.094648	 	5020.000000
249.716630	 	5026.666667
290.274849	 	5033.333333
71.278506	 	5040.000000
201.986110	 	5046.666667
60.938665	 	5053.333333
141.594387	 	5060.000000
270.630136	 	5066.666667
150.388100	 	5073.333333
127.752714	 	5080.000000
130.709253	 	5086.666667
97.994241	 	5093.333333
194.430492	 	5100.000000
194.121018	 	5106.666667
117.312012	 	5113.333333
126.688284	 	5120.000000
130.851185	 	5126.666667
153.889017	 	5133.333333
180.061772	 	5140.000000
98.612973	 	5146.666667
97.897704	 	5153.333333
141.766786	 	5160.000000
167.008870	 	5166.666667
154.739169	 	5173.333333
116.922482	 	5180.000000
74.859842	 	5186.666667
94.795048	 	5193.333333
162.960876	 	5200.000000
124.755791	 	5206.666667
144.705971	 	5213.333333
139.443219	 	5220.000000
42.468526	 	5226.666667
127.975105	 	5233.333333
131.014047	 	5240.000000
88.225017	 	5246.666667
133.782618	 	5253.333333
113.540094	 	5260.000000
60.326994	 	5266.666667
154.836178	 	5273.333333
94.256835	 	5280.000000
103.233562	 	5286.666667
99.243731	 	5293.333333
83.071377	 	5300.000000
118.990166	 	5306.666667
123.550322	 	5313.333333
56.614949	 	5320.000000
127.827979	 	5326.666667
98.089724	 	5333.333333
101.983257	 	5340.000000
93.585067	 	5346.666667
77.744398	 	5353.333333
84.913703	 	5360.000000
121.421135	 	5366.666667
90.128356	 	5373.333333
92.415420	 	5380.000000
104.599550	 	5386.666667
86.904636	 	5393.333333
57.989072	 	5400.000000
99.752660	 	5406.666667
108.354300	 	5413.333333
85.958538	 	5420.000000
68.671029	 	5426.666667
71.527388	 	5433.333333
94.419132	 	5440.000000
112.010481	 	5446.666667
65.457539	 	5453.333333
73.890289	 	5460.000000
69.857290	 	5466.666667
69.531385	 	5473.333333
104.577186	 	5480.000000
66.617709	 	5486.666667
65.321397	 	5493.333333
88.055539	 	5500.000000
56.086295	 	5506.666667
80.830869	 	5513.333333
109.440269	 	5520.000000
49.158321	 	5526.666667
49.853104	 	5533.333333
55.423951	 	5540.000000
74.180269	 	5546.666667
94.565885	 	5553.333333
67.974763	 	5560.000000
52.397797	 	5566.666667
60.385399	 	5573.333333
37.875461	 	5580.000000
69.853129	 	5586.666667
76.730485	 	5593.333333
72.655350	 	5600.000000
51.352949	 	5606.666667
58.751980	 	5613.333333
47.509319	 	5620.000000
74.003774	 	5626.666667
63.462246	 	5633.333333
51.136252	 	5640.000000
35.903086	 	5646.666667
74.906216	 	5653.333333
60.925176	 	5660.000000
45.055423	 	5666.666667
36.686303	 	5673.333333
64.486902	 	5680.000000
65.823244	 	5686.666667
65.141874	 	5693.333333
39.662874	 	5700.000000
66.889207	 	5706.666667
27.011008	 	5713.333333
46.277592	 	5720.000000
52.239116	 	5726.666667
62.031159	 	5733.333333
67.479182	 	5740.000000
60.179080	 	5746.666667
13.420431	 	5753.333333
56.576518	 	5760.000000
46.716802	 	5766.666667
47.615370	 	5773.333333
49.530726	 	5780.000000
45.300522	 	5786.666667
35.495619	 	5793.333333
43.595587	 	5800.000000
31.087957	 	5806.666667
55.404002	 	5813.333333
47.429673	 	5820.000000
42.569278	 	5826.666667
50.634855	 	5833.333333
26.724846	 	5840.000000
31.154353	 	5846.666667
50.847067	 	5853.333333
38.881114	 	5860.000000
61.086801	 	5866.666667
45.924456	 	5873.333333
22.910625	 	5880.000000
35.483344	 	5886.666667
41.906388	 	5893.333333
32.114979	 	5900.000000
25.776314	 	5906.666667
22.531173	 	5913.333333
59.516241	 	5920.000000
43.384128	 	5926.666667
31.761935	 	5933.333333
23.142706	 	5940.000000
22.989089	 	5946.666667
45.868016	 	5953.333333
45.849193	 	5960.000000
23.216498	 	5966.666667
28.518399	 	5973.333333
23.642812	 	5980.000000
20.730391	 	5986.666667
56.038400	 	5993.333333
41.580436	 	6000.000000
28.679836	 	6006.666667
8.402443	 	6013.333333
25.563764	 	6020.000000
41.947994	 	6026.666667
53.485812	 	6033.333333
25.824126	 	6040.000000
12.929638	 	6046.666667
10.558652	 	6053.333333
51.950925	 	6060.000000
25.935591	 	6066.666667
32.672285	 	6073.333333
24.727306	 	6080.000000
39.710129	 	6086.666667
8.448113	 	6093.333333
34.036969	 	6100.000000
6.523710	 	6106.666667
40.868909	 	6113.333333
29.038370	 	6120.000000
44.129426	 	6126.666667
4.426054	 	6133.333333
38.758718	 	6140.000000
3.831518	 	6146.666667
31.496015	 	6153.333333
7.160859	 	6160.000000
47.980554	 	6166.666667
23.702895	 	6173.333333
39.760958	 	6180.000000
11.021133	 	6186.666667
25.079117	 	6193.333333
2.902782	 	6200.000000
41.840186	 	6206.666667
20.662361	 	6213.333333
62.099428	 	6220.000000
5.068233	 	6226.666667
13.565725	 	6233.333333
-1.238827	 	6240.000000
43.844623	 	6246.666667
3.289182	 	6253.333333
55.475502	 	6260.000000
24.356351	 	6266.666667
25.639019	 	6273.333333
-15.679724	 	6280.000000
25.696267	 	6286.666667
5.454689	 	6293.333333
62.536789	 	6300.000000
19.031192	 	6306.666667
22.631359	 	6313.333333
-11.321488	 	6320.000000
36.509229	 	6326.666667
0.668535	 	6333.333333
30.362632	 	6340.000000
6.236542	 	6346.666667
38.020989	 	6353.333333
18.460380	 	6360.000000
25.420252	 	6366.666667
-6.534454	 	6373.333333
25.615859	 	6380.000000
8.365429	 	6386.666667
33.755847	 	6393.333333
4.325336	 	6400.000000
19.107616	 	6406.666667
7.256091	 	6413.333333
26.056871	 	6420.000000
-1.760958	 	6426.666667
31.310101	 	6433.333333
19.440545	 	6440.000000
34.577605	 	6446.666667
1.824342	 	6453.333333
7.035172	 	6460.000000
-3.575009	 	6466.666667
29.765614	 	6473.333333
20.288402	 	6480.000000
39.330225	 	6486.666667
8.136206	 	6493.333333
-0.092355	 	6500.000000
-8.637074	 	6506.666667
34.975995	 	6513.333333
36.234109	 	6520.000000
26.162060	 	6526.666667
-13.635993	 	6533.333333
2.713760	 	6540.000000
13.506909	 	6546.666667
30.396035	 	6553.333333
4.640922	 	6560.000000
7.754598	 	6566.666667
10.886626	 	6573.333333
46.269826	 	6580.000000
21.937683	 	6586.666667
-0.705250	 	6593.333333
-12.199946	 	6600.000000
25.001172	 	6606.666667
17.183580	 	6613.333333
25.080437	 	6620.000000
4.364006	 	6626.666667
7.438182	 	6633.333333
3.639798	 	6640.000000
31.524523	 	6646.666667
12.310695	 	6653.333333
7.518612	 	6660.000000
12.178234	 	6666.666667
10.750634	 	6673.333333
9.491659	 	6680.000000
21.626257	 	6686.666667
16.432047	 	6693.333333
5.949888	 	6700.000000
1.855409	 	6706.666667
6.103432	 	6713.333333
13.492271	 	6720.000000
16.822052	 	6726.666667
12.221318	 	6733.333333
21.516084	 	6740.000000
5.909539	 	6746.666667
5.421199	 	6753.333333
-3.346124	 	6760.000000
14.896196	 	6766.666667
17.536606	 	6773.333333
28.445368	 	6780.000000
5.586097	 	6786.666667
6.188893	 	6793.333333
-2.025334	 	6800.000000
19.117877	 	6806.666667
-9.884641	 	6813.333333
16.544466	 	6820.000000
30.014205	 	6826.666667
29.394368	 	6833.333333
8.048045	 	6840.000000
-4.061730	 	6846.666667
-3.041038	 	6853.333333
20.283785	 	6860.000000
24.788246	 	6866.666667
16.390734	 	6873.333333
-1.075186	 	6880.000000
10.954003	 	6886.666667
12.100019	 	6893.333333
15.095163	 	6900.000000
-4.447847	 	6906.666667
13.630551	 	6913.333333
13.912417	 	6920.000000
21.323640	 	6926.666667
10.964502	 	6933.333333
0.972144	 	6940.000000
-5.451216	 	6946.666667
20.528944	 	6953.333333
23.253115	 	6960.000000
11.822296	 	6966.666667
1.634179	 	6973.333333
-0.868259	 	6980.000000
5.489106	 	6986.666667
15.198033	 	6993.333333
6.374202	 	7000.000000
12.246778	 	7006.666667
12.771912	 	7013.333333
8.564937	 	7020.000000
4.374508	 	7026.666667
8.188206	 	7033.333333
10.417016	 	7040.000000
6.552347	 	7046.666667
1.635158	 	7053.333333
9.232962	 	7060.000000
10.615581	 	7066.666667
24.032285	 	7073.333333
4.890660	 	7080.000000
-2.673258	 	7086.666667
-7.750389	 	7093.333333
18.494189	 	7100.000000
14.366804	 	7106.666667
15.756046	 	7113.333333
-10.638079	 	7120.000000
5.122788	 	7126.666667
14.145961	 	7133.333333
29.212331	 	7140.000000
-10.649548	 	7146.666667
-5.833451	 	7153.333333
-8.444622	 	7160.000000
29.307982	 	7166.666667
16.776451	 	7173.333333
11.798954	 	7180.000000
-16.476968	 	7186.666667
5.725707	 	7193.333333
1.341946	 	7200.000000
18.847325	 	7206.666667
13.263787	 	7213.333333
10.976463	 	7220.000000
-12.784243	 	7226.666667
11.253389	 	7233.333333
1.251099	 	7240.000000
0.120240	 	7246.666667
0.214131	 	7253.333333
26.801771	 	7260.000000
7.408941	 	7266.666667
9.010171	 	7273.333333
-4.773570	 	7280.000000
-0.106039	 	7286.666667
1.295555	 	7293.333333
21.343618	 	7300.000000
17.585729	 	7306.666667
12.698096	 	7313.333333
-8.354893	 	7320.000000
-2.311375	 	7326.666667
3.883757	 	7333.333333
11.393191	 	7340.000000
3.406780	 	7346.666667
13.411900	 	7353.333333
11.400296	 	7360.000000
8.936294	 	7366.666667
-7.862219	 	7373.333333
-8.915699	 	7380.000000
10.795627	 	7386.666667
26.184653	 	7393.333333
1.649282	 	7400.000000
9.482894	 	7406.666667
10.316317	 	7413.333333
0.613465	 	7420.000000
-6.436994	 	7426.666667
4.586946	 	7433.333333
7.644563	 	7440.000000
37.618173	 	7446.666667
2.058882	 	7453.333333
-8.507595	 	7460.000000
-10.604086	 	7466.666667
7.657474	 	7473.333333
15.097221	 	7480.000000
24.598129	 	7486.666667
-2.266123	 	7493.333333
6.336479	 	7500.000000
-2.351193	 	7506.666667
-1.412187	 	7513.333333
3.204876	 	7520.000000
8.274121	 	7526.666667
8.249236	 	7533.333333
-6.958513	 	7540.000000
-3.189481	 	7546.666667
5.504378	 	7553.333333
22.567145	 	7560.000000
8.058296	 	7566.666667
-8.646369	 	7573.333333
-16.018813	 	7580.000000
14.536809	 	7586.666667
13.145908	 	7593.333333
14.738754	 	7600.000000
1.047417	 	7606.666667
-5.248407	 	7613.333333
-16.449583	 	7620.000000
15.082650	 	7626.666667
22.564491	 	7633.333333
16.672392	 	7640.000000
-13.737261	 	7646.666667
4.008241	 	7653.333333
2.356799	 	7660.000000
8.044854	 	7666.666667
-1.111083	 	7673.333333
4.659855	 	7680.000000
-1.108118	 	7686.666667
11.648697	 	7693.333333
0.255174	 	7700.000000
14.615226	 	7706.666667
-0.655756	 	7713.333333
12.297322	 	7720.000000
-7.027396	 	7726.666667
5.695286	 	7733.333333
1.495919	 	7740.000000
18.301205	 	7746.666667
-12.145325	 	7753.333333
1.807879	 	7760.000000
19.487118	 	7766.666667
5.214172	 	7773.333333
-12.706120	 	7780.000000
20.518216	 	7786.666667
16.246555	 	7793.333333
-3.105324	 	7800.000000
-9.514988	 	7806.666667
6.788412	 	7813.333333
-11.260202	 	7820.000000
19.200423	 	7826.666667
12.384257	 	7833.333333
-2.079120	 	7840.000000
-13.929852	 	7846.666667
12.839850	 	7853.333333
3.319012	 	7860.000000
10.482247	 	7866.666667
-1.484100	 	7873.333333
8.763804	 	7880.000000
9.665414	 	7886.666667
0.912037	 	7893.333333
-14.290801	 	7900.000000
7.129404	 	7906.666667
1.668915	 	7913.333333
13.529007	 	7920.000000
6.078994	 	7926.666667
-8.651125	 	7933.333333
-1.308721	 	7940.000000
12.870179	 	7946.666667
-5.257636	 	7953.333333
-3.402708	 	7960.000000
19.321199	 	7966.666667
14.057821	 	7973.333333
-5.094161	 	7980.000000
-4.153818	 	7986.666667
-4.998708	 	7993.333333
-4.564239	 	8000.000000
14.113805	 	8006.666667
10.618544	 	8013.333333
3.311795	 	8020.000000
-11.258160	 	8026.666667
-4.992351	 	8033.333333
10.674617	 	8040.000000
11.427040	 	8046.666667
-3.723216	 	8053.333333
-6.907309	 	8060.000000
0.901669	 	8066.666667
2.767577	 	8073.333333
12.748817	 	8080.000000
6.164632	 	8086.666667
7.479955	 	8093.333333
-7.200286	 	8100.000000
-1.100118	 	8106.666667
-4.068253	 	8113.333333
-2.843909	 	8120.000000
14.548338	 	8126.666667
17.475450	 	8133.333333
6.570076	 	8140.000000
-2.266814	 	8146.666667
-19.434983	 	8153.333333
-13.148878	 	8160.000000
18.091944	 	8166.666667
17.417138	 	8173.333333
6.068533	 	8180.000000
-0.371440	 	8186.666667
-7.591504	 	8193.333333
-7.422772	 	8200.000000
18.005471	 	8206.666667
10.489037	 	8213.333333
4.923898	 	8220.000000
-7.918289	 	8226.666667
-5.744242	 	8233.333333
-3.264903	 	8240.000000
10.250790	 	8246.666667
4.603707	 	8253.333333
0.845149	 	8260.000000
-1.077173	 	8266.666667
3.158407	 	8273.333333
2.503060	 	8280.000000
0.772250	 	8286.666667
-6.483725	 	8293.333333
14.592549	 	8300.000000
8.909723	 	8306.666667
-6.126302	 	8313.333333
-10.651754	 	8320.000000
3.269855	 	8326.666667
11.498845	 	8333.333333
15.399144	 	8340.000000
6.851154	 	8346.666667
-20.419398	 	8353.333333
-6.752147	 	8360.000000
5.447113	 	8366.666667
8.099403	 	8373.333333
0.955712	 	8380.000000
3.242587	 	8386.666667
9.754135	 	8393.333333
8.612347	 	8400.000000
-1.068438	 	8406.666667
1.277759	 	8413.333333
-6.808081	 	8420.000000
-2.418172	 	8426.666667
9.298896	 	8433.333333
-1.042545	 	8440.000000
6.797711	 	8446.666667
11.223740	 	8453.333333
-7.333818	 	8460.000000
-4.172640	 	8466.666667
7.273021	 	8473.333333
2.074228	 	8480.000000
-1.069363	 	8486.666667
3.015238	 	8493.333333
6.544221	 	8500.000000
4.727942	 	8506.666667
-12.865372	 	8513.333333
9.484468	 	8520.000000
13.500691	 	8526.666667
-1.523916	 	8533.333333
3.977080	 	8540.000000
-9.347687	 	8546.666667
-8.018903	 	8553.333333
1.018253	 	8560.000000
18.943481	 	8566.666667
-2.626995	 	8573.333333
-6.298838	 	8580.000000
-0.257013	 	8586.666667
1.171094	 	8593.333333
-1.467352	 	8600.000000
5.395470	 	8606.666667
8.492252	 	8613.333333
-2.351505	 	8620.000000
1.614423	 	8626.666667
-0.059371	 	8633.333333
-7.373946	 	8640.000000
-2.406935	 	8646.666667
17.404956	 	8653.333333
2.964054	 	8660.000000
8.678765	 	8666.666667
-12.883736	 	8673.333333
-7.280246	 	8680.000000
-1.251882	 	8686.666667
16.507957	 	8693.333333
-4.725635	 	8700.000000
11.455821	 	8706.666667
-2.541814	 	8713.333333
-3.954150	 	8720.000000
-1.824732	 	8726.666667
-6.126037	 	8733.333333
-7.710687	 	8740.000000
9.318931	 	8746.666667
9.715017	 	8753.333333
8.400712	 	8760.000000
-3.859140	 	8766.666667
-9.357735	 	8773.333333
-18.258575	 	8780.000000
9.464797	 	8786.666667
11.910563	 	8793.333333
15.326156	 	8800.000000
-11.931739	 	8806.666667
-8.069008	 	8813.333333
-17.355513	 	8820.000000
10.144542	 	8826.666667
11.071733	 	8833.333333
16.313805	 	8840.000000
-10.136263	 	8846.666667
-4.690742	 	8853.333333
-17.183761	 	8860.000000
8.541011	 	8866.666667
5.427796	 	8873.333333
7.946453	 	8880.000000
4.280709	 	8886.666667
-7.896425	 	8893.333333
-17.157437	 	8900.000000
2.969261	 	8906.666667
-1.477937	 	8913.333333
15.548974	 	8920.000000
11.785793	 	8926.666667
-6.833260	 	8933.333333
-8.271045	 	8940.000000
6.627897	 	8946.666667
-8.657479	 	8953.333333
6.713387	 	8960.000000
3.092388	 	8966.666667
-3.190582	 	8973.333333
18.993953	 	8980.000000
-0.699722	 	8986.666667
-21.864934	 	8993.333333
0.811749	 	9000.000000
9.843443	 	9006.666667
-1.093720	 	9013.333333
-4.257078	 	9020.000000
-0.869086	 	9026.666667
4.565188	 	9033.333333
7.033512	 	9040.000000
-6.586976	 	9046.666667
-5.823498	 	9053.333333
2.079624	 	9060.000000
4.474220	 	9066.666667
4.663145	 	9073.333333
-0.123479	 	9080.000000
-6.997066	 	9086.666667
4.111791	 	9093.333333
-1.271545	 	9100.000000
-10.556150	 	9106.666667
-0.103132	 	9113.333333
15.755358	 	9120.000000
0.107956	 	9126.666667
-2.510321	 	9133.333333
-7.107899	 	9140.000000
0.190965	 	9146.666667
-7.043490	 	9153.333333
-2.457187	 	9160.000000
8.852052	 	9166.666667
5.250122	 	9173.333333
-7.619644	 	9180.000000
3.247112	 	9186.666667
-1.415564	 	9193.333333
-0.843488	 	9200.000000
-4.070114	 	9206.666667
-0.569984	 	9213.333333
-10.724582	 	9220.000000
-5.422761	 	9226.666667
7.193579	 	9233.333333
2.281621	 	9240.000000
-0.508901	 	9246.666667
8.419954	 	9253.333333
-7.617356	 	9260.000000
-12.580806	 	9266.666667
3.130188	 	9273.333333
11.035776	 	9280.000000
3.456691	 	9286.666667
-8.104099	 	9293.333333
-5.668115	 	9300.000000
7.511544	 	9306.666667
-10.631525	 	9313.333333
6.548760	 	9320.000000
7.293453	 	9326.666667
-4.300941	 	9333.333333
-13.324459	 	9340.000000
7.366461	 	9346.666667
-10.593008	 	9353.333333
15.699010	 	9360.000000
4.035344	 	9366.666667
-0.390717	 	9373.333333
-10.498182	 	9380.000000
-1.381484	 	9386.666667
-13.476023	 	9393.333333
10.067019	 	9400.000000
4.263924	 	9406.666667
1.112081	 	9413.333333
0.518585	 	9420.000000
-4.262920	 	9426.666667
-11.936521	 	9433.333333
7.614813	 	9440.000000
2.938973	 	9446.666667
5.403421	 	9453.333333
5.301655	 	9460.000000
-8.199492	 	9466.666667
-7.550720	 	9473.333333
-9.184565	 	9480.000000
-8.034921	 	9486.666667
6.258670	 	9493.333333
8.398746	 	9500.000000
-4.888704	 	9506.666667
-9.284607	 	9513.333333
-0.289652	 	9520.000000
3.181099	 	9526.666667
4.014160	 	9533.333333
8.709652	 	9540.000000
-1.539365	 	9546.666667
-8.581782	 	9553.333333
-12.138639	 	9560.000000
-6.398492	 	9566.666667
-1.761598	 	9573.333333
15.423526	 	9580.000000
7.741953	 	9586.666667
-6.289048	 	9593.333333
-14.199479	 	9600.000000
0.508881	 	9606.666667
0.534431	 	9613.333333
-3.373219	 	9620.000000
10.285896	 	9626.666667
-2.082661	 	9633.333333
-8.238152	 	9640.000000
-5.478901	 	9646.666667
5.497624	 	9653.333333
0.319729	 	9660.000000
6.368191	 	9666.666667
-7.630381	 	9673.333333
3.504527	 	9680.000000
-6.345209	 	9686.666667
-2.681547	 	9693.333333
-8.657508	 	9700.000000
10.537314	 	9706.666667
3.724104	 	9713.333333
-4.485122	 	9720.000000
-12.611167	 	9726.666667
0.308609	 	9733.333333
-1.490541	 	9740.000000
12.897693	 	9746.666667
-7.133389	 	9753.333333
-11.901571	 	9760.000000
-7.610837	 	9766.666667
-3.797186	 	9773.333333
11.454101	 	9780.000000
1.598464	 	9786.666667
-5.678295	 	9793.333333
-4.563530	 	9800.000000
0.497742	 	9806.666667
-2.220176	 	9813.333333
3.728330	 	9820.000000
-10.828592	 	9826.666667
6.793519	 	9833.333333
-0.278118	 	9840.000000
-5.837825	 	9846.666667
-2.722241	 	9853.333333
-2.990864	 	9860.000000
6.090541	 	9866.666667
-0.189749	 	9873.333333
-13.429105	 	9880.000000
-1.423208	 	9886.666667
2.869683	 	9893.333333
-1.430151	 	9900.000000
0.951835	 	9906.666667
-7.309868	 	9913.333333
-7.915723	 	9920.000000
7.533438	 	9926.666667
2.123462	 	9933.333333
-10.825041	 	9940.000000
-3.015460	 	9946.666667
0.537875	 	9953.333333
3.355562	 	9960.000000
-8.536559	 	9966.666667
-1.739525	 	9973.333333
-0.997130	 	9980.000000
-1.254170	 	9986.666667
-0.087773	 	9993.333333
-2.981137	 	10000.000000
-8.721319	 	10006.666667
-1.462801	 	10013.333333
-1.290305	 	10020.000000
3.461531	 	10026.666667
1.317347	 	10033.333333
-6.583332	 	10040.000000
-6.114731	 	10046.666667
-4.552447	 	10053.333333
-0.083898	 	10060.000000
9.648278	 	10066.666667
5.499100	 	10073.333333
-17.055026	 	10080.000000
-15.205869	 	10086.666667
-3.375525	 	10093.333333
-1.578324	 	10100.000000
17.917144	 	10106.666667
15.773429	 	10113.333333
-17.380288	 	10120.000000
-23.145226	 	10126.666667
-0.489010	 	10133.333333
12.548394	 	10140.000000
2.474800	 	10146.666667
-2.196999	 	10153.333333
-8.181992	 	10160.000000
-11.386096	 	10166.666667
-0.380261	 	10173.333333
-1.948000	 	10180.000000
6.350245	 	10186.666667
4.771137	 	10193.333333
0.608181	 	10200.000000
-15.624137	 	10206.666667
-8.813002	 	10213.333333
-3.465682	 	10220.000000
12.230120	 	10226.666667
-2.072357	 	10233.333333
7.360940	 	10240.000000
-7.484152	 	10246.666667
-4.351698	 	10253.333333
-8.038328	 	10260.000000
-7.980569	 	10266.666667
-7.619533	 	10273.333333
4.419151	 	10280.000000
3.601011	 	10286.666667
0.186084	 	10293.333333
-7.722486	 	10300.000000
1.603233	 	10306.666667
-7.531229	 	10313.333333
-2.955340	 	10320.000000
4.728149	 	10326.666667
-1.107544	 	10333.333333
-4.843024	 	10340.000000
-8.412525	 	10346.666667
-13.568490	 	10353.333333
-9.087016	 	10360.000000
4.403614	 	10366.666667
8.766825	 	10373.333333
8.810328	 	10380.000000
-9.028306	 	10386.666667
-13.094816	 	10393.333333
-6.123881	 	10400.000000
9.435906	 	10406.666667
3.133048	 	10413.333333
-19.655432	 	10420.000000
-2.359461	 	10426.666667
3.176776	 	10433.333333
3.523718	 	10440.000000
6.573784	 	10446.666667
4.855421	 	10453.333333
-18.587612	 	10460.000000
-2.095043	 	10466.666667
-6.764440	 	10473.333333
6.358674	 	10480.000000
0.903520	 	10486.666667
5.271520	 	10493.333333
-19.957379	 	10500.000000
7.842894	 	10506.666667
-10.616704	 	10513.333333
2.717277	 	10520.000000
-5.817206	 	10526.666667
7.162821	 	10533.333333
-12.964674	 	10540.000000
5.426863	 	10546.666667
-10.053257	 	10553.333333
7.561528	 	10560.000000
-11.564064	 	10566.666667
-0.119021	 	10573.333333
-9.225965	 	10580.000000
6.560319	 	10586.666667
-6.536878	 	10593.333333
9.259673	 	10600.000000
-5.700258	 	10606.666667
4.600339	 	10613.333333
-11.475257	 	10620.000000
-13.070922	 	10626.666667
-7.120795	 	10633.333333
16.495590	 	10640.000000
4.148692	 	10646.666667
3.849490	 	10653.333333
-14.788105	 	10660.000000
-3.889748	 	10666.666667
-12.364560	 	10673.333333
0.755364	 	10680.000000
1.449895	 	10686.666667
-2.120157	 	10693.333333
-22.556179	 	10700.000000
5.999893	 	10706.666667
12.177157	 	10713.333333
-5.261390	 	10720.000000
-13.619531	 	10726.666667
-2.800603	 	10733.333333
-5.996245	 	10740.000000
5.291176	 	10746.666667
-9.682056	 	10753.333333
-12.263700	 	10760.000000
11.386684	 	10766.666667
19.097609	 	10773.333333
-11.202355	 	10780.000000
-14.964556	 	10786.666667
-17.130192	 	10793.333333
-3.439181	 	10800.000000
12.441308	 	10806.666667
15.891325	 	10813.333333
-8.387585	 	10820.000000
-13.795590	 	10826.666667
-6.630028	 	10833.333333
0.036492	 	10840.000000
4.197445	 	10846.666667
4.438257	 	10853.333333
-3.249710	 	10860.000000
0.537658	 	10866.666667
-2.639191	 	10873.333333
-14.205379	 	10880.000000
-2.298571	 	10886.666667
-6.786411	 	10893.333333
4.567103	 	10900.000000
6.898390	 	10906.666667
1.237725	 	10913.333333
-31.295377	 	10920.000000
1.243267	 	10926.666667
8.107639	 	10933.333333
18.389870	 	10940.000000
-14.116346	 	10946.666667
-7.483618	 	10953.333333
-13.111211	 	10960.000000
4.941973	 	10966.666667
5.310466	 	10973.333333
-1.543916	 	10980.000000
-4.623567	 	10986.666667
2.681644	 	10993.333333
-0.917461	 	11000.000000
-9.959040	 	11006.666667
2.702736	 	11013.333333
-3.444456	 	11020.000000
1.978551	 	11026.666667
-9.940388	 	11033.333333
-0.184009	 	11040.000000
-4.311908	 	11046.666667
5.499556	 	11053.333333
-8.500868	 	11060.000000
-0.141716	 	11066.666667
-3.660316	 	11073.333333
-1.846781	 	11080.000000
-13.640399	 	11086.666667
8.893619	 	11093.333333
-4.114335	 	11100.000000
7.228509	 	11106.666667
-13.087756	 	11113.333333
1.737509	 	11120.000000
-4.898518	 	11126.666667
-4.422894	 	11133.333333
-4.494380	 	11140.000000
18.086788	 	11146.666667
-11.724659	 	11153.333333
-11.384323	 	11160.000000
-9.745986	 	11166.666667
-0.544896	 	11173.333333
-2.627815	 	11180.000000
17.604744	 	11186.666667
2.338659	 	11193.333333
-12.976101	 	11200.000000
-13.934525	 	11206.666667
-2.743949	 	11213.333333
-2.023245	 	11220.000000
5.170107	 	11226.666667
-0.528824	 	11233.333333
-6.273881	 	11240.000000
-11.184761	 	11246.666667
5.213778	 	11253.333333
-0.231358	 	11260.000000
-6.173196	 	11266.666667
1.061408	 	11273.333333
5.288706	 	11280.000000
-11.188219	 	11286.666667
-5.936240	 	11293.333333
-7.587556	 	11300.000000
7.527441	 	11306.666667
1.716155	 	11313.333333
-4.535454	 	11320.000000
-18.226044	 	11326.666667
-2.868944	 	11333.333333
-0.309550	 	11340.000000
7.389722	 	11346.666667
1.935538	 	11353.333333
-3.381145	 	11360.000000
-4.286876	 	11366.666667
-6.253024	 	11373.333333
-2.898396	 	11380.000000
-11.086460	 	11386.666667
1.979715	 	11393.333333
-1.406325	 	11400.000000
-10.068712	 	11406.666667
-0.113016	 	11413.333333
7.452754	 	11420.000000
-10.167964	 	11426.666667
3.423057	 	11433.333333
-1.513464	 	11440.000000
-7.754561	 	11446.666667
-4.674237	 	11453.333333
0.121453	 	11460.000000
3.232213	 	11466.666667
-8.485350	 	11473.333333
-9.715653	 	11480.000000
7.326213	 	11486.666667
-0.952389	 	11493.333333
-8.446168	 	11500.000000
1.823709	 	11506.666667
-2.522530	 	11513.333333
-12.853212	 	11520.000000
-13.680788	 	11526.666667
6.650404	 	11533.333333
15.347014	 	11540.000000
3.586878	 	11546.666667
-12.793002	 	11553.333333
-13.090506	 	11560.000000
-4.199520	 	11566.666667
1.765386	 	11573.333333
-5.991551	 	11580.000000
5.622887	 	11586.666667
1.087209	 	11593.333333
-15.754018	 	11600.000000
-3.893886	 	11606.666667
3.953268	 	11613.333333
-5.197965	 	11620.000000
0.282294	 	11626.666667
3.863556	 	11633.333333
0.875826	 	11640.000000
-21.952661	 	11646.666667
-5.404672	 	11653.333333
-3.181139	 	11660.000000
9.963175	 	11666.666667
-3.103120	 	11673.333333
1.306535	 	11680.000000
-4.661146	 	11686.666667
-16.822769	 	11693.333333
-7.891017	 	11700.000000
20.431001	 	11706.666667
15.176593	 	11713.333333
-6.926306	 	11720.000000
-29.894926	 	11726.666667
-22.105863	 	11733.333333
4.523290	 	11740.000000
11.674940	 	11746.666667
20.379861	 	11753.333333
2.120277	 	11760.000000
-29.357966	 	11766.666667
-38.156365	 	11773.333333
9.818594	 	11780.000000
29.866493	 	11786.666667
1.535274	 	11793.333333
-24.584659	 	11800.000000
-8.258561	 	11806.666667
5.804685	 	11813.333333
2.934016	 	11820.000000
-18.584172	 	11826.666667
-11.467508	 	11833.333333
-0.951577	 	11840.000000
9.788421	 	11846.666667
6.113285	 	11853.333333
27.613837	 	11860.000000
-27.628890	 	11866.666667
-27.735354	 	11873.333333
-33.194909	 	11880.000000
24.051057	 	11886.666667
-1.054168	 	11893.333333
24.028315	 	11900.000000
-7.071742	 	11906.666667
12.270104	 	11913.333333
-47.549659	 	11920.000000
-4.118959	 	11926.666667
-6.843509	 	11933.333333
29.660346	 	11940.000000
-14.608563	 	11946.666667
25.182133	 	11953.333333
-31.928856	 	11960.000000
-0.482129	 	11966.666667
-30.738739	 	11973.333333
24.308445	 	11980.000000
-7.987379	 	11986.666667
7.380053	 	11993.333333
-12.587993	 	12000.000000
5.904830	 	12006.666667
-31.496276	 	12013.333333
-47.480513	 	12020.000000
105.563492	 	12026.666667
56.642963	 	12033.333333
-160.916483	 	12040.000000
-4.957291	 	12046.666667
127.182059	 	12053.333333
-68.482606	 	12060.000000
-78.826730	 	12066.666667
-34.604110	 	12073.333333
180.130459	 	12080.000000
45.372642	 	12086.666667
-221.144049	 	12093.333333
128.863627	 	12100.000000
-20.515377	 	12106.666667
-92.844963	 	12113.333333
-112.673083	 	12120.000000
159.020308	 	12126.666667
249.939693	 	12133.333333
-175.299163	 	12140.000000
-223.477255	 	12146.666667
8.937233	 	12153.333333
203.796068	 	12160.000000
0.537951	 	12166.666667
-171.260600	 	12173.333333
123.316401	 	12180.000000
13.830216	 	12186.666667
-80.250372	 	12193.333333
-210.637874	 	12200.000000
309.598397	 	12206.666667
193.263713	 	12213.333333
-207.543178	 	12220.000000
-245.439809	 	12226.666667
26.702405	 	12233.333333
-59.553264	 	12240.000000
190.788217	 	12246.666667
441.971745	 	12253.333333
-270.997157	 	12260.000000
-382.827497	 	12266.666667
-46.722384	 	12273.333333
153.994799	 	12280.000000
42.715271	 	12286.666667
235.996427	 	12293.333333
-7.917474	 	12300.000000
-359.791917	 	12306.666667
39.224888	 	12313.333333
115.174777	 	12320.000000
248.761992	 	12326.666667
-468.445535	 	12333.333333
-86.021274	 	12340.000000
371.686878	 	12346.666667
513.244007	 	12353.333333
-512.176082	 	12360.000000
-539.267009	 	12366.666667
-103.797010	 	12373.333333
996.966642	 	12380.000000
-564.707310	 	12386.666667
163.704782	 	12393.333333
516.500829	 	12400.000000
-324.601433	 	12406.666667
-855.090057	 	12413.333333
-270.119923	 	12420.000000
1270.523556	 	12426.666667
4.455795	 	12433.333333
-278.417712	 	12440.000000
110.747837	 	12446.666667
-163.438254	 	12453.333333
-495.825833	 	12460.000000
-500.745765	 	12466.666667
937.736105	 	12473.333333
879.199077	 	12480.000000
-815.344878	 	12486.666667
-214.484078	 	12493.333333
-90.050259	 	12500.000000
396.274621	 	12506.666667
-263.440254	 	12513.333333
-507.690555	 	12520.000000
464.717154	 	12526.666667
428.821355	 	12533.333333
-782.273013	 	12540.000000
1161.454349	 	12546.666667
-734.416546	 	12553.333333
58.046176	 	12560.000000
-713.854663	 	12566.666667
1146.522228	 	12573.333333
-467.911904	 	12580.000000
-852.956655	 	12586.666667
1202.657620	 	12593.333333
-86.047336	 	12600.000000
-148.272016	 	12606.666667
-381.641086	 	12613.333333
-77.314465	 	12620.000000
455.878809	 	12626.666667
-251.950806	 	12633.333333
70.695991	 	12640.000000
221.539462	 	12646.666667
-615.659830	 	12653.333333
408.036134	 	12660.000000
72.128049	 	12666.666667
66.651068	 	12673.333333
-683.919454	 	12680.000000
887.543963	 	12686.666667
-614.931773	 	12693.333333
268.144528	 	12700.000000
4.619108	 	12706.666667
636.542234	 	12713.333333
-659.169344	 	12720.000000
-572.799467	 	12726.666667
-215.315880	 	12733.333333
470.624854	 	12740.000000
1200.096643	 	12746.666667
-608.180112	 	12753.333333
-637.651452	 	12760.000000
717.569351	 	12766.666667
-143.881779	 	12773.333333
-930.418369	 	12780.000000
-999.466536	 	12786.666667
3026.084397	 	12793.333333
-856.446295	 	12800.000000
-785.645890	 	12806.666667
-249.972138	 	12813.333333
1410.630822	 	12820.000000
-997.499400	 	12826.666667
-977.649904	 	12833.333333
-623.741668	 	12840.000000
3675.972602	 	12846.666667
-955.354184	 	12853.333333
-957.286382	 	12860.000000
-997.956677	 	12866.666667
-954.699078	 	12873.333333
2453.080299	 	12880.000000
-929.933145	 	12886.666667
1825.813294	 	12893.333333
-982.462224	 	12900.000000
-999.499800	 	12906.666667
-382.108803	 	12913.333333
647.211128	 	12920.000000
-999.054031	 	12926.666667
2827.052866	 	12933.333333
-929.789896	 	12940.000000
-972.125166	 	12946.666667
-548.577339	 	12953.333333
1181.999208	 	12960.000000
-935.956512	 	12966.666667
1157.696636	 	12973.333333
-994.781119	 	12980.000000
940.545519	 	12986.666667
445.504146	 	12993.333333
-994.678546	 	13000.000000
-926.948408	 	13006.666667
-736.563201	 	13013.333333
3679.211865	 	13020.000000
-999.580379	 	13026.666667
-982.307785	 	13033.333333
-999.871556	 	13040.000000
2432.220550	 	13046.666667
-997.228667	 	13053.333333
-994.881961	 	13060.000000
1445.809720	 	13066.666667
-986.462535	 	13073.333333
-999.992172	 	13080.000000
2044.371604	 	13086.666667
1128.034582	 	13093.333333
-999.597869	 	13100.000000
-999.925330	 	13106.666667
-998.927153	 	13113.333333
-918.365423	 	13120.000000
2791.819010	 	13126.666667
1280.694826	 	13133.333333
-994.234359	 	13140.000000
-615.349603	 	13146.666667
-999.939072	 	13153.333333
-999.998730	 	13160.000000
2244.605416	 	13166.666667
-381.595512	 	13173.333333
1139.091149	 	13180.000000
-999.998730	 	13186.666667
-700.820418	 	13193.333333
-999.293360	 	13200.000000
-999.998385	 	13206.666667
-999.998730	 	13213.333333
7120.294957	 	13220.000000
-999.998730	 	13226.666667
-999.998730	 	13233.333333
-999.998730	 	13240.000000
-999.998733	 	13246.666667
-999.998734	 	13253.333333
-999.998735	 	13260.000000
-999.998744	 	13266.666667
-999.998764	 	13273.333333
-999.998756	 	13280.000000
-999.998806	 	13286.666667
-999.998846	 	13293.333333
-999.998876	 	13300.000000
-999.998968	 	13306.666667
-999.999010	 	13313.333333
-999.998894	 	13320.000000
-999.998975	 	13326.666667
