#peak 	 	#time 
-999.999197	 	0.000000
-999.999036	 	6.666667
-999.998999	 	13.333333
-999.999535	 	20.000000
-999.999585	 	26.666667
-999.999040	 	33.333333
-999.999837	 	40.000000
-999.999652	 	46.666667
-999.999919	 	53.333333
-999.999174	 	60.000000
-1000.000000	 	66.666667
-1000.000000	 	73.333333
-1000.000000	 	80.000000
-1000.000000	 	86.666667
33143.751474	 	93.333333
-999.998865	 	100.000000
-999.998866	 	106.666667
-999.998870	 	113.333333
-999.998881	 	120.000000
-999.998869	 	126.666667
-999.998869	 	133.333333
-999.998876	 	140.000000
-999.998872	 	146.666667
-999.998864	 	153.333333
-999.998867	 	160.000000
-999.998866	 	166.666667
-999.998864	 	173.333333
-999.998864	 	180.000000
-999.571250	 	186.666667
5387.329606	 	193.333333
-208.312152	 	200.000000
-808.243938	 	206.666667
-859.025425	 	213.333333
-658.695001	 	220.000000
20.177352	 	226.666667
220.725394	 	233.333333
299.021483	 	240.000000
143.459158	 	246.666667
-326.183487	 	253.333333
125.691676	 	260.000000
-282.583654	 	266.666667
-321.805395	 	273.333333
94.874763	 	280.000000
-416.720263	 	286.666667
442.499085	 	293.333333
11.977928	 	300.000000
-97.098686	 	306.666667
-220.201581	 	313.333333
114.790326	 	320.000000
152.259709	 	326.666667
-96.220411	 	333.333333
-376.739109	 	340.000000
75.722370	 	346.666667
-42.066048	 	353.333333
541.022667	 	360.000000
112.310377	 	366.666667
-338.792269	 	373.333333
-301.311981	 	380.000000
-176.276459	 	386.666667
-116.628560	 	393.333333
367.907828	 	400.000000
368.991278	 	406.666667
-349.214390	 	413.333333
315.190674	 	420.000000
-152.691024	 	426.666667
-408.352855	 	433.333333
158.135100	 	440.000000
-220.264105	 	446.666667
183.311264	 	453.333333
217.229641	 	460.000000
153.866297	 	466.666667
-57.846161	 	473.333333
-231.011666	 	480.000000
-124.844901	 	486.666667
104.846403	 	493.333333
160.009026	 	500.000000
345.214619	 	506.666667
-223.860983	 	513.333333
-170.263719	 	520.000000
128.568121	 	526.666667
-65.043369	 	533.333333
-245.640051	 	540.000000
254.450390	 	546.666667
169.821928	 	553.333333
-175.959898	 	560.000000
-130.662514	 	566.666667
223.070093	 	573.333333
129.232733	 	580.000000
-76.754752	 	586.666667
-417.651381	 	593.333333
265.903595	 	600.000000
68.001192	 	606.666667
129.789242	 	613.333333
-172.489031	 	620.000000
-63.411180	 	626.666667
174.948966	 	633.333333
119.009329	 	640.000000
-11.347662	 	646.666667
-79.577813	 	653.333333
-296.433422	 	660.000000
-33.169526	 	666.666667
317.722108	 	673.333333
51.475033	 	680.000000
111.528264	 	686.666667
-100.983437	 	693.333333
-232.159924	 	700.000000
19.100385	 	706.666667
186.927568	 	713.333333
49.017979	 	720.000000
-141.437507	 	726.666667
45.041548	 	733.333333
-4.489063	 	740.000000
36.793785	 	746.666667
-34.369518	 	753.333333
-77.205460	 	760.000000
49.957449	 	766.666667
151.168590	 	773.333333
-115.196614	 	780.000000
28.899071	 	786.666667
101.064704	 	793.333333
-66.276976	 	800.000000
-68.841307	 	806.666667
-73.751884	 	813.333333
126.561104	 	820.000000
41.175276	 	826.666667
-94.289015	 	833.333333
18.980505	 	840.000000
103.897598	 	846.666667
-16.867281	 	853.333333
-8.052676	 	860.000000
-104.377303	 	866.666667
56.676041	 	873.333333
67.803147	 	880.000000
-53.225090	 	886.666667
-6.331798	 	893.333333
39.618021	 	900.000000
43.922492	 	906.666667
-47.389228	 	913.333333
-23.278996	 	920.000000
-15.134444	 	926.666667
-1.715805	 	933.333333
39.075095	 	940.000000
52.109128	 	946.666667
35.304323	 	953.333333
-17.755546	 	960.000000
-82.750418	 	966.666667
-30.332055	 	973.333333
62.036448	 	980.000000
17.948188	 	986.666667
15.519543	 	993.333333
19.166895	 	1000.000000
13.783033	 	1006.666667
-33.348151	 	1013.333333
-3.771102	 	1020.000000
-13.537544	 	1026.666667
4.408076	 	1033.333333
11.411763	 	1040.000000
22.710584	 	1046.666667
33.370829	 	1053.333333
4.028460	 	1060.000000
-40.431962	 	1066.666667
-19.041113	 	1073.333333
21.706562	 	1080.000000
18.805985	 	1086.666667
5.773849	 	1093.333333
2.180533	 	1100.000000
-4.865836	 	1106.666667
28.570158	 	1113.333333
-6.823240	 	1120.000000
-12.986325	 	1126.666667
-4.509100	 	1133.333333
2.360998	 	1140.000000
3.744043	 	1146.666667
22.710382	 	1153.333333
7.754537	 	1160.000000
9.014758	 	1166.666667
-15.661178	 	1173.333333
-0.612888	 	1180.000000
3.583504	 	1186.666667
8.304551	 	1193.333333
7.117023	 	1200.000000
-13.680059	 	1206.666667
32.350880	 	1213.333333
-6.141466	 	1220.000000
7.923766	 	1226.666667
-10.054318	 	1233.333333
-11.700055	 	1240.000000
19.287081	 	1246.666667
17.997467	 	1253.333333
-9.732213	 	1260.000000
11.899269	 	1266.666667
1.183451	 	1273.333333
-1.099322	 	1280.000000
-4.788252	 	1286.666667
8.594253	 	1293.333333
10.642708	 	1300.000000
5.910757	 	1306.666667
-0.771104	 	1313.333333
-4.451194	 	1320.000000
14.770677	 	1326.666667
7.282657	 	1333.333333
4.929458	 	1340.000000
-14.696992	 	1346.666667
-3.982196	 	1353.333333
15.506943	 	1360.000000
12.746715	 	1366.666667
9.284330	 	1373.333333
-10.518917	 	1380.000000
-6.567982	 	1386.666667
14.240013	 	1393.333333
5.163601	 	1400.000000
-7.328618	 	1406.666667
17.017467	 	1413.333333
12.759941	 	1420.000000
-0.275144	 	1426.666667
-7.810222	 	1433.333333
-13.067220	 	1440.000000
17.164278	 	1446.666667
29.542822	 	1453.333333
-16.381245	 	1460.000000
-2.619941	 	1466.666667
7.881171	 	1473.333333
9.208753	 	1480.000000
5.684249	 	1486.666667
-4.968294	 	1493.333333
1.559222	 	1500.000000
8.920903	 	1506.666667
-3.219382	 	1513.333333
12.895149	 	1520.000000
1.571654	 	1526.666667
11.869923	 	1533.333333
-9.554742	 	1540.000000
1.909816	 	1546.666667
1.747602	 	1553.333333
12.005747	 	1560.000000
6.321003	 	1566.666667
-1.417300	 	1573.333333
-10.920253	 	1580.000000
22.799640	 	1586.666667
8.361783	 	1593.333333
-1.123660	 	1600.000000
-5.868941	 	1606.666667
6.312757	 	1613.333333
2.860260	 	1620.000000
1.485080	 	1626.666667
-0.963064	 	1633.333333
14.368883	 	1640.000000
3.105569	 	1646.666667
-4.280062	 	1653.333333
15.238525	 	1660.000000
7.718111	 	1666.666667
-8.356834	 	1673.333333
-5.118477	 	1680.000000
3.574793	 	1686.666667
14.533773	 	1693.333333
14.664393	 	1700.000000
-4.198597	 	1706.666667
-1.491600	 	1713.333333
-9.158477	 	1720.000000
3.422176	 	1726.666667
19.964442	 	1733.333333
6.082881	 	1740.000000
-0.367522	 	1746.666667
-1.475330	 	1753.333333
7.376585	 	1760.000000
3.499018	 	1766.666667
3.241525	 	1773.333333
-5.358701	 	1780.000000
4.977361	 	1786.666667
8.670145	 	1793.333333
1.442312	 	1800.000000
8.842325	 	1806.666667
5.106833	 	1813.333333
-0.777065	 	1820.000000
-0.665959	 	1826.666667
5.803209	 	1833.333333
5.812009	 	1840.000000
3.703782	 	1846.666667
4.664827	 	1853.333333
-6.523911	 	1860.000000
5.945564	 	1866.666667
11.278316	 	1873.333333
3.464482	 	1880.000000
0.005560	 	1886.666667
1.613758	 	1893.333333
10.908651	 	1900.000000
-2.075650	 	1906.666667
-1.554215	 	1913.333333
-4.300008	 	1920.000000
11.980108	 	1926.666667
7.152443	 	1933.333333
11.640302	 	1940.000000
-3.788837	 	1946.666667
3.325749	 	1953.333333
-5.503130	 	1960.000000
12.230748	 	1966.666667
0.950783	 	1973.333333
1.533396	 	1980.000000
4.457605	 	1986.666667
2.729532	 	1993.333333
3.201582	 	2000.000000
14.743107	 	2006.666667
-6.643177	 	2013.333333
9.940382	 	2020.000000
-3.098808	 	2026.666667
9.690187	 	2033.333333
-6.892284	 	2040.000000
12.131774	 	2046.666667
1.319784	 	2053.333333
-0.625183	 	2060.000000
14.187232	 	2066.666667
12.140598	 	2073.333333
-11.556824	 	2080.000000
8.200064	 	2086.666667
-5.349873	 	2093.333333
9.974729	 	2100.000000
8.458200	 	2106.666667
6.121686	 	2113.333333
-0.052769	 	2120.000000
3.012846	 	2126.666667
-3.841638	 	2133.333333
13.463817	 	2140.000000
0.302158	 	2146.666667
5.671696	 	2153.333333
-1.640150	 	2160.000000
6.382974	 	2166.666667
5.073920	 	2173.333333
2.025010	 	2180.000000
6.479321	 	2186.666667
-1.856510	 	2193.333333
1.206479	 	2200.000000
3.223717	 	2206.666667
6.480771	 	2213.333333
7.797514	 	2220.000000
1.809885	 	2226.666667
-6.051440	 	2233.333333
6.329413	 	2240.000000
6.220609	 	2246.666667
-1.049914	 	2253.333333
3.728947	 	2260.000000
12.878734	 	2266.666667
4.402633	 	2273.333333
5.589388	 	2280.000000
-8.281505	 	2286.666667
-5.173184	 	2293.333333
5.636978	 	2300.000000
24.343403	 	2306.666667
-5.566528	 	2313.333333
7.421946	 	2320.000000
-15.588087	 	2326.666667
10.275267	 	2333.333333
14.306753	 	2340.000000
6.631469	 	2346.666667
-8.645600	 	2353.333333
4.595839	 	2360.000000
-0.425635	 	2366.666667
11.082523	 	2373.333333
0.664931	 	2380.000000
8.816862	 	2386.666667
-2.085000	 	2393.333333
7.125968	 	2400.000000
-1.600703	 	2406.666667
5.182073	 	2413.333333
1.476581	 	2420.000000
11.464469	 	2426.666667
0.302644	 	2433.333333
-2.385516	 	2440.000000
-0.802330	 	2446.666667
9.789676	 	2453.333333
17.787475	 	2460.000000
-5.549733	 	2466.666667
-8.155598	 	2473.333333
10.312125	 	2480.000000
8.661051	 	2486.666667
4.600199	 	2493.333333
-3.047085	 	2500.000000
6.187117	 	2506.666667
1.143232	 	2513.333333
8.576256	 	2520.000000
3.589077	 	2526.666667
-0.454849	 	2533.333333
-1.555101	 	2540.000000
7.200387	 	2546.666667
4.430746	 	2553.333333
20.785949	 	2560.000000
-8.192786	 	2566.666667
-12.887475	 	2573.333333
4.830902	 	2580.000000
17.012564	 	2586.666667
14.694718	 	2593.333333
-0.388410	 	2600.000000
-18.933486	 	2606.666667
8.892656	 	2613.333333
3.910911	 	2620.000000
18.076818	 	2626.666667
3.215007	 	2633.333333
-1.407630	 	2640.000000
-11.952393	 	2646.666667
11.967077	 	2653.333333
15.988838	 	2660.000000
9.322125	 	2666.666667
-5.192762	 	2673.333333
-6.791718	 	2680.000000
-0.248522	 	2686.666667
13.478143	 	2693.333333
14.229493	 	2700.000000
-0.398189	 	2706.666667
-26.766797	 	2713.333333
9.384269	 	2720.000000
32.162944	 	2726.666667
15.003357	 	2733.333333
-24.247985	 	2740.000000
-22.308229	 	2746.666667
40.315193	 	2753.333333
9.254072	 	2760.000000
-5.802325	 	2766.666667
-13.840467	 	2773.333333
9.967258	 	2780.000000
2.469089	 	2786.666667
16.013815	 	2793.333333
-1.414871	 	2800.000000
-15.158688	 	2806.666667
6.842837	 	2813.333333
28.263927	 	2820.000000
-10.192113	 	2826.666667
-14.636813	 	2833.333333
8.731045	 	2840.000000
25.832716	 	2846.666667
-6.440535	 	2853.333333
13.323706	 	2860.000000
-12.040288	 	2866.666667
-13.698651	 	2873.333333
22.463005	 	2880.000000
9.163386	 	2886.666667
-5.939485	 	2893.333333
-5.460145	 	2900.000000
0.496189	 	2906.666667
28.946257	 	2913.333333
-5.516137	 	2920.000000
-5.006020	 	2926.666667
13.558069	 	2933.333333
-11.443892	 	2940.000000
-3.113254	 	2946.666667
22.846835	 	2953.333333
14.567672	 	2960.000000
-25.830393	 	2966.666667
7.333351	 	2973.333333
24.998745	 	2980.000000
-6.205660	 	2986.666667
-15.824041	 	2993.333333
17.695808	 	3000.000000
27.041059	 	3006.666667
-18.970545	 	3013.333333
2.041345	 	3020.000000
2.120402	 	3026.666667
4.710804	 	3033.333333
-1.746096	 	3040.000000
12.861595	 	3046.666667
5.223409	 	3053.333333
-4.100359	 	3060.000000
10.518979	 	3066.666667
15.726060	 	3073.333333
-16.395459	 	3080.000000
-7.764381	 	3086.666667
24.195520	 	3093.333333
21.237380	 	3100.000000
-13.945356	 	3106.666667
-5.707750	 	3113.333333
12.545183	 	3120.000000
7.720309	 	3126.666667
34.493684	 	3133.333333
86.346632	 	3140.000000
126.227403	 	3146.666667
163.535049	 	3153.333333
215.543623	 	3160.000000
157.468128	 	3166.666667
146.999816	 	3173.333333
388.948441	 	3180.000000
1039.335758	 	3186.666667
2125.631107	 	3193.333333
2746.677926	 	3200.000000
2302.054205	 	3206.666667
2089.262369	 	3213.333333
2556.911259	 	3220.000000
3545.359718	 	3226.666667
4318.928632	 	3233.333333
4592.052014	 	3240.000000
4684.438391	 	3246.666667
4995.479758	 	3253.333333
5132.398140	 	3260.000000
5143.213421	 	3266.666667
5054.781330	 	3273.333333
5379.061301	 	3280.000000
5596.759143	 	3286.666667
5681.837602	 	3293.333333
5141.723948	 	3300.000000
5023.874024	 	3306.666667
5376.144232	 	3313.333333
5579.281741	 	3320.000000
5126.829983	 	3326.666667
4636.033383	 	3333.333333
4630.028361	 	3340.000000
4896.881901	 	3346.666667
4783.226233	 	3353.333333
4415.090898	 	3360.000000
4039.471279	 	3366.666667
3997.161711	 	3373.333333
4045.846529	 	3380.000000
3954.536682	 	3386.666667
3598.508106	 	3393.333333
3289.738013	 	3400.000000
3103.872804	 	3406.666667
3158.510098	 	3413.333333
3306.859222	 	3420.000000
3225.336680	 	3426.666667
2808.271902	 	3433.333333
2519.202438	 	3440.000000
2603.742420	 	3446.666667
2702.412195	 	3453.333333
2705.515942	 	3460.000000
2680.520123	 	3466.666667
2425.071514	 	3473.333333
2276.685741	 	3480.000000
2208.528475	 	3486.666667
2210.522917	 	3493.333333
2297.420948	 	3500.000000
2244.633154	 	3506.666667
2157.002681	 	3513.333333
2170.914708	 	3520.000000
2102.363137	 	3526.666667
1938.633623	 	3533.333333
1869.878301	 	3540.000000
1886.785415	 	3546.666667
1946.448295	 	3553.333333
1974.688333	 	3560.000000
1930.527954	 	3566.666667
1801.574919	 	3573.333333
1720.412465	 	3580.000000
1734.422370	 	3586.666667
1764.185227	 	3593.333333
1763.501496	 	3600.000000
1726.352100	 	3606.666667
1660.826596	 	3613.333333
1683.875875	 	3620.000000
1673.523756	 	3626.666667
1649.757054	 	3633.333333
1551.479415	 	3640.000000
1511.197152	 	3646.666667
1601.576974	 	3653.333333
1641.810060	 	3660.000000
1561.151738	 	3666.666667
1450.559196	 	3673.333333
1395.369120	 	3680.000000
1495.526637	 	3686.666667
1511.272514	 	3693.333333
1431.099842	 	3700.000000
1362.762328	 	3706.666667
1367.302195	 	3713.333333
1419.497262	 	3720.000000
1430.255560	 	3726.666667
1328.341254	 	3733.333333
1218.382550	 	3740.000000
1217.572720	 	3746.666667
1326.381306	 	3753.333333
1345.999381	 	3760.000000
1309.329657	 	3766.666667
1199.430716	 	3773.333333
1105.855663	 	3780.000000
1159.240702	 	3786.666667
1238.351431	 	3793.333333
1173.743157	 	3800.000000
1141.940222	 	3806.666667
1097.656890	 	3813.333333
1115.054528	 	3820.000000
1136.475392	 	3826.666667
1090.631728	 	3833.333333
993.132352	 	3840.000000
1001.748236	 	3846.666667
1012.215363	 	3853.333333
1115.951479	 	3860.000000
1093.483923	 	3866.666667
956.737810	 	3873.333333
898.212211	 	3880.000000
900.817239	 	3886.666667
953.869046	 	3893.333333
1016.398128	 	3900.000000
978.190444	 	3906.666667
923.126256	 	3913.333333
850.792210	 	3920.000000
883.229153	 	3926.666667
873.952002	 	3933.333333
880.133450	 	3940.000000
837.622348	 	3946.666667
824.276292	 	3953.333333
874.946955	 	3960.000000
860.894723	 	3966.666667
811.113161	 	3973.333333
722.572157	 	3980.000000
747.582415	 	3986.666667
781.549885	 	3993.333333
790.261237	 	4000.000000
782.052754	 	4006.666667
766.195126	 	4013.333333
706.715918	 	4020.000000
693.226552	 	4026.666667
702.701985	 	4033.333333
715.968911	 	4040.000000
681.806798	 	4046.666667
666.193166	 	4053.333333
663.430572	 	4060.000000
709.371233	 	4066.666667
623.765719	 	4073.333333
616.648615	 	4080.000000
598.946174	 	4086.666667
636.521663	 	4093.333333
650.635863	 	4100.000000
601.724740	 	4106.666667
594.474553	 	4113.333333
578.584511	 	4120.000000
554.907278	 	4126.666667
586.629314	 	4133.333333
592.398419	 	4140.000000
559.377240	 	4146.666667
520.374269	 	4153.333333
566.803009	 	4160.000000
531.270628	 	4166.666667
572.601310	 	4173.333333
478.756366	 	4180.000000
512.544035	 	4186.666667
501.313798	 	4193.333333
534.520845	 	4200.000000
481.614405	 	4206.666667
493.926558	 	4213.333333
481.701091	 	4220.000000
470.030099	 	4226.666667
522.819962	 	4233.333333
428.262437	 	4240.000000
434.210336	 	4246.666667
520.078668	 	4253.333333
399.575284	 	4260.000000
496.247178	 	4266.666667
410.765166	 	4273.333333
442.790109	 	4280.000000
430.124173	 	4286.666667
416.631381	 	4293.333333
414.342501	 	4300.000000
449.190980	 	4306.666667
361.800106	 	4313.333333
409.909650	 	4320.000000
438.603221	 	4326.666667
342.133717	 	4333.333333
422.382452	 	4340.000000
397.426223	 	4346.666667
296.080821	 	4353.333333
452.473790	 	4360.000000
340.801369	 	4366.666667
351.657429	 	4373.333333
398.602185	 	4380.000000
298.941188	 	4386.666667
380.438178	 	4393.333333
351.690287	 	4400.000000
274.154559	 	4406.666667
409.309611	 	4413.333333
313.510582	 	4420.000000
335.332977	 	4426.666667
303.012416	 	4433.333333
345.523272	 	4440.000000
272.034293	 	4446.666667
305.598832	 	4453.333333
289.869349	 	4460.000000
367.161870	 	4466.666667
274.303974	 	4473.333333
269.415914	 	4480.000000
356.493601	 	4486.666667
208.446638	 	4493.333333
236.899950	 	4500.000000
376.553695	 	4506.666667
217.103460	 	4513.333333
350.080661	 	4520.000000
233.184756	 	4526.666667
274.826239	 	4533.333333
248.832067	 	4540.000000
210.239044	 	4546.666667
297.944013	 	4553.333333
277.157568	 	4560.000000
248.024131	 	4566.666667
276.325004	 	4573.333333
192.950570	 	4580.000000
202.559919	 	4586.666667
306.581453	 	4593.333333
208.474881	 	4600.000000
215.826563	 	4606.666667
239.462962	 	4613.333333
261.329734	 	4620.000000
213.860224	 	4626.666667
214.999227	 	4633.333333
178.082702	 	4640.000000
278.284074	 	4646.666667
100.817971	 	4653.333333
277.692254	 	4660.000000
177.862585	 	4666.666667
317.881828	 	4673.333333
192.453780	 	4680.000000
127.301985	 	4686.666667
70.274187	 	4693.333333
483.813215	 	4700.000000
0.431763	 	4706.666667
240.229707	 	4713.333333
184.050368	 	4720.000000
221.767012	 	4726.666667
193.443332	 	4733.333333
89.645392	 	4740.000000
192.072197	 	4746.666667
311.674212	 	4753.333333
53.503846	 	4760.000000
310.613773	 	4766.666667
-29.467400	 	4773.333333
283.640390	 	4780.000000
198.756564	 	4786.666667
63.435494	 	4793.333333
177.532260	 	4800.000000
384.607134	 	4806.666667
-132.320439	 	4813.333333
295.415666	 	4820.000000
141.633235	 	4826.666667
86.955753	 	4833.333333
412.897424	 	4840.000000
-114.473616	 	4846.666667
127.071201	 	4853.333333
345.254393	 	4860.000000
-51.174314	 	4866.666667
370.856219	 	4873.333333
27.290930	 	4880.000000
40.683769	 	4886.666667
280.322084	 	4893.333333
53.696678	 	4900.000000
87.808418	 	4906.666667
386.490484	 	4913.333333
-77.657268	 	4920.000000
72.826793	 	4926.666667
331.813502	 	4933.333333
-69.640600	 	4940.000000
224.629644	 	4946.666667
229.144230	 	4953.333333
-2.851813	 	4960.000000
75.671084	 	4966.666667
165.431372	 	4973.333333
114.334645	 	4980.000000
193.127332	 	4986.666667
142.865674	 	4993.333333
-91.601172	 	5000.000000
233.652204	 	5006.666667
254.185866	 	5013.333333
-31.091245	 	5020.000000
168.031372	 	5026.666667
-8.691110	 	5033.333333
134.456316	 	5040.000000
273.549072	 	5046.666667
-1.290996	 	5053.333333
54.807801	 	5060.000000
228.572909	 	5066.666667
-49.238703	 	5073.333333
171.201363	 	5080.000000
201.823773	 	5086.666667
-35.209093	 	5093.333333
192.675765	 	5100.000000
74.042476	 	5106.666667
-21.213202	 	5113.333333
269.513839	 	5120.000000
46.671029	 	5126.666667
39.173369	 	5133.333333
158.644468	 	5140.000000
47.564577	 	5146.666667
79.165729	 	5153.333333
168.977379	 	5160.000000
38.928881	 	5166.666667
78.475263	 	5173.333333
78.576722	 	5180.000000
56.867172	 	5186.666667
209.457744	 	5193.333333
35.689638	 	5200.000000
-13.059528	 	5206.666667
166.247588	 	5213.333333
80.043813	 	5220.000000
56.077190	 	5226.666667
128.027944	 	5233.333333
32.931557	 	5240.000000
45.136208	 	5246.666667
138.345790	 	5253.333333
51.803299	 	5260.000000
78.873057	 	5266.666667
94.921648	 	5273.333333
27.777427	 	5280.000000
88.357818	 	5286.666667
83.629462	 	5293.333333
82.831619	 	5300.000000
54.655350	 	5306.666667
48.165051	 	5313.333333
75.890291	 	5320.000000
124.684239	 	5326.666667
24.156196	 	5333.333333
35.190360	 	5340.000000
118.899052	 	5346.666667
21.973139	 	5353.333333
81.453870	 	5360.000000
96.682149	 	5366.666667
2.260697	 	5373.333333
99.892188	 	5380.000000
79.536177	 	5386.666667
21.071398	 	5393.333333
93.285679	 	5400.000000
55.547659	 	5406.666667
24.581109	 	5413.333333
62.182906	 	5420.000000
67.849347	 	5426.666667
83.083381	 	5433.333333
77.454179	 	5440.000000
-1.474803	 	5446.666667
75.522993	 	5453.333333
57.280158	 	5460.000000
50.939767	 	5466.666667
88.887979	 	5473.333333
31.001631	 	5480.000000
50.421087	 	5486.666667
70.101256	 	5493.333333
20.148919	 	5500.000000
54.154477	 	5506.666667
90.490505	 	5513.333333
35.437772	 	5520.000000
37.863193	 	5526.666667
81.689537	 	5533.333333
33.265235	 	5540.000000
52.016222	 	5546.666667
46.922966	 	5553.333333
25.387369	 	5560.000000
64.469040	 	5566.666667
70.069425	 	5573.333333
23.015169	 	5580.000000
65.458747	 	5586.666667
18.826626	 	5593.333333
31.438367	 	5600.000000
86.272774	 	5606.666667
29.797727	 	5613.333333
41.402876	 	5620.000000
61.942800	 	5626.666667
6.550347	 	5633.333333
60.106247	 	5640.000000
58.010956	 	5646.666667
17.652946	 	5653.333333
59.107673	 	5660.000000
34.033515	 	5666.666667
18.634789	 	5673.333333
86.193509	 	5680.000000
22.215390	 	5686.666667
23.486364	 	5693.333333
53.502766	 	5700.000000
22.278274	 	5706.666667
48.043264	 	5713.333333
68.663030	 	5720.000000
10.495250	 	5726.666667
43.806521	 	5733.333333
11.573427	 	5740.000000
42.717096	 	5746.666667
59.995940	 	5753.333333
30.337734	 	5760.000000
22.298171	 	5766.666667
47.549953	 	5773.333333
40.993973	 	5780.000000
16.834721	 	5786.666667
38.807712	 	5793.333333
34.240161	 	5800.000000
36.880065	 	5806.666667
56.891186	 	5813.333333
15.642477	 	5820.000000
21.650259	 	5826.666667
36.580786	 	5833.333333
11.026173	 	5840.000000
49.725098	 	5846.666667
62.863272	 	5853.333333
0.920662	 	5860.000000
28.184461	 	5866.666667
43.271276	 	5873.333333
15.227163	 	5880.000000
49.297640	 	5886.666667
24.124997	 	5893.333333
12.189996	 	5900.000000
56.878246	 	5906.666667
12.105204	 	5913.333333
20.102812	 	5920.000000
52.380363	 	5926.666667
11.621567	 	5933.333333
37.796893	 	5940.000000
30.798927	 	5946.666667
18.351414	 	5953.333333
31.253162	 	5960.000000
16.580739	 	5966.666667
24.295289	 	5973.333333
54.033112	 	5980.000000
12.821295	 	5986.666667
11.347984	 	5993.333333
50.420130	 	6000.000000
11.654713	 	6006.666667
13.409841	 	6013.333333
38.019345	 	6020.000000
25.461853	 	6026.666667
21.711419	 	6033.333333
31.067485	 	6040.000000
20.720745	 	6046.666667
24.890187	 	6053.333333
25.259273	 	6060.000000
16.482967	 	6066.666667
33.839106	 	6073.333333
8.268958	 	6080.000000
21.555978	 	6086.666667
37.397813	 	6093.333333
25.156503	 	6100.000000
7.997957	 	6106.666667
23.881066	 	6113.333333
11.302626	 	6120.000000
30.463032	 	6126.666667
43.566264	 	6133.333333
-0.415085	 	6140.000000
17.596623	 	6146.666667
20.946739	 	6153.333333
12.943128	 	6160.000000
26.180714	 	6166.666667
19.447987	 	6173.333333
23.885794	 	6180.000000
29.623630	 	6186.666667
19.838965	 	6193.333333
9.472686	 	6200.000000
28.943860	 	6206.666667
19.233204	 	6213.333333
8.496106	 	6220.000000
13.051026	 	6226.666667
31.446743	 	6233.333333
34.192779	 	6240.000000
23.801144	 	6246.666667
-5.203986	 	6253.333333
9.562678	 	6260.000000
33.365234	 	6266.666667
19.695245	 	6273.333333
28.623850	 	6280.000000
14.232427	 	6286.666667
17.217237	 	6293.333333
18.709173	 	6300.000000
10.932961	 	6306.666667
11.540306	 	6313.333333
43.611486	 	6320.000000
10.305504	 	6326.666667
11.882952	 	6333.333333
23.061449	 	6340.000000
-2.052930	 	6346.666667
20.432300	 	6353.333333
20.435877	 	6360.000000
21.062858	 	6366.666667
23.864267	 	6373.333333
7.871558	 	6380.000000
4.393996	 	6386.666667
18.742447	 	6393.333333
22.595192	 	6400.000000
10.938191	 	6406.666667
16.607386	 	6413.333333
11.657618	 	6420.000000
29.435220	 	6426.666667
12.080790	 	6433.333333
12.342734	 	6440.000000
7.805268	 	6446.666667
6.876391	 	6453.333333
5.454656	 	6460.000000
42.784340	 	6466.666667
16.649792	 	6473.333333
16.790466	 	6480.000000
1.320442	 	6486.666667
9.058492	 	6493.333333
10.670180	 	6500.000000
28.936243	 	6506.666667
25.423448	 	6513.333333
6.318515	 	6520.000000
4.850614	 	6526.666667
11.491697	 	6533.333333
19.076243	 	6540.000000
18.202616	 	6546.666667
9.964171	 	6553.333333
11.940109	 	6560.000000
8.710720	 	6566.666667
17.850017	 	6573.333333
8.695623	 	6580.000000
16.850406	 	6586.666667
16.637986	 	6593.333333
11.729291	 	6600.000000
11.054192	 	6606.666667
20.518524	 	6613.333333
0.213349	 	6620.000000
7.017476	 	6626.666667
13.810688	 	6633.333333
26.054724	 	6640.000000
9.753916	 	6646.666667
-0.397197	 	6653.333333
24.522167	 	6660.000000
1.762824	 	6666.666667
9.161840	 	6673.333333
14.393778	 	6680.000000
22.034865	 	6686.666667
17.576914	 	6693.333333
-2.048651	 	6700.000000
10.060222	 	6706.666667
21.921468	 	6713.333333
7.629254	 	6720.000000
7.147560	 	6726.666667
3.929048	 	6733.333333
16.723126	 	6740.000000
13.977491	 	6746.666667
12.998102	 	6753.333333
8.844405	 	6760.000000
8.062802	 	6766.666667
1.230416	 	6773.333333
-3.661760	 	6780.000000
30.675081	 	6786.666667
21.512802	 	6793.333333
7.446261	 	6800.000000
9.750625	 	6806.666667
4.750814	 	6813.333333
0.710151	 	6820.000000
9.233197	 	6826.666667
19.119203	 	6833.333333
9.522985	 	6840.000000
3.949816	 	6846.666667
14.874973	 	6853.333333
2.537488	 	6860.000000
20.206272	 	6866.666667
15.341406	 	6873.333333
3.489531	 	6880.000000
3.805648	 	6886.666667
6.476789	 	6893.333333
-1.560465	 	6900.000000
17.651624	 	6906.666667
10.542101	 	6913.333333
14.189768	 	6920.000000
3.929247	 	6926.666667
-1.503641	 	6933.333333
6.050867	 	6940.000000
24.382033	 	6946.666667
6.577124	 	6953.333333
18.282518	 	6960.000000
10.909621	 	6966.666667
-13.353668	 	6973.333333
8.253480	 	6980.000000
19.984355	 	6986.666667
11.001617	 	6993.333333
9.897564	 	7000.000000
-0.892028	 	7006.666667
16.930321	 	7013.333333
-4.794025	 	7020.000000
3.914362	 	7026.666667
1.238192	 	7033.333333
21.068350	 	7040.000000
20.391324	 	7046.666667
6.764767	 	7053.333333
-2.922115	 	7060.000000
16.511281	 	7066.666667
-0.229615	 	7073.333333
19.637236	 	7080.000000
7.139699	 	7086.666667
1.077248	 	7093.333333
6.259668	 	7100.000000
11.373170	 	7106.666667
-0.186044	 	7113.333333
2.704919	 	7120.000000
11.339925	 	7126.666667
27.360819	 	7133.333333
-4.423042	 	7140.000000
-3.644381	 	7146.666667
0.368382	 	7153.333333
16.134618	 	7160.000000
17.914536	 	7166.666667
8.006727	 	7173.333333
-10.499218	 	7180.000000
11.715192	 	7186.666667
10.377641	 	7193.333333
7.962699	 	7200.000000
1.620597	 	7206.666667
10.122902	 	7213.333333
-9.050934	 	7220.000000
11.720548	 	7226.666667
8.166034	 	7233.333333
4.395070	 	7240.000000
6.458896	 	7246.666667
5.847729	 	7253.333333
11.286812	 	7260.000000
5.307403	 	7266.666667
-1.029414	 	7273.333333
9.278964	 	7280.000000
-5.082781	 	7286.666667
0.416764	 	7293.333333
18.728790	 	7300.000000
4.759829	 	7306.666667
12.768409	 	7313.333333
-2.529982	 	7320.000000
2.620229	 	7326.666667
8.679979	 	7333.333333
9.732978	 	7340.000000
10.834516	 	7346.666667
-11.823970	 	7353.333333
-5.661736	 	7360.000000
18.782344	 	7366.666667
6.255634	 	7373.333333
3.692484	 	7380.000000
15.420516	 	7386.666667
2.961090	 	7393.333333
-8.542317	 	7400.000000
16.841246	 	7406.666667
-1.002448	 	7413.333333
-6.965855	 	7420.000000
10.552446	 	7426.666667
24.313294	 	7433.333333
10.700579	 	7440.000000
-5.979517	 	7446.666667
0.737906	 	7453.333333
-7.607951	 	7460.000000
15.469857	 	7466.666667
14.747189	 	7473.333333
-6.854562	 	7480.000000
7.987117	 	7486.666667
1.632514	 	7493.333333
-0.908077	 	7500.000000
10.461060	 	7506.666667
9.848529	 	7513.333333
-3.185901	 	7520.000000
18.766020	 	7526.666667
-2.271198	 	7533.333333
-2.908429	 	7540.000000
2.226126	 	7546.666667
13.819799	 	7553.333333
3.245087	 	7560.000000
3.427270	 	7566.666667
-0.737052	 	7573.333333
20.396452	 	7580.000000
4.484080	 	7586.666667
-5.678181	 	7593.333333
0.403215	 	7600.000000
0.020683	 	7606.666667
-1.411077	 	7613.333333
2.428130	 	7620.000000
19.378247	 	7626.666667
13.986876	 	7633.333333
-10.000579	 	7640.000000
2.923339	 	7646.666667
2.086979	 	7653.333333
6.521568	 	7660.000000
14.592810	 	7666.666667
5.146671	 	7673.333333
1.921308	 	7680.000000
0.751580	 	7686.666667
-4.461870	 	7693.333333
15.832532	 	7700.000000
5.786659	 	7706.666667
-3.768821	 	7713.333333
1.269622	 	7720.000000
16.329708	 	7726.666667
2.097235	 	7733.333333
-11.485631	 	7740.000000
10.381929	 	7746.666667
9.099414	 	7753.333333
-4.648716	 	7760.000000
20.195184	 	7766.666667
-2.906791	 	7773.333333
-5.663559	 	7780.000000
11.577714	 	7786.666667
1.110294	 	7793.333333
18.152373	 	7800.000000
14.750005	 	7806.666667
-17.829865	 	7813.333333
-7.871148	 	7820.000000
2.350410	 	7826.666667
14.097073	 	7833.333333
-1.650838	 	7840.000000
11.146795	 	7846.666667
0.359587	 	7853.333333
2.986185	 	7860.000000
-5.342907	 	7866.666667
5.489933	 	7873.333333
3.982769	 	7880.000000
12.533359	 	7886.666667
-6.967760	 	7893.333333
-0.021433	 	7900.000000
8.173154	 	7906.666667
-3.446753	 	7913.333333
-3.740013	 	7920.000000
18.539397	 	7926.666667
0.693804	 	7933.333333
0.506440	 	7940.000000
-7.911461	 	7946.666667
3.322890	 	7953.333333
14.890676	 	7960.000000
3.903613	 	7966.666667
1.685253	 	7973.333333
-2.514411	 	7980.000000
-6.828367	 	7986.666667
9.215467	 	7993.333333
-0.930620	 	8000.000000
9.965616	 	8006.666667
-0.484088	 	8013.333333
-16.420571	 	8020.000000
11.297162	 	8026.666667
4.201807	 	8033.333333
5.162355	 	8040.000000
11.186296	 	8046.666667
7.017620	 	8053.333333
-16.620859	 	8060.000000
-0.196902	 	8066.666667
18.947090	 	8073.333333
-3.240497	 	8080.000000
1.648056	 	8086.666667
1.969362	 	8093.333333
6.266143	 	8100.000000
-1.110235	 	8106.666667
-5.927900	 	8113.333333
2.550972	 	8120.000000
0.887809	 	8126.666667
14.883888	 	8133.333333
1.769326	 	8140.000000
-4.578263	 	8146.666667
-2.476270	 	8153.333333
-11.588348	 	8160.000000
10.500922	 	8166.666667
13.947157	 	8173.333333
20.716159	 	8180.000000
-13.592294	 	8186.666667
-21.854356	 	8193.333333
8.696962	 	8200.000000
14.360606	 	8206.666667
0.566017	 	8213.333333
8.830049	 	8220.000000
-13.528443	 	8226.666667
-4.351662	 	8233.333333
4.966504	 	8240.000000
13.858822	 	8246.666667
9.876615	 	8253.333333
-0.959058	 	8260.000000
-7.805333	 	8266.666667
-9.821113	 	8273.333333
0.044599	 	8280.000000
18.510176	 	8286.666667
15.791586	 	8293.333333
-8.569810	 	8300.000000
-4.886083	 	8306.666667
6.852540	 	8313.333333
-6.824589	 	8320.000000
12.020346	 	8326.666667
-0.710108	 	8333.333333
-2.799117	 	8340.000000
17.261137	 	8346.666667
12.730687	 	8353.333333
-6.104289	 	8360.000000
-11.137646	 	8366.666667
-4.729172	 	8373.333333
8.358231	 	8380.000000
5.730391	 	8386.666667
16.248097	 	8393.333333
-8.750040	 	8400.000000
-1.510912	 	8406.666667
-1.888691	 	8413.333333
-3.238320	 	8420.000000
13.277283	 	8426.666667
-1.019405	 	8433.333333
-5.923592	 	8440.000000
15.812801	 	8446.666667
-0.061332	 	8453.333333
-5.319456	 	8460.000000
7.463517	 	8466.666667
-6.453796	 	8473.333333
-5.526939	 	8480.000000
13.606294	 	8486.666667
11.089303	 	8493.333333
-3.704013	 	8500.000000
-3.477742	 	8506.666667
-8.121610	 	8513.333333
-5.847098	 	8520.000000
15.291071	 	8526.666667
20.106479	 	8533.333333
-7.069868	 	8540.000000
-4.568787	 	8546.666667
-7.383039	 	8553.333333
0.526501	 	8560.000000
9.861411	 	8566.666667
15.850658	 	8573.333333
-6.191087	 	8580.000000
-12.123417	 	8586.666667
-2.080444	 	8593.333333
8.504848	 	8600.000000
1.328769	 	8606.666667
2.801657	 	8613.333333
-3.749824	 	8620.000000
1.089280	 	8626.666667
-4.407856	 	8633.333333
6.547981	 	8640.000000
-1.437139	 	8646.666667
7.686202	 	8653.333333
1.839775	 	8660.000000
5.045391	 	8666.666667
-12.678293	 	8673.333333
-8.635572	 	8680.000000
15.779102	 	8686.666667
20.944169	 	8693.333333
-20.029562	 	8700.000000
-5.843698	 	8706.666667
4.850947	 	8713.333333
5.243744	 	8720.000000
-2.633914	 	8726.666667
10.112872	 	8733.333333
-7.233287	 	8740.000000
11.373266	 	8746.666667
5.227843	 	8753.333333
-17.546820	 	8760.000000
0.917158	 	8766.666667
11.735996	 	8773.333333
-15.152698	 	8780.000000
16.970425	 	8786.666667
-2.045287	 	8793.333333
-1.113765	 	8800.000000
0.348387	 	8806.666667
2.121642	 	8813.333333
-2.236925	 	8820.000000
2.846822	 	8826.666667
-9.070100	 	8833.333333
7.033096	 	8840.000000
7.151961	 	8846.666667
0.289193	 	8853.333333
-15.921944	 	8860.000000
2.177743	 	8866.666667
0.039587	 	8873.333333
12.716956	 	8880.000000
-0.882600	 	8886.666667
-18.286123	 	8893.333333
4.077951	 	8900.000000
8.099118	 	8906.666667
1.470886	 	8913.333333
0.259519	 	8920.000000
-9.510817	 	8926.666667
6.625819	 	8933.333333
-3.928580	 	8940.000000
9.141314	 	8946.666667
10.836815	 	8953.333333
-4.448591	 	8960.000000
-1.775655	 	8966.666667
-7.652770	 	8973.333333
-3.230341	 	8980.000000
10.967553	 	8986.666667
3.799662	 	8993.333333
-6.082509	 	9000.000000
3.852489	 	9006.666667
1.027837	 	9013.333333
-9.468422	 	9020.000000
-2.697700	 	9026.666667
6.089268	 	9033.333333
10.342871	 	9040.000000
5.614072	 	9046.666667
-11.411537	 	9053.333333
-5.163851	 	9060.000000
6.172804	 	9066.666667
1.567024	 	9073.333333
-2.082479	 	9080.000000
6.224547	 	9086.666667
3.384851	 	9093.333333
-9.897050	 	9100.000000
10.398665	 	9106.666667
-5.063065	 	9113.333333
4.687456	 	9120.000000
-3.912958	 	9126.666667
-3.136546	 	9133.333333
3.643498	 	9140.000000
-3.328405	 	9146.666667
1.530884	 	9153.333333
13.365465	 	9160.000000
-8.325642	 	9166.666667
-8.220074	 	9173.333333
3.397542	 	9180.000000
4.851945	 	9186.666667
9.393392	 	9193.333333
-4.272518	 	9200.000000
-3.304394	 	9206.666667
3.905796	 	9213.333333
0.634414	 	9220.000000
-8.895017	 	9226.666667
3.874395	 	9233.333333
6.496951	 	9240.000000
-5.106659	 	9246.666667
7.267239	 	9253.333333
-5.682136	 	9260.000000
0.742797	 	9266.666667
-10.390680	 	9273.333333
1.203008	 	9280.000000
20.721428	 	9286.666667
-8.713087	 	9293.333333
1.935389	 	9300.000000
-6.685774	 	9306.666667
-9.096370	 	9313.333333
7.645621	 	9320.000000
9.104689	 	9326.666667
-1.854341	 	9333.333333
-3.118541	 	9340.000000
-0.347802	 	9346.666667
-0.944873	 	9353.333333
-5.752643	 	9360.000000
7.372983	 	9366.666667
2.136187	 	9373.333333
-0.440724	 	9380.000000
4.625817	 	9386.666667
1.555161	 	9393.333333
-6.517821	 	9400.000000
0.449880	 	9406.666667
3.419916	 	9413.333333
1.746164	 	9420.000000
2.302624	 	9426.666667
-7.959900	 	9433.333333
-0.207032	 	9440.000000
10.860432	 	9446.666667
1.299158	 	9453.333333
-2.141722	 	9460.000000
-5.062145	 	9466.666667
6.705823	 	9473.333333
4.078004	 	9480.000000
-14.488209	 	9486.666667
0.997648	 	9493.333333
10.475176	 	9500.000000
7.214832	 	9506.666667
-4.207141	 	9513.333333
-7.559364	 	9520.000000
-3.137858	 	9526.666667
4.029170	 	9533.333333
-4.639130	 	9540.000000
0.855740	 	9546.666667
11.052157	 	9553.333333
2.083236	 	9560.000000
-9.378286	 	9566.666667
3.910658	 	9573.333333
-9.992856	 	9580.000000
-1.772775	 	9586.666667
7.190420	 	9593.333333
10.239458	 	9600.000000
10.823932	 	9606.666667
-26.488708	 	9613.333333
-12.896105	 	9620.000000
12.752098	 	9626.666667
23.390321	 	9633.333333
-7.929527	 	9640.000000
-11.238139	 	9646.666667
-2.298488	 	9653.333333
5.427940	 	9660.000000
-0.677371	 	9666.666667
-2.508180	 	9673.333333
-4.888183	 	9680.000000
3.980560	 	9686.666667
-1.975286	 	9693.333333
4.396627	 	9700.000000
3.321807	 	9706.666667
-8.808610	 	9713.333333
-12.647729	 	9720.000000
18.536632	 	9726.666667
10.329241	 	9733.333333
-17.573243	 	9740.000000
-5.767293	 	9746.666667
9.189956	 	9753.333333
1.131010	 	9760.000000
17.450304	 	9766.666667
-10.878026	 	9773.333333
-5.369719	 	9780.000000
-5.623419	 	9786.666667
-8.954991	 	9793.333333
10.454055	 	9800.000000
10.033261	 	9806.666667
-2.255266	 	9813.333333
0.516398	 	9820.000000
-9.732691	 	9826.666667
-3.160224	 	9833.333333
6.467821	 	9840.000000
3.184825	 	9846.666667
-2.261249	 	9853.333333
-11.193163	 	9860.000000
3.033332	 	9866.666667
16.975856	 	9873.333333
1.822348	 	9880.000000
-15.439309	 	9886.666667
-5.214271	 	9893.333333
-3.203604	 	9900.000000
-1.546765	 	9906.666667
18.887730	 	9913.333333
-6.863046	 	9920.000000
-9.755183	 	9926.666667
1.593143	 	9933.333333
4.219741	 	9940.000000
-1.555172	 	9946.666667
14.095190	 	9953.333333
-16.487822	 	9960.000000
-9.432367	 	9966.666667
6.084371	 	9973.333333
11.291946	 	9980.000000
-1.520461	 	9986.666667
0.576844	 	9993.333333
-6.887696	 	10000.000000
3.482216	 	10006.666667
-10.871887	 	10013.333333
4.375890	 	10020.000000
9.654679	 	10026.666667
-9.239448	 	10033.333333
-2.300857	 	10040.000000
-0.977564	 	10046.666667
-4.496002	 	10053.333333
1.835614	 	10060.000000
1.255299	 	10066.666667
-1.509883	 	10073.333333
-0.726605	 	10080.000000
-2.092207	 	10086.666667
7.143238	 	10093.333333
-10.403536	 	10100.000000
1.727429	 	10106.666667
-1.661320	 	10113.333333
1.399798	 	10120.000000
10.500872	 	10126.666667
-4.716220	 	10133.333333
-18.059290	 	10140.000000
7.922836	 	10146.666667
0.547453	 	10153.333333
6.140884	 	10160.000000
-0.357644	 	10166.666667
3.415717	 	10173.333333
-11.986704	 	10180.000000
-2.804612	 	10186.666667
-8.938164	 	10193.333333
19.304136	 	10200.000000
5.077532	 	10206.666667
-2.748643	 	10213.333333
-15.982781	 	10220.000000
-1.713994	 	10226.666667
-5.387851	 	10233.333333
7.291650	 	10240.000000
11.772479	 	10246.666667
2.347223	 	10253.333333
-13.343266	 	10260.000000
-0.895634	 	10266.666667
-7.858780	 	10273.333333
6.426371	 	10280.000000
6.302075	 	10286.666667
3.226902	 	10293.333333
1.415492	 	10300.000000
-11.686702	 	10306.666667
-5.146910	 	10313.333333
-4.498853	 	10320.000000
4.668203	 	10326.666667
16.599794	 	10333.333333
-16.683275	 	10340.000000
1.259232	 	10346.666667
7.610628	 	10353.333333
-3.174954	 	10360.000000
-7.858144	 	10366.666667
5.192047	 	10373.333333
-6.117488	 	10380.000000
-5.927216	 	10386.666667
7.502017	 	10393.333333
1.301313	 	10400.000000
-7.219216	 	10406.666667
3.228853	 	10413.333333
-12.842637	 	10420.000000
15.615791	 	10426.666667
4.523257	 	10433.333333
-4.103739	 	10440.000000
-12.218570	 	10446.666667
-6.681464	 	10453.333333
3.368035	 	10460.000000
14.949358	 	10466.666667
-3.613615	 	10473.333333
1.335250	 	10480.000000
-1.368460	 	10486.666667
-10.702590	 	10493.333333
-8.121936	 	10500.000000
10.473726	 	10506.666667
-9.599840	 	10513.333333
12.842164	 	10520.000000
2.026545	 	10526.666667
-3.506193	 	10533.333333
-8.195268	 	10540.000000
-6.144486	 	10546.666667
-5.389208	 	10553.333333
10.638895	 	10560.000000
0.407250	 	10566.666667
2.763286	 	10573.333333
-11.686399	 	10580.000000
-4.319470	 	10586.666667
3.746895	 	10593.333333
2.725165	 	10600.000000
6.321665	 	10606.666667
-5.114282	 	10613.333333
-4.399797	 	10620.000000
-7.069546	 	10626.666667
13.682841	 	10633.333333
0.628569	 	10640.000000
-11.224558	 	10646.666667
3.263836	 	10653.333333
0.095542	 	10660.000000
-6.674616	 	10666.666667
0.852398	 	10673.333333
-10.187792	 	10680.000000
9.641251	 	10686.666667
6.503698	 	10693.333333
-4.889329	 	10700.000000
-5.443051	 	10706.666667
0.557193	 	10713.333333
-18.229773	 	10720.000000
16.146955	 	10726.666667
-0.467967	 	10733.333333
-3.364018	 	10740.000000
2.907146	 	10746.666667
-12.832322	 	10753.333333
9.831633	 	10760.000000
-7.030506	 	10766.666667
-9.092962	 	10773.333333
14.198070	 	10780.000000
-6.466007	 	10786.666667
0.382560	 	10793.333333
11.302241	 	10800.000000
-15.226060	 	10806.666667
-7.314213	 	10813.333333
6.525743	 	10820.000000
9.776499	 	10826.666667
5.103363	 	10833.333333
-4.463272	 	10840.000000
-17.149750	 	10846.666667
-7.194149	 	10853.333333
20.610703	 	10860.000000
-11.316540	 	10866.666667
0.196454	 	10873.333333
-0.954443	 	10880.000000
-7.192356	 	10886.666667
6.645545	 	10893.333333
-4.664671	 	10900.000000
-6.989770	 	10906.666667
6.047530	 	10913.333333
5.000792	 	10920.000000
-6.151560	 	10926.666667
-16.427831	 	10933.333333
1.424002	 	10940.000000
7.547671	 	10946.666667
3.783390	 	10953.333333
-0.231496	 	10960.000000
4.457254	 	10966.666667
-12.738426	 	10973.333333
-1.007940	 	10980.000000
-2.057476	 	10986.666667
-6.072924	 	10993.333333
9.914759	 	11000.000000
0.243124	 	11006.666667
-7.864015	 	11013.333333
8.117966	 	11020.000000
-11.006378	 	11026.666667
6.332301	 	11033.333333
-6.866336	 	11040.000000
5.617592	 	11046.666667
-0.086337	 	11053.333333
-6.310474	 	11060.000000
7.920458	 	11066.666667
-3.325390	 	11073.333333
-14.136510	 	11080.000000
1.823693	 	11086.666667
9.102478	 	11093.333333
-6.938412	 	11100.000000
3.666045	 	11106.666667
-12.684773	 	11113.333333
3.679952	 	11120.000000
3.414177	 	11126.666667
-1.512453	 	11133.333333
-1.840340	 	11140.000000
1.168831	 	11146.666667
-5.523120	 	11153.333333
2.122178	 	11160.000000
-6.954410	 	11166.666667
2.192409	 	11173.333333
4.980631	 	11180.000000
-10.374249	 	11186.666667
4.826187	 	11193.333333
10.838905	 	11200.000000
-11.430261	 	11206.666667
-3.482477	 	11213.333333
-3.236849	 	11220.000000
3.775528	 	11226.666667
6.711011	 	11233.333333
-4.960056	 	11240.000000
-12.634814	 	11246.666667
3.321099	 	11253.333333
-1.371580	 	11260.000000
-1.313119	 	11266.666667
-3.356580	 	11273.333333
6.525004	 	11280.000000
-3.214261	 	11286.666667
-1.944470	 	11293.333333
-13.264555	 	11300.000000
0.381707	 	11306.666667
6.003841	 	11313.333333
10.805162	 	11320.000000
-10.189406	 	11326.666667
-5.221390	 	11333.333333
-2.665769	 	11340.000000
1.015693	 	11346.666667
-0.350319	 	11353.333333
-1.652568	 	11360.000000
1.235388	 	11366.666667
-1.498134	 	11373.333333
0.510623	 	11380.000000
-0.510765	 	11386.666667
-0.008442	 	11393.333333
-14.518694	 	11400.000000
-1.109137	 	11406.666667
1.627372	 	11413.333333
2.498135	 	11420.000000
4.005315	 	11426.666667
-10.734274	 	11433.333333
-8.159980	 	11440.000000
13.311161	 	11446.666667
-8.450659	 	11453.333333
2.995381	 	11460.000000
-0.391676	 	11466.666667
-6.416656	 	11473.333333
-7.829300	 	11480.000000
-1.357487	 	11486.666667
2.619591	 	11493.333333
5.878460	 	11500.000000
-13.007924	 	11506.666667
-2.916530	 	11513.333333
0.726647	 	11520.000000
3.529169	 	11526.666667
-7.867314	 	11533.333333
-3.636326	 	11540.000000
1.575176	 	11546.666667
20.065528	 	11553.333333
-20.452078	 	11560.000000
-13.119785	 	11566.666667
4.646566	 	11573.333333
18.519660	 	11580.000000
-15.578912	 	11586.666667
-6.474921	 	11593.333333
1.267564	 	11600.000000
18.028553	 	11606.666667
-18.537229	 	11613.333333
-13.878605	 	11620.000000
-3.789575	 	11626.666667
11.926245	 	11633.333333
8.703590	 	11640.000000
-4.594865	 	11646.666667
-11.403944	 	11653.333333
8.410421	 	11660.000000
-14.833270	 	11666.666667
1.790767	 	11673.333333
-1.451721	 	11680.000000
-5.920565	 	11686.666667
5.019808	 	11693.333333
3.354409	 	11700.000000
-3.729643	 	11706.666667
-1.100447	 	11713.333333
-14.025521	 	11720.000000
7.581297	 	11726.666667
-2.564312	 	11733.333333
4.469025	 	11740.000000
-2.378723	 	11746.666667
1.702550	 	11753.333333
-8.241930	 	11760.000000
-2.685406	 	11766.666667
-6.157884	 	11773.333333
9.710982	 	11780.000000
1.708029	 	11786.666667
-3.345993	 	11793.333333
-3.666881	 	11800.000000
-4.633421	 	11806.666667
-11.814132	 	11813.333333
13.845351	 	11820.000000
5.105527	 	11826.666667
-11.769302	 	11833.333333
-4.688919	 	11840.000000
5.901467	 	11846.666667
3.867288	 	11853.333333
-9.121600	 	11860.000000
2.771751	 	11866.666667
-4.572307	 	11873.333333
1.028848	 	11880.000000
-2.307634	 	11886.666667
-21.306299	 	11893.333333
2.971096	 	11900.000000
28.376147	 	11906.666667
-1.529759	 	11913.333333
-33.788960	 	11920.000000
-0.904651	 	11926.666667
15.736481	 	11933.333333
-10.412815	 	11940.000000
-8.848366	 	11946.666667
17.077006	 	11953.333333
13.024741	 	11960.000000
-23.120595	 	11966.666667
-24.398866	 	11973.333333
-0.899810	 	11980.000000
27.926763	 	11986.666667
2.416744	 	11993.333333
-24.079543	 	12000.000000
6.538923	 	12006.666667
20.142606	 	12013.333333
-18.184399	 	12020.000000
-9.403269	 	12026.666667
-13.171553	 	12033.333333
13.129900	 	12040.000000
10.422544	 	12046.666667
-26.398200	 	12053.333333
23.861219	 	12060.000000
15.812180	 	12066.666667
-18.141480	 	12073.333333
-37.410565	 	12080.000000
6.528976	 	12086.666667
36.406957	 	12093.333333
-6.568726	 	12100.000000
-51.320874	 	12106.666667
23.797891	 	12113.333333
62.274384	 	12120.000000
-48.881019	 	12126.666667
-31.595517	 	12133.333333
13.450720	 	12140.000000
27.758304	 	12146.666667
5.570412	 	12153.333333
-86.374740	 	12160.000000
21.059920	 	12166.666667
96.782830	 	12173.333333
-14.442053	 	12180.000000
-45.092449	 	12186.666667
-31.260066	 	12193.333333
2.162454	 	12200.000000
33.731115	 	12206.666667
-52.217411	 	12213.333333
45.401977	 	12220.000000
55.536185	 	12226.666667
8.260740	 	12233.333333
-105.671017	 	12240.000000
-61.772026	 	12246.666667
33.595647	 	12253.333333
108.533668	 	12260.000000
-4.386562	 	12266.666667
33.097890	 	12273.333333
-109.921153	 	12280.000000
0.833894	 	12286.666667
-5.765166	 	12293.333333
19.603376	 	12300.000000
31.979271	 	12306.666667
-96.483437	 	12313.333333
122.775370	 	12320.000000
-37.398143	 	12326.666667
151.731112	 	12333.333333
-219.161054	 	12340.000000
-50.781217	 	12346.666667
89.865462	 	12353.333333
-21.455145	 	12360.000000
50.165836	 	12366.666667
92.854524	 	12373.333333
-206.254191	 	12380.000000
132.319716	 	12386.666667
3.462195	 	12393.333333
-23.280509	 	12400.000000
-62.735705	 	12406.666667
-75.782152	 	12413.333333
104.848189	 	12420.000000
58.609158	 	12426.666667
3.478907	 	12433.333333
41.948306	 	12440.000000
-173.282562	 	12446.666667
24.379415	 	12453.333333
79.858245	 	12460.000000
-48.652028	 	12466.666667
-161.794865	 	12473.333333
80.021396	 	12480.000000
287.346911	 	12486.666667
-101.909274	 	12493.333333
-74.078596	 	12500.000000
153.752236	 	12506.666667
-380.612870	 	12513.333333
-244.303828	 	12520.000000
324.749830	 	12526.666667
555.443248	 	12533.333333
-310.843232	 	12540.000000
-160.030027	 	12546.666667
115.651221	 	12553.333333
-354.047914	 	12560.000000
1.081518	 	12566.666667
48.190248	 	12573.333333
775.835685	 	12580.000000
-316.468137	 	12586.666667
-544.909169	 	12593.333333
-238.317531	 	12600.000000
1167.081310	 	12606.666667
-661.096834	 	12613.333333
-874.034200	 	12620.000000
1355.802135	 	12626.666667
-467.109698	 	12633.333333
523.031812	 	12640.000000
-717.220590	 	12646.666667
-684.846152	 	12653.333333
1563.154952	 	12660.000000
-308.778637	 	12666.666667
-872.950392	 	12673.333333
4.010368	 	12680.000000
643.003867	 	12686.666667
461.872935	 	12693.333333
-907.650078	 	12700.000000
-880.368420	 	12706.666667
2254.389394	 	12713.333333
-742.691335	 	12720.000000
-722.128535	 	12726.666667
-79.797842	 	12733.333333
890.978615	 	12740.000000
-712.122105	 	12746.666667
281.425392	 	12753.333333
-634.404438	 	12760.000000
1425.056366	 	12766.666667
-438.292466	 	12773.333333
-858.839440	 	12780.000000
-966.198279	 	12786.666667
1862.289778	 	12793.333333
474.484114	 	12800.000000
-913.970923	 	12806.666667
702.593105	 	12813.333333
-991.142190	 	12820.000000
-967.550551	 	12826.666667
929.844759	 	12833.333333
155.325520	 	12840.000000
1286.320292	 	12846.666667
-780.850919	 	12853.333333
-757.472099	 	12860.000000
-351.523078	 	12866.666667
1841.173766	 	12873.333333
-966.207733	 	12880.000000
-792.038013	 	12886.666667
-999.963745	 	12893.333333
2998.783910	 	12900.000000
-351.821789	 	12906.666667
-823.047893	 	12913.333333
-993.974350	 	12920.000000
-903.026792	 	12926.666667
3200.779904	 	12933.333333
-995.361785	 	12940.000000
-999.714099	 	12946.666667
862.079304	 	12953.333333
-183.588554	 	12960.000000
-998.939146	 	12966.666667
-972.276166	 	12973.333333
3758.600377	 	12980.000000
-997.780323	 	12986.666667
-981.417050	 	12993.333333
-565.013631	 	13000.000000
-144.396276	 	13006.666667
882.195566	 	13013.333333
466.548933	 	13020.000000
462.483252	 	13026.666667
-991.926416	 	13033.333333
-999.833225	 	13040.000000
1553.804484	 	13046.666667
-999.987955	 	13053.333333
-941.170477	 	13060.000000
2197.133818	 	13066.666667
-999.903413	 	13073.333333
1938.370021	 	13080.000000
-991.717416	 	13086.666667
-990.322970	 	13093.333333
-827.530844	 	13100.000000
-903.550886	 	13106.666667
2161.590374	 	13113.333333
1721.234344	 	13120.000000
-722.570555	 	13126.666667
-999.997703	 	13133.333333
-491.540324	 	13140.000000
-999.993019	 	13146.666667
853.436199	 	13153.333333
2129.425323	 	13160.000000
-841.804197	 	13166.666667
-999.032940	 	13173.333333
-153.985739	 	13180.000000
1448.951388	 	13186.666667
-999.950329	 	13193.333333
-999.998864	 	13200.000000
1473.589224	 	13206.666667
-999.975039	 	13213.333333
-999.992053	 	13220.000000
815.635756	 	13226.666667
-982.239566	 	13233.333333
5423.344024	 	13240.000000
-999.998864	 	13246.666667
-999.998864	 	13253.333333
-999.998865	 	13260.000000
-999.998866	 	13266.666667
-999.998877	 	13273.333333
-999.998888	 	13280.000000
-999.998879	 	13286.666667
-999.998881	 	13293.333333
-999.998904	 	13300.000000
-999.998887	 	13306.666667
-999.998998	 	13313.333333
-999.999088	 	13320.000000
-999.998875	 	13326.666667
