#peak 	 	#time 
7.257122	 	0.000000
5.867039	 	6.666667
7.700373	 	13.333333
6.033706	 	20.000000
8.578304	 	26.666667
5.744970	 	33.333333
5.911637	 	40.000000
4.744970	 	46.666667
6.578304	 	53.333333
4.078304	 	60.000000
7.244970	 	66.666667
5.244970	 	73.333333
5.744970	 	80.000000
4.744970	 	86.666667
4.578304	 	93.333333
2.244970	 	100.000000
6.744970	 	106.666667
3.911637	 	113.333333
3.911637	 	120.000000
4.744970	 	126.666667
5.578304	 	133.333333
4.578304	 	140.000000
8.078304	 	146.666667
2.744970	 	153.333333
4.078304	 	160.000000
5.078304	 	166.666667
3.578304	 	173.333333
4.744970	 	180.000000
5.744970	 	186.666667
2.744970	 	193.333333
4.078304	 	200.000000
3.411637	 	206.666667
2.578304	 	213.333333
5.744970	 	220.000000
3.578304	 	226.666667
2.744970	 	233.333333
3.411637	 	240.000000
2.578304	 	246.666667
2.078304	 	253.333333
2.578304	 	260.000000
1.244970	 	266.666667
4.744970	 	273.333333
4.744970	 	280.000000
2.578304	 	286.666667
4.244970	 	293.333333
2.744970	 	300.000000
4.244970	 	306.666667
5.244970	 	313.333333
1.578304	 	320.000000
2.411637	 	326.666667
3.078304	 	333.333333
0.744970	 	340.000000
2.078304	 	346.666667
2.578304	 	353.333333
3.911637	 	360.000000
-0.755030	 	366.666667
1.911637	 	373.333333
1.078304	 	380.000000
2.411637	 	386.666667
0.744970	 	393.333333
4.244970	 	400.000000
3.578304	 	406.666667
2.744970	 	413.333333
1.744970	 	420.000000
3.244970	 	426.666667
2.411637	 	433.333333
2.744970	 	440.000000
0.744970	 	446.666667
2.578304	 	453.333333
-0.755030	 	460.000000
1.911637	 	466.666667
0.911637	 	473.333333
1.244970	 	480.000000
2.911637	 	486.666667
1.078304	 	493.333333
-0.255030	 	500.000000
1.578304	 	506.666667
0.911637	 	513.333333
-1.088363	 	520.000000
0.578304	 	526.666667
2.078304	 	533.333333
-0.588363	 	540.000000
-0.088363	 	546.666667
-0.588363	 	553.333333
0.078304	 	560.000000
0.078304	 	566.666667
2.078304	 	573.333333
-0.088363	 	580.000000
2.078304	 	586.666667
2.578304	 	593.333333
3.744970	 	600.000000
1.578304	 	606.666667
1.078304	 	613.333333
0.578304	 	620.000000
2.244970	 	626.666667
-4.088363	 	633.333333
2.411637	 	640.000000
1.244970	 	646.666667
1.578304	 	653.333333
-0.588363	 	660.000000
-0.088363	 	666.666667
-1.421696	 	673.333333
3.078304	 	680.000000
0.911637	 	686.666667
2.578304	 	693.333333
-2.255030	 	700.000000
1.578304	 	706.666667
-0.088363	 	713.333333
0.578304	 	720.000000
0.744970	 	726.666667
0.244970	 	733.333333
0.411637	 	740.000000
0.744970	 	746.666667
-1.588363	 	753.333333
0.411637	 	760.000000
0.744970	 	766.666667
0.578304	 	773.333333
1.411637	 	780.000000
1.578304	 	786.666667
-1.421696	 	793.333333
-0.088363	 	800.000000
-3.921696	 	806.666667
1.078304	 	813.333333
-0.255030	 	820.000000
2.078304	 	826.666667
1.578304	 	833.333333
-0.421696	 	840.000000
1.078304	 	846.666667
-2.088363	 	853.333333
0.078304	 	860.000000
-0.755030	 	866.666667
-3.421696	 	873.333333
0.078304	 	880.000000
0.244970	 	886.666667
1.244970	 	893.333333
1.411637	 	900.000000
0.578304	 	906.666667
-1.088363	 	913.333333
0.411637	 	920.000000
-0.755030	 	926.666667
1.578304	 	933.333333
-1.088363	 	940.000000
-0.255030	 	946.666667
-0.088363	 	953.333333
0.244970	 	960.000000
-0.088363	 	966.666667
-0.255030	 	973.333333
3.578304	 	980.000000
-0.755030	 	986.666667
0.578304	 	993.333333
-0.588363	 	1000.000000
0.411637	 	1006.666667
-0.588363	 	1013.333333
1.578304	 	1020.000000
1.411637	 	1026.666667
1.244970	 	1033.333333
0.411637	 	1040.000000
1.078304	 	1046.666667
-2.421696	 	1053.333333
1.411637	 	1060.000000
1.244970	 	1066.666667
-0.255030	 	1073.333333
-0.421696	 	1080.000000
0.911637	 	1086.666667
-0.755030	 	1093.333333
0.078304	 	1100.000000
1.411637	 	1106.666667
-2.755030	 	1113.333333
-0.588363	 	1120.000000
-0.255030	 	1126.666667
-2.088363	 	1133.333333
-1.421696	 	1140.000000
0.744970	 	1146.666667
-1.088363	 	1153.333333
1.078304	 	1160.000000
2.744970	 	1166.666667
-0.588363	 	1173.333333
0.244970	 	1180.000000
-0.088363	 	1186.666667
-0.755030	 	1193.333333
-0.255030	 	1200.000000
-2.255030	 	1206.666667
-0.921696	 	1213.333333
1.411637	 	1220.000000
-1.921696	 	1226.666667
0.911637	 	1233.333333
2.578304	 	1240.000000
0.744970	 	1246.666667
0.244970	 	1253.333333
-0.755030	 	1260.000000
-1.255030	 	1266.666667
-1.421696	 	1273.333333
0.911637	 	1280.000000
-1.088363	 	1286.666667
-1.088363	 	1293.333333
1.078304	 	1300.000000
-0.088363	 	1306.666667
1.078304	 	1313.333333
0.244970	 	1320.000000
0.578304	 	1326.666667
0.244970	 	1333.333333
-2.921696	 	1340.000000
-0.588363	 	1346.666667
0.411637	 	1353.333333
0.411637	 	1360.000000
0.744970	 	1366.666667
-0.255030	 	1373.333333
2.078304	 	1380.000000
1.744970	 	1386.666667
-0.255030	 	1393.333333
-0.755030	 	1400.000000
1.244970	 	1406.666667
-1.255030	 	1413.333333
1.078304	 	1420.000000
2.078304	 	1426.666667
-0.255030	 	1433.333333
1.744970	 	1440.000000
-1.588363	 	1446.666667
1.244970	 	1453.333333
-1.588363	 	1460.000000
-2.255030	 	1466.666667
-0.755030	 	1473.333333
4.744970	 	1480.000000
3.244970	 	1486.666667
3.744970	 	1493.333333
0.244970	 	1500.000000
-0.255030	 	1506.666667
3.078304	 	1513.333333
4.911637	 	1520.000000
4.078304	 	1526.666667
2.744970	 	1533.333333
3.078304	 	1540.000000
1.578304	 	1546.666667
4.244970	 	1553.333333
5.744970	 	1560.000000
2.411637	 	1566.666667
4.411637	 	1573.333333
0.078304	 	1580.000000
2.744970	 	1586.666667
2.744970	 	1593.333333
1.411637	 	1600.000000
0.578304	 	1606.666667
1.411637	 	1613.333333
1.578304	 	1620.000000
1.244970	 	1626.666667
2.078304	 	1633.333333
1.911637	 	1640.000000
0.411637	 	1646.666667
0.244970	 	1653.333333
0.078304	 	1660.000000
3.078304	 	1666.666667
-1.755030	 	1673.333333
0.411637	 	1680.000000
1.578304	 	1686.666667
2.578304	 	1693.333333
0.911637	 	1700.000000
1.911637	 	1706.666667
2.578304	 	1713.333333
1.578304	 	1720.000000
0.578304	 	1726.666667
1.911637	 	1733.333333
-0.088363	 	1740.000000
1.244970	 	1746.666667
0.411637	 	1753.333333
-0.255030	 	1760.000000
1.078304	 	1766.666667
0.744970	 	1773.333333
1.911637	 	1780.000000
-0.755030	 	1786.666667
-0.088363	 	1793.333333
1.578304	 	1800.000000
0.244970	 	1806.666667
1.411637	 	1813.333333
-0.088363	 	1820.000000
-1.255030	 	1826.666667
-0.921696	 	1833.333333
0.578304	 	1840.000000
-0.755030	 	1846.666667
0.244970	 	1853.333333
0.744970	 	1860.000000
0.411637	 	1866.666667
0.744970	 	1873.333333
-1.255030	 	1880.000000
1.411637	 	1886.666667
2.078304	 	1893.333333
1.578304	 	1900.000000
-1.088363	 	1906.666667
0.411637	 	1913.333333
-0.755030	 	1920.000000
0.244970	 	1926.666667
1.244970	 	1933.333333
3.411637	 	1940.000000
2.244970	 	1946.666667
1.578304	 	1953.333333
0.411637	 	1960.000000
0.078304	 	1966.666667
0.911637	 	1973.333333
-0.255030	 	1980.000000
-0.088363	 	1986.666667
-1.588363	 	1993.333333
-0.421696	 	2000.000000
1.244970	 	2006.666667
-0.255030	 	2013.333333
2.744970	 	2020.000000
1.911637	 	2026.666667
-2.421696	 	2033.333333
0.911637	 	2040.000000
0.078304	 	2046.666667
3.078304	 	2053.333333
5.078304	 	2060.000000
5.078304	 	2066.666667
3.078304	 	2073.333333
5.578304	 	2080.000000
3.911637	 	2086.666667
4.911637	 	2093.333333
6.578304	 	2100.000000
0.744970	 	2106.666667
5.078304	 	2113.333333
2.744970	 	2120.000000
2.578304	 	2126.666667
2.244970	 	2133.333333
5.244970	 	2140.000000
3.078304	 	2146.666667
2.578304	 	2153.333333
4.578304	 	2160.000000
1.744970	 	2166.666667
4.911637	 	2173.333333
2.411637	 	2180.000000
4.911637	 	2186.666667
4.411637	 	2193.333333
2.244970	 	2200.000000
4.244970	 	2206.666667
2.578304	 	2213.333333
3.744970	 	2220.000000
1.244970	 	2226.666667
3.578304	 	2233.333333
1.911637	 	2240.000000
2.578304	 	2246.666667
1.578304	 	2253.333333
3.578304	 	2260.000000
0.078304	 	2266.666667
5.244970	 	2273.333333
1.078304	 	2280.000000
2.244970	 	2286.666667
0.744970	 	2293.333333
1.578304	 	2300.000000
2.411637	 	2306.666667
4.078304	 	2313.333333
-2.088363	 	2320.000000
1.578304	 	2326.666667
0.911637	 	2333.333333
3.411637	 	2340.000000
2.911637	 	2346.666667
0.578304	 	2353.333333
-0.755030	 	2360.000000
1.078304	 	2366.666667
0.411637	 	2373.333333
2.244970	 	2380.000000
1.911637	 	2386.666667
1.911637	 	2393.333333
1.911637	 	2400.000000
-0.088363	 	2406.666667
3.244970	 	2413.333333
6.578304	 	2420.000000
6.411637	 	2426.666667
8.744970	 	2433.333333
9.578304	 	2440.000000
13.578304	 	2446.666667
8.578304	 	2453.333333
9.911637	 	2460.000000
8.411637	 	2466.666667
10.744970	 	2473.333333
10.578304	 	2480.000000
10.244970	 	2486.666667
7.411637	 	2493.333333
8.078304	 	2500.000000
7.244970	 	2506.666667
7.744970	 	2513.333333
7.244970	 	2520.000000
6.744970	 	2526.666667
6.744970	 	2533.333333
8.744970	 	2540.000000
8.411637	 	2546.666667
8.578304	 	2553.333333
7.078304	 	2560.000000
7.411637	 	2566.666667
4.744970	 	2573.333333
6.578304	 	2580.000000
3.911637	 	2586.666667
6.744970	 	2593.333333
4.411637	 	2600.000000
4.911637	 	2606.666667
6.578304	 	2613.333333
5.411637	 	2620.000000
5.244970	 	2626.666667
5.244970	 	2633.333333
4.744970	 	2640.000000
5.244970	 	2646.666667
2.578304	 	2653.333333
3.078304	 	2660.000000
5.244970	 	2666.666667
8.244970	 	2673.333333
5.744970	 	2680.000000
6.578304	 	2686.666667
7.744970	 	2693.333333
6.911637	 	2700.000000
6.744970	 	2706.666667
7.911637	 	2713.333333
5.744970	 	2720.000000
7.411637	 	2726.666667
7.744970	 	2733.333333
2.744970	 	2740.000000
4.744970	 	2746.666667
6.078304	 	2753.333333
6.244970	 	2760.000000
5.078304	 	2766.666667
5.078304	 	2773.333333
5.244970	 	2780.000000
3.744970	 	2786.666667
1.911637	 	2793.333333
6.578304	 	2800.000000
5.744970	 	2806.666667
4.411637	 	2813.333333
3.744970	 	2820.000000
3.911637	 	2826.666667
3.911637	 	2833.333333
4.578304	 	2840.000000
5.244970	 	2846.666667
3.078304	 	2853.333333
6.911637	 	2860.000000
1.911637	 	2866.666667
1.078304	 	2873.333333
5.578304	 	2880.000000
1.744970	 	2886.666667
6.078304	 	2893.333333
3.578304	 	2900.000000
3.244970	 	2906.666667
3.244970	 	2913.333333
4.078304	 	2920.000000
4.078304	 	2926.666667
2.744970	 	2933.333333
1.078304	 	2940.000000
4.411637	 	2946.666667
4.078304	 	2953.333333
0.578304	 	2960.000000
1.744970	 	2966.666667
1.744970	 	2973.333333
1.744970	 	2980.000000
4.578304	 	2986.666667
3.244970	 	2993.333333
3.078304	 	3000.000000
1.744970	 	3006.666667
3.244970	 	3013.333333
2.411637	 	3020.000000
3.578304	 	3026.666667
1.744970	 	3033.333333
3.411637	 	3040.000000
1.411637	 	3046.666667
1.078304	 	3053.333333
0.244970	 	3060.000000
3.244970	 	3066.666667
2.744970	 	3073.333333
2.078304	 	3080.000000
1.578304	 	3086.666667
3.078304	 	3093.333333
3.578304	 	3100.000000
4.578304	 	3106.666667
2.078304	 	3113.333333
0.411637	 	3120.000000
1.078304	 	3126.666667
0.411637	 	3133.333333
3.411637	 	3140.000000
1.578304	 	3146.666667
-1.088363	 	3153.333333
0.578304	 	3160.000000
1.411637	 	3166.666667
2.411637	 	3173.333333
2.078304	 	3180.000000
0.578304	 	3186.666667
4.244970	 	3193.333333
1.411637	 	3200.000000
2.578304	 	3206.666667
2.078304	 	3213.333333
1.744970	 	3220.000000
0.078304	 	3226.666667
2.578304	 	3233.333333
-1.088363	 	3240.000000
1.244970	 	3246.666667
0.911637	 	3253.333333
1.911637	 	3260.000000
2.911637	 	3266.666667
2.411637	 	3273.333333
2.078304	 	3280.000000
0.744970	 	3286.666667
1.244970	 	3293.333333
0.744970	 	3300.000000
0.911637	 	3306.666667
1.744970	 	3313.333333
0.911637	 	3320.000000
1.078304	 	3326.666667
-0.421696	 	3333.333333
-1.421696	 	3340.000000
1.411637	 	3346.666667
-0.088363	 	3353.333333
0.411637	 	3360.000000
1.078304	 	3366.666667
-1.088363	 	3373.333333
-0.755030	 	3380.000000
0.411637	 	3386.666667
-0.588363	 	3393.333333
-0.921696	 	3400.000000
0.744970	 	3406.666667
1.078304	 	3413.333333
0.911637	 	3420.000000
1.244970	 	3426.666667
0.578304	 	3433.333333
-1.088363	 	3440.000000
2.911637	 	3446.666667
-0.421696	 	3453.333333
2.244970	 	3460.000000
-1.588363	 	3466.666667
0.744970	 	3473.333333
-0.421696	 	3480.000000
-1.755030	 	3486.666667
1.578304	 	3493.333333
-0.255030	 	3500.000000
0.578304	 	3506.666667
1.078304	 	3513.333333
2.744970	 	3520.000000
2.578304	 	3526.666667
0.411637	 	3533.333333
2.911637	 	3540.000000
3.411637	 	3546.666667
1.744970	 	3553.333333
1.078304	 	3560.000000
3.411637	 	3566.666667
3.078304	 	3573.333333
2.911637	 	3580.000000
5.411637	 	3586.666667
2.078304	 	3593.333333
1.744970	 	3600.000000
0.578304	 	3606.666667
1.411637	 	3613.333333
2.911637	 	3620.000000
3.578304	 	3626.666667
0.744970	 	3633.333333
2.244970	 	3640.000000
1.911637	 	3646.666667
0.411637	 	3653.333333
1.244970	 	3660.000000
3.244970	 	3666.666667
3.244970	 	3673.333333
1.911637	 	3680.000000
0.578304	 	3686.666667
3.244970	 	3693.333333
0.911637	 	3700.000000
1.411637	 	3706.666667
0.078304	 	3713.333333
2.411637	 	3720.000000
3.411637	 	3726.666667
4.078304	 	3733.333333
2.078304	 	3740.000000
0.578304	 	3746.666667
0.744970	 	3753.333333
1.078304	 	3760.000000
-0.421696	 	3766.666667
2.911637	 	3773.333333
4.078304	 	3780.000000
2.244970	 	3786.666667
2.411637	 	3793.333333
0.411637	 	3800.000000
1.411637	 	3806.666667
-1.088363	 	3813.333333
-0.755030	 	3820.000000
0.078304	 	3826.666667
4.078304	 	3833.333333
1.744970	 	3840.000000
2.078304	 	3846.666667
1.411637	 	3853.333333
-0.255030	 	3860.000000
-0.421696	 	3866.666667
0.244970	 	3873.333333
0.744970	 	3880.000000
2.578304	 	3886.666667
1.911637	 	3893.333333
1.411637	 	3900.000000
2.911637	 	3906.666667
-0.588363	 	3913.333333
1.411637	 	3920.000000
-0.255030	 	3926.666667
1.411637	 	3933.333333
1.411637	 	3940.000000
2.578304	 	3946.666667
0.744970	 	3953.333333
-3.088363	 	3960.000000
-0.088363	 	3966.666667
-1.588363	 	3973.333333
2.244970	 	3980.000000
0.578304	 	3986.666667
4.411637	 	3993.333333
0.244970	 	4000.000000
1.911637	 	4006.666667
0.744970	 	4013.333333
-2.421696	 	4020.000000
-0.255030	 	4026.666667
0.744970	 	4033.333333
2.078304	 	4040.000000
2.411637	 	4046.666667
1.244970	 	4053.333333
1.911637	 	4060.000000
0.911637	 	4066.666667
-1.088363	 	4073.333333
0.078304	 	4080.000000
-1.588363	 	4086.666667
-0.921696	 	4093.333333
3.078304	 	4100.000000
-1.755030	 	4106.666667
1.078304	 	4113.333333
-0.255030	 	4120.000000
-0.255030	 	4126.666667
-1.255030	 	4133.333333
3.078304	 	4140.000000
1.078304	 	4146.666667
0.744970	 	4153.333333
0.911637	 	4160.000000
0.911637	 	4166.666667
1.244970	 	4173.333333
0.578304	 	4180.000000
-0.921696	 	4186.666667
-0.921696	 	4193.333333
-0.088363	 	4200.000000
-1.588363	 	4206.666667
1.078304	 	4213.333333
0.744970	 	4220.000000
-1.088363	 	4226.666667
-1.921696	 	4233.333333
-1.921696	 	4240.000000
-1.921696	 	4246.666667
0.744970	 	4253.333333
0.578304	 	4260.000000
2.078304	 	4266.666667
-0.255030	 	4273.333333
-0.255030	 	4280.000000
-1.421696	 	4286.666667
0.911637	 	4293.333333
-1.421696	 	4300.000000
-0.921696	 	4306.666667
-0.255030	 	4313.333333
-2.088363	 	4320.000000
1.244970	 	4326.666667
-1.755030	 	4333.333333
-2.088363	 	4340.000000
-0.921696	 	4346.666667
-0.755030	 	4353.333333
0.078304	 	4360.000000
0.244970	 	4366.666667
1.244970	 	4373.333333
0.744970	 	4380.000000
0.411637	 	4386.666667
0.578304	 	4393.333333
-1.588363	 	4400.000000
0.244970	 	4406.666667
-0.421696	 	4413.333333
-0.755030	 	4420.000000
2.411637	 	4426.666667
-1.921696	 	4433.333333
-0.755030	 	4440.000000
-1.755030	 	4446.666667
-1.421696	 	4453.333333
2.244970	 	4460.000000
-0.255030	 	4466.666667
0.244970	 	4473.333333
2.744970	 	4480.000000
1.078304	 	4486.666667
-0.255030	 	4493.333333
0.411637	 	4500.000000
-0.088363	 	4506.666667
-2.421696	 	4513.333333
-0.921696	 	4520.000000
-0.588363	 	4526.666667
0.411637	 	4533.333333
0.911637	 	4540.000000
0.078304	 	4546.666667
0.744970	 	4553.333333
0.911637	 	4560.000000
-1.588363	 	4566.666667
-0.421696	 	4573.333333
-0.755030	 	4580.000000
0.078304	 	4586.666667
-0.588363	 	4593.333333
-2.255030	 	4600.000000
-0.755030	 	4606.666667
-0.921696	 	4613.333333
-1.088363	 	4620.000000
-0.421696	 	4626.666667
-1.088363	 	4633.333333
-1.588363	 	4640.000000
-0.421696	 	4646.666667
-0.421696	 	4653.333333
-1.255030	 	4660.000000
0.078304	 	4666.666667
1.244970	 	4673.333333
-3.421696	 	4680.000000
-1.921696	 	4686.666667
-2.921696	 	4693.333333
-2.088363	 	4700.000000
-1.421696	 	4706.666667
0.411637	 	4713.333333
0.744970	 	4720.000000
-1.088363	 	4726.666667
-1.921696	 	4733.333333
-2.921696	 	4740.000000
-1.921696	 	4746.666667
-2.755030	 	4753.333333
-1.088363	 	4760.000000
2.244970	 	4766.666667
0.744970	 	4773.333333
1.078304	 	4780.000000
-0.255030	 	4786.666667
-4.255030	 	4793.333333
-0.755030	 	4800.000000
-1.088363	 	4806.666667
1.911637	 	4813.333333
0.578304	 	4820.000000
-0.755030	 	4826.666667
-0.921696	 	4833.333333
-1.421696	 	4840.000000
-0.921696	 	4846.666667
-1.421696	 	4853.333333
-2.755030	 	4860.000000
0.244970	 	4866.666667
-2.588363	 	4873.333333
-0.588363	 	4880.000000
-2.088363	 	4886.666667
-1.421696	 	4893.333333
-1.921696	 	4900.000000
0.078304	 	4906.666667
-1.588363	 	4913.333333
-1.588363	 	4920.000000
0.911637	 	4926.666667
-0.588363	 	4933.333333
-1.921696	 	4940.000000
-0.588363	 	4946.666667
-0.255030	 	4953.333333
-2.088363	 	4960.000000
-2.255030	 	4966.666667
-1.755030	 	4973.333333
0.078304	 	4980.000000
0.578304	 	4986.666667
3.244970	 	4993.333333
-1.255030	 	5000.000000
-0.255030	 	5006.666667
-1.088363	 	5013.333333
-0.421696	 	5020.000000
-0.755030	 	5026.666667
-0.255030	 	5033.333333
-0.588363	 	5040.000000
-0.588363	 	5046.666667
0.578304	 	5053.333333
-1.088363	 	5060.000000
-2.755030	 	5066.666667
-1.421696	 	5073.333333
-1.088363	 	5080.000000
0.911637	 	5086.666667
2.911637	 	5093.333333
-2.588363	 	5100.000000
-0.921696	 	5106.666667
-3.588363	 	5113.333333
1.578304	 	5120.000000
-0.588363	 	5126.666667
-0.921696	 	5133.333333
0.411637	 	5140.000000
0.078304	 	5146.666667
-0.088363	 	5153.333333
-0.255030	 	5160.000000
-2.421696	 	5166.666667
0.244970	 	5173.333333
-0.921696	 	5180.000000
0.578304	 	5186.666667
2.744970	 	5193.333333
-1.088363	 	5200.000000
0.244970	 	5206.666667
-1.088363	 	5213.333333
-0.255030	 	5220.000000
-0.421696	 	5226.666667
-0.421696	 	5233.333333
0.911637	 	5240.000000
2.244970	 	5246.666667
-0.088363	 	5253.333333
0.244970	 	5260.000000
-2.421696	 	5266.666667
-2.588363	 	5273.333333
-0.421696	 	5280.000000
0.411637	 	5286.666667
-0.921696	 	5293.333333
1.244970	 	5300.000000
-0.921696	 	5306.666667
-0.255030	 	5313.333333
0.078304	 	5320.000000
-0.255030	 	5326.666667
-2.921696	 	5333.333333
-0.255030	 	5340.000000
-1.755030	 	5346.666667
-0.421696	 	5353.333333
-0.088363	 	5360.000000
6.244970	 	5366.666667
53.744970	 	5373.333333
133.411637	 	5380.000000
217.744970	 	5386.666667
305.578304	 	5393.333333
398.578304	 	5400.000000
518.911637	 	5406.666667
746.744970	 	5413.333333
1012.244970	 	5420.000000
1248.911637	 	5426.666667
1434.744970	 	5433.333333
1587.078304	 	5440.000000
1724.578304	 	5446.666667
1805.911637	 	5453.333333
1860.078304	 	5460.000000
1899.411637	 	5466.666667
1918.078304	 	5473.333333
1929.244970	 	5480.000000
1919.578304	 	5486.666667
1910.578304	 	5493.333333
1887.244970	 	5500.000000
1861.911637	 	5506.666667
1833.911637	 	5513.333333
1802.411637	 	5520.000000
1768.244970	 	5526.666667
1739.744970	 	5533.333333
1708.078304	 	5540.000000
1681.244970	 	5546.666667
1640.911637	 	5553.333333
1599.911637	 	5560.000000
1568.911637	 	5566.666667
1541.411637	 	5573.333333
1520.578304	 	5580.000000
1493.578304	 	5586.666667
1468.244970	 	5593.333333
1444.244970	 	5600.000000
1416.911637	 	5606.666667
1399.411637	 	5613.333333
1386.244970	 	5620.000000
1361.078304	 	5626.666667
1335.578304	 	5633.333333
1323.744970	 	5640.000000
1302.911637	 	5646.666667
1282.911637	 	5653.333333
1266.244970	 	5660.000000
1251.078304	 	5666.666667
1239.578304	 	5673.333333
1228.078304	 	5680.000000
1214.911637	 	5686.666667
1197.744970	 	5693.333333
1180.744970	 	5700.000000
1158.911637	 	5706.666667
1144.244970	 	5713.333333
1127.411637	 	5720.000000
1114.744970	 	5726.666667
1101.744970	 	5733.333333
1089.744970	 	5740.000000
1074.078304	 	5746.666667
1063.744970	 	5753.333333
1052.744970	 	5760.000000
1031.911637	 	5766.666667
1024.244970	 	5773.333333
1012.078304	 	5780.000000
1000.744970	 	5786.666667
993.911637	 	5793.333333
977.744970	 	5800.000000
963.578304	 	5806.666667
949.578304	 	5813.333333
936.078304	 	5820.000000
921.744970	 	5826.666667
910.411637	 	5833.333333
900.744970	 	5840.000000
892.744970	 	5846.666667
877.911637	 	5853.333333
862.911637	 	5860.000000
849.744970	 	5866.666667
842.244970	 	5873.333333
833.744970	 	5880.000000
827.911637	 	5886.666667
819.744970	 	5893.333333
806.578304	 	5900.000000
795.078304	 	5906.666667
785.911637	 	5913.333333
774.411637	 	5920.000000
764.744970	 	5926.666667
752.911637	 	5933.333333
745.578304	 	5940.000000
744.078304	 	5946.666667
733.744970	 	5953.333333
724.578304	 	5960.000000
717.244970	 	5966.666667
705.911637	 	5973.333333
700.911637	 	5980.000000
697.911637	 	5986.666667
685.078304	 	5993.333333
673.244970	 	6000.000000
660.578304	 	6006.666667
658.078304	 	6013.333333
651.578304	 	6020.000000
643.411637	 	6026.666667
638.578304	 	6033.333333
630.244970	 	6040.000000
624.411637	 	6046.666667
611.744970	 	6053.333333
605.578304	 	6060.000000
601.744970	 	6066.666667
591.911637	 	6073.333333
594.744970	 	6080.000000
591.078304	 	6086.666667
585.244970	 	6093.333333
577.411637	 	6100.000000
572.744970	 	6106.666667
576.744970	 	6113.333333
572.578304	 	6120.000000
569.578304	 	6126.666667
570.244970	 	6133.333333
564.911637	 	6140.000000
559.078304	 	6146.666667
556.411637	 	6153.333333
550.411637	 	6160.000000
544.578304	 	6166.666667
532.578304	 	6173.333333
528.911637	 	6180.000000
522.744970	 	6186.666667
509.911637	 	6193.333333
504.078304	 	6200.000000
495.411637	 	6206.666667
489.411637	 	6213.333333
479.411637	 	6220.000000
472.578304	 	6226.666667
463.911637	 	6233.333333
459.411637	 	6240.000000
448.411637	 	6246.666667
444.411637	 	6253.333333
436.744970	 	6260.000000
425.411637	 	6266.666667
417.578304	 	6273.333333
412.744970	 	6280.000000
404.244970	 	6286.666667
398.744970	 	6293.333333
391.578304	 	6300.000000
384.078304	 	6306.666667
378.578304	 	6313.333333
373.744970	 	6320.000000
369.744970	 	6326.666667
364.411637	 	6333.333333
360.911637	 	6340.000000
357.244970	 	6346.666667
355.911637	 	6353.333333
352.578304	 	6360.000000
351.411637	 	6366.666667
346.078304	 	6373.333333
344.244970	 	6380.000000
342.244970	 	6386.666667
338.411637	 	6393.333333
334.078304	 	6400.000000
328.744970	 	6406.666667
325.078304	 	6413.333333
319.244970	 	6420.000000
315.744970	 	6426.666667
307.911637	 	6433.333333
306.578304	 	6440.000000
300.911637	 	6446.666667
293.578304	 	6453.333333
287.744970	 	6460.000000
282.911637	 	6466.666667
279.411637	 	6473.333333
275.078304	 	6480.000000
275.744970	 	6486.666667
271.744970	 	6493.333333
267.411637	 	6500.000000
263.911637	 	6506.666667
257.411637	 	6513.333333
256.578304	 	6520.000000
250.411637	 	6526.666667
248.244970	 	6533.333333
243.744970	 	6540.000000
237.911637	 	6546.666667
235.744970	 	6553.333333
232.078304	 	6560.000000
228.578304	 	6566.666667
226.244970	 	6573.333333
222.911637	 	6580.000000
228.411637	 	6586.666667
227.078304	 	6593.333333
221.911637	 	6600.000000
223.744970	 	6606.666667
223.911637	 	6613.333333
221.244970	 	6620.000000
219.244970	 	6626.666667
216.411637	 	6633.333333
213.744970	 	6640.000000
208.744970	 	6646.666667
201.744970	 	6653.333333
199.744970	 	6660.000000
199.244970	 	6666.666667
193.411637	 	6673.333333
190.078304	 	6680.000000
190.244970	 	6686.666667
185.744970	 	6693.333333
184.911637	 	6700.000000
181.578304	 	6706.666667
176.411637	 	6713.333333
173.411637	 	6720.000000
176.578304	 	6726.666667
176.578304	 	6733.333333
178.244970	 	6740.000000
178.744970	 	6746.666667
176.911637	 	6753.333333
179.244970	 	6760.000000
175.578304	 	6766.666667
177.411637	 	6773.333333
176.578304	 	6780.000000
173.578304	 	6786.666667
171.078304	 	6793.333333
171.744970	 	6800.000000
168.744970	 	6806.666667
162.911637	 	6813.333333
160.744970	 	6820.000000
155.578304	 	6826.666667
156.578304	 	6833.333333
152.244970	 	6840.000000
152.078304	 	6846.666667
149.578304	 	6853.333333
143.744970	 	6860.000000
142.744970	 	6866.666667
139.078304	 	6873.333333
134.911637	 	6880.000000
133.911637	 	6886.666667
134.411637	 	6893.333333
132.078304	 	6900.000000
133.411637	 	6906.666667
130.911637	 	6913.333333
131.078304	 	6920.000000
126.244970	 	6926.666667
124.078304	 	6933.333333
123.578304	 	6940.000000
121.411637	 	6946.666667
120.078304	 	6953.333333
116.244970	 	6960.000000
114.578304	 	6966.666667
112.411637	 	6973.333333
111.911637	 	6980.000000
110.244970	 	6986.666667
106.911637	 	6993.333333
104.744970	 	7000.000000
103.411637	 	7006.666667
102.911637	 	7013.333333
99.911637	 	7020.000000
99.578304	 	7026.666667
96.911637	 	7033.333333
96.744970	 	7040.000000
95.578304	 	7046.666667
93.411637	 	7053.333333
94.744970	 	7060.000000
91.744970	 	7066.666667
90.244970	 	7073.333333
88.744970	 	7080.000000
86.244970	 	7086.666667
87.911637	 	7093.333333
86.578304	 	7100.000000
83.411637	 	7106.666667
84.244970	 	7113.333333
83.244970	 	7120.000000
87.911637	 	7126.666667
92.244970	 	7133.333333
94.244970	 	7140.000000
97.078304	 	7146.666667
98.744970	 	7153.333333
94.911637	 	7160.000000
97.911637	 	7166.666667
95.744970	 	7173.333333
92.911637	 	7180.000000
96.078304	 	7186.666667
90.911637	 	7193.333333
89.244970	 	7200.000000
86.744970	 	7206.666667
86.411637	 	7213.333333
86.078304	 	7220.000000
87.911637	 	7226.666667
89.411637	 	7233.333333
86.244970	 	7240.000000
86.578304	 	7246.666667
84.244970	 	7253.333333
84.911637	 	7260.000000
81.244970	 	7266.666667
79.411637	 	7273.333333
81.244970	 	7280.000000
78.078304	 	7286.666667
76.744970	 	7293.333333
74.244970	 	7300.000000
72.744970	 	7306.666667
73.411637	 	7313.333333
72.411637	 	7320.000000
71.411637	 	7326.666667
71.744970	 	7333.333333
66.578304	 	7340.000000
66.078304	 	7346.666667
67.744970	 	7353.333333
66.411637	 	7360.000000
63.911637	 	7366.666667
65.744970	 	7373.333333
65.244970	 	7380.000000
64.411637	 	7386.666667
65.078304	 	7393.333333
59.911637	 	7400.000000
59.411637	 	7406.666667
59.244970	 	7413.333333
57.578304	 	7420.000000
56.411637	 	7426.666667
55.244970	 	7433.333333
54.911637	 	7440.000000
52.078304	 	7446.666667
53.244970	 	7453.333333
55.744970	 	7460.000000
51.911637	 	7466.666667
52.078304	 	7473.333333
50.078304	 	7480.000000
48.078304	 	7486.666667
49.078304	 	7493.333333
46.578304	 	7500.000000
50.244970	 	7506.666667
47.078304	 	7513.333333
46.244970	 	7520.000000
44.744970	 	7526.666667
44.744970	 	7533.333333
43.078304	 	7540.000000
43.244970	 	7546.666667
39.244970	 	7553.333333
41.411637	 	7560.000000
39.078304	 	7566.666667
38.244970	 	7573.333333
40.244970	 	7580.000000
38.244970	 	7586.666667
34.244970	 	7593.333333
39.578304	 	7600.000000
35.744970	 	7606.666667
33.744970	 	7613.333333
35.244970	 	7620.000000
34.911637	 	7626.666667
34.578304	 	7633.333333
33.578304	 	7640.000000
33.078304	 	7646.666667
33.411637	 	7653.333333
35.244970	 	7660.000000
31.744970	 	7666.666667
31.744970	 	7673.333333
32.078304	 	7680.000000
31.078304	 	7686.666667
31.244970	 	7693.333333
28.078304	 	7700.000000
31.578304	 	7706.666667
28.244970	 	7713.333333
28.244970	 	7720.000000
28.244970	 	7726.666667
25.244970	 	7733.333333
26.911637	 	7740.000000
27.411637	 	7746.666667
28.411637	 	7753.333333
27.411637	 	7760.000000
25.744970	 	7766.666667
24.578304	 	7773.333333
24.244970	 	7780.000000
23.578304	 	7786.666667
25.744970	 	7793.333333
27.411637	 	7800.000000
27.244970	 	7806.666667
26.744970	 	7813.333333
24.244970	 	7820.000000
25.078304	 	7826.666667
25.911637	 	7833.333333
22.744970	 	7840.000000
26.078304	 	7846.666667
22.744970	 	7853.333333
23.411637	 	7860.000000
24.744970	 	7866.666667
24.078304	 	7873.333333
21.244970	 	7880.000000
20.411637	 	7886.666667
21.244970	 	7893.333333
22.911637	 	7900.000000
19.911637	 	7906.666667
22.078304	 	7913.333333
20.244970	 	7920.000000
21.744970	 	7926.666667
20.411637	 	7933.333333
17.244970	 	7940.000000
17.744970	 	7946.666667
18.078304	 	7953.333333
20.411637	 	7960.000000
17.411637	 	7966.666667
17.744970	 	7973.333333
19.911637	 	7980.000000
18.744970	 	7986.666667
17.244970	 	7993.333333
16.744970	 	8000.000000
13.744970	 	8006.666667
14.578304	 	8013.333333
16.578304	 	8020.000000
13.078304	 	8026.666667
16.078304	 	8033.333333
13.911637	 	8040.000000
11.744970	 	8046.666667
14.244970	 	8053.333333
15.578304	 	8060.000000
13.744970	 	8066.666667
14.578304	 	8073.333333
12.411637	 	8080.000000
13.078304	 	8086.666667
10.578304	 	8093.333333
11.744970	 	8100.000000
12.578304	 	8106.666667
11.744970	 	8113.333333
13.578304	 	8120.000000
11.744970	 	8126.666667
8.411637	 	8133.333333
10.411637	 	8140.000000
11.744970	 	8146.666667
11.411637	 	8153.333333
11.578304	 	8160.000000
10.578304	 	8166.666667
11.578304	 	8173.333333
8.911637	 	8180.000000
10.411637	 	8186.666667
9.744970	 	8193.333333
8.578304	 	8200.000000
7.744970	 	8206.666667
7.411637	 	8213.333333
9.244970	 	8220.000000
9.911637	 	8226.666667
8.078304	 	8233.333333
7.911637	 	8240.000000
7.411637	 	8246.666667
8.244970	 	8253.333333
5.578304	 	8260.000000
6.578304	 	8266.666667
8.078304	 	8273.333333
6.578304	 	8280.000000
7.578304	 	8286.666667
4.744970	 	8293.333333
7.078304	 	8300.000000
6.744970	 	8306.666667
7.744970	 	8313.333333
6.078304	 	8320.000000
6.744970	 	8326.666667
8.911637	 	8333.333333
6.411637	 	8340.000000
6.578304	 	8346.666667
7.744970	 	8353.333333
6.078304	 	8360.000000
6.411637	 	8366.666667
6.411637	 	8373.333333
4.911637	 	8380.000000
5.078304	 	8386.666667
4.911637	 	8393.333333
5.078304	 	8400.000000
5.411637	 	8406.666667
4.078304	 	8413.333333
4.411637	 	8420.000000
4.911637	 	8426.666667
2.911637	 	8433.333333
4.744970	 	8440.000000
3.411637	 	8446.666667
0.911637	 	8453.333333
4.911637	 	8460.000000
2.744970	 	8466.666667
2.911637	 	8473.333333
3.911637	 	8480.000000
5.244970	 	8486.666667
1.411637	 	8493.333333
2.078304	 	8500.000000
5.744970	 	8506.666667
3.244970	 	8513.333333
2.578304	 	8520.000000
2.078304	 	8526.666667
2.744970	 	8533.333333
3.244970	 	8540.000000
2.578304	 	8546.666667
2.911637	 	8553.333333
2.078304	 	8560.000000
1.244970	 	8566.666667
3.411637	 	8573.333333
3.244970	 	8580.000000
2.244970	 	8586.666667
2.744970	 	8593.333333
0.744970	 	8600.000000
1.411637	 	8606.666667
3.578304	 	8613.333333
1.078304	 	8620.000000
2.411637	 	8626.666667
0.578304	 	8633.333333
2.411637	 	8640.000000
1.578304	 	8646.666667
2.078304	 	8653.333333
0.078304	 	8660.000000
3.744970	 	8666.666667
-0.588363	 	8673.333333
3.244970	 	8680.000000
1.078304	 	8686.666667
1.578304	 	8693.333333
2.244970	 	8700.000000
1.244970	 	8706.666667
-0.088363	 	8713.333333
-0.588363	 	8720.000000
-1.588363	 	8726.666667
1.411637	 	8733.333333
1.911637	 	8740.000000
-0.421696	 	8746.666667
-0.421696	 	8753.333333
1.578304	 	8760.000000
1.911637	 	8766.666667
-2.755030	 	8773.333333
0.578304	 	8780.000000
1.911637	 	8786.666667
4.244970	 	8793.333333
2.078304	 	8800.000000
2.744970	 	8806.666667
3.578304	 	8813.333333
5.244970	 	8820.000000
3.078304	 	8826.666667
2.078304	 	8833.333333
2.578304	 	8840.000000
2.244970	 	8846.666667
3.911637	 	8853.333333
1.244970	 	8860.000000
3.244970	 	8866.666667
-0.255030	 	8873.333333
1.744970	 	8880.000000
1.911637	 	8886.666667
0.411637	 	8893.333333
3.078304	 	8900.000000
1.411637	 	8906.666667
2.911637	 	8913.333333
3.744970	 	8920.000000
-0.088363	 	8926.666667
0.578304	 	8933.333333
2.744970	 	8940.000000
1.411637	 	8946.666667
-0.088363	 	8953.333333
3.244970	 	8960.000000
2.578304	 	8966.666667
1.578304	 	8973.333333
4.244970	 	8980.000000
1.244970	 	8986.666667
2.411637	 	8993.333333
3.411637	 	9000.000000
4.578304	 	9006.666667
3.244970	 	9013.333333
5.744970	 	9020.000000
3.578304	 	9026.666667
5.244970	 	9033.333333
5.244970	 	9040.000000
4.578304	 	9046.666667
4.744970	 	9053.333333
4.244970	 	9060.000000
2.244970	 	9066.666667
2.578304	 	9073.333333
1.578304	 	9080.000000
1.911637	 	9086.666667
0.411637	 	9093.333333
3.411637	 	9100.000000
0.911637	 	9106.666667
3.911637	 	9113.333333
3.244970	 	9120.000000
5.411637	 	9126.666667
2.244970	 	9133.333333
5.744970	 	9140.000000
5.744970	 	9146.666667
5.078304	 	9153.333333
6.078304	 	9160.000000
6.578304	 	9166.666667
5.911637	 	9173.333333
5.911637	 	9180.000000
5.244970	 	9186.666667
4.578304	 	9193.333333
5.578304	 	9200.000000
5.078304	 	9206.666667
4.578304	 	9213.333333
4.078304	 	9220.000000
2.911637	 	9226.666667
4.078304	 	9233.333333
3.078304	 	9240.000000
3.744970	 	9246.666667
3.078304	 	9253.333333
0.911637	 	9260.000000
0.578304	 	9266.666667
0.744970	 	9273.333333
3.578304	 	9280.000000
3.744970	 	9286.666667
1.244970	 	9293.333333
1.244970	 	9300.000000
3.078304	 	9306.666667
1.411637	 	9313.333333
2.911637	 	9320.000000
2.578304	 	9326.666667
0.578304	 	9333.333333
0.578304	 	9340.000000
1.911637	 	9346.666667
2.244970	 	9353.333333
3.078304	 	9360.000000
4.078304	 	9366.666667
-0.921696	 	9373.333333
0.578304	 	9380.000000
1.578304	 	9386.666667
1.411637	 	9393.333333
1.744970	 	9400.000000
1.411637	 	9406.666667
0.578304	 	9413.333333
0.911637	 	9420.000000
0.244970	 	9426.666667
0.578304	 	9433.333333
-0.255030	 	9440.000000
-1.755030	 	9446.666667
-0.421696	 	9453.333333
-2.421696	 	9460.000000
0.578304	 	9466.666667
-0.921696	 	9473.333333
0.744970	 	9480.000000
-0.588363	 	9486.666667
0.078304	 	9493.333333
-0.921696	 	9500.000000
-0.921696	 	9506.666667
0.744970	 	9513.333333
1.078304	 	9520.000000
0.411637	 	9526.666667
-0.755030	 	9533.333333
0.411637	 	9540.000000
0.911637	 	9546.666667
-2.588363	 	9553.333333
-0.421696	 	9560.000000
-0.921696	 	9566.666667
-1.255030	 	9573.333333
-1.255030	 	9580.000000
-1.088363	 	9586.666667
-1.588363	 	9593.333333
-4.421696	 	9600.000000
-0.921696	 	9606.666667
-2.588363	 	9613.333333
-0.588363	 	9620.000000
-0.421696	 	9626.666667
-0.921696	 	9633.333333
-0.755030	 	9640.000000
-0.755030	 	9646.666667
0.744970	 	9653.333333
-0.588363	 	9660.000000
-0.921696	 	9666.666667
-0.588363	 	9673.333333
-3.588363	 	9680.000000
-1.255030	 	9686.666667
-1.255030	 	9693.333333
-0.588363	 	9700.000000
3.244970	 	9706.666667
2.411637	 	9713.333333
1.744970	 	9720.000000
2.911637	 	9726.666667
-0.588363	 	9733.333333
0.744970	 	9740.000000
-0.421696	 	9746.666667
0.411637	 	9753.333333
0.744970	 	9760.000000
-2.255030	 	9766.666667
0.578304	 	9773.333333
-0.088363	 	9780.000000
3.911637	 	9786.666667
-0.755030	 	9793.333333
0.244970	 	9800.000000
0.244970	 	9806.666667
-0.421696	 	9813.333333
-0.588363	 	9820.000000
-0.255030	 	9826.666667
-1.255030	 	9833.333333
-1.255030	 	9840.000000
1.244970	 	9846.666667
-2.088363	 	9853.333333
-1.588363	 	9860.000000
-1.588363	 	9866.666667
-0.088363	 	9873.333333
-1.088363	 	9880.000000
-1.755030	 	9886.666667
-0.255030	 	9893.333333
-1.255030	 	9900.000000
-2.921696	 	9906.666667
2.078304	 	9913.333333
-3.588363	 	9920.000000
-0.088363	 	9926.666667
0.244970	 	9933.333333
-0.088363	 	9940.000000
0.411637	 	9946.666667
-2.421696	 	9953.333333
-0.255030	 	9960.000000
-1.088363	 	9966.666667
-2.255030	 	9973.333333
-4.755030	 	9980.000000
-2.755030	 	9986.666667
-1.921696	 	9993.333333
-0.921696	 	10000.000000
-1.421696	 	10006.666667
-3.088363	 	10013.333333
-3.921696	 	10020.000000
-1.588363	 	10026.666667
-2.088363	 	10033.333333
-1.921696	 	10040.000000
-1.088363	 	10046.666667
-0.921696	 	10053.333333
-1.588363	 	10060.000000
-1.588363	 	10066.666667
-3.255030	 	10073.333333
-4.088363	 	10080.000000
-2.921696	 	10086.666667
-1.255030	 	10093.333333
-2.921696	 	10100.000000
-2.421696	 	10106.666667
-3.421696	 	10113.333333
-4.255030	 	10120.000000
-3.588363	 	10126.666667
-3.588363	 	10133.333333
-2.421696	 	10140.000000
-1.088363	 	10146.666667
-1.421696	 	10153.333333
-1.755030	 	10160.000000
-0.421696	 	10166.666667
-2.755030	 	10173.333333
-3.088363	 	10180.000000
-2.588363	 	10186.666667
-1.088363	 	10193.333333
-4.921696	 	10200.000000
0.078304	 	10206.666667
-0.588363	 	10213.333333
-3.755030	 	10220.000000
-3.255030	 	10226.666667
-4.421696	 	10233.333333
-2.588363	 	10240.000000
1.244970	 	10246.666667
-2.921696	 	10253.333333
-3.088363	 	10260.000000
-2.755030	 	10266.666667
-2.755030	 	10273.333333
-2.588363	 	10280.000000
-1.255030	 	10286.666667
-2.421696	 	10293.333333
-1.755030	 	10300.000000
-3.755030	 	10306.666667
-4.421696	 	10313.333333
-4.421696	 	10320.000000
-3.421696	 	10326.666667
-1.255030	 	10333.333333
-1.421696	 	10340.000000
-3.921696	 	10346.666667
-3.755030	 	10353.333333
-2.588363	 	10360.000000
-1.755030	 	10366.666667
-1.421696	 	10373.333333
-2.588363	 	10380.000000
-1.588363	 	10386.666667
-5.921696	 	10393.333333
-3.421696	 	10400.000000
-2.088363	 	10406.666667
-2.921696	 	10413.333333
0.078304	 	10420.000000
-5.255030	 	10426.666667
-2.255030	 	10433.333333
-3.255030	 	10440.000000
-4.421696	 	10446.666667
-4.421696	 	10453.333333
-4.421696	 	10460.000000
-4.088363	 	10466.666667
-1.755030	 	10473.333333
-2.921696	 	10480.000000
-5.921696	 	10486.666667
-2.755030	 	10493.333333
-2.255030	 	10500.000000
-3.921696	 	10506.666667
-4.588363	 	10513.333333
-2.421696	 	10520.000000
-1.755030	 	10526.666667
-4.921696	 	10533.333333
-2.588363	 	10540.000000
-4.088363	 	10546.666667
-3.088363	 	10553.333333
-4.421696	 	10560.000000
-3.921696	 	10566.666667
-4.088363	 	10573.333333
-0.755030	 	10580.000000
-3.421696	 	10586.666667
-5.921696	 	10593.333333
-3.755030	 	10600.000000
-2.921696	 	10606.666667
-3.921696	 	10613.333333
-2.588363	 	10620.000000
-2.921696	 	10626.666667
-3.588363	 	10633.333333
-3.588363	 	10640.000000
-3.921696	 	10646.666667
-4.921696	 	10653.333333
-5.755030	 	10660.000000
-3.755030	 	10666.666667
-5.588363	 	10673.333333
-3.255030	 	10680.000000
-2.421696	 	10686.666667
-4.921696	 	10693.333333
-6.421696	 	10700.000000
-5.255030	 	10706.666667
-6.921696	 	10713.333333
-3.755030	 	10720.000000
-4.921696	 	10726.666667
-4.588363	 	10733.333333
-6.588363	 	10740.000000
-2.921696	 	10746.666667
-4.421696	 	10753.333333
-3.755030	 	10760.000000
-6.088363	 	10766.666667
-1.921696	 	10773.333333
-3.755030	 	10780.000000
-4.921696	 	10786.666667
-3.421696	 	10793.333333
-4.088363	 	10800.000000
-1.421696	 	10806.666667
-3.421696	 	10813.333333
-2.921696	 	10820.000000
-4.421696	 	10826.666667
-6.755030	 	10833.333333
-4.921696	 	10840.000000
-5.588363	 	10846.666667
-3.421696	 	10853.333333
-3.921696	 	10860.000000
-4.921696	 	10866.666667
-4.921696	 	10873.333333
-3.088363	 	10880.000000
-4.921696	 	10886.666667
-2.588363	 	10893.333333
-3.421696	 	10900.000000
-4.255030	 	10906.666667
-2.921696	 	10913.333333
-3.255030	 	10920.000000
-3.088363	 	10926.666667
-4.421696	 	10933.333333
-4.088363	 	10940.000000
-4.088363	 	10946.666667
-3.421696	 	10953.333333
-4.255030	 	10960.000000
-2.255030	 	10966.666667
1.244970	 	10973.333333
1.244970	 	10980.000000
0.244970	 	10986.666667
-3.088363	 	10993.333333
-0.755030	 	11000.000000
-2.755030	 	11006.666667
0.411637	 	11013.333333
-1.755030	 	11020.000000
0.078304	 	11026.666667
1.078304	 	11033.333333
-0.588363	 	11040.000000
-1.588363	 	11046.666667
-1.088363	 	11053.333333
1.411637	 	11060.000000
2.744970	 	11066.666667
0.578304	 	11073.333333
3.411637	 	11080.000000
3.244970	 	11086.666667
1.911637	 	11093.333333
4.244970	 	11100.000000
5.578304	 	11106.666667
5.911637	 	11113.333333
6.411637	 	11120.000000
6.578304	 	11126.666667
3.411637	 	11133.333333
5.911637	 	11140.000000
5.244970	 	11146.666667
4.744970	 	11153.333333
5.244970	 	11160.000000
3.244970	 	11166.666667
3.911637	 	11173.333333
4.411637	 	11180.000000
3.244970	 	11186.666667
0.744970	 	11193.333333
2.411637	 	11200.000000
-0.421696	 	11206.666667
1.411637	 	11213.333333
0.578304	 	11220.000000
-0.088363	 	11226.666667
0.244970	 	11233.333333
1.911637	 	11240.000000
1.578304	 	11246.666667
-0.255030	 	11253.333333
0.078304	 	11260.000000
2.411637	 	11266.666667
1.244970	 	11273.333333
0.744970	 	11280.000000
-2.421696	 	11286.666667
0.078304	 	11293.333333
-1.088363	 	11300.000000
-0.088363	 	11306.666667
0.911637	 	11313.333333
-0.421696	 	11320.000000
-1.255030	 	11326.666667
1.911637	 	11333.333333
0.744970	 	11340.000000
0.578304	 	11346.666667
-2.088363	 	11353.333333
0.244970	 	11360.000000
0.911637	 	11366.666667
-0.421696	 	11373.333333
-1.588363	 	11380.000000
0.578304	 	11386.666667
0.911637	 	11393.333333
-2.588363	 	11400.000000
-3.755030	 	11406.666667
-3.255030	 	11413.333333
-1.755030	 	11420.000000
-0.755030	 	11426.666667
0.078304	 	11433.333333
-0.588363	 	11440.000000
-2.588363	 	11446.666667
0.078304	 	11453.333333
-2.255030	 	11460.000000
-1.255030	 	11466.666667
1.911637	 	11473.333333
-0.588363	 	11480.000000
-1.421696	 	11486.666667
-2.921696	 	11493.333333
-1.255030	 	11500.000000
0.078304	 	11506.666667
-3.755030	 	11513.333333
-0.255030	 	11520.000000
-3.421696	 	11526.666667
-2.588363	 	11533.333333
-0.421696	 	11540.000000
0.578304	 	11546.666667
-1.755030	 	11553.333333
-2.421696	 	11560.000000
-2.588363	 	11566.666667
0.244970	 	11573.333333
-4.088363	 	11580.000000
-0.255030	 	11586.666667
-3.755030	 	11593.333333
-2.255030	 	11600.000000
-4.421696	 	11606.666667
-3.421696	 	11613.333333
-3.755030	 	11620.000000
-0.921696	 	11626.666667
-1.588363	 	11633.333333
-3.088363	 	11640.000000
-3.755030	 	11646.666667
-1.421696	 	11653.333333
-3.088363	 	11660.000000
-2.421696	 	11666.666667
-2.421696	 	11673.333333
-1.921696	 	11680.000000
-2.921696	 	11686.666667
-1.421696	 	11693.333333
-1.088363	 	11700.000000
-2.421696	 	11706.666667
-2.755030	 	11713.333333
-2.088363	 	11720.000000
-4.421696	 	11726.666667
-3.255030	 	11733.333333
-3.088363	 	11740.000000
-3.255030	 	11746.666667
-1.921696	 	11753.333333
-5.088363	 	11760.000000
-2.921696	 	11766.666667
-2.088363	 	11773.333333
-4.255030	 	11780.000000
-3.255030	 	11786.666667
-4.421696	 	11793.333333
-3.421696	 	11800.000000
-0.755030	 	11806.666667
-2.088363	 	11813.333333
0.244970	 	11820.000000
-2.588363	 	11826.666667
-5.588363	 	11833.333333
-3.255030	 	11840.000000
-4.755030	 	11846.666667
-2.921696	 	11853.333333
-1.921696	 	11860.000000
-4.255030	 	11866.666667
-1.921696	 	11873.333333
-3.588363	 	11880.000000
-4.921696	 	11886.666667
-4.255030	 	11893.333333
-3.421696	 	11900.000000
-5.588363	 	11906.666667
-2.088363	 	11913.333333
0.578304	 	11920.000000
-3.255030	 	11926.666667
-3.421696	 	11933.333333
-2.255030	 	11940.000000
-3.755030	 	11946.666667
-1.588363	 	11953.333333
-2.588363	 	11960.000000
-4.588363	 	11966.666667
-0.588363	 	11973.333333
-1.421696	 	11980.000000
-2.588363	 	11986.666667
-3.255030	 	11993.333333
-0.921696	 	12000.000000
-2.755030	 	12006.666667
-4.921696	 	12013.333333
-3.421696	 	12020.000000
-0.588363	 	12026.666667
-4.255030	 	12033.333333
-1.755030	 	12040.000000
-3.588363	 	12046.666667
-2.255030	 	12053.333333
-5.088363	 	12060.000000
-2.255030	 	12066.666667
-3.088363	 	12073.333333
1.078304	 	12080.000000
-2.088363	 	12086.666667
-2.088363	 	12093.333333
-2.588363	 	12100.000000
1.911637	 	12106.666667
0.244970	 	12113.333333
0.244970	 	12120.000000
1.911637	 	12126.666667
2.911637	 	12133.333333
1.244970	 	12140.000000
2.078304	 	12146.666667
1.411637	 	12153.333333
2.078304	 	12160.000000
1.244970	 	12166.666667
-1.421696	 	12173.333333
1.078304	 	12180.000000
0.744970	 	12186.666667
0.911637	 	12193.333333
-0.088363	 	12200.000000
-1.755030	 	12206.666667
-2.088363	 	12213.333333
0.578304	 	12220.000000
1.911637	 	12226.666667
2.244970	 	12233.333333
3.744970	 	12240.000000
1.078304	 	12246.666667
3.911637	 	12253.333333
2.244970	 	12260.000000
2.244970	 	12266.666667
4.578304	 	12273.333333
3.078304	 	12280.000000
5.244970	 	12286.666667
2.911637	 	12293.333333
2.911637	 	12300.000000
1.244970	 	12306.666667
2.078304	 	12313.333333
2.411637	 	12320.000000
2.244970	 	12326.666667
1.244970	 	12333.333333
5.411637	 	12340.000000
1.411637	 	12346.666667
2.078304	 	12353.333333
0.911637	 	12360.000000
1.744970	 	12366.666667
0.244970	 	12373.333333
0.244970	 	12380.000000
-1.755030	 	12386.666667
2.411637	 	12393.333333
1.744970	 	12400.000000
-2.588363	 	12406.666667
1.411637	 	12413.333333
1.244970	 	12420.000000
-3.255030	 	12426.666667
-0.755030	 	12433.333333
-1.088363	 	12440.000000
-0.921696	 	12446.666667
-0.421696	 	12453.333333
-0.921696	 	12460.000000
-0.755030	 	12466.666667
-1.921696	 	12473.333333
0.744970	 	12480.000000
-0.921696	 	12486.666667
-1.588363	 	12493.333333
0.744970	 	12500.000000
-0.588363	 	12506.666667
-0.921696	 	12513.333333
-0.921696	 	12520.000000
-2.755030	 	12526.666667
-4.088363	 	12533.333333
-2.255030	 	12540.000000
-2.088363	 	12546.666667
-1.921696	 	12553.333333
-0.088363	 	12560.000000
-0.755030	 	12566.666667
-1.755030	 	12573.333333
-0.088363	 	12580.000000
-3.421696	 	12586.666667
-0.755030	 	12593.333333
-3.255030	 	12600.000000
-0.921696	 	12606.666667
-1.255030	 	12613.333333
-2.421696	 	12620.000000
0.411637	 	12626.666667
-3.421696	 	12633.333333
-3.921696	 	12640.000000
-2.755030	 	12646.666667
-1.921696	 	12653.333333
-0.088363	 	12660.000000
-2.588363	 	12666.666667
-1.588363	 	12673.333333
-1.921696	 	12680.000000
-4.588363	 	12686.666667
-1.421696	 	12693.333333
-2.255030	 	12700.000000
-0.588363	 	12706.666667
-2.255030	 	12713.333333
-2.921696	 	12720.000000
-0.755030	 	12726.666667
-2.088363	 	12733.333333
-4.755030	 	12740.000000
-3.921696	 	12746.666667
-4.088363	 	12753.333333
-3.588363	 	12760.000000
-1.088363	 	12766.666667
1.078304	 	12773.333333
2.078304	 	12780.000000
2.411637	 	12786.666667
3.078304	 	12793.333333
2.911637	 	12800.000000
2.911637	 	12806.666667
2.744970	 	12813.333333
2.411637	 	12820.000000
1.578304	 	12826.666667
2.411637	 	12833.333333
1.744970	 	12840.000000
0.078304	 	12846.666667
1.911637	 	12853.333333
-0.255030	 	12860.000000
1.411637	 	12866.666667
-0.255030	 	12873.333333
1.078304	 	12880.000000
0.911637	 	12886.666667
-0.255030	 	12893.333333
-0.755030	 	12900.000000
-1.588363	 	12906.666667
-0.088363	 	12913.333333
0.578304	 	12920.000000
-0.588363	 	12926.666667
-0.921696	 	12933.333333
0.411637	 	12940.000000
-2.255030	 	12946.666667
-2.588363	 	12953.333333
0.078304	 	12960.000000
-2.421696	 	12966.666667
-0.421696	 	12973.333333
0.078304	 	12980.000000
0.911637	 	12986.666667
-2.921696	 	12993.333333
-0.588363	 	13000.000000
-2.921696	 	13006.666667
-0.421696	 	13013.333333
-2.088363	 	13020.000000
-1.921696	 	13026.666667
-2.421696	 	13033.333333
-3.755030	 	13040.000000
-2.088363	 	13046.666667
-0.255030	 	13053.333333
-3.421696	 	13060.000000
-3.588363	 	13066.666667
-3.255030	 	13073.333333
-1.255030	 	13080.000000
-1.088363	 	13086.666667
-0.755030	 	13093.333333
-1.588363	 	13100.000000
-1.588363	 	13106.666667
-0.255030	 	13113.333333
-2.421696	 	13120.000000
-2.255030	 	13126.666667
-1.421696	 	13133.333333
-1.755030	 	13140.000000
-0.421696	 	13146.666667
-0.921696	 	13153.333333
-3.255030	 	13160.000000
1.411637	 	13166.666667
-3.088363	 	13173.333333
-2.421696	 	13180.000000
-4.255030	 	13186.666667
-2.088363	 	13193.333333
-0.921696	 	13200.000000
-2.421696	 	13206.666667
-4.921696	 	13213.333333
-3.255030	 	13220.000000
-6.088363	 	13226.666667
-2.921696	 	13233.333333
-1.921696	 	13240.000000
-4.421696	 	13246.666667
-3.588363	 	13253.333333
-4.421696	 	13260.000000
-2.755030	 	13266.666667
-3.421696	 	13273.333333
-3.421696	 	13280.000000
-2.755030	 	13286.666667
-3.088363	 	13293.333333
-3.588363	 	13300.000000
-3.755030	 	13306.666667
-1.088363	 	13313.333333
-4.088363	 	13320.000000
-1.921696	 	13326.666667
