#peak 	 	#time 
0.811490	 	0.000000
0.453701	 	6.666667
1.262046	 	13.333333
3.176608	 	20.000000
2.728989	 	26.666667
4.328989	 	33.333333
3.139681	 	40.000000
4.639681	 	46.666667
1.939681	 	53.333333
3.239681	 	60.000000
2.589681	 	66.666667
3.539681	 	73.333333
2.689681	 	80.000000
3.189681	 	86.666667
3.189681	 	93.333333
1.389681	 	100.000000
1.639681	 	106.666667
1.839681	 	113.333333
1.339681	 	120.000000
3.039681	 	126.666667
3.439681	 	133.333333
1.989681	 	140.000000
2.489681	 	146.666667
2.439681	 	153.333333
2.389681	 	160.000000
2.489681	 	166.666667
4.139681	 	173.333333
5.989681	 	180.000000
4.239681	 	186.666667
4.539681	 	193.333333
5.089681	 	200.000000
6.889681	 	206.666667
5.889681	 	213.333333
5.489681	 	220.000000
8.039681	 	226.666667
6.189681	 	233.333333
4.539681	 	240.000000
4.989681	 	246.666667
6.889681	 	253.333333
5.389681	 	260.000000
4.139681	 	266.666667
4.289681	 	273.333333
5.039681	 	280.000000
5.739681	 	286.666667
4.389681	 	293.333333
4.539681	 	300.000000
3.439681	 	306.666667
3.639681	 	313.333333
3.039681	 	320.000000
4.289681	 	326.666667
3.139681	 	333.333333
3.789681	 	340.000000
2.739681	 	346.666667
4.839681	 	353.333333
4.539681	 	360.000000
4.689681	 	366.666667
5.389681	 	373.333333
5.739681	 	380.000000
5.389681	 	386.666667
5.989681	 	393.333333
3.639681	 	400.000000
4.189681	 	406.666667
3.439681	 	413.333333
5.239681	 	420.000000
2.839681	 	426.666667
4.239681	 	433.333333
3.589681	 	440.000000
2.439681	 	446.666667
1.439681	 	453.333333
2.489681	 	460.000000
2.889681	 	466.666667
3.989681	 	473.333333
3.889681	 	480.000000
2.739681	 	486.666667
1.539681	 	493.333333
3.739681	 	500.000000
2.339681	 	506.666667
3.289681	 	513.333333
3.089681	 	520.000000
2.339681	 	526.666667
1.889681	 	533.333333
1.239681	 	540.000000
0.789681	 	546.666667
2.539681	 	553.333333
2.239681	 	560.000000
2.489681	 	566.666667
0.939681	 	573.333333
1.439681	 	580.000000
0.739681	 	586.666667
2.689681	 	593.333333
1.989681	 	600.000000
0.939681	 	606.666667
1.139681	 	613.333333
1.689681	 	620.000000
1.239681	 	626.666667
1.089681	 	633.333333
0.889681	 	640.000000
1.139681	 	646.666667
0.889681	 	653.333333
1.839681	 	660.000000
-0.060319	 	666.666667
0.439681	 	673.333333
1.239681	 	680.000000
1.039681	 	686.666667
2.189681	 	693.333333
1.789681	 	700.000000
2.189681	 	706.666667
1.389681	 	713.333333
2.189681	 	720.000000
4.089681	 	726.666667
2.889681	 	733.333333
3.489681	 	740.000000
2.439681	 	746.666667
1.889681	 	753.333333
2.889681	 	760.000000
3.239681	 	766.666667
3.589681	 	773.333333
3.189681	 	780.000000
2.739681	 	786.666667
1.739681	 	793.333333
3.089681	 	800.000000
2.689681	 	806.666667
3.739681	 	813.333333
4.389681	 	820.000000
3.089681	 	826.666667
2.339681	 	833.333333
3.589681	 	840.000000
2.289681	 	846.666667
2.639681	 	853.333333
3.189681	 	860.000000
2.689681	 	866.666667
1.989681	 	873.333333
1.939681	 	880.000000
2.089681	 	886.666667
2.889681	 	893.333333
2.089681	 	900.000000
2.689681	 	906.666667
3.039681	 	913.333333
2.589681	 	920.000000
1.589681	 	926.666667
1.089681	 	933.333333
2.539681	 	940.000000
2.939681	 	946.666667
1.339681	 	953.333333
0.439681	 	960.000000
1.439681	 	966.666667
1.189681	 	973.333333
2.039681	 	980.000000
2.439681	 	986.666667
2.589681	 	993.333333
1.139681	 	1000.000000
1.289681	 	1006.666667
1.889681	 	1013.333333
2.039681	 	1020.000000
1.239681	 	1026.666667
1.639681	 	1033.333333
1.389681	 	1040.000000
0.789681	 	1046.666667
0.539681	 	1053.333333
0.889681	 	1060.000000
1.589681	 	1066.666667
1.489681	 	1073.333333
1.739681	 	1080.000000
0.739681	 	1086.666667
1.089681	 	1093.333333
1.489681	 	1100.000000
0.839681	 	1106.666667
2.839681	 	1113.333333
1.139681	 	1120.000000
2.239681	 	1126.666667
1.589681	 	1133.333333
1.189681	 	1140.000000
2.189681	 	1146.666667
2.789681	 	1153.333333
2.089681	 	1160.000000
2.089681	 	1166.666667
1.839681	 	1173.333333
-0.310319	 	1180.000000
1.989681	 	1186.666667
2.289681	 	1193.333333
2.989681	 	1200.000000
2.139681	 	1206.666667
2.389681	 	1213.333333
1.289681	 	1220.000000
0.889681	 	1226.666667
0.939681	 	1233.333333
0.939681	 	1240.000000
2.439681	 	1246.666667
2.839681	 	1253.333333
2.189681	 	1260.000000
2.089681	 	1266.666667
2.289681	 	1273.333333
3.189681	 	1280.000000
2.589681	 	1286.666667
3.889681	 	1293.333333
3.889681	 	1300.000000
4.139681	 	1306.666667
3.539681	 	1313.333333
3.789681	 	1320.000000
3.189681	 	1326.666667
3.789681	 	1333.333333
3.539681	 	1340.000000
2.989681	 	1346.666667
3.639681	 	1353.333333
3.139681	 	1360.000000
1.589681	 	1366.666667
1.839681	 	1373.333333
1.489681	 	1380.000000
2.289681	 	1386.666667
3.339681	 	1393.333333
1.839681	 	1400.000000
1.789681	 	1406.666667
0.589681	 	1413.333333
0.789681	 	1420.000000
2.689681	 	1426.666667
3.039681	 	1433.333333
1.189681	 	1440.000000
1.039681	 	1446.666667
2.039681	 	1453.333333
0.689681	 	1460.000000
1.889681	 	1466.666667
1.739681	 	1473.333333
2.189681	 	1480.000000
2.189681	 	1486.666667
1.439681	 	1493.333333
1.339681	 	1500.000000
2.239681	 	1506.666667
2.389681	 	1513.333333
2.139681	 	1520.000000
1.339681	 	1526.666667
1.239681	 	1533.333333
1.189681	 	1540.000000
2.289681	 	1546.666667
2.789681	 	1553.333333
3.539681	 	1560.000000
3.639681	 	1566.666667
4.589681	 	1573.333333
2.489681	 	1580.000000
3.989681	 	1586.666667
3.289681	 	1593.333333
4.339681	 	1600.000000
3.439681	 	1606.666667
4.389681	 	1613.333333
4.989681	 	1620.000000
3.889681	 	1626.666667
4.939681	 	1633.333333
3.289681	 	1640.000000
4.239681	 	1646.666667
3.439681	 	1653.333333
2.889681	 	1660.000000
1.089681	 	1666.666667
3.339681	 	1673.333333
3.839681	 	1680.000000
2.689681	 	1686.666667
2.939681	 	1693.333333
1.739681	 	1700.000000
2.539681	 	1706.666667
2.439681	 	1713.333333
2.389681	 	1720.000000
3.389681	 	1726.666667
3.239681	 	1733.333333
2.039681	 	1740.000000
1.589681	 	1746.666667
2.439681	 	1753.333333
1.739681	 	1760.000000
2.339681	 	1766.666667
2.339681	 	1773.333333
2.339681	 	1780.000000
1.689681	 	1786.666667
1.489681	 	1793.333333
-0.310319	 	1800.000000
1.539681	 	1806.666667
1.989681	 	1813.333333
3.289681	 	1820.000000
2.039681	 	1826.666667
0.989681	 	1833.333333
1.289681	 	1840.000000
1.189681	 	1846.666667
2.189681	 	1853.333333
1.089681	 	1860.000000
2.189681	 	1866.666667
2.239681	 	1873.333333
1.289681	 	1880.000000
2.639681	 	1886.666667
1.939681	 	1893.333333
3.089681	 	1900.000000
2.239681	 	1906.666667
2.739681	 	1913.333333
3.639681	 	1920.000000
2.539681	 	1926.666667
4.389681	 	1933.333333
3.739681	 	1940.000000
4.939681	 	1946.666667
4.339681	 	1953.333333
3.489681	 	1960.000000
4.039681	 	1966.666667
4.239681	 	1973.333333
3.989681	 	1980.000000
3.389681	 	1986.666667
3.089681	 	1993.333333
2.889681	 	2000.000000
4.339681	 	2006.666667
2.839681	 	2013.333333
2.389681	 	2020.000000
2.289681	 	2026.666667
3.739681	 	2033.333333
3.689681	 	2040.000000
3.839681	 	2046.666667
2.489681	 	2053.333333
2.239681	 	2060.000000
2.239681	 	2066.666667
2.989681	 	2073.333333
2.739681	 	2080.000000
3.489681	 	2086.666667
2.639681	 	2093.333333
0.839681	 	2100.000000
4.389681	 	2106.666667
1.239681	 	2113.333333
2.989681	 	2120.000000
0.889681	 	2126.666667
1.839681	 	2133.333333
0.489681	 	2140.000000
1.739681	 	2146.666667
0.389681	 	2153.333333
2.389681	 	2160.000000
0.739681	 	2166.666667
2.039681	 	2173.333333
1.739681	 	2180.000000
1.189681	 	2186.666667
2.339681	 	2193.333333
3.389681	 	2200.000000
2.339681	 	2206.666667
2.389681	 	2213.333333
1.489681	 	2220.000000
1.089681	 	2226.666667
1.689681	 	2233.333333
2.489681	 	2240.000000
2.589681	 	2246.666667
1.589681	 	2253.333333
1.739681	 	2260.000000
1.539681	 	2266.666667
1.489681	 	2273.333333
0.639681	 	2280.000000
1.639681	 	2286.666667
2.189681	 	2293.333333
2.039681	 	2300.000000
0.689681	 	2306.666667
1.089681	 	2313.333333
1.289681	 	2320.000000
1.639681	 	2326.666667
1.339681	 	2333.333333
1.889681	 	2340.000000
2.339681	 	2346.666667
2.739681	 	2353.333333
2.439681	 	2360.000000
2.339681	 	2366.666667
2.889681	 	2373.333333
2.239681	 	2380.000000
3.339681	 	2386.666667
3.739681	 	2393.333333
4.439681	 	2400.000000
2.589681	 	2406.666667
4.239681	 	2413.333333
2.939681	 	2420.000000
4.589681	 	2426.666667
4.839681	 	2433.333333
3.289681	 	2440.000000
1.939681	 	2446.666667
3.689681	 	2453.333333
4.589681	 	2460.000000
3.889681	 	2466.666667
4.039681	 	2473.333333
2.989681	 	2480.000000
2.089681	 	2486.666667
0.889681	 	2493.333333
1.339681	 	2500.000000
2.639681	 	2506.666667
1.789681	 	2513.333333
2.239681	 	2520.000000
2.589681	 	2526.666667
2.639681	 	2533.333333
0.889681	 	2540.000000
2.589681	 	2546.666667
0.289681	 	2553.333333
2.539681	 	2560.000000
1.139681	 	2566.666667
2.039681	 	2573.333333
0.389681	 	2580.000000
1.539681	 	2586.666667
0.789681	 	2593.333333
1.389681	 	2600.000000
2.839681	 	2606.666667
2.239681	 	2613.333333
0.739681	 	2620.000000
0.089681	 	2626.666667
1.489681	 	2633.333333
1.489681	 	2640.000000
0.789681	 	2646.666667
1.989681	 	2653.333333
0.989681	 	2660.000000
1.889681	 	2666.666667
1.039681	 	2673.333333
0.339681	 	2680.000000
1.339681	 	2686.666667
1.839681	 	2693.333333
0.289681	 	2700.000000
1.639681	 	2706.666667
2.189681	 	2713.333333
0.939681	 	2720.000000
2.989681	 	2726.666667
3.339681	 	2733.333333
4.239681	 	2740.000000
4.039681	 	2746.666667
3.139681	 	2753.333333
5.439681	 	2760.000000
5.939681	 	2766.666667
2.939681	 	2773.333333
3.889681	 	2780.000000
3.189681	 	2786.666667
4.589681	 	2793.333333
3.289681	 	2800.000000
3.539681	 	2806.666667
3.839681	 	2813.333333
2.939681	 	2820.000000
3.739681	 	2826.666667
3.039681	 	2833.333333
2.139681	 	2840.000000
2.239681	 	2846.666667
1.189681	 	2853.333333
2.789681	 	2860.000000
1.139681	 	2866.666667
3.989681	 	2873.333333
0.989681	 	2880.000000
2.339681	 	2886.666667
1.889681	 	2893.333333
1.939681	 	2900.000000
2.339681	 	2906.666667
1.389681	 	2913.333333
1.389681	 	2920.000000
1.389681	 	2926.666667
0.639681	 	2933.333333
2.039681	 	2940.000000
1.139681	 	2946.666667
1.889681	 	2953.333333
2.139681	 	2960.000000
1.989681	 	2966.666667
1.589681	 	2973.333333
0.489681	 	2980.000000
0.939681	 	2986.666667
1.739681	 	2993.333333
-0.010319	 	3000.000000
1.239681	 	3006.666667
0.139681	 	3013.333333
1.689681	 	3020.000000
0.339681	 	3026.666667
0.689681	 	3033.333333
0.739681	 	3040.000000
1.989681	 	3046.666667
1.439681	 	3053.333333
0.089681	 	3060.000000
0.439681	 	3066.666667
0.739681	 	3073.333333
1.939681	 	3080.000000
1.539681	 	3086.666667
0.339681	 	3093.333333
0.039681	 	3100.000000
0.139681	 	3106.666667
0.489681	 	3113.333333
-1.060319	 	3120.000000
-0.160319	 	3126.666667
0.939681	 	3133.333333
0.639681	 	3140.000000
-0.110319	 	3146.666667
0.889681	 	3153.333333
0.189681	 	3160.000000
-0.210319	 	3166.666667
-0.110319	 	3173.333333
0.189681	 	3180.000000
0.139681	 	3186.666667
-0.960319	 	3193.333333
-0.710319	 	3200.000000
-0.960319	 	3206.666667
-0.060319	 	3213.333333
-0.860319	 	3220.000000
0.539681	 	3226.666667
-0.760319	 	3233.333333
0.039681	 	3240.000000
0.589681	 	3246.666667
0.339681	 	3253.333333
-0.260319	 	3260.000000
1.239681	 	3266.666667
0.389681	 	3273.333333
-0.310319	 	3280.000000
-0.160319	 	3286.666667
-0.010319	 	3293.333333
-0.810319	 	3300.000000
0.239681	 	3306.666667
-0.260319	 	3313.333333
-0.360319	 	3320.000000
-0.710319	 	3326.666667
-0.460319	 	3333.333333
-0.310319	 	3340.000000
-0.510319	 	3346.666667
-0.210319	 	3353.333333
-0.260319	 	3360.000000
-0.610319	 	3366.666667
-0.010319	 	3373.333333
-0.360319	 	3380.000000
-1.510319	 	3386.666667
0.189681	 	3393.333333
0.239681	 	3400.000000
1.289681	 	3406.666667
-1.760319	 	3413.333333
1.939681	 	3420.000000
0.789681	 	3426.666667
1.889681	 	3433.333333
3.089681	 	3440.000000
2.889681	 	3446.666667
1.289681	 	3453.333333
2.639681	 	3460.000000
1.339681	 	3466.666667
2.789681	 	3473.333333
0.189681	 	3480.000000
2.139681	 	3486.666667
2.989681	 	3493.333333
2.439681	 	3500.000000
2.939681	 	3506.666667
0.939681	 	3513.333333
3.639681	 	3520.000000
1.589681	 	3526.666667
2.589681	 	3533.333333
3.839681	 	3540.000000
1.889681	 	3546.666667
3.489681	 	3553.333333
0.739681	 	3560.000000
1.689681	 	3566.666667
0.439681	 	3573.333333
1.739681	 	3580.000000
2.439681	 	3586.666667
0.889681	 	3593.333333
0.039681	 	3600.000000
0.639681	 	3606.666667
2.089681	 	3613.333333
1.639681	 	3620.000000
0.739681	 	3626.666667
1.739681	 	3633.333333
0.339681	 	3640.000000
0.739681	 	3646.666667
0.839681	 	3653.333333
1.089681	 	3660.000000
0.189681	 	3666.666667
0.489681	 	3673.333333
0.039681	 	3680.000000
0.289681	 	3686.666667
1.639681	 	3693.333333
2.189681	 	3700.000000
0.639681	 	3706.666667
1.389681	 	3713.333333
1.539681	 	3720.000000
1.689681	 	3726.666667
0.239681	 	3733.333333
1.639681	 	3740.000000
2.389681	 	3746.666667
2.339681	 	3753.333333
1.689681	 	3760.000000
2.389681	 	3766.666667
0.689681	 	3773.333333
1.639681	 	3780.000000
1.439681	 	3786.666667
2.289681	 	3793.333333
2.089681	 	3800.000000
1.789681	 	3806.666667
1.189681	 	3813.333333
1.639681	 	3820.000000
0.639681	 	3826.666667
1.389681	 	3833.333333
1.589681	 	3840.000000
0.789681	 	3846.666667
2.139681	 	3853.333333
1.389681	 	3860.000000
0.839681	 	3866.666667
1.489681	 	3873.333333
2.489681	 	3880.000000
0.739681	 	3886.666667
0.889681	 	3893.333333
-0.410319	 	3900.000000
0.939681	 	3906.666667
1.289681	 	3913.333333
-0.310319	 	3920.000000
-0.110319	 	3926.666667
-0.210319	 	3933.333333
0.889681	 	3940.000000
-0.060319	 	3946.666667
-0.360319	 	3953.333333
-0.660319	 	3960.000000
0.839681	 	3966.666667
0.089681	 	3973.333333
0.089681	 	3980.000000
-0.510319	 	3986.666667
-0.560319	 	3993.333333
0.889681	 	4000.000000
-0.110319	 	4006.666667
-0.210319	 	4013.333333
-0.460319	 	4020.000000
0.689681	 	4026.666667
0.389681	 	4033.333333
0.389681	 	4040.000000
1.789681	 	4046.666667
1.489681	 	4053.333333
1.289681	 	4060.000000
1.339681	 	4066.666667
1.089681	 	4073.333333
0.989681	 	4080.000000
0.189681	 	4086.666667
0.239681	 	4093.333333
2.339681	 	4100.000000
0.989681	 	4106.666667
1.339681	 	4113.333333
1.089681	 	4120.000000
0.389681	 	4126.666667
0.989681	 	4133.333333
1.239681	 	4140.000000
1.489681	 	4146.666667
0.539681	 	4153.333333
1.089681	 	4160.000000
-0.010319	 	4166.666667
0.589681	 	4173.333333
0.389681	 	4180.000000
-0.210319	 	4186.666667
0.839681	 	4193.333333
-0.010319	 	4200.000000
0.639681	 	4206.666667
-0.760319	 	4213.333333
0.389681	 	4220.000000
-0.510319	 	4226.666667
1.639681	 	4233.333333
0.789681	 	4240.000000
-1.110319	 	4246.666667
-0.460319	 	4253.333333
-1.110319	 	4260.000000
1.089681	 	4266.666667
0.339681	 	4273.333333
-0.410319	 	4280.000000
-0.510319	 	4286.666667
0.789681	 	4293.333333
-1.410319	 	4300.000000
-0.260319	 	4306.666667
0.039681	 	4313.333333
0.639681	 	4320.000000
-0.710319	 	4326.666667
-1.810319	 	4333.333333
-0.160319	 	4340.000000
-0.860319	 	4346.666667
-0.660319	 	4353.333333
-0.410319	 	4360.000000
-0.510319	 	4366.666667
0.189681	 	4373.333333
0.039681	 	4380.000000
-0.160319	 	4386.666667
-0.560319	 	4393.333333
-1.660319	 	4400.000000
-0.860319	 	4406.666667
-0.060319	 	4413.333333
-0.260319	 	4420.000000
-0.860319	 	4426.666667
-0.110319	 	4433.333333
-2.010319	 	4440.000000
-0.660319	 	4446.666667
-0.760319	 	4453.333333
0.389681	 	4460.000000
-2.960319	 	4466.666667
-0.110319	 	4473.333333
-1.760319	 	4480.000000
-1.560319	 	4486.666667
-0.310319	 	4493.333333
-0.860319	 	4500.000000
-0.360319	 	4506.666667
-0.110319	 	4513.333333
-2.310319	 	4520.000000
0.239681	 	4526.666667
-0.860319	 	4533.333333
-0.060319	 	4540.000000
-1.560319	 	4546.666667
-1.710319	 	4553.333333
-1.360319	 	4560.000000
-0.260319	 	4566.666667
-1.310319	 	4573.333333
-0.860319	 	4580.000000
-0.660319	 	4586.666667
0.389681	 	4593.333333
-2.210319	 	4600.000000
0.239681	 	4606.666667
-2.060319	 	4613.333333
-0.210319	 	4620.000000
-1.760319	 	4626.666667
0.489681	 	4633.333333
-1.460319	 	4640.000000
0.039681	 	4646.666667
-1.960319	 	4653.333333
-1.510319	 	4660.000000
-0.910319	 	4666.666667
0.139681	 	4673.333333
-0.760319	 	4680.000000
-1.410319	 	4686.666667
-0.860319	 	4693.333333
-1.810319	 	4700.000000
-0.260319	 	4706.666667
-0.860319	 	4713.333333
-0.760319	 	4720.000000
-1.510319	 	4726.666667
-1.610319	 	4733.333333
-0.760319	 	4740.000000
-0.660319	 	4746.666667
0.889681	 	4753.333333
-0.460319	 	4760.000000
-2.260319	 	4766.666667
-1.010319	 	4773.333333
-2.810319	 	4780.000000
-1.010319	 	4786.666667
-0.760319	 	4793.333333
-0.710319	 	4800.000000
-1.760319	 	4806.666667
-0.510319	 	4813.333333
0.539681	 	4820.000000
-1.160319	 	4826.666667
-0.110319	 	4833.333333
0.339681	 	4840.000000
0.989681	 	4846.666667
0.139681	 	4853.333333
-0.560319	 	4860.000000
-0.210319	 	4866.666667
0.889681	 	4873.333333
1.689681	 	4880.000000
1.839681	 	4886.666667
1.889681	 	4893.333333
-0.110319	 	4900.000000
0.739681	 	4906.666667
2.039681	 	4913.333333
1.839681	 	4920.000000
2.589681	 	4926.666667
3.539681	 	4933.333333
2.739681	 	4940.000000
0.839681	 	4946.666667
1.439681	 	4953.333333
1.539681	 	4960.000000
0.839681	 	4966.666667
2.939681	 	4973.333333
4.639681	 	4980.000000
3.489681	 	4986.666667
4.589681	 	4993.333333
5.089681	 	5000.000000
6.339681	 	5006.666667
5.389681	 	5013.333333
6.539681	 	5020.000000
5.689681	 	5026.666667
6.389681	 	5033.333333
4.339681	 	5040.000000
5.439681	 	5046.666667
5.239681	 	5053.333333
7.089681	 	5060.000000
6.889681	 	5066.666667
6.389681	 	5073.333333
6.239681	 	5080.000000
7.539681	 	5086.666667
7.939681	 	5093.333333
7.689681	 	5100.000000
8.489681	 	5106.666667
8.889681	 	5113.333333
7.989681	 	5120.000000
6.739681	 	5126.666667
8.489681	 	5133.333333
8.739681	 	5140.000000
7.389681	 	5146.666667
7.889681	 	5153.333333
6.589681	 	5160.000000
6.939681	 	5166.666667
5.139681	 	5173.333333
6.989681	 	5180.000000
6.889681	 	5186.666667
6.439681	 	5193.333333
5.039681	 	5200.000000
6.439681	 	5206.666667
5.339681	 	5213.333333
5.889681	 	5220.000000
7.189681	 	5226.666667
7.189681	 	5233.333333
6.739681	 	5240.000000
6.889681	 	5246.666667
4.239681	 	5253.333333
4.539681	 	5260.000000
6.439681	 	5266.666667
5.439681	 	5273.333333
6.489681	 	5280.000000
5.139681	 	5286.666667
6.139681	 	5293.333333
5.139681	 	5300.000000
6.689681	 	5306.666667
6.089681	 	5313.333333
6.139681	 	5320.000000
5.639681	 	5326.666667
4.589681	 	5333.333333
4.589681	 	5340.000000
7.839681	 	5346.666667
27.739681	 	5353.333333
73.089681	 	5360.000000
146.739681	 	5366.666667
268.389681	 	5373.333333
417.339681	 	5380.000000
569.639681	 	5386.666667
761.889681	 	5393.333333
985.039681	 	5400.000000
1258.839681	 	5406.666667
1581.639681	 	5413.333333
1962.689681	 	5420.000000
2338.789681	 	5426.666667
2676.589681	 	5433.333333
2925.739681	 	5440.000000
3110.139681	 	5446.666667
3252.039681	 	5453.333333
3354.989681	 	5460.000000
3416.239681	 	5466.666667
3445.989681	 	5473.333333
3458.389681	 	5480.000000
3456.089681	 	5486.666667
3431.289681	 	5493.333333
3394.989681	 	5500.000000
3355.639681	 	5506.666667
3304.239681	 	5513.333333
3249.239681	 	5520.000000
3197.989681	 	5526.666667
3157.639681	 	5533.333333
3112.139681	 	5540.000000
3070.789681	 	5546.666667
3031.989681	 	5553.333333
2991.389681	 	5560.000000
2952.239681	 	5566.666667
2911.889681	 	5573.333333
2876.939681	 	5580.000000
2839.839681	 	5586.666667
2805.689681	 	5593.333333
2769.039681	 	5600.000000
2733.839681	 	5606.666667
2693.189681	 	5613.333333
2659.339681	 	5620.000000
2624.939681	 	5626.666667
2596.089681	 	5633.333333
2571.189681	 	5640.000000
2540.789681	 	5646.666667
2515.039681	 	5653.333333
2490.089681	 	5660.000000
2473.339681	 	5666.666667
2453.589681	 	5673.333333
2433.439681	 	5680.000000
2414.539681	 	5686.666667
2393.189681	 	5693.333333
2370.789681	 	5700.000000
2346.389681	 	5706.666667
2324.189681	 	5713.333333
2300.889681	 	5720.000000
2280.389681	 	5726.666667
2257.289681	 	5733.333333
2239.189681	 	5740.000000
2215.439681	 	5746.666667
2188.289681	 	5753.333333
2162.139681	 	5760.000000
2138.389681	 	5766.666667
2111.839681	 	5773.333333
2083.239681	 	5780.000000
2055.989681	 	5786.666667
2030.989681	 	5793.333333
2006.339681	 	5800.000000
1982.439681	 	5806.666667
1962.039681	 	5813.333333
1936.589681	 	5820.000000
1917.789681	 	5826.666667
1899.939681	 	5833.333333
1880.189681	 	5840.000000
1859.689681	 	5846.666667
1842.089681	 	5853.333333
1829.189681	 	5860.000000
1813.539681	 	5866.666667
1791.789681	 	5873.333333
1771.989681	 	5880.000000
1752.739681	 	5886.666667
1734.939681	 	5893.333333
1716.889681	 	5900.000000
1701.939681	 	5906.666667
1692.339681	 	5913.333333
1677.239681	 	5920.000000
1661.689681	 	5926.666667
1646.239681	 	5933.333333
1633.739681	 	5940.000000
1622.539681	 	5946.666667
1603.339681	 	5953.333333
1585.139681	 	5960.000000
1573.239681	 	5966.666667
1561.339681	 	5973.333333
1546.489681	 	5980.000000
1533.639681	 	5986.666667
1523.339681	 	5993.333333
1508.539681	 	6000.000000
1495.739681	 	6006.666667
1482.989681	 	6013.333333
1466.789681	 	6020.000000
1456.239681	 	6026.666667
1443.839681	 	6033.333333
1429.439681	 	6040.000000
1417.389681	 	6046.666667
1409.589681	 	6053.333333
1396.489681	 	6060.000000
1388.139681	 	6066.666667
1374.889681	 	6073.333333
1363.039681	 	6080.000000
1347.989681	 	6086.666667
1336.339681	 	6093.333333
1320.739681	 	6100.000000
1303.139681	 	6106.666667
1286.839681	 	6113.333333
1272.439681	 	6120.000000
1255.789681	 	6126.666667
1241.689681	 	6133.333333
1227.639681	 	6140.000000
1214.589681	 	6146.666667
1201.139681	 	6153.333333
1191.489681	 	6160.000000
1176.839681	 	6166.666667
1164.389681	 	6173.333333
1150.239681	 	6180.000000
1140.539681	 	6186.666667
1128.139681	 	6193.333333
1116.589681	 	6200.000000
1105.689681	 	6206.666667
1094.789681	 	6213.333333
1083.089681	 	6220.000000
1073.939681	 	6226.666667
1065.489681	 	6233.333333
1055.139681	 	6240.000000
1043.689681	 	6246.666667
1035.539681	 	6253.333333
1025.189681	 	6260.000000
1015.089681	 	6266.666667
1006.739681	 	6273.333333
1000.539681	 	6280.000000
990.589681	 	6286.666667
980.589681	 	6293.333333
972.089681	 	6300.000000
963.639681	 	6306.666667
954.839681	 	6313.333333
947.939681	 	6320.000000
937.589681	 	6326.666667
927.589681	 	6333.333333
921.689681	 	6340.000000
915.339681	 	6346.666667
907.089681	 	6353.333333
900.739681	 	6360.000000
893.839681	 	6366.666667
886.389681	 	6373.333333
877.489681	 	6380.000000
867.439681	 	6386.666667
861.039681	 	6393.333333
856.339681	 	6400.000000
847.389681	 	6406.666667
841.389681	 	6413.333333
832.189681	 	6420.000000
825.289681	 	6426.666667
816.139681	 	6433.333333
808.539681	 	6440.000000
797.989681	 	6446.666667
788.439681	 	6453.333333
779.639681	 	6460.000000
772.189681	 	6466.666667
764.089681	 	6473.333333
756.989681	 	6480.000000
747.439681	 	6486.666667
738.189681	 	6493.333333
729.389681	 	6500.000000
723.989681	 	6506.666667
715.489681	 	6513.333333
707.239681	 	6520.000000
698.639681	 	6526.666667
687.639681	 	6533.333333
679.939681	 	6540.000000
672.739681	 	6546.666667
662.489681	 	6553.333333
656.239681	 	6560.000000
648.239681	 	6566.666667
640.189681	 	6573.333333
632.639681	 	6580.000000
621.839681	 	6586.666667
613.389681	 	6593.333333
603.939681	 	6600.000000
598.989681	 	6606.666667
590.689681	 	6613.333333
583.889681	 	6620.000000
576.739681	 	6626.666667
572.589681	 	6633.333333
566.189681	 	6640.000000
560.389681	 	6646.666667
554.539681	 	6653.333333
549.839681	 	6660.000000
542.039681	 	6666.666667
536.939681	 	6673.333333
530.889681	 	6680.000000
527.239681	 	6686.666667
518.639681	 	6693.333333
514.289681	 	6700.000000
505.839681	 	6706.666667
500.789681	 	6713.333333
495.039681	 	6720.000000
488.639681	 	6726.666667
482.689681	 	6733.333333
476.389681	 	6740.000000
471.539681	 	6746.666667
464.939681	 	6753.333333
459.989681	 	6760.000000
455.789681	 	6766.666667
451.839681	 	6773.333333
448.789681	 	6780.000000
442.839681	 	6786.666667
438.639681	 	6793.333333
436.189681	 	6800.000000
434.939681	 	6806.666667
433.689681	 	6813.333333
427.389681	 	6820.000000
426.189681	 	6826.666667
421.289681	 	6833.333333
417.589681	 	6840.000000
413.189681	 	6846.666667
409.389681	 	6853.333333
405.339681	 	6860.000000
401.789681	 	6866.666667
398.639681	 	6873.333333
394.289681	 	6880.000000
390.589681	 	6886.666667
386.239681	 	6893.333333
381.789681	 	6900.000000
379.839681	 	6906.666667
373.489681	 	6913.333333
370.089681	 	6920.000000
363.839681	 	6926.666667
359.989681	 	6933.333333
354.289681	 	6940.000000
351.989681	 	6946.666667
345.939681	 	6953.333333
341.889681	 	6960.000000
339.439681	 	6966.666667
334.989681	 	6973.333333
331.689681	 	6980.000000
328.689681	 	6986.666667
323.839681	 	6993.333333
320.789681	 	7000.000000
318.089681	 	7006.666667
311.789681	 	7013.333333
309.389681	 	7020.000000
306.089681	 	7026.666667
304.639681	 	7033.333333
298.589681	 	7040.000000
294.789681	 	7046.666667
291.389681	 	7053.333333
288.339681	 	7060.000000
286.239681	 	7066.666667
283.089681	 	7073.333333
281.089681	 	7080.000000
277.389681	 	7086.666667
273.639681	 	7093.333333
269.689681	 	7100.000000
267.289681	 	7106.666667
267.489681	 	7113.333333
265.489681	 	7120.000000
263.989681	 	7126.666667
261.639681	 	7133.333333
260.889681	 	7140.000000
258.539681	 	7146.666667
258.539681	 	7153.333333
256.289681	 	7160.000000
254.139681	 	7166.666667
253.289681	 	7173.333333
249.939681	 	7180.000000
248.789681	 	7186.666667
247.389681	 	7193.333333
244.939681	 	7200.000000
244.089681	 	7206.666667
240.489681	 	7213.333333
238.589681	 	7220.000000
234.439681	 	7226.666667
230.439681	 	7233.333333
226.989681	 	7240.000000
225.339681	 	7246.666667
222.539681	 	7253.333333
218.539681	 	7260.000000
217.939681	 	7266.666667
213.289681	 	7273.333333
210.439681	 	7280.000000
208.489681	 	7286.666667
207.039681	 	7293.333333
203.189681	 	7300.000000
200.539681	 	7306.666667
199.089681	 	7313.333333
196.989681	 	7320.000000
193.139681	 	7326.666667
189.589681	 	7333.333333
188.589681	 	7340.000000
188.589681	 	7346.666667
186.489681	 	7353.333333
186.539681	 	7360.000000
184.089681	 	7366.666667
181.839681	 	7373.333333
179.439681	 	7380.000000
177.739681	 	7386.666667
175.039681	 	7393.333333
172.089681	 	7400.000000
169.589681	 	7406.666667
169.789681	 	7413.333333
167.239681	 	7420.000000
166.489681	 	7426.666667
164.389681	 	7433.333333
164.239681	 	7440.000000
160.089681	 	7446.666667
161.589681	 	7453.333333
159.189681	 	7460.000000
157.689681	 	7466.666667
157.489681	 	7473.333333
154.789681	 	7480.000000
152.689681	 	7486.666667
151.989681	 	7493.333333
149.889681	 	7500.000000
148.889681	 	7506.666667
145.689681	 	7513.333333
144.289681	 	7520.000000
141.589681	 	7526.666667
138.489681	 	7533.333333
137.039681	 	7540.000000
135.739681	 	7546.666667
133.289681	 	7553.333333
130.089681	 	7560.000000
130.189681	 	7566.666667
126.289681	 	7573.333333
125.589681	 	7580.000000
121.339681	 	7586.666667
120.839681	 	7593.333333
117.889681	 	7600.000000
117.939681	 	7606.666667
116.089681	 	7613.333333
115.239681	 	7620.000000
112.489681	 	7626.666667
110.939681	 	7633.333333
108.689681	 	7640.000000
109.389681	 	7646.666667
108.439681	 	7653.333333
107.139681	 	7660.000000
104.889681	 	7666.666667
105.189681	 	7673.333333
103.539681	 	7680.000000
102.139681	 	7686.666667
100.689681	 	7693.333333
98.389681	 	7700.000000
99.489681	 	7706.666667
96.739681	 	7713.333333
98.239681	 	7720.000000
97.339681	 	7726.666667
95.889681	 	7733.333333
96.239681	 	7740.000000
94.139681	 	7746.666667
93.839681	 	7753.333333
95.639681	 	7760.000000
95.289681	 	7766.666667
94.239681	 	7773.333333
93.439681	 	7780.000000
91.889681	 	7786.666667
91.989681	 	7793.333333
90.339681	 	7800.000000
88.689681	 	7806.666667
88.589681	 	7813.333333
87.039681	 	7820.000000
85.689681	 	7826.666667
83.589681	 	7833.333333
82.889681	 	7840.000000
82.539681	 	7846.666667
80.439681	 	7853.333333
80.739681	 	7860.000000
78.639681	 	7866.666667
77.739681	 	7873.333333
75.989681	 	7880.000000
74.989681	 	7886.666667
73.639681	 	7893.333333
73.439681	 	7900.000000
72.339681	 	7906.666667
72.639681	 	7913.333333
69.189681	 	7920.000000
70.089681	 	7926.666667
70.439681	 	7933.333333
67.239681	 	7940.000000
67.139681	 	7946.666667
64.739681	 	7953.333333
65.389681	 	7960.000000
64.239681	 	7966.666667
63.739681	 	7973.333333
62.489681	 	7980.000000
61.439681	 	7986.666667
60.689681	 	7993.333333
60.139681	 	8000.000000
59.589681	 	8006.666667
61.589681	 	8013.333333
58.839681	 	8020.000000
57.339681	 	8026.666667
58.039681	 	8033.333333
56.739681	 	8040.000000
55.539681	 	8046.666667
55.889681	 	8053.333333
54.339681	 	8060.000000
53.039681	 	8066.666667
54.439681	 	8073.333333
51.489681	 	8080.000000
50.389681	 	8086.666667
48.589681	 	8093.333333
49.489681	 	8100.000000
49.339681	 	8106.666667
47.189681	 	8113.333333
47.089681	 	8120.000000
46.839681	 	8126.666667
46.489681	 	8133.333333
43.539681	 	8140.000000
44.589681	 	8146.666667
43.039681	 	8153.333333
41.639681	 	8160.000000
40.239681	 	8166.666667
39.189681	 	8173.333333
40.789681	 	8180.000000
41.039681	 	8186.666667
41.289681	 	8193.333333
38.239681	 	8200.000000
37.939681	 	8206.666667
36.489681	 	8213.333333
35.739681	 	8220.000000
37.789681	 	8226.666667
35.139681	 	8233.333333
34.639681	 	8240.000000
34.689681	 	8246.666667
33.939681	 	8253.333333
33.589681	 	8260.000000
33.989681	 	8266.666667
33.989681	 	8273.333333
33.089681	 	8280.000000
35.689681	 	8286.666667
34.839681	 	8293.333333
35.889681	 	8300.000000
33.989681	 	8306.666667
35.339681	 	8313.333333
33.989681	 	8320.000000
35.489681	 	8326.666667
33.889681	 	8333.333333
32.989681	 	8340.000000
32.889681	 	8346.666667
30.739681	 	8353.333333
31.039681	 	8360.000000
29.689681	 	8366.666667
29.539681	 	8373.333333
28.039681	 	8380.000000
28.539681	 	8386.666667
28.489681	 	8393.333333
28.139681	 	8400.000000
29.239681	 	8406.666667
27.089681	 	8413.333333
28.439681	 	8420.000000
28.939681	 	8426.666667
27.689681	 	8433.333333
27.289681	 	8440.000000
27.339681	 	8446.666667
26.689681	 	8453.333333
27.489681	 	8460.000000
26.539681	 	8466.666667
26.639681	 	8473.333333
26.839681	 	8480.000000
23.389681	 	8486.666667
24.339681	 	8493.333333
25.189681	 	8500.000000
26.339681	 	8506.666667
26.039681	 	8513.333333
24.989681	 	8520.000000
25.339681	 	8526.666667
24.039681	 	8533.333333
24.739681	 	8540.000000
23.239681	 	8546.666667
23.289681	 	8553.333333
23.789681	 	8560.000000
22.139681	 	8566.666667
24.039681	 	8573.333333
21.239681	 	8580.000000
21.089681	 	8586.666667
19.639681	 	8593.333333
20.939681	 	8600.000000
19.689681	 	8606.666667
20.439681	 	8613.333333
18.739681	 	8620.000000
17.239681	 	8626.666667
18.389681	 	8633.333333
18.739681	 	8640.000000
19.289681	 	8646.666667
18.889681	 	8653.333333
17.539681	 	8660.000000
18.039681	 	8666.666667
17.289681	 	8673.333333
18.839681	 	8680.000000
17.339681	 	8686.666667
16.989681	 	8693.333333
16.689681	 	8700.000000
16.289681	 	8706.666667
16.789681	 	8713.333333
16.289681	 	8720.000000
17.389681	 	8726.666667
16.339681	 	8733.333333
16.439681	 	8740.000000
15.189681	 	8746.666667
15.989681	 	8753.333333
15.389681	 	8760.000000
15.039681	 	8766.666667
14.389681	 	8773.333333
14.889681	 	8780.000000
12.639681	 	8786.666667
12.889681	 	8793.333333
13.239681	 	8800.000000
12.739681	 	8806.666667
13.339681	 	8813.333333
12.939681	 	8820.000000
12.839681	 	8826.666667
10.989681	 	8833.333333
11.539681	 	8840.000000
10.239681	 	8846.666667
11.089681	 	8853.333333
10.439681	 	8860.000000
9.689681	 	8866.666667
10.389681	 	8873.333333
9.439681	 	8880.000000
10.689681	 	8886.666667
9.789681	 	8893.333333
8.839681	 	8900.000000
6.939681	 	8906.666667
8.089681	 	8913.333333
9.489681	 	8920.000000
8.689681	 	8926.666667
8.039681	 	8933.333333
8.089681	 	8940.000000
7.289681	 	8946.666667
8.439681	 	8953.333333
9.189681	 	8960.000000
10.739681	 	8966.666667
10.439681	 	8973.333333
11.639681	 	8980.000000
10.539681	 	8986.666667
10.889681	 	8993.333333
10.639681	 	9000.000000
11.389681	 	9006.666667
13.289681	 	9013.333333
12.839681	 	9020.000000
14.039681	 	9026.666667
13.789681	 	9033.333333
12.239681	 	9040.000000
14.039681	 	9046.666667
14.539681	 	9053.333333
15.139681	 	9060.000000
12.989681	 	9066.666667
15.189681	 	9073.333333
15.189681	 	9080.000000
14.689681	 	9086.666667
16.239681	 	9093.333333
15.539681	 	9100.000000
14.639681	 	9106.666667
14.839681	 	9113.333333
14.689681	 	9120.000000
14.789681	 	9126.666667
13.139681	 	9133.333333
15.639681	 	9140.000000
13.789681	 	9146.666667
14.189681	 	9153.333333
11.739681	 	9160.000000
14.089681	 	9166.666667
13.789681	 	9173.333333
12.639681	 	9180.000000
11.439681	 	9186.666667
12.889681	 	9193.333333
11.339681	 	9200.000000
12.689681	 	9206.666667
11.739681	 	9213.333333
12.389681	 	9220.000000
12.239681	 	9226.666667
15.389681	 	9233.333333
13.989681	 	9240.000000
17.239681	 	9246.666667
17.739681	 	9253.333333
19.239681	 	9260.000000
17.989681	 	9266.666667
19.889681	 	9273.333333
20.389681	 	9280.000000
19.489681	 	9286.666667
18.889681	 	9293.333333
18.089681	 	9300.000000
17.589681	 	9306.666667
17.139681	 	9313.333333
16.939681	 	9320.000000
17.089681	 	9326.666667
15.739681	 	9333.333333
16.289681	 	9340.000000
14.839681	 	9346.666667
13.739681	 	9353.333333
14.589681	 	9360.000000
15.789681	 	9366.666667
15.739681	 	9373.333333
15.539681	 	9380.000000
14.039681	 	9386.666667
16.089681	 	9393.333333
14.339681	 	9400.000000
14.939681	 	9406.666667
14.039681	 	9413.333333
14.739681	 	9420.000000
13.539681	 	9426.666667
11.889681	 	9433.333333
14.239681	 	9440.000000
12.339681	 	9446.666667
13.189681	 	9453.333333
12.889681	 	9460.000000
13.389681	 	9466.666667
12.289681	 	9473.333333
12.639681	 	9480.000000
12.639681	 	9486.666667
12.789681	 	9493.333333
12.989681	 	9500.000000
12.289681	 	9506.666667
13.189681	 	9513.333333
12.339681	 	9520.000000
12.139681	 	9526.666667
15.139681	 	9533.333333
14.139681	 	9540.000000
14.839681	 	9546.666667
15.689681	 	9553.333333
14.789681	 	9560.000000
14.139681	 	9566.666667
14.289681	 	9573.333333
14.739681	 	9580.000000
14.789681	 	9586.666667
13.339681	 	9593.333333
12.539681	 	9600.000000
11.839681	 	9606.666667
12.039681	 	9613.333333
9.639681	 	9620.000000
11.089681	 	9626.666667
10.239681	 	9633.333333
10.739681	 	9640.000000
11.139681	 	9646.666667
9.689681	 	9653.333333
11.189681	 	9660.000000
9.489681	 	9666.666667
8.939681	 	9673.333333
9.989681	 	9680.000000
9.289681	 	9686.666667
9.989681	 	9693.333333
8.789681	 	9700.000000
9.939681	 	9706.666667
10.439681	 	9713.333333
8.739681	 	9720.000000
8.639681	 	9726.666667
8.789681	 	9733.333333
8.839681	 	9740.000000
7.989681	 	9746.666667
7.939681	 	9753.333333
9.239681	 	9760.000000
7.089681	 	9766.666667
7.939681	 	9773.333333
8.439681	 	9780.000000
5.989681	 	9786.666667
6.539681	 	9793.333333
6.839681	 	9800.000000
6.789681	 	9806.666667
4.639681	 	9813.333333
6.489681	 	9820.000000
4.439681	 	9826.666667
4.339681	 	9833.333333
5.289681	 	9840.000000
4.239681	 	9846.666667
4.189681	 	9853.333333
3.939681	 	9860.000000
3.289681	 	9866.666667
3.289681	 	9873.333333
3.789681	 	9880.000000
3.539681	 	9886.666667
3.289681	 	9893.333333
4.589681	 	9900.000000
4.239681	 	9906.666667
4.339681	 	9913.333333
4.789681	 	9920.000000
1.989681	 	9926.666667
3.389681	 	9933.333333
3.189681	 	9940.000000
2.789681	 	9946.666667
2.939681	 	9953.333333
3.289681	 	9960.000000
1.639681	 	9966.666667
1.639681	 	9973.333333
2.289681	 	9980.000000
0.489681	 	9986.666667
2.639681	 	9993.333333
2.889681	 	10000.000000
2.489681	 	10006.666667
2.039681	 	10013.333333
4.889681	 	10020.000000
2.189681	 	10026.666667
3.939681	 	10033.333333
3.539681	 	10040.000000
5.439681	 	10046.666667
2.789681	 	10053.333333
5.389681	 	10060.000000
4.289681	 	10066.666667
4.639681	 	10073.333333
3.589681	 	10080.000000
4.889681	 	10086.666667
2.889681	 	10093.333333
4.889681	 	10100.000000
2.439681	 	10106.666667
2.989681	 	10113.333333
1.839681	 	10120.000000
1.989681	 	10126.666667
2.889681	 	10133.333333
0.089681	 	10140.000000
2.189681	 	10146.666667
3.639681	 	10153.333333
2.589681	 	10160.000000
2.639681	 	10166.666667
1.489681	 	10173.333333
2.089681	 	10180.000000
0.039681	 	10186.666667
2.439681	 	10193.333333
1.839681	 	10200.000000
3.389681	 	10206.666667
3.989681	 	10213.333333
3.239681	 	10220.000000
3.589681	 	10226.666667
5.089681	 	10233.333333
5.889681	 	10240.000000
4.439681	 	10246.666667
4.239681	 	10253.333333
5.489681	 	10260.000000
4.989681	 	10266.666667
5.389681	 	10273.333333
5.189681	 	10280.000000
5.289681	 	10286.666667
4.489681	 	10293.333333
4.239681	 	10300.000000
4.189681	 	10306.666667
5.539681	 	10313.333333
5.389681	 	10320.000000
6.539681	 	10326.666667
6.289681	 	10333.333333
5.789681	 	10340.000000
7.439681	 	10346.666667
6.789681	 	10353.333333
7.489681	 	10360.000000
6.839681	 	10366.666667
6.989681	 	10373.333333
5.189681	 	10380.000000
6.289681	 	10386.666667
5.289681	 	10393.333333
4.539681	 	10400.000000
5.089681	 	10406.666667
6.039681	 	10413.333333
6.139681	 	10420.000000
5.689681	 	10426.666667
6.239681	 	10433.333333
5.839681	 	10440.000000
7.939681	 	10446.666667
6.139681	 	10453.333333
6.189681	 	10460.000000
7.339681	 	10466.666667
7.439681	 	10473.333333
5.439681	 	10480.000000
6.339681	 	10486.666667
7.189681	 	10493.333333
5.289681	 	10500.000000
5.189681	 	10506.666667
5.239681	 	10513.333333
6.189681	 	10520.000000
7.389681	 	10526.666667
8.139681	 	10533.333333
6.139681	 	10540.000000
8.939681	 	10546.666667
8.389681	 	10553.333333
8.939681	 	10560.000000
8.389681	 	10566.666667
9.539681	 	10573.333333
10.489681	 	10580.000000
8.939681	 	10586.666667
7.589681	 	10593.333333
8.639681	 	10600.000000
9.439681	 	10606.666667
9.489681	 	10613.333333
8.639681	 	10620.000000
9.289681	 	10626.666667
8.039681	 	10633.333333
6.589681	 	10640.000000
6.439681	 	10646.666667
5.789681	 	10653.333333
5.139681	 	10660.000000
6.889681	 	10666.666667
4.339681	 	10673.333333
5.439681	 	10680.000000
6.189681	 	10686.666667
4.789681	 	10693.333333
3.989681	 	10700.000000
4.889681	 	10706.666667
3.339681	 	10713.333333
4.289681	 	10720.000000
4.039681	 	10726.666667
3.189681	 	10733.333333
3.289681	 	10740.000000
3.439681	 	10746.666667
5.439681	 	10753.333333
3.339681	 	10760.000000
4.989681	 	10766.666667
2.739681	 	10773.333333
5.089681	 	10780.000000
3.839681	 	10786.666667
4.189681	 	10793.333333
3.189681	 	10800.000000
3.739681	 	10806.666667
3.489681	 	10813.333333
5.889681	 	10820.000000
4.289681	 	10826.666667
7.089681	 	10833.333333
4.339681	 	10840.000000
4.639681	 	10846.666667
5.539681	 	10853.333333
6.289681	 	10860.000000
3.439681	 	10866.666667
6.289681	 	10873.333333
3.639681	 	10880.000000
3.539681	 	10886.666667
3.139681	 	10893.333333
2.739681	 	10900.000000
3.239681	 	10906.666667
3.289681	 	10913.333333
2.189681	 	10920.000000
3.539681	 	10926.666667
2.439681	 	10933.333333
3.539681	 	10940.000000
4.039681	 	10946.666667
3.239681	 	10953.333333
4.839681	 	10960.000000
4.489681	 	10966.666667
3.689681	 	10973.333333
7.439681	 	10980.000000
6.889681	 	10986.666667
9.139681	 	10993.333333
10.039681	 	11000.000000
11.789681	 	11006.666667
11.439681	 	11013.333333
12.739681	 	11020.000000
10.989681	 	11026.666667
11.739681	 	11033.333333
9.989681	 	11040.000000
9.289681	 	11046.666667
10.589681	 	11053.333333
10.489681	 	11060.000000
8.939681	 	11066.666667
8.039681	 	11073.333333
9.689681	 	11080.000000
8.339681	 	11086.666667
7.989681	 	11093.333333
8.139681	 	11100.000000
8.389681	 	11106.666667
8.139681	 	11113.333333
8.939681	 	11120.000000
8.989681	 	11126.666667
5.889681	 	11133.333333
7.189681	 	11140.000000
6.689681	 	11146.666667
7.189681	 	11153.333333
6.639681	 	11160.000000
6.089681	 	11166.666667
6.539681	 	11173.333333
5.839681	 	11180.000000
4.539681	 	11186.666667
4.389681	 	11193.333333
4.789681	 	11200.000000
4.689681	 	11206.666667
3.389681	 	11213.333333
4.439681	 	11220.000000
3.289681	 	11226.666667
3.439681	 	11233.333333
2.189681	 	11240.000000
4.139681	 	11246.666667
2.939681	 	11253.333333
4.089681	 	11260.000000
2.039681	 	11266.666667
2.389681	 	11273.333333
0.339681	 	11280.000000
2.739681	 	11286.666667
3.089681	 	11293.333333
2.439681	 	11300.000000
1.839681	 	11306.666667
1.539681	 	11313.333333
2.139681	 	11320.000000
1.439681	 	11326.666667
3.389681	 	11333.333333
1.389681	 	11340.000000
0.889681	 	11346.666667
1.039681	 	11353.333333
0.339681	 	11360.000000
1.089681	 	11366.666667
-0.910319	 	11373.333333
0.989681	 	11380.000000
-0.810319	 	11386.666667
-0.210319	 	11393.333333
0.239681	 	11400.000000
0.839681	 	11406.666667
-1.210319	 	11413.333333
0.339681	 	11420.000000
-1.610319	 	11426.666667
-0.510319	 	11433.333333
-1.360319	 	11440.000000
-0.210319	 	11446.666667
-0.610319	 	11453.333333
-2.360319	 	11460.000000
0.689681	 	11466.666667
-1.710319	 	11473.333333
-0.760319	 	11480.000000
-3.160319	 	11486.666667
-2.810319	 	11493.333333
-3.260319	 	11500.000000
-3.110319	 	11506.666667
-1.160319	 	11513.333333
-1.810319	 	11520.000000
-1.560319	 	11526.666667
-2.360319	 	11533.333333
-3.560319	 	11540.000000
-0.410319	 	11546.666667
-1.110319	 	11553.333333
-1.660319	 	11560.000000
-1.510319	 	11566.666667
-2.310319	 	11573.333333
-2.210319	 	11580.000000
-1.660319	 	11586.666667
-1.110319	 	11593.333333
-0.510319	 	11600.000000
-0.410319	 	11606.666667
0.589681	 	11613.333333
1.189681	 	11620.000000
1.539681	 	11626.666667
0.789681	 	11633.333333
0.189681	 	11640.000000
-0.110319	 	11646.666667
0.189681	 	11653.333333
0.389681	 	11660.000000
0.339681	 	11666.666667
-0.460319	 	11673.333333
-0.460319	 	11680.000000
0.389681	 	11686.666667
-2.160319	 	11693.333333
-1.210319	 	11700.000000
-0.660319	 	11706.666667
-2.510319	 	11713.333333
-1.260319	 	11720.000000
-3.260319	 	11726.666667
-1.960319	 	11733.333333
-4.310319	 	11740.000000
-1.560319	 	11746.666667
-2.360319	 	11753.333333
-2.110319	 	11760.000000
-4.160319	 	11766.666667
-3.110319	 	11773.333333
-3.160319	 	11780.000000
-2.360319	 	11786.666667
-3.360319	 	11793.333333
-3.510319	 	11800.000000
-3.460319	 	11806.666667
-3.510319	 	11813.333333
-3.760319	 	11820.000000
-3.210319	 	11826.666667
-3.860319	 	11833.333333
-4.760319	 	11840.000000
-3.460319	 	11846.666667
-4.110319	 	11853.333333
-4.810319	 	11860.000000
-5.110319	 	11866.666667
-4.510319	 	11873.333333
-1.460319	 	11880.000000
-3.560319	 	11886.666667
-0.110319	 	11893.333333
-1.560319	 	11900.000000
-0.010319	 	11906.666667
0.239681	 	11913.333333
0.639681	 	11920.000000
-0.510319	 	11926.666667
-1.310319	 	11933.333333
0.139681	 	11940.000000
-0.860319	 	11946.666667
-0.710319	 	11953.333333
-0.010319	 	11960.000000
0.189681	 	11966.666667
-0.560319	 	11973.333333
-2.560319	 	11980.000000
-1.160319	 	11986.666667
-3.510319	 	11993.333333
-1.910319	 	12000.000000
-1.910319	 	12006.666667
-0.610319	 	12013.333333
-2.610319	 	12020.000000
-3.860319	 	12026.666667
-2.710319	 	12033.333333
-2.860319	 	12040.000000
-1.610319	 	12046.666667
-3.810319	 	12053.333333
-5.160319	 	12060.000000
-2.460319	 	12066.666667
-3.260319	 	12073.333333
-2.560319	 	12080.000000
-3.960319	 	12086.666667
-3.810319	 	12093.333333
-2.610319	 	12100.000000
-4.760319	 	12106.666667
-3.860319	 	12113.333333
-3.810319	 	12120.000000
-3.360319	 	12126.666667
-3.310319	 	12133.333333
-3.710319	 	12140.000000
-2.710319	 	12146.666667
-4.360319	 	12153.333333
-2.860319	 	12160.000000
-3.360319	 	12166.666667
-3.610319	 	12173.333333
-3.660319	 	12180.000000
-4.360319	 	12186.666667
-2.910319	 	12193.333333
-3.060319	 	12200.000000
-4.010319	 	12206.666667
-4.010319	 	12213.333333
-5.010319	 	12220.000000
-4.510319	 	12226.666667
-4.360319	 	12233.333333
-4.910319	 	12240.000000
-5.710319	 	12246.666667
-4.910319	 	12253.333333
-4.110319	 	12260.000000
-5.510319	 	12266.666667
-6.560319	 	12273.333333
-5.260319	 	12280.000000
-4.410319	 	12286.666667
-5.160319	 	12293.333333
-4.560319	 	12300.000000
-4.910319	 	12306.666667
-5.960319	 	12313.333333
-5.910319	 	12320.000000
-5.410319	 	12326.666667
-7.110319	 	12333.333333
-5.910319	 	12340.000000
-5.660319	 	12346.666667
-6.360319	 	12353.333333
-5.260319	 	12360.000000
-5.560319	 	12366.666667
-6.610319	 	12373.333333
-5.660319	 	12380.000000
-6.110319	 	12386.666667
-7.010319	 	12393.333333
-6.510319	 	12400.000000
-6.860319	 	12406.666667
-6.710319	 	12413.333333
-6.160319	 	12420.000000
-6.360319	 	12426.666667
-6.010319	 	12433.333333
-7.110319	 	12440.000000
-7.410319	 	12446.666667
-9.310319	 	12453.333333
-4.710319	 	12460.000000
-7.210319	 	12466.666667
-5.060319	 	12473.333333
-5.560319	 	12480.000000
-5.310319	 	12486.666667
-6.710319	 	12493.333333
-5.960319	 	12500.000000
-5.360319	 	12506.666667
-5.560319	 	12513.333333
-5.910319	 	12520.000000
-5.410319	 	12526.666667
-6.110319	 	12533.333333
-5.060319	 	12540.000000
-6.960319	 	12546.666667
-6.210319	 	12553.333333
-5.710319	 	12560.000000
-6.910319	 	12566.666667
-7.360319	 	12573.333333
-6.260319	 	12580.000000
-7.960319	 	12586.666667
-4.810319	 	12593.333333
-5.160319	 	12600.000000
-4.360319	 	12606.666667
-5.510319	 	12613.333333
-5.660319	 	12620.000000
-6.310319	 	12626.666667
-5.960319	 	12633.333333
-4.060319	 	12640.000000
-6.210319	 	12646.666667
-5.510319	 	12653.333333
-6.310319	 	12660.000000
-6.610319	 	12666.666667
-7.260319	 	12673.333333
-6.310319	 	12680.000000
-7.010319	 	12686.666667
-6.210319	 	12693.333333
-5.660319	 	12700.000000
-8.060319	 	12706.666667
-6.160319	 	12713.333333
-6.260319	 	12720.000000
-7.610319	 	12726.666667
-6.010319	 	12733.333333
-6.560319	 	12740.000000
-6.960319	 	12746.666667
-7.260319	 	12753.333333
-7.010319	 	12760.000000
-7.160319	 	12766.666667
-5.560319	 	12773.333333
-6.260319	 	12780.000000
-7.010319	 	12786.666667
-8.510319	 	12793.333333
-8.260319	 	12800.000000
-7.760319	 	12806.666667
-7.060319	 	12813.333333
-6.710319	 	12820.000000
-5.260319	 	12826.666667
-5.810319	 	12833.333333
-7.710319	 	12840.000000
-4.260319	 	12846.666667
-5.310319	 	12853.333333
-2.460319	 	12860.000000
-5.660319	 	12866.666667
-3.210319	 	12873.333333
-5.060319	 	12880.000000
-3.810319	 	12886.666667
-3.160319	 	12893.333333
-3.160319	 	12900.000000
-4.310319	 	12906.666667
-2.960319	 	12913.333333
-3.910319	 	12920.000000
-4.010319	 	12926.666667
-5.310319	 	12933.333333
-3.460319	 	12940.000000
-4.260319	 	12946.666667
-3.360319	 	12953.333333
-5.610319	 	12960.000000
-4.510319	 	12966.666667
-5.260319	 	12973.333333
-5.410319	 	12980.000000
-5.260319	 	12986.666667
-5.810319	 	12993.333333
-5.610319	 	13000.000000
-5.810319	 	13006.666667
-6.810319	 	13013.333333
-4.560319	 	13020.000000
-5.560319	 	13026.666667
-4.460319	 	13033.333333
-7.710319	 	13040.000000
-6.310319	 	13046.666667
-5.260319	 	13053.333333
-5.460319	 	13060.000000
-6.060319	 	13066.666667
-6.110319	 	13073.333333
-6.060319	 	13080.000000
-6.460319	 	13086.666667
-6.860319	 	13093.333333
-6.160319	 	13100.000000
-4.360319	 	13106.666667
-3.060319	 	13113.333333
-4.110319	 	13120.000000
-3.160319	 	13126.666667
-4.410319	 	13133.333333
-3.160319	 	13140.000000
-2.810319	 	13146.666667
-1.610319	 	13153.333333
-1.560319	 	13160.000000
-1.460319	 	13166.666667
-1.260319	 	13173.333333
-2.060319	 	13180.000000
-3.910319	 	13186.666667
-1.810319	 	13193.333333
-3.060319	 	13200.000000
-1.760319	 	13206.666667
-5.460319	 	13213.333333
-2.510319	 	13220.000000
-4.310319	 	13226.666667
-4.060319	 	13233.333333
-3.760319	 	13240.000000
-4.460319	 	13246.666667
-4.760319	 	13253.333333
-5.560319	 	13260.000000
-4.310319	 	13266.666667
-3.860319	 	13273.333333
-4.210319	 	13280.000000
-4.260319	 	13286.666667
-5.310319	 	13293.333333
-4.910319	 	13300.000000
-3.810319	 	13306.666667
-4.810319	 	13313.333333
-4.710319	 	13320.000000
-4.760319	 	13326.666667
