#peak 	 	#time 
0.899624	 	0.000000
-0.100376	 	6.666667
-1.466791	 	13.333333
-0.332207	 	20.000000
-0.617922	 	26.666667
-0.475065	 	33.333333
-0.317749	 	40.000000
-0.889178	 	46.666667
0.253679	 	53.333333
0.682251	 	60.000000
2.396536	 	66.666667
3.967965	 	73.333333
2.682251	 	80.000000
3.682251	 	86.666667
2.396536	 	93.333333
3.539394	 	100.000000
2.253679	 	106.666667
1.967965	 	113.333333
1.682251	 	120.000000
3.396536	 	126.666667
2.825108	 	133.333333
2.253679	 	140.000000
2.110822	 	146.666667
2.110822	 	153.333333
1.110822	 	160.000000
2.682251	 	166.666667
0.825108	 	173.333333
2.110822	 	180.000000
2.967965	 	186.666667
1.682251	 	193.333333
4.110822	 	200.000000
2.253679	 	206.666667
0.967965	 	213.333333
-1.317749	 	220.000000
-0.174892	 	226.666667
0.539394	 	233.333333
-0.032035	 	240.000000
1.253679	 	246.666667
-0.746321	 	253.333333
1.825108	 	260.000000
2.253679	 	266.666667
1.967965	 	273.333333
0.825108	 	280.000000
0.825108	 	286.666667
2.539394	 	293.333333
2.396536	 	300.000000
2.539394	 	306.666667
3.539394	 	313.333333
3.682251	 	320.000000
3.396536	 	326.666667
5.539394	 	333.333333
3.967965	 	340.000000
5.967965	 	346.666667
3.967965	 	353.333333
4.396536	 	360.000000
4.253679	 	366.666667
4.396536	 	373.333333
4.967965	 	380.000000
3.682251	 	386.666667
4.825108	 	393.333333
2.539394	 	400.000000
4.967965	 	406.666667
4.825108	 	413.333333
2.539394	 	420.000000
2.825108	 	426.666667
2.967965	 	433.333333
2.967965	 	440.000000
2.825108	 	446.666667
3.396536	 	453.333333
2.539394	 	460.000000
4.396536	 	466.666667
1.396536	 	473.333333
2.110822	 	480.000000
5.253679	 	486.666667
3.539394	 	493.333333
4.396536	 	500.000000
1.967965	 	506.666667
2.967965	 	513.333333
0.967965	 	520.000000
1.110822	 	526.666667
1.825108	 	533.333333
1.396536	 	540.000000
1.967965	 	546.666667
0.396536	 	553.333333
0.825108	 	560.000000
0.682251	 	566.666667
0.539394	 	573.333333
0.825108	 	580.000000
0.539394	 	586.666667
2.682251	 	593.333333
-0.460606	 	600.000000
0.682251	 	606.666667
2.539394	 	613.333333
1.253679	 	620.000000
1.253679	 	626.666667
0.110822	 	633.333333
-0.317749	 	640.000000
2.253679	 	646.666667
0.253679	 	653.333333
0.110822	 	660.000000
1.110822	 	666.666667
-0.174892	 	673.333333
-0.317749	 	680.000000
-0.317749	 	686.666667
1.110822	 	693.333333
-1.174892	 	700.000000
2.396536	 	706.666667
-0.317749	 	713.333333
1.825108	 	720.000000
0.682251	 	726.666667
0.825108	 	733.333333
-0.317749	 	740.000000
-0.032035	 	746.666667
-0.032035	 	753.333333
-0.032035	 	760.000000
0.825108	 	766.666667
-0.460606	 	773.333333
-1.174892	 	780.000000
-0.317749	 	786.666667
0.110822	 	793.333333
0.396536	 	800.000000
0.253679	 	806.666667
-0.746321	 	813.333333
-0.603464	 	820.000000
-0.174892	 	826.666667
1.539394	 	833.333333
1.396536	 	840.000000
1.539394	 	846.666667
0.396536	 	853.333333
1.539394	 	860.000000
-1.032035	 	866.666667
-0.889178	 	873.333333
0.825108	 	880.000000
0.539394	 	886.666667
-1.174892	 	893.333333
2.682251	 	900.000000
-0.889178	 	906.666667
1.110822	 	913.333333
-0.032035	 	920.000000
1.396536	 	926.666667
-0.889178	 	933.333333
-1.174892	 	940.000000
-0.460606	 	946.666667
-1.317749	 	953.333333
1.396536	 	960.000000
1.110822	 	966.666667
0.967965	 	973.333333
0.110822	 	980.000000
0.539394	 	986.666667
-0.032035	 	993.333333
0.110822	 	1000.000000
-1.317749	 	1006.666667
-0.174892	 	1013.333333
-1.603464	 	1020.000000
0.825108	 	1026.666667
0.253679	 	1033.333333
-1.460606	 	1040.000000
-0.460606	 	1046.666667
0.396536	 	1053.333333
-0.889178	 	1060.000000
0.825108	 	1066.666667
-0.603464	 	1073.333333
1.253679	 	1080.000000
-1.032035	 	1086.666667
-1.746321	 	1093.333333
0.682251	 	1100.000000
1.682251	 	1106.666667
-0.460606	 	1113.333333
-0.317749	 	1120.000000
0.253679	 	1126.666667
-1.460606	 	1133.333333
-1.032035	 	1140.000000
-1.032035	 	1146.666667
0.396536	 	1153.333333
-0.746321	 	1160.000000
-1.603464	 	1166.666667
-0.032035	 	1173.333333
-0.603464	 	1180.000000
-0.460606	 	1186.666667
0.539394	 	1193.333333
1.967965	 	1200.000000
-0.889178	 	1206.666667
-1.032035	 	1213.333333
1.825108	 	1220.000000
-1.746321	 	1226.666667
-1.174892	 	1233.333333
-1.460606	 	1240.000000
-2.174892	 	1246.666667
-0.174892	 	1253.333333
-1.032035	 	1260.000000
0.110822	 	1266.666667
-0.746321	 	1273.333333
-1.460606	 	1280.000000
-0.746321	 	1286.666667
-2.032035	 	1293.333333
0.682251	 	1300.000000
1.539394	 	1306.666667
-1.460606	 	1313.333333
-2.317749	 	1320.000000
-1.032035	 	1326.666667
0.539394	 	1333.333333
1.825108	 	1340.000000
-0.032035	 	1346.666667
-2.603464	 	1353.333333
-1.174892	 	1360.000000
-1.746321	 	1366.666667
-1.174892	 	1373.333333
-0.032035	 	1380.000000
-0.032035	 	1386.666667
-2.746321	 	1393.333333
-0.317749	 	1400.000000
-1.174892	 	1406.666667
-1.174892	 	1413.333333
-2.460606	 	1420.000000
2.110822	 	1426.666667
2.967965	 	1433.333333
2.110822	 	1440.000000
2.967965	 	1446.666667
2.682251	 	1453.333333
2.967965	 	1460.000000
2.396536	 	1466.666667
4.110822	 	1473.333333
2.682251	 	1480.000000
3.825108	 	1486.666667
2.396536	 	1493.333333
3.253679	 	1500.000000
1.825108	 	1506.666667
2.253679	 	1513.333333
1.539394	 	1520.000000
2.110822	 	1526.666667
2.967965	 	1533.333333
4.253679	 	1540.000000
1.682251	 	1546.666667
1.396536	 	1553.333333
3.682251	 	1560.000000
4.967965	 	1566.666667
0.825108	 	1573.333333
2.825108	 	1580.000000
5.110822	 	1586.666667
5.396536	 	1593.333333
4.682251	 	1600.000000
5.682251	 	1606.666667
6.967965	 	1613.333333
5.539394	 	1620.000000
4.253679	 	1626.666667
4.539394	 	1633.333333
4.253679	 	1640.000000
4.539394	 	1646.666667
4.967965	 	1653.333333
6.539394	 	1660.000000
3.682251	 	1666.666667
2.539394	 	1673.333333
5.110822	 	1680.000000
4.396536	 	1686.666667
4.967965	 	1693.333333
5.253679	 	1700.000000
4.967965	 	1706.666667
3.825108	 	1713.333333
3.110822	 	1720.000000
2.967965	 	1726.666667
2.682251	 	1733.333333
2.539394	 	1740.000000
2.110822	 	1746.666667
3.396536	 	1753.333333
2.539394	 	1760.000000
2.253679	 	1766.666667
2.967965	 	1773.333333
4.396536	 	1780.000000
4.253679	 	1786.666667
5.825108	 	1793.333333
6.110822	 	1800.000000
6.253679	 	1806.666667
7.253679	 	1813.333333
8.253679	 	1820.000000
5.539394	 	1826.666667
5.396536	 	1833.333333
6.682251	 	1840.000000
5.396536	 	1846.666667
5.396536	 	1853.333333
4.825108	 	1860.000000
5.539394	 	1866.666667
5.967965	 	1873.333333
5.396536	 	1880.000000
5.253679	 	1886.666667
6.396536	 	1893.333333
3.396536	 	1900.000000
3.253679	 	1906.666667
6.682251	 	1913.333333
5.110822	 	1920.000000
5.967965	 	1926.666667
4.396536	 	1933.333333
7.110822	 	1940.000000
4.110822	 	1946.666667
6.396536	 	1953.333333
3.682251	 	1960.000000
5.825108	 	1966.666667
4.825108	 	1973.333333
4.396536	 	1980.000000
6.396536	 	1986.666667
6.825108	 	1993.333333
4.110822	 	2000.000000
4.967965	 	2006.666667
5.253679	 	2013.333333
3.396536	 	2020.000000
2.967965	 	2026.666667
2.253679	 	2033.333333
4.110822	 	2040.000000
4.253679	 	2046.666667
3.539394	 	2053.333333
3.682251	 	2060.000000
4.110822	 	2066.666667
4.253679	 	2073.333333
4.110822	 	2080.000000
2.110822	 	2086.666667
3.825108	 	2093.333333
5.539394	 	2100.000000
3.110822	 	2106.666667
4.967965	 	2113.333333
4.825108	 	2120.000000
4.682251	 	2126.666667
3.682251	 	2133.333333
3.825108	 	2140.000000
3.682251	 	2146.666667
0.539394	 	2153.333333
0.396536	 	2160.000000
1.396536	 	2166.666667
2.682251	 	2173.333333
3.825108	 	2180.000000
4.396536	 	2186.666667
6.396536	 	2193.333333
6.110822	 	2200.000000
8.967965	 	2206.666667
9.396536	 	2213.333333
8.825108	 	2220.000000
7.967965	 	2226.666667
8.682251	 	2233.333333
9.110822	 	2240.000000
9.396536	 	2246.666667
9.110822	 	2253.333333
6.967965	 	2260.000000
9.253679	 	2266.666667
8.825108	 	2273.333333
6.825108	 	2280.000000
5.967965	 	2286.666667
6.396536	 	2293.333333
9.110822	 	2300.000000
3.967965	 	2306.666667
6.253679	 	2313.333333
4.539394	 	2320.000000
6.110822	 	2326.666667
4.253679	 	2333.333333
4.396536	 	2340.000000
6.539394	 	2346.666667
5.682251	 	2353.333333
5.110822	 	2360.000000
3.682251	 	2366.666667
5.110822	 	2373.333333
4.110822	 	2380.000000
5.539394	 	2386.666667
4.682251	 	2393.333333
7.396536	 	2400.000000
4.396536	 	2406.666667
5.253679	 	2413.333333
4.682251	 	2420.000000
3.396536	 	2426.666667
4.539394	 	2433.333333
2.539394	 	2440.000000
0.825108	 	2446.666667
2.110822	 	2453.333333
4.539394	 	2460.000000
3.253679	 	2466.666667
1.967965	 	2473.333333
3.253679	 	2480.000000
3.682251	 	2486.666667
2.253679	 	2493.333333
2.825108	 	2500.000000
2.825108	 	2506.666667
2.110822	 	2513.333333
0.825108	 	2520.000000
1.253679	 	2526.666667
2.539394	 	2533.333333
4.682251	 	2540.000000
1.539394	 	2546.666667
3.539394	 	2553.333333
1.396536	 	2560.000000
2.396536	 	2566.666667
1.539394	 	2573.333333
0.825108	 	2580.000000
-0.032035	 	2586.666667
1.253679	 	2593.333333
0.682251	 	2600.000000
2.682251	 	2606.666667
2.396536	 	2613.333333
3.253679	 	2620.000000
0.110822	 	2626.666667
1.825108	 	2633.333333
1.825108	 	2640.000000
1.253679	 	2646.666667
-0.889178	 	2653.333333
0.539394	 	2660.000000
0.539394	 	2666.666667
2.825108	 	2673.333333
-0.174892	 	2680.000000
1.253679	 	2686.666667
0.539394	 	2693.333333
0.253679	 	2700.000000
-0.032035	 	2706.666667
0.253679	 	2713.333333
0.539394	 	2720.000000
-0.174892	 	2726.666667
0.539394	 	2733.333333
2.253679	 	2740.000000
-0.889178	 	2746.666667
1.253679	 	2753.333333
-0.174892	 	2760.000000
-0.174892	 	2766.666667
0.967965	 	2773.333333
1.682251	 	2780.000000
-1.317749	 	2786.666667
-1.460606	 	2793.333333
-0.746321	 	2800.000000
-1.460606	 	2806.666667
0.396536	 	2813.333333
1.539394	 	2820.000000
-0.174892	 	2826.666667
0.110822	 	2833.333333
0.539394	 	2840.000000
1.253679	 	2846.666667
-0.746321	 	2853.333333
-0.460606	 	2860.000000
1.110822	 	2866.666667
-0.174892	 	2873.333333
-0.032035	 	2880.000000
1.539394	 	2886.666667
0.253679	 	2893.333333
0.967965	 	2900.000000
0.682251	 	2906.666667
0.396536	 	2913.333333
-0.174892	 	2920.000000
-0.889178	 	2926.666667
0.110822	 	2933.333333
2.253679	 	2940.000000
3.110822	 	2946.666667
3.682251	 	2953.333333
2.967965	 	2960.000000
2.682251	 	2966.666667
3.253679	 	2973.333333
3.539394	 	2980.000000
2.539394	 	2986.666667
1.539394	 	2993.333333
1.967965	 	3000.000000
3.110822	 	3006.666667
2.539394	 	3013.333333
2.396536	 	3020.000000
4.253679	 	3026.666667
2.110822	 	3033.333333
1.682251	 	3040.000000
2.253679	 	3046.666667
2.825108	 	3053.333333
2.682251	 	3060.000000
2.110822	 	3066.666667
2.396536	 	3073.333333
2.396536	 	3080.000000
1.539394	 	3086.666667
2.825108	 	3093.333333
2.110822	 	3100.000000
1.539394	 	3106.666667
1.110822	 	3113.333333
1.539394	 	3120.000000
2.110822	 	3126.666667
0.539394	 	3133.333333
4.110822	 	3140.000000
1.967965	 	3146.666667
2.253679	 	3153.333333
3.110822	 	3160.000000
0.253679	 	3166.666667
1.682251	 	3173.333333
0.110822	 	3180.000000
1.825108	 	3186.666667
1.396536	 	3193.333333
0.539394	 	3200.000000
2.110822	 	3206.666667
2.396536	 	3213.333333
2.967965	 	3220.000000
-1.174892	 	3226.666667
1.825108	 	3233.333333
-0.460606	 	3240.000000
-0.032035	 	3246.666667
0.967965	 	3253.333333
2.825108	 	3260.000000
1.539394	 	3266.666667
-0.603464	 	3273.333333
0.110822	 	3280.000000
-0.317749	 	3286.666667
-1.746321	 	3293.333333
2.396536	 	3300.000000
-1.174892	 	3306.666667
1.825108	 	3313.333333
0.110822	 	3320.000000
1.110822	 	3326.666667
-0.032035	 	3333.333333
-1.174892	 	3340.000000
-0.603464	 	3346.666667
-0.174892	 	3353.333333
-1.603464	 	3360.000000
2.253679	 	3366.666667
-1.603464	 	3373.333333
0.539394	 	3380.000000
-0.317749	 	3386.666667
0.253679	 	3393.333333
-0.603464	 	3400.000000
-0.889178	 	3406.666667
-0.746321	 	3413.333333
-0.460606	 	3420.000000
1.682251	 	3426.666667
0.682251	 	3433.333333
-1.032035	 	3440.000000
-0.317749	 	3446.666667
-0.317749	 	3453.333333
0.967965	 	3460.000000
1.110822	 	3466.666667
-0.746321	 	3473.333333
-0.460606	 	3480.000000
-0.032035	 	3486.666667
0.110822	 	3493.333333
-0.317749	 	3500.000000
-0.460606	 	3506.666667
1.682251	 	3513.333333
-2.032035	 	3520.000000
-0.317749	 	3526.666667
0.110822	 	3533.333333
0.539394	 	3540.000000
-0.460606	 	3546.666667
0.110822	 	3553.333333
-0.889178	 	3560.000000
-0.460606	 	3566.666667
-1.603464	 	3573.333333
-0.174892	 	3580.000000
-0.889178	 	3586.666667
1.539394	 	3593.333333
0.396536	 	3600.000000
-2.032035	 	3606.666667
-0.889178	 	3613.333333
-3.174892	 	3620.000000
-0.889178	 	3626.666667
1.110822	 	3633.333333
-2.032035	 	3640.000000
-1.460606	 	3646.666667
-0.174892	 	3653.333333
-0.174892	 	3660.000000
-1.603464	 	3666.666667
-0.032035	 	3673.333333
-0.746321	 	3680.000000
-0.889178	 	3686.666667
0.396536	 	3693.333333
0.253679	 	3700.000000
-0.889178	 	3706.666667
-2.174892	 	3713.333333
-0.603464	 	3720.000000
-0.032035	 	3726.666667
0.253679	 	3733.333333
1.539394	 	3740.000000
0.682251	 	3746.666667
3.110822	 	3753.333333
2.825108	 	3760.000000
1.825108	 	3766.666667
3.682251	 	3773.333333
3.967965	 	3780.000000
4.682251	 	3786.666667
2.396536	 	3793.333333
2.967965	 	3800.000000
0.539394	 	3806.666667
2.110822	 	3813.333333
3.825108	 	3820.000000
2.253679	 	3826.666667
3.110822	 	3833.333333
2.539394	 	3840.000000
0.110822	 	3846.666667
1.825108	 	3853.333333
2.682251	 	3860.000000
0.682251	 	3866.666667
-0.603464	 	3873.333333
0.967965	 	3880.000000
1.253679	 	3886.666667
2.396536	 	3893.333333
1.396536	 	3900.000000
-0.746321	 	3906.666667
1.396536	 	3913.333333
3.253679	 	3920.000000
4.396536	 	3926.666667
3.967965	 	3933.333333
2.825108	 	3940.000000
3.967965	 	3946.666667
5.396536	 	3953.333333
4.682251	 	3960.000000
6.253679	 	3966.666667
4.253679	 	3973.333333
4.682251	 	3980.000000
2.825108	 	3986.666667
3.396536	 	3993.333333
4.110822	 	4000.000000
3.682251	 	4006.666667
0.825108	 	4013.333333
3.396536	 	4020.000000
4.682251	 	4026.666667
4.110822	 	4033.333333
2.682251	 	4040.000000
3.682251	 	4046.666667
2.682251	 	4053.333333
3.253679	 	4060.000000
2.967965	 	4066.666667
3.253679	 	4073.333333
3.539394	 	4080.000000
4.539394	 	4086.666667
3.682251	 	4093.333333
4.825108	 	4100.000000
1.539394	 	4106.666667
2.396536	 	4113.333333
1.253679	 	4120.000000
2.539394	 	4126.666667
5.110822	 	4133.333333
5.396536	 	4140.000000
4.253679	 	4146.666667
3.967965	 	4153.333333
5.396536	 	4160.000000
5.110822	 	4166.666667
6.682251	 	4173.333333
4.253679	 	4180.000000
5.825108	 	4186.666667
3.110822	 	4193.333333
6.253679	 	4200.000000
7.110822	 	4206.666667
4.682251	 	4213.333333
4.825108	 	4220.000000
4.253679	 	4226.666667
5.253679	 	4233.333333
2.110822	 	4240.000000
1.967965	 	4246.666667
4.682251	 	4253.333333
2.967965	 	4260.000000
4.682251	 	4266.666667
3.682251	 	4273.333333
3.682251	 	4280.000000
3.967965	 	4286.666667
3.396536	 	4293.333333
3.396536	 	4300.000000
2.825108	 	4306.666667
3.967965	 	4313.333333
3.682251	 	4320.000000
0.110822	 	4326.666667
0.967965	 	4333.333333
0.967965	 	4340.000000
4.110822	 	4346.666667
3.825108	 	4353.333333
3.110822	 	4360.000000
3.682251	 	4366.666667
2.110822	 	4373.333333
2.396536	 	4380.000000
2.110822	 	4386.666667
2.682251	 	4393.333333
3.967965	 	4400.000000
2.253679	 	4406.666667
0.967965	 	4413.333333
1.396536	 	4420.000000
0.967965	 	4426.666667
1.967965	 	4433.333333
-0.032035	 	4440.000000
2.539394	 	4446.666667
2.253679	 	4453.333333
2.967965	 	4460.000000
1.967965	 	4466.666667
0.682251	 	4473.333333
0.539394	 	4480.000000
1.396536	 	4486.666667
1.682251	 	4493.333333
0.539394	 	4500.000000
0.396536	 	4506.666667
2.253679	 	4513.333333
0.253679	 	4520.000000
2.253679	 	4526.666667
0.682251	 	4533.333333
1.682251	 	4540.000000
-0.174892	 	4546.666667
0.539394	 	4553.333333
-0.174892	 	4560.000000
1.967965	 	4566.666667
1.682251	 	4573.333333
1.825108	 	4580.000000
-1.174892	 	4586.666667
0.825108	 	4593.333333
-0.032035	 	4600.000000
-0.746321	 	4606.666667
-1.317749	 	4613.333333
-1.174892	 	4620.000000
2.396536	 	4626.666667
0.825108	 	4633.333333
-1.174892	 	4640.000000
-1.032035	 	4646.666667
-0.889178	 	4653.333333
0.110822	 	4660.000000
-1.317749	 	4666.666667
-0.603464	 	4673.333333
-0.746321	 	4680.000000
0.110822	 	4686.666667
0.396536	 	4693.333333
1.110822	 	4700.000000
0.253679	 	4706.666667
0.825108	 	4713.333333
1.967965	 	4720.000000
-0.460606	 	4726.666667
0.539394	 	4733.333333
-2.032035	 	4740.000000
-0.174892	 	4746.666667
0.682251	 	4753.333333
-1.317749	 	4760.000000
-1.317749	 	4766.666667
0.253679	 	4773.333333
-0.174892	 	4780.000000
0.253679	 	4786.666667
0.539394	 	4793.333333
-0.460606	 	4800.000000
-0.174892	 	4806.666667
0.110822	 	4813.333333
1.682251	 	4820.000000
1.396536	 	4826.666667
-1.603464	 	4833.333333
-0.174892	 	4840.000000
-0.603464	 	4846.666667
-2.460606	 	4853.333333
-0.603464	 	4860.000000
0.110822	 	4866.666667
-0.174892	 	4873.333333
-1.174892	 	4880.000000
-0.603464	 	4886.666667
-1.603464	 	4893.333333
1.253679	 	4900.000000
-1.317749	 	4906.666667
-1.603464	 	4913.333333
-0.174892	 	4920.000000
2.253679	 	4926.666667
-0.460606	 	4933.333333
0.967965	 	4940.000000
-0.032035	 	4946.666667
0.110822	 	4953.333333
4.825108	 	4960.000000
4.825108	 	4966.666667
5.253679	 	4973.333333
5.539394	 	4980.000000
9.682251	 	4986.666667
10.396536	 	4993.333333
12.253679	 	5000.000000
11.825108	 	5006.666667
13.396536	 	5013.333333
11.825108	 	5020.000000
13.396536	 	5026.666667
10.825108	 	5033.333333
12.110822	 	5040.000000
12.967965	 	5046.666667
9.682251	 	5053.333333
10.682251	 	5060.000000
10.396536	 	5066.666667
10.825108	 	5073.333333
8.967965	 	5080.000000
8.539394	 	5086.666667
8.682251	 	5093.333333
8.967965	 	5100.000000
5.967965	 	5106.666667
8.967965	 	5113.333333
7.682251	 	5120.000000
9.682251	 	5126.666667
7.253679	 	5133.333333
5.253679	 	5140.000000
6.539394	 	5146.666667
6.253679	 	5153.333333
6.825108	 	5160.000000
6.539394	 	5166.666667
6.253679	 	5173.333333
4.682251	 	5180.000000
3.396536	 	5186.666667
5.539394	 	5193.333333
7.682251	 	5200.000000
4.396536	 	5206.666667
5.539394	 	5213.333333
2.110822	 	5220.000000
2.396536	 	5226.666667
4.967965	 	5233.333333
2.682251	 	5240.000000
4.110822	 	5246.666667
3.825108	 	5253.333333
3.539394	 	5260.000000
2.110822	 	5266.666667
4.825108	 	5273.333333
3.253679	 	5280.000000
3.682251	 	5286.666667
4.110822	 	5293.333333
2.967965	 	5300.000000
1.967965	 	5306.666667
2.110822	 	5313.333333
3.539394	 	5320.000000
3.539394	 	5326.666667
3.253679	 	5333.333333
4.825108	 	5340.000000
1.967965	 	5346.666667
2.967965	 	5353.333333
5.825108	 	5360.000000
44.825108	 	5366.666667
114.396536	 	5373.333333
159.253679	 	5380.000000
204.253679	 	5386.666667
287.539394	 	5393.333333
360.253679	 	5400.000000
470.682251	 	5406.666667
646.967965	 	5413.333333
821.682251	 	5420.000000
1017.682251	 	5426.666667
1196.396536	 	5433.333333
1327.682251	 	5440.000000
1459.110822	 	5446.666667
1564.825108	 	5453.333333
1636.110822	 	5460.000000
1690.253679	 	5466.666667
1727.682251	 	5473.333333
1757.110822	 	5480.000000
1778.110822	 	5486.666667
1785.967965	 	5493.333333
1773.682251	 	5500.000000
1755.396536	 	5506.666667
1743.396536	 	5513.333333
1719.253679	 	5520.000000
1699.967965	 	5526.666667
1675.110822	 	5533.333333
1647.682251	 	5540.000000
1618.825108	 	5546.666667
1592.825108	 	5553.333333
1558.253679	 	5560.000000
1523.539394	 	5566.666667
1489.539394	 	5573.333333
1455.825108	 	5580.000000
1423.967965	 	5586.666667
1394.253679	 	5593.333333
1363.396536	 	5600.000000
1332.539394	 	5606.666667
1301.110822	 	5613.333333
1274.825108	 	5620.000000
1247.825108	 	5626.666667
1217.539394	 	5633.333333
1190.967965	 	5640.000000
1169.253679	 	5646.666667
1148.110822	 	5653.333333
1126.253679	 	5660.000000
1104.110822	 	5666.666667
1087.682251	 	5673.333333
1067.825108	 	5680.000000
1045.682251	 	5686.666667
1026.967965	 	5693.333333
1006.539394	 	5700.000000
984.967965	 	5706.666667
966.110822	 	5713.333333
944.967965	 	5720.000000
927.396536	 	5726.666667
908.682251	 	5733.333333
887.539394	 	5740.000000
875.396536	 	5746.666667
854.967965	 	5753.333333
839.825108	 	5760.000000
822.682251	 	5766.666667
809.110822	 	5773.333333
790.396536	 	5780.000000
775.253679	 	5786.666667
764.967965	 	5793.333333
751.682251	 	5800.000000
739.539394	 	5806.666667
732.539394	 	5813.333333
723.682251	 	5820.000000
715.539394	 	5826.666667
701.396536	 	5833.333333
689.396536	 	5840.000000
680.396536	 	5846.666667
669.110822	 	5853.333333
658.539394	 	5860.000000
649.825108	 	5866.666667
638.396536	 	5873.333333
629.110822	 	5880.000000
617.253679	 	5886.666667
605.825108	 	5893.333333
594.539394	 	5900.000000
589.396536	 	5906.666667
580.253679	 	5913.333333
571.967965	 	5920.000000
562.682251	 	5926.666667
551.825108	 	5933.333333
540.825108	 	5940.000000
531.825108	 	5946.666667
528.967965	 	5953.333333
521.110822	 	5960.000000
515.253679	 	5966.666667
511.253679	 	5973.333333
504.967965	 	5980.000000
497.967965	 	5986.666667
494.253679	 	5993.333333
492.110822	 	6000.000000
485.396536	 	6006.666667
482.253679	 	6013.333333
476.825108	 	6020.000000
467.396536	 	6026.666667
465.682251	 	6033.333333
459.682251	 	6040.000000
454.396536	 	6046.666667
449.967965	 	6053.333333
442.539394	 	6060.000000
434.253679	 	6066.666667
426.396536	 	6073.333333
418.682251	 	6080.000000
412.825108	 	6086.666667
403.967965	 	6093.333333
397.539394	 	6100.000000
389.825108	 	6106.666667
384.253679	 	6113.333333
377.682251	 	6120.000000
376.682251	 	6126.666667
370.967965	 	6133.333333
367.110822	 	6140.000000
363.967965	 	6146.666667
358.967965	 	6153.333333
353.825108	 	6160.000000
349.682251	 	6166.666667
342.682251	 	6173.333333
336.825108	 	6180.000000
330.967965	 	6186.666667
323.825108	 	6193.333333
320.539394	 	6200.000000
311.682251	 	6206.666667
306.539394	 	6213.333333
301.396536	 	6220.000000
294.110822	 	6226.666667
290.682251	 	6233.333333
285.110822	 	6240.000000
280.682251	 	6246.666667
277.539394	 	6253.333333
272.253679	 	6260.000000
268.253679	 	6266.666667
264.539394	 	6273.333333
258.539394	 	6280.000000
256.967965	 	6286.666667
251.396536	 	6293.333333
245.253679	 	6300.000000
242.539394	 	6306.666667
236.539394	 	6313.333333
233.253679	 	6320.000000
232.110822	 	6326.666667
229.682251	 	6333.333333
227.539394	 	6340.000000
226.110822	 	6346.666667
223.825108	 	6353.333333
220.825108	 	6360.000000
219.253679	 	6366.666667
215.110822	 	6373.333333
209.539394	 	6380.000000
205.967965	 	6386.666667
204.825108	 	6393.333333
199.825108	 	6400.000000
194.967965	 	6406.666667
193.825108	 	6413.333333
190.682251	 	6420.000000
186.825108	 	6426.666667
183.539394	 	6433.333333
181.110822	 	6440.000000
175.825108	 	6446.666667
176.110822	 	6453.333333
172.682251	 	6460.000000
170.110822	 	6466.666667
168.825108	 	6473.333333
166.825108	 	6480.000000
165.253679	 	6486.666667
166.396536	 	6493.333333
161.825108	 	6500.000000
157.110822	 	6506.666667
154.825108	 	6513.333333
154.110822	 	6520.000000
148.825108	 	6526.666667
147.682251	 	6533.333333
146.539394	 	6540.000000
142.825108	 	6546.666667
139.682251	 	6553.333333
136.396536	 	6560.000000
136.825108	 	6566.666667
132.825108	 	6573.333333
131.253679	 	6580.000000
129.682251	 	6586.666667
126.110822	 	6593.333333
126.253679	 	6600.000000
123.967965	 	6606.666667
124.396536	 	6613.333333
120.682251	 	6620.000000
121.253679	 	6626.666667
120.539394	 	6633.333333
120.967965	 	6640.000000
119.967965	 	6646.666667
122.825108	 	6653.333333
121.682251	 	6660.000000
118.539394	 	6666.666667
119.110822	 	6673.333333
118.253679	 	6680.000000
114.967965	 	6686.666667
114.682251	 	6693.333333
113.967965	 	6700.000000
112.825108	 	6706.666667
111.539394	 	6713.333333
108.253679	 	6720.000000
104.967965	 	6726.666667
104.825108	 	6733.333333
103.967965	 	6740.000000
100.539394	 	6746.666667
100.110822	 	6753.333333
94.825108	 	6760.000000
93.396536	 	6766.666667
92.396536	 	6773.333333
92.539394	 	6780.000000
90.967965	 	6786.666667
89.253679	 	6793.333333
88.110822	 	6800.000000
84.682251	 	6806.666667
82.539394	 	6813.333333
82.396536	 	6820.000000
83.682251	 	6826.666667
81.253679	 	6833.333333
79.682251	 	6840.000000
80.539394	 	6846.666667
79.253679	 	6853.333333
80.396536	 	6860.000000
79.682251	 	6866.666667
77.396536	 	6873.333333
78.396536	 	6880.000000
79.253679	 	6886.666667
77.110822	 	6893.333333
77.825108	 	6900.000000
80.539394	 	6906.666667
80.682251	 	6913.333333
79.825108	 	6920.000000
80.396536	 	6926.666667
78.396536	 	6933.333333
77.253679	 	6940.000000
75.110822	 	6946.666667
77.682251	 	6953.333333
76.110822	 	6960.000000
74.253679	 	6966.666667
70.682251	 	6973.333333
72.253679	 	6980.000000
70.110822	 	6986.666667
67.967965	 	6993.333333
66.682251	 	7000.000000
66.539394	 	7006.666667
62.967965	 	7013.333333
63.682251	 	7020.000000
61.967965	 	7026.666667
59.539394	 	7033.333333
60.967965	 	7040.000000
59.539394	 	7046.666667
56.253679	 	7053.333333
57.682251	 	7060.000000
56.682251	 	7066.666667
56.539394	 	7073.333333
56.825108	 	7080.000000
56.967965	 	7086.666667
57.396536	 	7093.333333
59.110822	 	7100.000000
56.253679	 	7106.666667
56.825108	 	7113.333333
56.825108	 	7120.000000
55.825108	 	7126.666667
54.110822	 	7133.333333
54.396536	 	7140.000000
51.253679	 	7146.666667
50.967965	 	7153.333333
50.682251	 	7160.000000
48.110822	 	7166.666667
48.967965	 	7173.333333
48.967965	 	7180.000000
44.396536	 	7186.666667
45.253679	 	7193.333333
47.110822	 	7200.000000
44.825108	 	7206.666667
43.682251	 	7213.333333
41.396536	 	7220.000000
41.396536	 	7226.666667
41.539394	 	7233.333333
43.682251	 	7240.000000
39.967965	 	7246.666667
40.682251	 	7253.333333
38.396536	 	7260.000000
36.539394	 	7266.666667
36.825108	 	7273.333333
34.967965	 	7280.000000
36.396536	 	7286.666667
35.110822	 	7293.333333
35.253679	 	7300.000000
33.110822	 	7306.666667
33.682251	 	7313.333333
30.825108	 	7320.000000
33.110822	 	7326.666667
31.110822	 	7333.333333
31.967965	 	7340.000000
31.253679	 	7346.666667
31.396536	 	7353.333333
28.396536	 	7360.000000
27.253679	 	7366.666667
28.682251	 	7373.333333
27.253679	 	7380.000000
26.539394	 	7386.666667
26.110822	 	7393.333333
25.253679	 	7400.000000
27.682251	 	7406.666667
28.110822	 	7413.333333
28.539394	 	7420.000000
25.967965	 	7426.666667
26.682251	 	7433.333333
27.396536	 	7440.000000
27.825108	 	7446.666667
29.110822	 	7453.333333
28.682251	 	7460.000000
27.110822	 	7466.666667
24.682251	 	7473.333333
27.110822	 	7480.000000
27.682251	 	7486.666667
25.825108	 	7493.333333
22.253679	 	7500.000000
23.539394	 	7506.666667
24.396536	 	7513.333333
25.110822	 	7520.000000
25.682251	 	7526.666667
21.396536	 	7533.333333
24.825108	 	7540.000000
23.539394	 	7546.666667
22.967965	 	7553.333333
19.825108	 	7560.000000
20.539394	 	7566.666667
19.967965	 	7573.333333
21.967965	 	7580.000000
19.967965	 	7586.666667
20.396536	 	7593.333333
19.682251	 	7600.000000
18.682251	 	7606.666667
20.110822	 	7613.333333
18.253679	 	7620.000000
17.539394	 	7626.666667
19.110822	 	7633.333333
20.110822	 	7640.000000
21.396536	 	7646.666667
21.682251	 	7653.333333
25.682251	 	7660.000000
24.682251	 	7666.666667
26.396536	 	7673.333333
27.253679	 	7680.000000
26.539394	 	7686.666667
24.110822	 	7693.333333
24.253679	 	7700.000000
24.967965	 	7706.666667
26.396536	 	7713.333333
25.967965	 	7720.000000
28.253679	 	7726.666667
27.396536	 	7733.333333
29.110822	 	7740.000000
28.682251	 	7746.666667
27.967965	 	7753.333333
29.539394	 	7760.000000
26.110822	 	7766.666667
26.967965	 	7773.333333
24.682251	 	7780.000000
26.396536	 	7786.666667
25.110822	 	7793.333333
23.682251	 	7800.000000
23.110822	 	7806.666667
21.110822	 	7813.333333
24.396536	 	7820.000000
22.396536	 	7826.666667
20.396536	 	7833.333333
22.539394	 	7840.000000
20.396536	 	7846.666667
19.253679	 	7853.333333
19.110822	 	7860.000000
20.396536	 	7866.666667
18.253679	 	7873.333333
17.682251	 	7880.000000
18.682251	 	7886.666667
18.682251	 	7893.333333
17.682251	 	7900.000000
18.967965	 	7906.666667
17.539394	 	7913.333333
15.539394	 	7920.000000
16.825108	 	7926.666667
15.967965	 	7933.333333
15.539394	 	7940.000000
12.825108	 	7946.666667
14.396536	 	7953.333333
14.539394	 	7960.000000
13.110822	 	7966.666667
14.682251	 	7973.333333
13.110822	 	7980.000000
12.253679	 	7986.666667
12.539394	 	7993.333333
13.396536	 	8000.000000
13.539394	 	8006.666667
12.539394	 	8013.333333
11.825108	 	8020.000000
10.539394	 	8026.666667
9.253679	 	8033.333333
9.682251	 	8040.000000
9.825108	 	8046.666667
9.967965	 	8053.333333
8.539394	 	8060.000000
8.396536	 	8066.666667
8.682251	 	8073.333333
7.825108	 	8080.000000
6.825108	 	8086.666667
8.253679	 	8093.333333
7.396536	 	8100.000000
9.110822	 	8106.666667
7.682251	 	8113.333333
6.396536	 	8120.000000
8.110822	 	8126.666667
7.396536	 	8133.333333
8.110822	 	8140.000000
8.253679	 	8146.666667
5.396536	 	8153.333333
6.967965	 	8160.000000
5.682251	 	8166.666667
7.682251	 	8173.333333
4.539394	 	8180.000000
3.967965	 	8186.666667
5.967965	 	8193.333333
3.825108	 	8200.000000
5.396536	 	8206.666667
5.110822	 	8213.333333
5.253679	 	8220.000000
3.682251	 	8226.666667
4.682251	 	8233.333333
4.825108	 	8240.000000
4.967965	 	8246.666667
5.253679	 	8253.333333
3.396536	 	8260.000000
5.539394	 	8266.666667
3.967965	 	8273.333333
4.825108	 	8280.000000
4.682251	 	8286.666667
3.967965	 	8293.333333
3.682251	 	8300.000000
4.396536	 	8306.666667
5.539394	 	8313.333333
2.539394	 	8320.000000
5.396536	 	8326.666667
7.253679	 	8333.333333
7.396536	 	8340.000000
8.825108	 	8346.666667
8.253679	 	8353.333333
8.396536	 	8360.000000
9.396536	 	8366.666667
11.539394	 	8373.333333
8.253679	 	8380.000000
10.110822	 	8386.666667
11.539394	 	8393.333333
10.110822	 	8400.000000
10.682251	 	8406.666667
11.396536	 	8413.333333
10.253679	 	8420.000000
10.825108	 	8426.666667
11.825108	 	8433.333333
10.253679	 	8440.000000
7.825108	 	8446.666667
7.396536	 	8453.333333
7.682251	 	8460.000000
8.253679	 	8466.666667
7.967965	 	8473.333333
7.253679	 	8480.000000
6.539394	 	8486.666667
6.682251	 	8493.333333
7.110822	 	8500.000000
6.825108	 	8506.666667
6.967965	 	8513.333333
7.110822	 	8520.000000
7.253679	 	8526.666667
6.682251	 	8533.333333
7.682251	 	8540.000000
4.110822	 	8546.666667
4.825108	 	8553.333333
5.253679	 	8560.000000
4.682251	 	8566.666667
4.110822	 	8573.333333
6.539394	 	8580.000000
3.825108	 	8586.666667
5.110822	 	8593.333333
3.825108	 	8600.000000
3.539394	 	8606.666667
3.396536	 	8613.333333
3.396536	 	8620.000000
3.253679	 	8626.666667
1.396536	 	8633.333333
4.110822	 	8640.000000
2.539394	 	8646.666667
2.682251	 	8653.333333
5.539394	 	8660.000000
2.825108	 	8666.666667
2.396536	 	8673.333333
0.825108	 	8680.000000
1.825108	 	8686.666667
2.967965	 	8693.333333
2.539394	 	8700.000000
2.539394	 	8706.666667
2.825108	 	8713.333333
3.110822	 	8720.000000
1.253679	 	8726.666667
0.396536	 	8733.333333
0.682251	 	8740.000000
0.396536	 	8746.666667
-0.174892	 	8753.333333
-0.174892	 	8760.000000
2.110822	 	8766.666667
-0.460606	 	8773.333333
0.682251	 	8780.000000
-0.603464	 	8786.666667
2.539394	 	8793.333333
0.682251	 	8800.000000
0.110822	 	8806.666667
-0.889178	 	8813.333333
1.682251	 	8820.000000
1.110822	 	8826.666667
2.396536	 	8833.333333
1.110822	 	8840.000000
1.253679	 	8846.666667
-0.317749	 	8853.333333
-1.460606	 	8860.000000
-0.174892	 	8866.666667
0.110822	 	8873.333333
0.967965	 	8880.000000
-0.460606	 	8886.666667
-2.460606	 	8893.333333
-2.174892	 	8900.000000
-2.032035	 	8906.666667
-1.603464	 	8913.333333
0.253679	 	8920.000000
1.539394	 	8926.666667
1.396536	 	8933.333333
-0.603464	 	8940.000000
-0.317749	 	8946.666667
-0.174892	 	8953.333333
-0.174892	 	8960.000000
0.825108	 	8966.666667
-0.603464	 	8973.333333
-0.317749	 	8980.000000
-1.603464	 	8986.666667
-0.174892	 	8993.333333
0.682251	 	9000.000000
-0.889178	 	9006.666667
-1.889178	 	9013.333333
0.396536	 	9020.000000
-0.746321	 	9026.666667
-1.460606	 	9033.333333
-1.889178	 	9040.000000
0.539394	 	9046.666667
0.682251	 	9053.333333
-2.174892	 	9060.000000
-0.174892	 	9066.666667
-2.889178	 	9073.333333
-1.889178	 	9080.000000
-1.889178	 	9086.666667
-2.460606	 	9093.333333
-0.317749	 	9100.000000
-2.460606	 	9106.666667
-2.032035	 	9113.333333
-3.174892	 	9120.000000
-0.746321	 	9126.666667
0.967965	 	9133.333333
-0.889178	 	9140.000000
-0.317749	 	9146.666667
0.253679	 	9153.333333
-0.746321	 	9160.000000
-0.603464	 	9166.666667
0.967965	 	9173.333333
1.825108	 	9180.000000
1.825108	 	9186.666667
1.396536	 	9193.333333
1.539394	 	9200.000000
1.396536	 	9206.666667
1.110822	 	9213.333333
1.110822	 	9220.000000
1.539394	 	9226.666667
0.396536	 	9233.333333
-0.174892	 	9240.000000
-0.174892	 	9246.666667
0.396536	 	9253.333333
0.967965	 	9260.000000
0.110822	 	9266.666667
0.682251	 	9273.333333
0.682251	 	9280.000000
-0.032035	 	9286.666667
-0.460606	 	9293.333333
-0.317749	 	9300.000000
-0.603464	 	9306.666667
-0.317749	 	9313.333333
0.253679	 	9320.000000
-0.889178	 	9326.666667
-0.603464	 	9333.333333
0.110822	 	9340.000000
-1.174892	 	9346.666667
-1.460606	 	9353.333333
0.396536	 	9360.000000
-1.603464	 	9366.666667
-1.460606	 	9373.333333
-3.174892	 	9380.000000
-1.317749	 	9386.666667
-2.174892	 	9393.333333
-1.032035	 	9400.000000
-1.746321	 	9406.666667
0.825108	 	9413.333333
0.825108	 	9420.000000
-1.746321	 	9426.666667
1.396536	 	9433.333333
1.967965	 	9440.000000
0.396536	 	9446.666667
2.253679	 	9453.333333
0.253679	 	9460.000000
0.396536	 	9466.666667
1.110822	 	9473.333333
0.682251	 	9480.000000
0.825108	 	9486.666667
0.825108	 	9493.333333
0.539394	 	9500.000000
0.682251	 	9506.666667
3.253679	 	9513.333333
0.967965	 	9520.000000
-0.174892	 	9526.666667
1.396536	 	9533.333333
0.967965	 	9540.000000
1.967965	 	9546.666667
-0.746321	 	9553.333333
1.110822	 	9560.000000
-0.317749	 	9566.666667
-0.174892	 	9573.333333
-1.174892	 	9580.000000
1.825108	 	9586.666667
0.396536	 	9593.333333
-0.889178	 	9600.000000
1.825108	 	9606.666667
-1.174892	 	9613.333333
-1.603464	 	9620.000000
-1.317749	 	9626.666667
-1.174892	 	9633.333333
-0.889178	 	9640.000000
-0.603464	 	9646.666667
-0.174892	 	9653.333333
-1.174892	 	9660.000000
-1.317749	 	9666.666667
0.825108	 	9673.333333
-0.460606	 	9680.000000
-4.317749	 	9686.666667
-2.746321	 	9693.333333
0.396536	 	9700.000000
-1.889178	 	9706.666667
1.253679	 	9713.333333
-1.603464	 	9720.000000
-1.746321	 	9726.666667
-1.174892	 	9733.333333
-2.174892	 	9740.000000
-2.746321	 	9746.666667
-1.746321	 	9753.333333
-2.317749	 	9760.000000
-1.317749	 	9766.666667
-4.889178	 	9773.333333
-3.317749	 	9780.000000
-2.317749	 	9786.666667
-2.174892	 	9793.333333
-1.317749	 	9800.000000
-1.746321	 	9806.666667
-2.317749	 	9813.333333
-3.317749	 	9820.000000
-2.603464	 	9826.666667
-2.317749	 	9833.333333
-0.889178	 	9840.000000
-1.460606	 	9846.666667
-2.317749	 	9853.333333
-2.032035	 	9860.000000
-3.889178	 	9866.666667
-2.460606	 	9873.333333
-1.460606	 	9880.000000
-3.746321	 	9886.666667
-1.746321	 	9893.333333
-3.460606	 	9900.000000
-3.460606	 	9906.666667
-2.174892	 	9913.333333
1.253679	 	9920.000000
0.825108	 	9926.666667
0.253679	 	9933.333333
1.825108	 	9940.000000
1.825108	 	9946.666667
0.539394	 	9953.333333
3.682251	 	9960.000000
0.539394	 	9966.666667
0.539394	 	9973.333333
2.682251	 	9980.000000
2.967965	 	9986.666667
2.396536	 	9993.333333
2.253679	 	10000.000000
0.682251	 	10006.666667
0.253679	 	10013.333333
1.253679	 	10020.000000
-0.174892	 	10026.666667
1.253679	 	10033.333333
-0.460606	 	10040.000000
-0.317749	 	10046.666667
-0.889178	 	10053.333333
0.539394	 	10060.000000
2.682251	 	10066.666667
-0.174892	 	10073.333333
-0.317749	 	10080.000000
0.253679	 	10086.666667
-0.317749	 	10093.333333
-1.174892	 	10100.000000
-1.460606	 	10106.666667
-1.746321	 	10113.333333
-1.460606	 	10120.000000
-0.746321	 	10126.666667
-1.889178	 	10133.333333
0.967965	 	10140.000000
-3.174892	 	10146.666667
-4.032035	 	10153.333333
-2.174892	 	10160.000000
-0.889178	 	10166.666667
2.253679	 	10173.333333
-0.174892	 	10180.000000
2.682251	 	10186.666667
1.253679	 	10193.333333
1.110822	 	10200.000000
0.967965	 	10206.666667
0.682251	 	10213.333333
1.825108	 	10220.000000
1.253679	 	10226.666667
-0.032035	 	10233.333333
2.396536	 	10240.000000
-0.032035	 	10246.666667
1.825108	 	10253.333333
2.539394	 	10260.000000
0.110822	 	10266.666667
2.253679	 	10273.333333
0.967965	 	10280.000000
-0.460606	 	10286.666667
1.682251	 	10293.333333
-1.174892	 	10300.000000
-0.746321	 	10306.666667
-3.032035	 	10313.333333
0.825108	 	10320.000000
0.967965	 	10326.666667
3.253679	 	10333.333333
1.967965	 	10340.000000
2.110822	 	10346.666667
0.682251	 	10353.333333
3.682251	 	10360.000000
1.682251	 	10366.666667
1.253679	 	10373.333333
5.110822	 	10380.000000
1.396536	 	10386.666667
1.396536	 	10393.333333
2.110822	 	10400.000000
2.110822	 	10406.666667
1.682251	 	10413.333333
1.539394	 	10420.000000
0.682251	 	10426.666667
1.253679	 	10433.333333
-0.603464	 	10440.000000
1.253679	 	10446.666667
1.539394	 	10453.333333
2.539394	 	10460.000000
0.682251	 	10466.666667
2.682251	 	10473.333333
-1.460606	 	10480.000000
-0.032035	 	10486.666667
-1.032035	 	10493.333333
-0.174892	 	10500.000000
0.682251	 	10506.666667
2.396536	 	10513.333333
0.682251	 	10520.000000
0.539394	 	10526.666667
0.396536	 	10533.333333
-0.317749	 	10540.000000
-0.889178	 	10546.666667
-0.174892	 	10553.333333
-0.032035	 	10560.000000
0.396536	 	10566.666667
-1.746321	 	10573.333333
-2.174892	 	10580.000000
-0.317749	 	10586.666667
0.396536	 	10593.333333
-1.746321	 	10600.000000
-0.889178	 	10606.666667
-1.460606	 	10613.333333
-0.603464	 	10620.000000
-0.460606	 	10626.666667
-0.174892	 	10633.333333
-2.317749	 	10640.000000
-3.032035	 	10646.666667
-1.317749	 	10653.333333
-2.889178	 	10660.000000
-3.460606	 	10666.666667
-2.603464	 	10673.333333
-1.460606	 	10680.000000
-2.746321	 	10686.666667
-3.460606	 	10693.333333
-2.746321	 	10700.000000
-1.603464	 	10706.666667
-1.460606	 	10713.333333
-1.746321	 	10720.000000
-2.174892	 	10726.666667
-2.603464	 	10733.333333
-3.889178	 	10740.000000
-0.889178	 	10746.666667
-2.032035	 	10753.333333
-3.317749	 	10760.000000
-1.317749	 	10766.666667
-5.889178	 	10773.333333
-1.746321	 	10780.000000
-1.889178	 	10786.666667
-0.174892	 	10793.333333
-4.746321	 	10800.000000
-3.174892	 	10806.666667
-2.603464	 	10813.333333
-1.032035	 	10820.000000
-1.746321	 	10826.666667
-3.460606	 	10833.333333
-2.603464	 	10840.000000
-3.174892	 	10846.666667
-3.032035	 	10853.333333
-0.174892	 	10860.000000
-2.174892	 	10866.666667
-2.460606	 	10873.333333
-2.603464	 	10880.000000
-1.746321	 	10886.666667
-4.174892	 	10893.333333
-2.746321	 	10900.000000
-3.317749	 	10906.666667
0.253679	 	10913.333333
-4.746321	 	10920.000000
-1.460606	 	10926.666667
-2.603464	 	10933.333333
-2.460606	 	10940.000000
-2.889178	 	10946.666667
-4.174892	 	10953.333333
-2.603464	 	10960.000000
-4.889178	 	10966.666667
-3.174892	 	10973.333333
-4.174892	 	10980.000000
-3.032035	 	10986.666667
-1.889178	 	10993.333333
-4.746321	 	11000.000000
-2.746321	 	11006.666667
-5.746321	 	11013.333333
-1.174892	 	11020.000000
-3.460606	 	11026.666667
-2.746321	 	11033.333333
-1.460606	 	11040.000000
-3.174892	 	11046.666667
-3.460606	 	11053.333333
-2.746321	 	11060.000000
-3.032035	 	11066.666667
-2.603464	 	11073.333333
-3.746321	 	11080.000000
-4.174892	 	11086.666667
-4.174892	 	11093.333333
-3.603464	 	11100.000000
-4.460606	 	11106.666667
-3.317749	 	11113.333333
-3.032035	 	11120.000000
-3.174892	 	11126.666667
-5.174892	 	11133.333333
-4.460606	 	11140.000000
-6.032035	 	11146.666667
-4.603464	 	11153.333333
-3.603464	 	11160.000000
-4.889178	 	11166.666667
-3.317749	 	11173.333333
-2.603464	 	11180.000000
-4.460606	 	11186.666667
-4.317749	 	11193.333333
-3.317749	 	11200.000000
-4.603464	 	11206.666667
-5.746321	 	11213.333333
-3.317749	 	11220.000000
-3.889178	 	11226.666667
-4.746321	 	11233.333333
-4.460606	 	11240.000000
-4.032035	 	11246.666667
-2.460606	 	11253.333333
-3.460606	 	11260.000000
-4.746321	 	11266.666667
-4.174892	 	11273.333333
-5.603464	 	11280.000000
-5.460606	 	11286.666667
-3.317749	 	11293.333333
-4.317749	 	11300.000000
-2.032035	 	11306.666667
-1.317749	 	11313.333333
-4.460606	 	11320.000000
-3.603464	 	11326.666667
-2.603464	 	11333.333333
-4.460606	 	11340.000000
-3.460606	 	11346.666667
-4.032035	 	11353.333333
-2.889178	 	11360.000000
-2.746321	 	11366.666667
-3.746321	 	11373.333333
-3.746321	 	11380.000000
-5.889178	 	11386.666667
-4.746321	 	11393.333333
-3.889178	 	11400.000000
-4.603464	 	11406.666667
-4.032035	 	11413.333333
-4.460606	 	11420.000000
-3.889178	 	11426.666667
-4.603464	 	11433.333333
-4.317749	 	11440.000000
-2.460606	 	11446.666667
-3.460606	 	11453.333333
-4.174892	 	11460.000000
-4.889178	 	11466.666667
-3.460606	 	11473.333333
-3.746321	 	11480.000000
-3.889178	 	11486.666667
-4.889178	 	11493.333333
-2.460606	 	11500.000000
-3.317749	 	11506.666667
-4.460606	 	11513.333333
-3.032035	 	11520.000000
-2.317749	 	11526.666667
-3.460606	 	11533.333333
-3.889178	 	11540.000000
-4.746321	 	11546.666667
-3.889178	 	11553.333333
-5.603464	 	11560.000000
-2.317749	 	11566.666667
-1.174892	 	11573.333333
-5.032035	 	11580.000000
-3.603464	 	11586.666667
-3.317749	 	11593.333333
-2.746321	 	11600.000000
-1.460606	 	11606.666667
-0.603464	 	11613.333333
-0.746321	 	11620.000000
-0.746321	 	11626.666667
-1.460606	 	11633.333333
-0.746321	 	11640.000000
0.825108	 	11646.666667
2.967965	 	11653.333333
2.110822	 	11660.000000
2.967965	 	11666.666667
3.396536	 	11673.333333
4.396536	 	11680.000000
4.825108	 	11686.666667
3.682251	 	11693.333333
3.396536	 	11700.000000
4.539394	 	11706.666667
2.539394	 	11713.333333
3.539394	 	11720.000000
3.825108	 	11726.666667
0.825108	 	11733.333333
3.110822	 	11740.000000
2.825108	 	11746.666667
3.825108	 	11753.333333
1.396536	 	11760.000000
2.253679	 	11766.666667
5.253679	 	11773.333333
4.967965	 	11780.000000
4.682251	 	11786.666667
3.682251	 	11793.333333
5.967965	 	11800.000000
5.967965	 	11806.666667
4.825108	 	11813.333333
7.682251	 	11820.000000
4.967965	 	11826.666667
5.396536	 	11833.333333
5.539394	 	11840.000000
4.825108	 	11846.666667
4.253679	 	11853.333333
5.825108	 	11860.000000
5.110822	 	11866.666667
3.396536	 	11873.333333
5.825108	 	11880.000000
5.539394	 	11886.666667
3.110822	 	11893.333333
3.396536	 	11900.000000
2.396536	 	11906.666667
4.396536	 	11913.333333
3.253679	 	11920.000000
3.825108	 	11926.666667
3.396536	 	11933.333333
2.539394	 	11940.000000
0.539394	 	11946.666667
0.253679	 	11953.333333
0.967965	 	11960.000000
1.682251	 	11966.666667
1.967965	 	11973.333333
0.539394	 	11980.000000
1.967965	 	11986.666667
-0.032035	 	11993.333333
-0.317749	 	12000.000000
0.825108	 	12006.666667
-1.317749	 	12013.333333
0.396536	 	12020.000000
-0.603464	 	12026.666667
-0.032035	 	12033.333333
0.539394	 	12040.000000
0.539394	 	12046.666667
-0.317749	 	12053.333333
0.110822	 	12060.000000
-1.032035	 	12066.666667
-1.460606	 	12073.333333
-2.032035	 	12080.000000
-0.174892	 	12086.666667
-1.032035	 	12093.333333
-0.746321	 	12100.000000
-1.032035	 	12106.666667
-0.032035	 	12113.333333
2.253679	 	12120.000000
1.682251	 	12126.666667
-2.032035	 	12133.333333
-1.174892	 	12140.000000
-1.603464	 	12146.666667
-2.032035	 	12153.333333
-1.889178	 	12160.000000
-1.317749	 	12166.666667
-1.460606	 	12173.333333
-2.032035	 	12180.000000
-0.174892	 	12186.666667
-1.746321	 	12193.333333
-1.746321	 	12200.000000
-0.460606	 	12206.666667
-3.889178	 	12213.333333
-2.889178	 	12220.000000
-1.603464	 	12226.666667
-2.174892	 	12233.333333
-1.603464	 	12240.000000
-2.317749	 	12246.666667
-1.460606	 	12253.333333
-2.174892	 	12260.000000
-3.317749	 	12266.666667
-1.889178	 	12273.333333
-2.746321	 	12280.000000
-1.317749	 	12286.666667
-2.460606	 	12293.333333
-3.032035	 	12300.000000
-2.317749	 	12306.666667
-1.317749	 	12313.333333
-1.174892	 	12320.000000
-1.032035	 	12326.666667
-3.889178	 	12333.333333
-2.603464	 	12340.000000
-3.174892	 	12346.666667
-5.174892	 	12353.333333
-4.032035	 	12360.000000
-3.460606	 	12366.666667
-3.032035	 	12373.333333
-1.317749	 	12380.000000
-3.460606	 	12386.666667
-2.889178	 	12393.333333
-1.460606	 	12400.000000
-3.603464	 	12406.666667
-3.603464	 	12413.333333
-4.889178	 	12420.000000
-3.460606	 	12426.666667
-2.174892	 	12433.333333
-4.032035	 	12440.000000
-2.174892	 	12446.666667
-1.317749	 	12453.333333
-2.317749	 	12460.000000
-4.174892	 	12466.666667
-1.889178	 	12473.333333
-1.746321	 	12480.000000
-5.460606	 	12486.666667
-4.317749	 	12493.333333
-4.746321	 	12500.000000
-5.889178	 	12506.666667
-3.174892	 	12513.333333
-2.174892	 	12520.000000
-3.603464	 	12526.666667
-3.032035	 	12533.333333
-3.603464	 	12540.000000
-1.746321	 	12546.666667
-3.460606	 	12553.333333
-2.460606	 	12560.000000
-3.746321	 	12566.666667
-5.317749	 	12573.333333
-4.460606	 	12580.000000
-5.032035	 	12586.666667
-3.746321	 	12593.333333
-5.460606	 	12600.000000
-2.603464	 	12606.666667
-3.603464	 	12613.333333
-5.174892	 	12620.000000
-5.032035	 	12626.666667
-3.889178	 	12633.333333
-4.603464	 	12640.000000
-5.889178	 	12646.666667
-2.746321	 	12653.333333
-2.889178	 	12660.000000
-1.032035	 	12666.666667
-1.032035	 	12673.333333
-0.889178	 	12680.000000
-1.317749	 	12686.666667
-0.603464	 	12693.333333
2.396536	 	12700.000000
1.396536	 	12706.666667
0.110822	 	12713.333333
1.539394	 	12720.000000
2.110822	 	12726.666667
0.967965	 	12733.333333
0.539394	 	12740.000000
0.253679	 	12746.666667
-0.174892	 	12753.333333
-0.746321	 	12760.000000
0.253679	 	12766.666667
-0.746321	 	12773.333333
-0.603464	 	12780.000000
2.253679	 	12786.666667
-1.889178	 	12793.333333
0.253679	 	12800.000000
1.110822	 	12806.666667
0.539394	 	12813.333333
-1.460606	 	12820.000000
-2.174892	 	12826.666667
-1.603464	 	12833.333333
-1.317749	 	12840.000000
-1.889178	 	12846.666667
-0.174892	 	12853.333333
-1.746321	 	12860.000000
-1.174892	 	12866.666667
0.967965	 	12873.333333
-0.889178	 	12880.000000
1.253679	 	12886.666667
2.825108	 	12893.333333
0.253679	 	12900.000000
0.110822	 	12906.666667
1.825108	 	12913.333333
4.110822	 	12920.000000
0.825108	 	12926.666667
0.253679	 	12933.333333
-0.317749	 	12940.000000
-0.460606	 	12946.666667
1.682251	 	12953.333333
-0.746321	 	12960.000000
0.253679	 	12966.666667
1.110822	 	12973.333333
0.967965	 	12980.000000
-0.317749	 	12986.666667
1.967965	 	12993.333333
0.110822	 	13000.000000
-1.032035	 	13006.666667
-0.889178	 	13013.333333
-0.317749	 	13020.000000
-0.603464	 	13026.666667
-0.603464	 	13033.333333
-1.603464	 	13040.000000
0.825108	 	13046.666667
-2.174892	 	13053.333333
-2.603464	 	13060.000000
-2.746321	 	13066.666667
-1.603464	 	13073.333333
-2.032035	 	13080.000000
-2.032035	 	13086.666667
-2.174892	 	13093.333333
-1.603464	 	13100.000000
-0.746321	 	13106.666667
1.396536	 	13113.333333
-2.460606	 	13120.000000
-2.746321	 	13126.666667
-0.174892	 	13133.333333
-1.746321	 	13140.000000
-1.889178	 	13146.666667
-2.889178	 	13153.333333
0.253679	 	13160.000000
-2.317749	 	13166.666667
-1.460606	 	13173.333333
-2.746321	 	13180.000000
-1.603464	 	13186.666667
-2.746321	 	13193.333333
-3.317749	 	13200.000000
-1.889178	 	13206.666667
-1.317749	 	13213.333333
-4.174892	 	13220.000000
-2.317749	 	13226.666667
-0.889178	 	13233.333333
-1.317749	 	13240.000000
-3.032035	 	13246.666667
-3.032035	 	13253.333333
-6.460606	 	13260.000000
-3.889178	 	13266.666667
-3.032035	 	13273.333333
-2.460606	 	13280.000000
-3.032035	 	13286.666667
-3.032035	 	13293.333333
-4.460606	 	13300.000000
-2.317749	 	13306.666667
-5.460606	 	13313.333333
-1.746321	 	13320.000000
-3.889178	 	13326.666667
